98.0
100.2
103.5
100.3
96.8
100.8
98.1
97.7
101.3
100.4
97.8
100.2
102.5
100.2
100.5
102.7
99.5
101.0
103.3
100.6
101.9
106.4
103.5
103.0
104.3
100.8
102.1
103.8
98.6
103.6
104.0
104.0
107.7
106.7
103.6
104.2
107.3
103.9
101.8
102.9
102.1
104.4
102.1
103.2
104.0
101.5
105.1
106.7
107.8
106.9
103.7
104.7
102.2
104.4
102.9
105.3
101.3
100.1
104.9
105.2
102.2
104.8
105.1
104.0
103.7
105.2
103.2
104.4
105.2
107.9
101.4
103.2
107.4
104.7
104.9
107.6
106.1
101.8
105.8
107.3
105.2
102.5
108.7
100.3
100.8
103.3
106.7
106.0
103.0
104.7
107.9
104.2
104.4
106.6
104.5
106.6
107.0
105.7
105.8
105.4
100.5
104.8
106.0
105.2
105.2
105.1
103.7
106.3
109.1
104.5
104.5
106.1
107.0
106.3
105.2
106.3
106.0
106.0
104.9
102.7
108.4
107.8
102.8
104.2
104.8
110.0
110.4
107.9
106.5
104.5
110.0
106.9
108.4
106.4
107.1
110.4
105.3
110.9
106.7
106.3
105.5
105.6
109.1
108.3
106.6
113.4
108.4
110.1
106.2
108.7
110.5
108.8
110.0
108.3
107.7
110.4
109.1
108.8
108.7
110.0
105.4
113.3
108.6
110.8
113.2
107.8
108.1
110.6
107.2
109.7
106.5
110.3
107.8
108.8
110.3
110.5
109.0
111.1
111.3
106.4
108.5
109.9
111.1
109.7
107.5
110.3
107.0
108.2
108.8
108.6
110.4
113.2
110.1
108.2
109.8
109.6
108.9
113.9
111.3
109.6
109.4
112.1
110.9
111.5
108.3
107.9
110.2
109.3
110.3
106.6
110.7
108.8
109.1
112.4
106.0
105.4
107.8
108.3
109.1
108.4
109.8
107.8
107.8
107.6
111.6
109.1
110.7
107.7
112.6
111.9
110.9
113.6
111.1
110.2
109.6
111.9
111.3
111.6
112.6
111.0
109.6
109.3
110.5
109.4
109.8
108.4
110.2
109.6
108.1
106.0
105.1
108.9
109.9
111.6
109.3
109.8
108.7
107.4
109.1
110.3
109.4
109.5
111.2
111.0
106.9
111.5
108.8
108.0
112.0
111.1
109.7
112.3
109.6
109.2
110.3
109.7
109.4
109.4
109.6
111.2
113.2
111.9
114.5
114.8
112.2
113.8
110.4
111.3
115.6
110.9
113.8
111.6
112.4
109.3
109.0
110.9
114.2
110.6
114.4
110.3
113.0
112.3
111.5
111.2
112.4
110.5
111.6
111.8
112.9
109.8
111.8
113.0
111.2
111.9
113.8
108.8
111.6
113.1
114.9
114.8
113.6
114.4
114.0
114.3
117.2
111.3
115.3
112.9
113.5
114.1
114.8
109.1
112.4
115.2
112.7
110.8
114.4
110.5
112.3
112.0
115.2
115.8
112.5
107.3
114.6
114.9
112.2
113.5
113.6
110.2
111.4
114.1
114.5
111.3
113.1
116.9
114.1
111.5
111.1
110.5
114.6
116.1
113.5
113.7
112.9
112.1
112.9
112.0
116.4
108.7
114.5
112.6
114.8
112.4
110.2
111.2
110.9
113.0
114.4
111.8
114.0
112.1
114.0
110.8
110.5
108.9
111.0
110.9
111.2
114.6
109.5
112.7
111.5
114.1
111.2
112.4
112.9
111.5
113.8
115.2
110.0
113.2
110.9
116.8
114.1
115.4
117.3
115.6
118.1
112.8
113.6
113.8
116.1
108.7
110.3
108.5
111.5
110.8
110.7
113.5
112.9
111.4
108.5
112.7
112.4
108.5
107.9
111.3
109.2
110.3
108.7
111.1
115.3
109.2
112.1
110.6
112.9
111.5
109.1
110.8
109.5
111.2
108.8
110.3
113.5
110.1
110.5
110.3
108.3
109.1
110.2
110.7
110.0
112.0
110.8
113.9
109.1
113.2
110.8
111.7
110.3
111.9
110.9
108.0
110.4
111.8
109.7
110.4
115.1
113.0
108.7
109.1
112.5
111.7
111.8
108.0
112.3
110.6
115.6
112.3
111.5
112.5
109.8
112.0
110.9
114.2
110.2
110.8
109.7
108.0
109.3
113.6
112.0
112.2
109.8
110.4
110.2
111.7
110.8
113.9
108.6
111.3
110.7
109.1
108.7
109.0
110.6
108.9
111.5
107.6
111.4
107.8
110.7
110.7
108.4
110.2
111.2
112.8
112.2
109.9
110.3
112.6
110.9
107.5
114.2
109.6
109.5
110.5
111.4
108.6
107.4
110.4
106.4
112.5
111.6
110.3
110.3
105.2
109.3
108.2
109.4
108.8
107.7
109.3
109.7
106.3
111.1
111.6
113.0
112.7
112.2
113.2
113.5
107.9
109.5
114.2
112.7
110.4
115.0
115.5
117.0
115.3
115.3
115.1
116.8
113.7
116.5
115.3
115.0
116.7
116.0
115.0
114.4
114.8
115.3
113.5
116.3
114.1
115.6
117.6
116.3
117.5
115.5
113.1
114.5
114.9
118.0
111.8
115.2
113.5
116.8
118.1
112.3
113.2
115.4
112.1
114.3
112.1
117.5
113.1
117.7
113.6
116.2
116.6
116.6
112.5
116.4
115.2
113.1
118.1
115.9
116.2
114.3
116.6
114.0
114.8
114.6
116.4
115.6
115.2
115.0
120.3
112.7
116.5
116.0
116.0
116.8
118.6
114.7
116.2
115.0
115.3
119.4
118.6
117.2
117.8
117.3
114.2
117.6
118.2
115.8
114.9
117.1
114.3
111.8
114.8
115.3
115.5
115.7
112.7
113.7
114.0
117.1
113.4
115.3
117.7
113.1
116.1
119.5
116.9
114.8
109.6
118.7
113.5
113.9
116.5
118.5
116.6
118.6
114.1
113.8
114.5
115.7
115.4
116.1
117.5
112.1
115.0
116.5
116.3
114.5
114.6
116.3
112.7
117.2
116.7
118.1
113.0
112.9
118.8
112.9
115.4
115.0
114.2
114.2
115.2
115.1
112.9
112.0
116.7
113.1
113.9
112.2
117.5
115.1
113.7
113.3
115.3
112.7
111.6
118.1
111.8
113.8
112.6
112.1
113.2
111.9
116.1
114.6
114.9
112.6
111.4
114.7
114.5
114.8
112.6
116.1
116.7
115.7
117.3
117.9
115.4
114.8
115.3
113.4
120.9
114.6
116.4
117.4
114.0
119.1
116.8
113.4
117.0
116.1
112.8
115.9
115.2
115.5
116.3
111.9
114.1
116.4
115.5
115.3
117.2
115.9
120.4
118.2
116.1
117.8
115.7
117.1
118.3
119.2
118.5
118.8
114.9
118.6
116.2
115.4
114.1
118.5
117.8
121.0
116.6
116.6
117.2
113.0
114.2
111.9
117.5
115.3
115.8
115.6
115.7
113.6
115.6
113.0
115.7
115.7
115.9
119.0
115.7
115.9
114.9
117.7
115.7
115.7
113.0
115.8
116.5
118.0
109.7
114.0
119.6
120.3
114.7
114.2
117.7
118.9
122.4
118.4
119.8
117.6
118.5
118.2
120.5
115.4
117.0
117.2
118.9
118.1
117.5
114.7
119.5
116.9
117.7
118.1
120.3
118.7
120.6
118.7
119.3
118.6
118.0
116.8
117.4
118.1
115.8
117.0
114.2
120.0
116.4
119.4
117.2
117.0
116.0
114.3
116.1
115.6
119.1
118.4
120.1
118.0
115.5
113.9
115.4
114.8
115.7
116.6
116.4
118.2
115.9
120.4
117.0
116.9
118.2
117.8
117.7
119.5
117.5
115.7
116.5
116.6
117.8
119.0
119.7
118.0
115.4
119.6
114.1
115.0
118.0
113.5
115.7
117.9
117.5
114.9
118.5
113.1
115.7
118.2
116.9
118.2
118.2
117.6
118.7
119.0
117.7
116.2
118.7
117.6
116.3
116.0
117.3
117.3
118.2
117.5
116.3
120.9
119.4
117.9
116.6
116.9
117.9
118.0
115.1
119.3
116.9
115.7
116.9
115.4
117.8
116.0
117.6
119.5
117.8
120.6
120.5
121.6
124.6
118.9
123.2
123.0
120.6
119.5
120.1
119.7
122.3
123.8
121.5
123.1
121.3
120.0
127.4
116.1
119.6
119.5
121.4
118.1
121.7
120.1
120.5
120.5
120.6
119.6
123.0
116.3
119.9
115.3
121.5
119.0
117.4
120.1
117.7
115.6
117.7
119.0
117.9
114.0
118.5
120.5
118.0
118.5
118.9
115.5
118.4
118.6
118.3
114.5
114.0
115.1
120.0
117.6
120.3
119.2
118.4
115.0
117.0
119.4
117.2
117.3
119.2
117.4
117.1
117.7
117.6
117.9
115.8
116.5
115.4
114.7
113.3
118.7
113.1
115.9
116.4
115.4
117.5
111.8
117.2
113.5
114.4
116.8
115.3
113.5
114.4
116.6
112.9
111.7
114.0
113.4
114.3
116.2
113.3
115.0
114.3
115.1
119.8
114.2
112.9
114.0
111.5
116.8
112.7
118.1
116.4
111.1
119.2
114.4
116.7
110.9
115.4
120.2
113.7
109.2
114.2
119.7
116.2
115.1
116.5
113.9
118.3
117.7
114.0
114.8
117.1
113.1
117.9
112.1
117.5
118.1
117.4
115.8
121.8
117.6
116.6
117.1
114.9
118.0
115.0
119.4
115.3
117.4
115.8
117.5
118.4
118.2
116.3
121.9
119.2
121.8
118.5
117.9
118.1
119.7
114.4
114.9
120.6
120.1
122.2
127.1
119.0
118.4
119.3
120.0
118.1
121.3
120.6
119.9
117.0
119.6
116.6
116.3
122.2
117.2
120.4
119.2
118.3
120.8
117.7
117.2
117.6
121.8
120.6
119.1
120.7
118.4
116.3
120.0
118.2
118.7
121.0
120.8
120.1
117.9
116.6
119.8
123.1
118.3
118.2
121.8
116.7
118.4
120.1
123.8
114.4
120.3
124.1
115.3
119.8
122.5
117.6
127.3
120.7
119.6
123.8
121.4
119.0
118.3
121.3
118.7
124.0
120.8
123.2
118.7
119.3
118.4
121.8
117.5
118.6
122.6
117.5
120.4
118.6
119.6
117.4
117.7
117.6
117.8
117.2
119.4
116.4
118.3
117.6
117.0
119.5
123.1
114.1
116.8
121.5
123.4
119.7
122.2
117.1
117.8
117.1
113.9
119.7
119.2
116.4
118.4
120.1
117.0
117.3
112.3
117.4
120.4
114.7
115.8
121.3
114.8
114.1
120.5
120.5
118.0
113.7
118.2
115.3
119.5
118.5
115.1
118.8
122.4
116.4
116.1
118.0
117.0
113.6
117.1
116.2
117.2
115.4
117.8
116.9
117.7
118.0
118.0
115.2
116.0
114.8
117.1
118.6
116.9
118.3
116.3
118.5
116.3
116.7
117.8
116.4
116.4
118.1
115.3
111.1
113.0
115.0
116.4
117.1
118.2
116.8
116.8
114.1
117.8
115.6
118.2
116.5
117.5
115.7
113.9
117.4
115.6
117.2
117.7
115.3
114.9
116.2
117.3
117.1
116.7
116.0
117.2
115.6
114.3
118.2
116.6
119.5
115.3
115.6
118.7
116.0
114.2
115.4
114.4
115.7
116.2
113.9
117.0
116.6
119.4
118.0
117.9
117.8
116.9
114.6
116.6
118.0
117.4
118.3
117.6
117.6
116.8
116.7
119.0
115.8
117.9
117.3
121.4
119.8
119.1
118.0
120.2
118.6
118.1
115.9
116.8
122.9
117.5
121.1
120.1
120.2
118.9
117.1
116.9
114.9
117.4
118.4
116.9
114.6
115.2
118.5
113.1
117.1
114.0
116.3
115.8
112.8
114.4
117.1
118.3
115.4
116.2
114.7
116.6
116.1
118.9
115.7
122.0
116.6
116.1
116.9
113.5
114.9
117.3
114.4
115.3
113.7
118.6
111.7
110.6
115.5
111.5
111.1
113.4
110.2
113.5
115.9
109.8
115.6
114.1
116.0
114.8
113.7
111.5
111.7
116.8
116.0
114.3
114.7
117.7
117.1
113.1
114.7
111.5
113.0
115.5
111.5
115.0
115.1
116.2
114.2
112.8
114.3
116.4
116.2
113.6
115.4
116.1
115.0
109.7
112.6
115.3
109.2
114.7
109.6
106.7
109.7
106.0
111.7
109.9
111.1
110.4
112.8
114.4
113.0
111.9
109.7
112.9
111.6
108.7
115.7
110.7
114.5
111.5
107.8
112.8
110.2
114.0
109.8
109.1
111.5
114.2
110.7
106.6
109.3
108.0
102.1
110.1
102.5
109.8
110.7
108.7
108.9
111.5
110.7
109.7
106.8
107.0
108.3
109.5
108.1
107.4
108.1
108.1
110.5
106.8
107.6
107.2
104.5
106.3
108.3
103.1
107.4
104.8
105.8
104.3
106.2
103.4
105.4
103.3
105.8
106.9
104.9
109.5
103.2
108.3
105.0
105.4
104.4
106.1
104.2
103.4
104.7
106.0
103.7
104.6
103.8
105.6
105.2
104.2
99.3
105.2
105.7
104.1
107.8
105.9
100.7
101.8
101.4
105.3
105.9
103.9
106.7
105.0
106.0
102.0
103.8
104.1
105.6
102.1
103.9
106.0
101.8
102.4
101.9
105.7
104.6
101.4
100.0
103.6
103.3
104.1
105.1
101.0
104.3
100.7
101.6
102.2
103.8
103.5
102.3
102.8
103.2
101.7
98.8
101.6
101.2
99.6
98.9
98.8
100.3
97.7
98.5
99.0
100.0
99.2
102.1
98.6
100.0
99.2
103.7
97.7
101.1
100.9
100.1
95.3
96.6
98.2
100.1
101.3
98.2
99.9
96.8
99.7
97.7
95.6
100.2
100.3
97.3
99.3
97.7
99.9
98.0
97.6
97.7
100.0
98.0
100.1
97.7
101.6
97.0
102.1
99.2
99.2
101.3
98.4
98.3
99.7
101.9
96.1
103.2
104.1
100.2
101.8
99.9
99.9
100.7
99.5
98.6
102.7
99.6
102.4
100.9
100.5
99.9
102.3
105.4
103.5
100.8
98.1
102.53333333333333
103.4
103.8
104.5
99.8
103.2
97.8
102.5
102.1
100.1
98.7
104.8
100.0
98.5
101.4
96.2
97.0
95.8
98.2
99.0
98.2
99.8
114.2
103.0
102.2
95.8
97.6
100.1
96.6
97.0
100.1
96.0
98.6
95.4
99.9
91.0
96.7
93.7
94.5
95.8
93.1
96.2
93.9
96.3
97.1
97.5
97.7
95.6
98.8
98.6
95.8
96.0
96.0
94.3
96.2
94.9
93.4
96.9
95.9
94.6
95.1
96.4
94.4
93.1
92.2
95.0
96.1
91.5
95.5
96.4
96.1
92.8
92.7
95.5
95.7
93.5
94.1
94.5
91.4
95.2
91.1
91.5
94.0
93.9
92.2
92.5
93.2
91.7
90.6
95.5
95.0
91.3
92.2
91.4
95.2
91.6
94.1
92.3
92.4
90.8
92.0
93.2
91.6
93.2
92.6
94.0
91.8
95.9
91.7
92.8
92.7
89.1
90.0
88.5
92.0
95.6
91.0
94.4
90.7
90.7
92.0
91.3
92.1
90.3
94.8
92.3
89.5
92.9
92.1
94.1
89.9
94.1
91.3
90.5
90.1
91.7
92.0
92.7
91.0
93.1
92.8
94.5
92.6
93.3
94.7
96.2
95.6
91.0
93.5
96.1
94.1
89.2
92.8
92.9
95.1
91.9
94.8
92.7
90.60000000000001
100.9
105.0
92.0
91.8
91.6
91.2
86.5
86.3
89.5
88.3
86.4
92.0
86.9
87.8
89.6
88.4
89.7
89.3
90.7
85.6
88.1
85.6
88.1
86.6
87.3
86.3
88.2
88.2
91.9
89.6
89.2
88.9
84.6
90.8
85.0
83.1
87.6
90.6
87.5
86.0
85.8
86.2
89.0
88.6
86.1
88.0
85.5
87.1
90.6
84.9
89.4
83.9
83.3
85.9
89.1
85.3
84.8
85.9
84.3
86.5
88.0
82.1
86.5
85.9
87.0
89.5
83.7
84.4
85.6
88.7
90.2
86.8
84.7
85.3
85.3
90.4
88.2
84.9
86.0
85.3
84.6
87.9
86.3
87.6
91.5
87.8
88.2
85.1
89.1
88.9
88.9
90.1
87.9
86.1
87.5
89.9
85.8
88.5
92.4
94.0
92.9
90.1
89.1
87.5
89.6
90.4
88.0
86.2
87.1
87.8
88.5
86.3
88.0
86.6
84.4
85.6
89.1
85.2
87.2
85.5
86.0
83.5
85.7
83.0
84.8
83.8
86.5
87.3
83.4
83.9
84.5
83.7
85.5
86.1
84.2
83.6
85.1
85.6
83.4
81.3
85.2
82.6
83.3
87.9
86.9
84.4
86.2
82.3
87.4
82.8
82.9
81.2
85.1
84.4
87.0
85.4
85.5
83.5
83.6
85.1
82.5
85.9
82.7
82.5
86.1
79.3
85.6
84.8
80.6
85.4
81.5
83.7
84.6
82.2
84.1
83.8
83.5
87.2
79.1
80.9
84.8
85.4
81.5
83.3
83.7
85.1
82.9
86.2
82.9
81.0
79.4
84.2
82.5
80.3
86.0
82.7
82.5
81.9
83.9
83.6
85.5
78.6
83.3
83.4
84.2
82.7
85.4
83.6
85.7
84.0
83.9
87.1
84.6
86.2
86.1
83.1
85.8
84.9
85.6
85.1
83.1
85.4
85.0
88.5
87.0
86.2
86.7
83.9
84.4
88.6
83.9
86.5
87.1
85.1
84.1
84.8
87.5
85.5
89.1
84.4
85.3
86.9
89.9
87.0
84.8
86.9
85.6
88.1
88.8
89.2
87.2
87.1
85.6
84.4
84.6
85.7
88.1
89.5
90.7
87.6
86.6
84.5
87.1
87.6
88.3
90.1
93.5
90.6
88.9
85.9
90.2
89.5
88.3
89.5
86.5
85.2
90.1
86.7
88.6
86.2
89.3
86.9
86.6
81.2
83.8
86.1
84.2
85.3
84.7
87.4
86.1
86.2
87.3
88.5
87.3
88.2
87.0
87.7
86.7
86.0
86.0
88.8
83.0
82.3
86.0
87.5
85.9
85.1
85.3
86.5
84.3
86.5
85.4
88.1
87.0
87.4
89.6
86.4
87.2
86.6
84.0
86.8
86.6
86.2
86.0
87.4
83.5
87.5
86.8
86.1
85.9
86.1
85.9
87.4
85.4
85.0
85.0
87.9
87.3
86.5
87.0
85.4
86.7
82.7
87.2
86.8
83.8
85.0
85.6
83.4
82.0
86.7
86.8
84.3
86.0
83.8
85.0
86.4
85.1
85.5
83.2
86.7
87.0
85.0
83.5
85.4
86.1
86.7
88.6
84.5
84.3
87.4
88.3
85.6
84.1
84.8
84.7
84.2
82.5
86.7
85.7
85.9
83.6
81.4
87.3
86.2
82.0
87.1
83.8
85.2
87.6
85.6
86.0
85.2
84.7
83.6
86.7
87.8
86.1
85.7
85.0
83.8
84.4
84.8
86.0
87.0
83.0
84.3
87.4
86.1
86.3
83.3
84.6
85.6
86.3
86.1
85.2
86.9
83.6
86.8
86.3
85.8
86.8
86.6
85.5
89.0
82.8
84.4
87.0
83.1
84.6
86.5
85.3
83.2
84.6
83.6
84.6
84.1
84.6
85.0
86.2
85.4
83.2
87.0
84.7
86.3
84.8
86.2
84.4
86.7
88.2
87.1
85.1
86.3
84.4
87.5
84.8
83.1
84.7
83.4
91.8
88.2
91.5
90.9
92.7
89.3
88.5
85.6
86.7
89.0
91.0
87.2
89.2
86.1
92.0
90.3
91.8
89.6
89.6
89.4
87.3
90.0
86.1
90.2
88.0
89.0
86.1
88.6
89.0
89.9
88.9
91.5
90.6
87.5
89.0
91.3
91.6
89.2
90.2
90.5
89.7
91.5
90.5
88.2
88.5
89.4
90.8
90.4
91.6
89.6
88.5
89.6
92.3
91.2
88.2
89.7
89.1
90.7
93.6
87.3
87.0
91.9
89.8
87.5
90.3
88.8
93.0
93.5
89.7
91.6
91.2
92.6
92.7
90.7
92.7
92.9
92.9
90.3
93.1
87.1
91.9
93.8
90.1
92.4
91.5
89.4
91.6
88.2
92.2
88.5
90.2
91.1
92.9
90.2
92.9
89.2
91.9
87.5
91.7
93.8
89.9
90.4
91.0
91.2
89.5
91.8
88.1
92.6
90.0
88.9
93.9
92.3
89.0
93.3
92.5
92.0
91.3
89.5
89.3
90.4
90.2
90.6
88.1
90.9
87.4
88.1
92.1
85.9
90.8
89.1
89.6
90.5
89.5
90.8
86.4
87.9
88.3
88.0
90.7
89.4
90.0
94.8
91.3
89.2
94.1
90.4
90.7
91.1
89.1
90.7
90.9
91.8
89.8
89.0
90.3
89.5
90.7
87.5
90.2
88.2
87.4
89.7
90.2
91.7
88.3
90.1
89.6
90.5
89.7
88.0
87.5
89.6
87.7
90.5
89.5
88.9
87.2
85.4
93.0
92.4
91.2
87.5
89.3
86.9
88.9
89.6
90.7
87.2
90.8
90.5
90.6
88.9
88.9
89.7
88.2
86.9
88.7
88.0
89.6
91.6
89.8
86.2
90.6
89.2
91.9
88.4
89.0
94.2
92.0
92.9
88.7
88.9
87.2
92.1
89.0
92.2
91.1
90.6
91.4
88.8
88.6
88.7
90.7
87.6
91.5
86.6
91.0
88.5
91.6
91.7
97.0
91.0
93.2
93.2
93.6
92.7
95.0
92.3
90.5
90.4
90.7
89.5
91.7
90.7
89.6
90.3
89.6
92.0
91.2
91.4
89.8
91.6
88.9
91.7
91.1
90.5
92.1
91.7
93.9
89.2
87.7
91.1
90.6
89.3
91.6
91.0
88.0
89.9
89.0
87.8
91.5
90.7
92.5
92.0
89.8
88.9
90.9
88.9
91.2
92.7
89.4
92.4
89.8
93.1
90.4
90.6
90.1
86.4
92.1
90.4
88.5
91.9
91.4
94.2
91.8
88.4
90.1
93.2
90.9
92.1
90.3
92.0
90.5
89.8
89.3
93.6
95.0
97.0
98.9
95.1
96.7
93.9
94.1
94.9
91.3
92.5
91.7
90.1
92.2
92.5
89.8
91.0
90.3
93.9
89.7
91.6
90.7
91.5
90.7
88.4
89.1
93.3
95.2
88.4
91.2
90.4
91.2
93.7
94.0
89.7
90.8
96.6
92.6
89.8
89.4
95.4
89.7
91.1
92.2
93.3
90.5
92.4
94.6
91.0
90.5
92.5
95.0
91.8
92.9
90.4
92.5
93.2
91.6
94.6
89.1
89.7
89.8
93.2
92.7
97.4
97.0
92.0
96.1
93.7
91.0
92.8
94.3
92.4
93.0
93.6
93.5
93.3
95.0
93.8
93.3
94.9
96.0
93.4
94.0
94.7
92.8
92.1
94.4
96.9
91.6
92.6
91.5
93.4
93.7
95.4
91.4
92.3
94.6
90.6
92.4
93.1
92.3
93.1
92.8
89.6
93.1
93.0
93.9
93.0
92.7
92.8
92.9
93.7
91.5
90.0
92.5
90.4
92.1
91.6
94.1
93.1
91.2
90.2
92.6
93.7
91.7
94.8
87.4
93.5
88.8
92.4
93.3
91.9
90.8
94.0
95.2
92.0
89.8
90.3
92.9
94.6
90.3
90.0
90.8
92.0
91.9
92.5
91.3
93.2
89.4
90.1
89.6
91.5
92.1
91.9
91.2
88.5
88.5
88.6
87.5
87.9
92.5
91.3
90.4
93.8
93.5
92.0
90.3
91.3
92.3
93.9
89.8
92.5
91.2
88.2
91.9
89.6
91.1
96.2
93.0
92.6
93.0
88.2
88.5
91.4
92.0
93.4
93.9
89.4
94.0
90.8
90.2
93.1
93.2
93.1
89.9
90.5
91.6
90.1
92.8
98.7
90.4
92.2
94.1
90.7
92.7
89.8
91.4
90.9
91.1
90.4
90.6
91.7
89.8
91.8
91.2
91.5
91.7
90.7
91.7
92.7
92.9
92.4
92.2
89.3
91.8
89.0
87.7
90.0
90.8
90.4
90.4
88.4
90.3
91.5
89.7
92.6
89.3
91.9
91.2
91.5
91.6
89.6
88.9
90.0
91.3
92.0
92.6
95.1
90.6
92.5
92.1
90.4
89.7
89.4
90.7
91.0
89.6
94.5
90.2
92.7
91.0
89.7
91.6
90.5
93.1
90.9
92.5
88.3
91.7
94.9
89.7
93.3
95.0
93.8
91.1
93.9
92.7
96.7
92.5
91.2
90.9
93.2
91.2
89.8
92.6
91.2
93.4
91.9
90.4
94.7
91.7
93.1
90.3
93.5
92.3
91.3
93.9
90.9
92.7
90.2
92.2
91.1
89.9
90.5
93.8
93.8
88.8
92.3
92.9
91.7
90.8
89.8
93.8
93.5
92.3
96.0
95.2
95.7
99.4
98.9
95.0
95.1
102.8
96.3
97.8
97.4
96.6
95.1
89.6
94.7
97.9
92.6
95.9
94.0
93.9
95.7
92.4
95.6
92.1
88.7
90.8
91.8
93.1
92.9
93.7
95.6
93.2
96.1
92.6
94.1
91.3
95.5
93.3
90.0
89.6
91.3
89.8
91.8
93.9
95.0
93.1
93.6
96.3
92.9
92.0
91.7
94.3
92.2
96.9
94.6
96.4
96.5
98.0
95.6
92.7
95.3
94.8
94.5
92.8
94.7
96.8
96.4
95.5
94.8
97.7
96.1
92.9
94.7
93.8
98.6
95.0
99.7
96.1
96.8
95.7
94.0
97.5
92.7
98.5
94.6
97.0
99.1
93.2
99.2
96.6
96.4
98.7
95.7
98.7
97.8
98.4
97.7
98.6
97.5
96.6
97.1
96.6
97.7
96.9
95.7
98.1
98.9
97.7
98.2
97.5
101.8
97.8
98.7
98.3
99.9
98.3
99.1
101.1
101.4
99.7
99.0
96.8
97.3
96.9
94.9
99.9
99.6
97.8
99.6
101.9
102.8
102.8
100.3
98.6
100.4
98.7
98.5
100.0
101.4
97.7
100.2
99.4
103.7
98.2
100.6
99.2
101.2
101.4
101.2
98.4
95.4
97.7
101.7
99.5
97.6
94.2
97.2
98.4
98.0
95.6
100.1
99.4
97.0
96.5
96.5
96.3
98.0
97.9
96.3
95.5
98.4
99.3
95.4
95.0
100.1
98.2
93.5
92.7
101.2
93.5
94.7
95.2
97.1
99.1
97.2
98.5
99.9
97.1
96.6
98.2
99.5
92.5
101.7
99.4
97.5
93.8
99.1
97.8
97.7
96.9
95.0
94.4
95.9
99.0
103.5
95.2
95.4
102.8
94.6
94.7
99.9
103.3
102.7
98.9
101.4
101.8
102.3
100.6
97.4
99.0
101.6
98.7
102.3
100.4
96.4
101.1
96.5
98.4
101.9
98.4
100.7
94.5
101.7
103.7
102.1
100.1
96.8
102.4
98.2
98.0
100.3
98.2
99.1
99.2
93.3
100.2
101.1
98.4
98.6
100.1
99.9
100.7
100.1
99.2
98.9
97.5
98.0
100.7
100.0
98.0
98.7
101.3
98.9
96.9
97.5
97.3
97.6
97.4
99.2
100.2
97.1
97.5
98.0
98.4
98.2
98.9
98.2
97.5
97.4
98.7
98.8
92.5
97.3
99.0
95.8
94.6
97.9
96.8
97.4
99.5
95.3
93.6
97.5
95.0
96.1
98.5
101.3
97.0
95.0
95.2
100.1
100.8
98.7
91.0
98.2
95.0
97.3
96.3
100.2
91.5
96.5
101.1
93.2
92.4
95.7
94.7
92.6
95.6
93.3
97.9
96.2
93.6
95.3
91.9
93.8
93.6
95.6
96.7
96.3
93.8
95.3
98.4
100.2
98.2
96.2
96.6
97.7
94.0
95.7
96.4
93.9
94.5
98.3
94.5
91.0
95.8
93.0
94.6
91.9
90.4
97.4
96.1
95.4
89.0
92.3
92.7
88.3
93.7
93.6
94.6
93.7
92.9
93.7
93.7
89.8
88.5
91.8
89.2
91.8
86.6
89.9
89.7
90.4
88.4
88.3
91.3
88.8
86.8
89.4
92.8
88.1
85.1
85.6
91.6
87.0
85.8
88.0
81.0
85.5
87.7
85.0
87.4
87.3
85.7
84.6
86.7
87.8
86.2
84.3
82.4
82.8
88.6
87.0
85.7
87.3
85.8
86.5
86.6
83.7
84.9
84.4
83.8
86.5
87.5
86.0
85.5
88.4
86.0
84.8
88.1
88.0
87.1
88.1
85.8
87.3
84.3
85.2
90.2
84.4
84.2
83.5
88.4
84.4
82.7
88.3
86.2
86.4
83.7
87.5
88.6
84.1
85.2
85.0
85.6
84.9
86.4
80.2
85.5
87.3
82.8
78.8
83.7
85.0
84.0
83.9
85.8
83.9
86.8
84.8
83.2
86.4
81.7
83.4
81.0
88.4
83.4
80.6
82.8
83.7
88.2
82.2
88.0
84.1
84.7
83.3
83.5
81.7
80.7
82.4
84.8
78.3
82.5
81.2
83.1
81.5
84.2
81.0
78.4
80.6
83.1
84.8
83.7
79.8
84.1
80.8
83.8
81.2
84.0
84.9
82.9
83.2
83.6
79.4
83.2
85.6
83.8
80.9
79.3
84.8
82.6
80.7
81.9
81.5
82.9
81.8
83.0
81.9
78.9
79.6
84.5
82.4
80.7
82.0
84.6
80.0
82.9
85.1
81.2
82.7
77.6
82.5
80.5
79.8
82.9
77.6
83.1
81.8
80.6
82.1
76.8
79.2
75.6
85.8
77.5
81.1
83.7
79.6
78.9
80.2
78.9
77.7
79.3
79.9
80.8
78.2
79.1
80.0
76.2
77.5
81.2
80.6
81.3
79.9
77.3
79.3
75.3
74.8
80.0
75.1
78.1
76.6
78.2
74.9
77.9
79.3
80.7
79.7
77.1
78.1
78.0
78.0
77.2
79.2
76.9
75.4
78.4
73.2
76.4
77.6
76.1
77.5
77.0
76.2
75.8
72.9
77.4
77.9
76.9
77.4
75.8
75.2
78.3
72.3
77.5
74.7
75.6
72.5
73.7
79.0
74.5
73.3
75.8
77.0
72.8
76.3
77.2
76.3
77.2
76.2
73.6
76.3
74.5
76.5
72.9
72.0
72.9
74.5
73.9
75.1
74.2
74.7
73.9
73.2
71.6
74.5
75.4
73.1
75.0
71.8
74.5
72.6
72.1
74.7
71.9
72.5
71.4
73.9
71.5
73.6
72.8
75.3
72.0
75.4
73.8
71.5
73.2
73.0
72.8
70.7
70.6
72.4
73.1
73.9
70.0
73.4
74.7
78.1
74.9
73.8
73.7
71.2
73.6
75.0
71.0
72.8
73.1
74.1
72.5
74.9
71.8
73.9
74.7
73.8
75.5
71.9
73.9
72.7
74.0
72.1
72.2
74.1
73.8
72.0
69.7
72.6
72.5
71.6
68.9
74.4
73.3
73.0
72.7
72.0
73.2
72.9
72.2
75.4
70.5
69.8
72.1
70.8
71.2
69.4
72.9
72.0
72.9
71.7
69.1
68.9
72.6
72.0
69.3
72.2
71.6
70.7
70.6
69.8
69.2
69.0
71.2
71.4
71.1
69.2
70.6
69.8
70.5
70.4
72.2
72.3
69.7
71.0
70.4
71.6
71.8
67.8
70.8
72.9
71.1
70.1
71.1
71.0
73.2
75.1
72.3
69.5
72.7
72.9
73.1
73.3
73.5
73.7
73.9
71.1
72.3
73.5
72.45555555555555
72.53333333333333
72.61111111111111
72.68888888888888
72.76666666666667
72.84444444444445
72.92222222222222
73.0
73.07777777777778
74.05
74.57499999999999
75.1
75.625
72.23333333333333
70.8
69.36666666666666
71.9
72.45000000000002
70.775
70.2125
69.65
69.0875
68.525
67.9625
67.4
75.2
73.8
69.8
70.4
73.4
70.1
69.9
70.6
69.1
68.4
71.3
69.7
70.6
70.2
69.0
72.8
68.4
69.8
72.5
72.4
72.7
72.1
69.5
72.7
72.3
76.8
76.0
73.6
71.0
72.2
72.4
71.0
71.8
71.7
70.0
73.2
71.5
70.0
73.0
70.4
71.5
73.0
70.9
69.1
70.6
73.2
73.0
71.9
73.5
73.4
72.8
72.4
69.8
74.6
72.7
71.9
70.3
72.9
75.1
73.2
69.6
71.4
72.6
75.0
74.6
73.3
73.3
73.0
72.1
72.3
69.8
72.6
72.4
69.6
69.8
73.3
70.3
68.0
72.2
71.3
70.8
70.4
73.1
73.6
70.2
72.2
71.0
70.0
72.3
72.1
74.1
70.6
70.3
70.7
71.8
71.0
71.3
67.6
72.6
68.3
70.8
71.4
71.5
69.4
73.5
72.3
74.3
73.7
71.0
69.5
70.6
71.8
71.4
72.5
71.5
70.4
71.7
68.4
69.6
70.9
71.5
71.0
71.1
73.4
68.6
70.1
71.2
70.4
70.8
70.3
71.6
70.2
69.2
67.9
70.7
70.4
71.8
74.2
70.0
71.5
68.7
70.0
70.1
74.1
70.2
71.6
74.3
72.0
68.3
72.1
70.4
68.9
73.0
68.1
69.4
71.0
72.0
70.9
68.0
72.1
72.2
71.1
73.4
69.1
70.3
69.9
69.4
72.0
69.5
69.8
70.7
69.8
71.0
70.2
70.9
69.7
72.5
76.5
75.9
72.9
75.2
71.9
77.1
76.3
71.5
77.8
74.7
72.7
78.0
79.4
77.0
74.5
77.2
73.4
76.1
74.5
77.5
73.2
75.4
72.5
78.0
75.6
75.3
76.9
73.8
77.0
75.4
72.4
73.8
77.4
75.3
72.6
73.6
76.3
75.2
76.4
75.5
74.4
77.2
76.2
79.5
74.0
77.1
73.0
