105.3
105.0
107.8
107.4
106.8
106.0
105.4
104.8
104.0
106.2
104.8
103.9
103.4
102.6
103.0
103.5
104.1
106.5
104.7
104.4
104.8
103.8
103.0
103.8
103.8
103.8
103.7
103.1
102.7
102.2
105.6
107.0
106.3
107.2
105.7
104.9
105.2
104.3
105.0
105.7
105.3
105.1
103.6
104.1
103.3
103.2
103.9
104.5
105.2
104.3
105.2
105.0
106.4
105.1
104.7
104.1
104.5
105.5
102.6
103.7
104.1
104.3
103.3
104.3
103.3
103.8
103.8
104.7
103.7
104.0
104.0
104.3
104.9
104.4
105.0
105.8
104.8
104.5
104.5
104.7
103.1
103.4
105.6
104.1
105.5
102.5
103.5
102.5
102.1
103.0
103.2
103.2
105.9
103.5
102.8
102.2
106.1
105.1
103.7
105.3
103.0
103.3
102.6
101.4
103.5
102.7
101.0
102.3
103.7
102.7
103.7
102.7
99.9
98.9
101.2
96.9
96.1
96.2
96.8
98.0
99.0
99.9
100.2
99.5
100.2
100.4
99.4
99.2
102.4
102.3
101.1
101.8
104.1
102.7
101.9
100.7
101.2
102.6
103.3
103.8
104.6
104.7
106.1
106.9
106.3
107.5
107.1
109.1
108.3
107.1
108.5
110.1
110.7
111.2
111.0
111.9
111.5
110.3
107.7
107.9
107.6
107.0
106.4
106.8
106.2
106.0
106.6
107.0
106.8
106.3
106.6
106.8
106.9
107.2
107.8
106.4
105.9
105.7
106.3
106.1
106.1
107.0
107.2
106.4
106.1
106.6
106.9
106.9
106.9
106.5
106.9
106.0
106.1
106.5
106.7
106.0
106.2
105.7
108.0
107.8
106.5
106.1
106.9
106.0
106.2
105.7
105.0
104.8
104.7
104.5
104.6
104.1
104.3
105.0
104.6
104.4
105.1
104.2
103.6
104.1
102.6
102.8
102.7
102.9
103.3
102.9
102.0
102.4
103.2
101.3
100.1
99.6
98.3
98.8
99.0
98.5
98.7
99.5
97.6
98.4
98.5
97.8
98.3
98.7
97.7
97.9
97.6
97.5
97.8
97.6
99.1
99.1
98.4
99.9
98.6
98.9
98.8
98.0
97.7
97.3
98.1
97.2
98.6
97.8
97.5
97.1
98.5
98.4
97.9
97.1
96.7
95.8
94.2
93.2
92.1
93.6
91.4
91.2
92.7
92.1
92.3
91.6
96.1
96.2
96.6
97.5
96.5
96.3
96.2
96.0
97.0
96.3
97.7
97.1
96.8
96.6
95.5
95.7
95.2
94.8
94.2
96.1
94.1
94.0
94.0
94.0
94.6
94.7
94.9
94.7
95.1
95.5
96.1
96.5
95.6
95.7
96.0
96.2
96.1
98.4
97.5
98.8
98.4
100.5
99.7
100.1
97.1
95.7
98.0
100.6
101.5
100.2
100.2
100.1
100.9
100.8
100.1
100.0
98.8
99.8
100.1
99.6
98.6
101.2
100.5
101.1
101.0
101.4
100.9
102.8
101.8
101.1
101.4
100.6
100.0
99.7
99.4
98.9
98.0
97.6
97.5
96.9
95.7
95.2
95.9
95.7
95.5
94.8
95.5
95.5
96.0
96.0
95.9
95.8
95.4
95.6
95.6
95.8
95.2
95.3
95.4
95.5
95.4
96.7
96.1
95.2
96.1
95.4
95.3
96.3
95.6
94.7
95.4
95.0
95.0
94.7
94.8
95.5
95.2
95.3
93.9
93.6
93.2
92.8
93.2
92.4
95.9
93.2
92.0
92.1
92.9
92.5
92.3
92.9
92.7
93.0
92.7
92.5
92.3
91.9
91.8
92.1
91.8
92.0
92.2
93.2
95.0
94.4
92.7
92.6
91.7
91.8
92.1
91.9
92.1
92.0
91.9
93.3
95.4
92.4
96.4
93.8
96.5
95.3
94.7
94.8
98.0
95.7
94.4
94.0
95.0
93.4
94.5
96.8
92.9
95.8
93.8
92.4
95.6
95.1
96.2
95.3
98.3
100.1
99.4
97.3
95.6
95.5
94.3
93.4
93.6
92.5
91.5
91.3
91.5
91.4
91.4
90.8
91.0
90.6
90.3
92.1
92.3
91.6
92.9
93.5
92.3
91.5
91.6
91.9
91.5
90.0
90.0
90.0
91.4
92.0
92.9
91.5
91.0
92.4
91.4
94.1
95.0
93.5
94.2
93.8
97.7
96.2
94.1
92.6
92.1
90.4
90.5
90.8
90.7
92.5
90.5
94.5
92.2
90.8
90.7
90.7
89.7
91.0
91.1
89.2
88.7
88.9
89.3
90.7
91.9
94.4
95.8
93.1
91.0
89.7
87.6
89.6
88.2
89.0
88.8
88.1
88.1
88.6
87.9
88.7
89.0
87.8
88.2
88.3
89.7
87.7
88.7
90.7
90.0
92.2
96.0
96.1
98.6
103.9
104.9
103.6
103.9
102.2
100.6
98.2
96.0
93.8
92.3
91.0
90.6
90.3
87.9
89.4
88.1
88.5
88.5
88.1
88.3
87.8
87.2
88.5
88.1
88.1
88.4
87.9
88.6
87.8
93.0
92.2
94.1
97.6
99.8
99.2
99.7
99.2
98.4
96.5
95.4
94.9
93.6
94.8
94.2
93.5
93.7
93.0
91.8
91.9
90.9
91.1
90.5
92.3
92.8
94.7
93.1
93.7
93.4
92.7
92.1
94.2
96.7
98.2
98.2
96.1
94.1
91.7
90.8
90.9
88.3
89.9
87.6
89.8
89.2
89.3
89.4
88.6
90.6
89.2
89.8
89.3
90.6
90.3
90.7
90.5
89.7
90.2
89.1
89.7
89.1
89.8
90.6
90.2
90.9
91.1
93.8
96.1
96.4
95.5
94.4
93.6
92.1
91.2
91.6
91.1
91.1
91.5
92.4
93.0
92.8
93.0
92.9
91.8
91.9
92.4
91.7
91.3
91.6
91.9
89.8
88.5
89.0
88.3
88.5
87.7
88.3
87.1
88.6
87.6
86.8
85.5
84.2
87.6
84.1
83.9
83.5
85.0
83.1
83.8
83.5
83.5
82.8
83.0
84.1
83.7
83.6
83.8
83.5
84.5
85.4
84.5
85.2
85.2
85.4
86.5
86.4
86.5
87.3
85.8
85.0
85.1
84.7
84.5
85.3
85.9
86.5
86.3
86.2
85.4
86.6
85.3
85.9
85.5
86.3
85.8
86.5
86.3
86.0
85.7
85.6
85.9
87.0
86.5
85.9
85.8
86.2
85.8
85.7
86.0
86.6
86.3
86.2
85.7
86.9
86.0
84.6
84.3
83.8
84.6
84.9
84.9
84.3
84.5
85.5
84.4
85.4
85.2
84.2
83.4
84.1
82.7
81.1
79.9
80.0
78.8
80.0
79.7
79.7
78.8
78.8
80.2
80.0
82.0
81.1
82.0
82.4
82.7
85.7
86.2
85.7
86.9
85.5
85.0
84.5
82.4
82.5
82.0
82.1
82.0
82.6
81.3
81.6
81.1
80.4
80.9
80.5
81.0
82.9
85.5
86.2
87.6
88.1
89.8
90.2
90.8
91.1
89.4
89.0
86.9
86.5
85.7
87.2
87.0
87.4
86.6
88.2
87.0
88.9
90.6
90.7
88.7
88.8
86.9
86.7
85.5
84.7
83.2
83.4
82.2
82.0
82.2
82.4
81.4
81.5
81.8
81.0
81.1
80.7
80.6
79.8
79.8
79.6
79.4
79.0
78.8
79.3
79.0
78.4
78.5
78.4
78.6
78.9
78.2
78.9
78.4
78.2
78.0
78.0
78.0
77.8
77.2
77.4
78.0
77.8
77.4
77.1
77.4
77.0
77.1
77.1
77.2
77.1
77.0
77.2
77.2
77.2
77.0
76.9
76.6
77.1
76.9
77.2
77.0
76.6
77.0
76.8
77.1
76.9
77.0
77.0
77.1
77.3
76.9
77.0
76.7
77.3
77.5
77.6
77.6
77.6
77.0
77.5
77.0
76.9
77.1
77.7
76.8
77.9
77.6
76.3
76.4
77.5
77.3
77.8
78.2
78.8
79.2
79.0
79.5
79.4
81.9
85.7
82.9
82.8
82.3
81.8
80.7
81.7
82.0
82.3
81.9
83.0
83.0
83.3
83.1
83.9
83.3
82.6
82.9
83.0
83.3
83.2
83.2
83.4
82.9
83.7
84.5
84.8
84.0
83.3
82.7
83.9
84.3
84.3
83.4
82.7
83.5
83.3
82.6
83.4
89.7
90.0
88.8
87.7
86.7
85.3
84.9
84.8
86.7
86.0
86.1
86.2
84.8
83.5
84.4
84.4
83.7
82.5
81.8
81.3
82.8
92.9
91.9
90.3
90.4
92.0
90.5
88.2
86.4
85.1
83.9
83.4
82.6
82.3
83.0
83.0
82.5
82.6
82.0
81.9
81.4
82.2
81.1
81.8
81.6
81.2
81.7
82.9
83.3
83.2
83.2
83.7
82.9
82.1
82.0
81.0
80.7
80.3
79.6
79.6
79.5
79.0
78.8
79.0
78.4
78.0
77.9
78.1
77.9
78.5
79.6
78.9
78.8
78.8
78.5
77.7
77.9
78.7
77.6
77.9
77.5
77.5
77.2
77.0
77.1
77.8
77.1
77.4
76.9
77.2
77.9
87.5
86.9
85.0
84.9
82.7
81.3
81.0
80.5
79.5
79.2
79.0
78.8
78.4
78.8
78.0
78.1
78.0
77.6
77.0
77.5
76.7
76.9
79.4
77.6
77.2
77.6
77.1
76.8
76.3
76.0
76.9
77.9
77.2
76.8
76.7
76.0
75.4
75.1
76.1
76.0
76.3
76.3
78.0
83.3
80.0
78.0
76.1
76.3
75.9
75.6
75.1
77.5
78.2
76.1
75.5
76.4
76.3
83.7
81.0
78.3
76.7
76.7
75.2
75.0
75.3
77.2
83.8
79.2
76.5
75.0
75.1
75.2
75.4
76.4
84.8
84.2
84.4
83.4
82.0
81.0
80.0
79.0
77.3
76.6
76.0
75.8
76.2
75.8
76.1
75.1
75.7
74.6
74.6
74.2
74.7
74.7
75.6
74.3
74.7
73.9
73.5
73.9
74.0
73.5
73.2
73.0
72.7
72.9
73.1
73.0
72.9
73.4
72.2
72.2
72.9
72.5
72.7
72.6
72.3
72.6
72.9
72.7
72.3
72.1
72.8
72.3
72.1
72.4
72.2
72.4
72.0
71.8
72.2
71.9
72.1
71.8
72.4
72.3
71.9
72.3
72.2
72.1
72.4
72.1
71.9
72.7
77.0
76.6
76.1
77.4
75.7
76.0
76.1
72.9
72.6
72.8
72.7
71.3
72.2
71.6
72.0
72.4
72.4
72.2
72.2
72.2
71.9
71.5
72.1
71.8
72.3
72.3
73.2
72.5
71.3
73.9
77.4
75.6
76.2
79.0
78.9
78.7
77.6
76.9
75.0
74.7
75.8
76.1
73.5
75.2
76.2
74.6
77.0
74.3
74.2
74.0
73.3
72.8
73.1
71.8
73.7
72.5
72.1
72.3
71.4
72.3
72.7
71.9
71.8
71.0
71.6
72.0
71.5
71.5
71.8
71.4
71.6
71.4
71.0
70.9
71.4
71.4
70.7
71.0
71.3
71.1
71.4
71.7
71.7
71.4
71.4
71.3
72.1
72.0
73.3
73.1
73.1
72.0
72.4
72.0
71.8
71.3
71.7
71.8
74.1
73.5
75.2
79.5
80.1
78.6
81.2
80.5
80.1
82.2
84.7
83.2
82.5
83.0
82.3
81.0
79.2
77.7
77.2
76.6
76.0
74.9
75.5
74.9
75.2
74.9
74.9
73.8
74.1
74.4
73.3
74.3
73.3
73.6
73.0
72.9
72.7
73.8
72.5
72.2
72.7
72.0
72.0
71.5
71.5
71.8
71.8
72.3
71.6
71.9
71.6
71.9
71.2
71.2
71.1
71.8
72.2
71.5
71.1
71.3
71.1
73.4
74.0
72.4
72.0
72.0
72.3
71.2
71.3
71.6
72.4
72.8
72.1
71.8
72.1
72.0
71.5
71.3
71.2
71.2
71.7
71.7
71.5
72.0
71.3
71.8
71.4
71.4
71.2
71.9
71.7
72.1
72.0
71.5
71.4
71.6
71.9
72.0
72.0
71.8
72.0
71.7
72.0
72.1
71.8
71.9
72.1
72.1
71.8
74.2
75.5
74.5
74.0
73.1
73.6
73.1
72.9
73.0
73.0
72.7
73.0
73.0
72.0
72.9
73.7
74.4
73.1
73.3
73.0
73.1
73.1
74.4
75.2
74.8
74.0
74.2
76.9
79.7
77.6
77.0
76.8
76.9
76.1
75.3
75.3
75.5
75.6
75.8
75.1
75.7
76.6
85.0
84.3
85.7
83.9
84.8
85.3
81.7
80.0
78.9
79.4
82.3
81.3
80.6
79.1
78.5
78.0
78.2
78.0
77.6
77.6
76.7
76.7
76.4
76.6
76.6
75.8
75.4
75.4
76.2
76.2
76.4
76.4
76.9
76.0
76.1
75.8
76.4
76.3
76.8
77.2
76.5
77.2
77.3
77.4
77.8
77.7
77.0
77.0
76.3
76.6
76.4
78.4
83.4
82.6
79.9
78.7
77.7
77.1
76.3
74.4
74.6
74.0
74.0
74.1
74.6
74.5
74.2
74.0
74.2
73.9
73.5
74.1
76.0
75.4
82.2
80.6
80.8
79.0
77.9
75.2
74.8
75.2
74.9
73.1
73.4
72.6
72.8
72.4
72.4
72.6
72.8
72.5
72.2
72.7
72.5
72.8
72.7
73.3
73.1
72.3
72.3
72.4
71.9
72.7
73.4
72.2
72.0
71.3
71.0
70.6
70.1
70.0
70.7
70.4
70.4
70.0
70.5
70.5
70.7
71.0
70.8
70.8
71.3
73.7
81.5
82.6
81.1
85.0
83.8
80.4
78.0
76.2
74.7
73.9
72.6
72.1
72.1
76.1
78.1
78.1
78.3
77.9
76.5
75.9
73.6
72.0
72.0
71.9
71.8
71.7
71.6
72.0
73.6
73.8
72.7
72.0
72.1
73.6
73.0
72.5
72.2
72.0
71.8
71.7
71.9
71.6
71.5
71.0
71.9
73.6
72.6
72.0
72.0
72.1
72.2
71.9
71.8
71.6
72.0
71.9
71.9
71.0
71.1
71.3
80.9
83.1
78.2
76.5
75.0
73.4
72.8
72.7
72.0
71.6
71.3
72.3
71.2
71.0
70.9
71.1
71.6
71.0
71.3
71.0
71.0
71.0
70.7
71.0
70.5
70.7
71.9
71.9
71.5
73.9
73.7
72.4
73.2
72.8
71.5
71.9
71.6
72.0
71.2
72.4
73.1
71.7
71.6
70.8
71.1
70.9
74.7
80.2
78.6
81.3
87.3
92.8
93.9
91.6
89.3
84.2
80.7
81.2
78.5
77.1
75.8
75.9
75.5
77.6
77.2
76.2
75.0
75.1
74.2
74.5
74.4
74.7
74.1
73.8
74.1
74.0
74.0
73.9
73.9
74.2
74.0
73.6
81.6
85.0
83.1
83.4
83.1
85.1
84.2
85.4
84.3
83.4
81.5
80.5
78.2
76.8
76.6
76.5
75.4
75.6
74.8
74.6
74.7
74.4
74.8
74.7
79.3
85.3
87.8
87.1
89.2
90.8
90.6
89.8
89.6
88.4
86.1
85.2
83.1
82.8
82.7
80.9
80.7
79.3
78.6
78.8
81.3
82.3
81.7
81.3
80.9
79.6
78.3
77.4
79.8
81.1
80.3
80.8
80.9
80.6
80.0
76.7
75.7
74.9
73.5
73.2
72.6
72.6
72.3
72.2
73.8
73.2
72.3
71.9
71.6
71.0
70.9
70.4
70.3
70.7
70.4
70.7
70.1
70.0
70.0
69.8
69.3
69.8
70.1
69.6
69.3
69.0
69.4
69.0
68.9
68.5
69.0
68.4
68.0
68.0
68.0
67.7
67.8
68.0
67.1
67.4
67.0
67.3
67.7
67.3
67.1
67.1
67.6
67.0
67.6
67.6
67.8
67.7
67.7
84.1
86.5
85.8
84.5
87.2
88.2
88.2
86.9
84.0
79.5
77.6
74.5
73.0
71.2
70.6
69.9
70.0
69.9
69.8
70.0
69.8
69.0
69.8
69.8
69.3
69.5
69.8
69.1
69.0
68.8
70.1
70.5
69.4
68.7
68.8
69.0
68.8
68.8
69.6
69.6
69.1
68.2
68.9
68.8
68.0
68.0
68.2
68.0
68.3
68.5
68.6
67.9
68.0
68.0
68.0
67.6
67.9
67.6
68.5
67.7
67.7
67.5
68.0
67.6
67.1
67.1
67.8
67.9
67.2
68.0
67.2
67.8
67.4
67.6
67.1
67.6
67.7
67.4
67.6
67.1
67.5
71.3
69.4
68.8
68.2
67.2
67.0
67.0
67.0
67.0
67.0
67.0
67.0
67.6
69.8
84.6
86.1
84.3
79.0
79.4
83.2
80.7
78.0
76.2
75.7
75.3
73.9
72.5
72.3
71.9
72.8
72.1
71.4
71.1
71.6
71.8
71.5
70.7
71.0
70.7
71.2
71.2
70.7
71.9
71.3
72.5
71.8
71.7
70.4
70.5
70.2
69.9
69.7
69.5
69.0
69.0
68.5
69.8
69.7
69.0
69.3
68.7
68.8
70.1
71.39999999999999
69.0
68.2
68.6
68.3
68.1
68.1
67.9
67.6
67.8
67.3
68.0
68.0
69.8
81.9
82.4
82.0
81.3
81.9
80.5
79.4
78.5
75.7
74.6
74.0
74.9
73.7
73.2
72.4
71.9
70.8
71.4
69.8
69.0
68.6
68.1
68.5
68.1
68.6
72.0
70.6
70.6
70.7
70.7
69.6
69.1
68.6
68.2
69.6
71.2
68.1
67.8
68.5
68.7
68.3
70.3
75.9
72.1
71.1
69.5
68.3
68.1
69.0
68.1
67.3
66.8
66.9
66.3
66.2
66.1
64.7
66.3
67.0
66.8
66.0
66.0
66.2
66.4
65.6
66.0
65.7
65.8
65.3
66.0
66.1
76.0
72.4
73.2
70.8
68.7
67.3
66.6
66.2
66.0
66.1
66.4
66.8
68.4
83.9
81.6
81.2
79.1
76.9
77.0
73.1
72.7
71.5
71.5
71.0
70.3
69.5
69.9
69.7
69.5
70.2
70.9
73.2
72.5
72.6
71.8
71.1
70.3
69.4
69.3
69.0
69.0
69.9
74.2
70.9
70.0
69.4
69.7
68.7
68.1
68.0
68.0
68.0
68.4
71.6
72.2
73.3
72.9
74.4
72.3
71.7
69.9
69.2
69.0
68.0
68.0
67.9
67.9
68.0
68.1
68.0
68.0
68.0
68.5
69.3
70.0
68.4
68.4
67.9
68.3
67.2
68.7
68.2
68.6
68.3
67.9
68.0
68.0
67.8
68.7
69.7
67.8
68.2
67.4
67.7
67.4
67.7
70.3
68.1
68.9
68.5
68.1
68.1
68.1
70.6
70.4
68.3
67.1
67.5
71.4
69.6
68.8
68.7
68.6
67.6
68.1
68.9
70.6
69.0
67.3
67.3
67.4
74.0
81.6
82.9
81.9
82.0
84.1
82.8
82.4
77.1
76.1
73.4
72.2
70.2
70.6
71.2
71.6
72.0
71.2
71.3
70.5
70.1
69.9
70.2
69.5
68.7
68.8
72.4
72.4
70.0
69.4
68.4
69.1
68.0
68.7
68.1
68.3
67.6
68.0
67.9
67.6
68.1
68.2
67.7
67.7
68.1
68.9
69.4
69.0
69.0
69.3
69.2
68.9
68.6
70.8
72.6
71.4
69.6
70.3
69.5
69.4
69.2
68.7
69.0
69.2
69.3
70.1
68.0
67.4
67.6
69.3
72.4
69.4
67.8
67.6
66.6
67.1
67.5
67.6
67.6
67.0
67.0
68.8
76.6
78.2
77.5
74.3
74.0
72.9
71.7
72.7
70.5
68.7
71.4
70.2
71.8
71.4
71.5
71.4
74.4
74.6
71.1
70.4
69.9
68.7
68.4
68.1
69.2
68.1
68.4
78.5
79.4
79.5
80.7
81.7
83.2
83.6
81.0
80.9
79.6
77.0
76.6
76.0
75.3
74.1
73.8
73.2
73.1
72.3
72.6
71.9
71.6
72.4
71.6
71.0
70.7
70.9
70.7
70.9
71.4
70.3
70.3
69.7
70.3
69.1
69.9
70.2
69.7
70.4
69.3
69.8
70.9
69.8
70.3
70.0
70.0
69.8
70.6
69.9
69.7
69.4
70.0
70.0
69.7
70.4
69.9
70.6
71.0
70.9
70.9
71.5
72.5
72.3
72.5
72.9
71.1
72.7
72.1
71.3
71.1
70.3
70.6
70.5
71.3
71.1
70.6
70.8
71.2
70.5
70.3
71.7
71.3
72.7
71.5
70.7
70.5
70.7
70.9
71.2
71.5
71.6
71.2
71.6
72.7
74.7
79.5
79.4
78.8
77.0
74.6
74.6
75.4
76.2
75.6
75.3
75.1
74.8
75.4
75.2
75.8
75.0
74.8
74.4
73.7
73.8
73.0
73.2
72.9
72.7
72.5
73.6
74.6
72.1
72.5
73.2
74.6
73.3
73.3
72.7
73.2
74.9
73.8
78.1
82.7
81.7
82.6
81.0
79.1
79.6
80.8
79.3
78.9
79.7
83.4
80.3
78.9
76.8
77.4
76.0
80.7
85.4
85.3
84.3
83.4
80.6
80.5
79.3
78.7
77.5
77.4
76.6
77.0
77.5
76.5
76.5
75.6
75.7
75.1
75.0
76.2
76.6
75.5
76.1
75.0
74.5
74.0
74.0
74.2
74.0
74.0
74.2
74.5
74.9
74.3
74.1
74.5
74.4
74.8
74.4
74.7
74.6
75.0
75.0
74.9
75.3
75.9
74.8
75.3
75.1
75.4
75.6
76.0
76.2
76.0
76.0
75.9
76.1
79.3
77.4
79.0
75.9
76.7
75.9
76.7
76.6
76.3
76.4
76.9
76.8
78.6
81.1
78.6
78.3
78.0
77.5
77.0
77.6
77.2
77.0
77.9
79.0
78.2
77.9
77.7
77.9
78.0
78.4
78.8
79.6
79.5
77.3
78.4
78.5
79.0
82.6
89.0
88.6
87.3
88.8
91.9
89.4
88.7
85.8
86.2
85.2
84.2
83.0
82.1
80.9
80.9
80.1
79.9
80.0
83.7
86.3
87.0
88.3
85.8
83.6
81.7
80.0
79.7
79.4
79.8
80.5
82.4
82.7
82.6
82.4
81.9
81.4
80.2
79.0
78.4
78.6
78.5
80.3
79.9
78.1
78.5
78.7
78.3
77.5
79.0
78.0
77.9
78.5
78.8
78.6
80.9
81.9
80.9
81.0
80.2
79.5
79.4
79.8
79.8
80.0
80.0
80.0
80.9
80.1
79.5
81.1
81.4
80.7
82.4
81.6
82.0
81.2
81.2
85.8
87.4
83.5
82.5
81.7
82.0
82.4
82.1
81.7
81.4
82.1
82.3
82.5
83.7
82.7
82.6
83.2
82.9
82.8
82.6
82.9
82.9
83.0
83.4
84.4
83.7
83.6
83.6
83.4
83.3
84.3
84.5
84.7
85.6
85.8
85.3
87.2
86.4
87.8
90.8
87.2
86.1
85.9
87.8
88.6
86.6
87.8
90.6
93.1
94.2
93.2
92.8
91.1
92.1
92.5
91.5
90.9
90.5
90.2
89.9
89.4
89.7
90.1
90.5
90.9
90.9
91.9
92.4
92.2
91.3
90.6
90.4
90.8
90.1
89.9
89.8
89.0
92.7
93.2
93.7
92.2
94.9
94.6
93.1
90.5
89.9
89.2
89.2
89.5
89.3
88.7
88.1
87.3
87.1
87.0
86.9
86.6
86.8
86.9
86.7
86.1
86.0
85.9
85.9
85.6
85.9
85.9
85.6
85.4
85.5
84.7
84.9
84.9
84.2
88.8
92.4
90.5
91.4
90.8
91.3
91.3
92.3
92.9
92.0
92.6
92.9
93.5
94.1
93.3
92.8
94.3
92.6
92.7
91.5
90.5
90.4
90.1
90.7
91.4
90.6
89.0
88.5
89.0
90.0
91.0
91.5
90.4
89.2
88.3
87.7
87.2
86.6
85.9
86.1
86.0
85.8
85.8
85.7
86.0
86.2
86.0
85.9
85.5
86.0
86.0
86.0
86.5
86.7
87.3
86.4
86.9
87.0
86.9
91.9
90.7
88.6
88.5
88.3
88.5
88.3
87.9
88.2
88.3
88.0
88.2
88.0
88.0
88.3
87.9
88.1
88.0
88.0
87.6
88.0
87.8
87.4
87.1
87.3
87.9
88.1
88.0
88.0
89.0
93.2
91.2
90.3
89.4
89.1
89.0
92.0
90.6
93.0
96.0
95.1
94.4
94.4
94.0
91.9
91.2
90.0
89.2
88.8
88.8
88.9
88.0
87.8
87.7
87.8
87.3
87.9
87.6
87.4
88.2
87.7
86.7
87.5
88.0
88.3
88.2
88.3
88.3
88.9
89.5
89.7
90.7
90.9
91.1
93.0
92.4
92.4
90.6
90.2
88.6
87.3
87.2
87.2
89.4
90.5
89.2
89.0
88.8
89.0
89.0
89.3
90.4
91.8
92.7
93.6
94.6
95.3
96.1
98.0
100.3
101.0
101.0
101.7
101.0
100.9
102.9
103.9
104.4
104.7
104.9
105.0
104.3
103.2
102.7
102.4
102.2
102.0
102.6
103.8
104.2
103.9
104.0
103.8
104.0
104.0
104.1
105.0
104.2
104.0
105.0
105.0
105.0
104.9
105.5
105.1
106.0
106.0
104.8
103.8
103.5
103.2
101.8
102.0
102.2
102.0
101.7
103.2
103.3
102.5
104.0
104.4
104.6
104.6
103.8
104.0
103.1
103.3
104.3
104.2
104.2
104.9
104.4
104.0
103.7
103.0
102.5
102.2
101.8
101.1
101.4
101.0
101.6
101.9
102.4
101.2
100.1
100.0
100.7
99.9
99.9
100.6
101.8
101.5
100.9
101.1
100.9
100.9
100.1
99.0
99.3
99.5
100.1
99.5
99.0
99.8
100.2
99.9
100.0
100.0
100.7
100.4
100.0
100.0
100.5
101.2
100.8
100.6
101.4
101.4
101.0
100.3
99.4
100.0
99.5
98.7
99.1
99.3
99.3
99.3
98.5
97.2
96.0
95.8
94.9
94.9
94.2
94.4
94.7
94.8
94.7
94.6
96.0
95.6
95.8
96.1
95.9
95.3
95.8
95.0
95.0
95.1
95.0
96.5
97.0
97.0
96.7
97.2
97.1
97.4
97.7
97.3
97.6
97.7
97.5
97.7
97.4
96.9
98.5
98.1
97.8
97.0
96.8
97.0
96.5
96.5
96.7
97.1
97.0
97.3
97.9
97.7
97.0
96.6
96.4
97.0
97.2
97.6
97.2
97.6
97.1
97.1
97.2
97.0
97.0
97.3
97.5
97.3
98.0
97.2
97.4
96.1
97.0
96.3
98.8
96.4
95.3
95.8
95.0
94.2
93.8
94.2
95.0
94.3
93.2
93.1
92.9
93.0
93.0
94.6
94.4
94.3
93.9
93.3
94.0
93.0
93.0
93.0
93.0
92.7
92.9
92.1
92.0
92.2
92.0
91.7
91.7
90.6
90.3
90.3
90.2
90.1
89.9
89.4
89.8
89.8
89.2
89.0
89.0
89.1
89.0
88.7
88.6
88.3
88.5
87.8
88.4
89.1
88.7
88.3
89.7
88.8
87.9
88.0
87.6
87.0
87.0
86.9
86.5
86.1
86.7
86.9
86.2
86.1
86.4
85.2
85.0
84.6
83.9
83.8
83.5
82.9
82.0
81.8
81.4
81.0
80.6
80.3
80.0
80.0
79.8
80.0
80.0
79.7
79.8
80.0
79.8
79.8
79.9
79.5
80.0
79.3
79.2
78.7
78.0
78.0
78.9
80.5
85.7
84.9
84.0
87.7
83.7
82.0
82.6
84.1
87.7
87.2
87.2
85.8
84.0
83.0
83.0
82.1
82.0
80.8
80.0
79.1
79.9
79.0
79.0
78.9
78.7
78.0
78.0
78.2
78.0
78.0
78.0
77.9
77.8
78.0
77.7
77.5
77.5
77.7
77.5
77.7
78.0
78.0
78.0
77.3
77.5
77.2
78.0
77.1
77.8
77.0
77.4
77.8
77.2
77.5
78.2
77.5
77.6
77.0
77.1
78.0
77.7
78.3
78.7
79.1
78.0
78.0
77.6
77.5
77.0
77.7
78.2
77.6
77.8
77.5
78.2
77.1
77.0
76.2
76.7
79.6
78.1
76.7
76.4
76.0
76.0
76.0
76.0
76.0
75.5
76.0
76.0
75.7
75.5
75.6
75.6
75.6
75.5
75.9
75.2
75.3
75.0
75.3
75.3
75.9
76.0
76.0
76.0
75.8
75.5
75.9
75.4
75.0
75.0
75.0
75.0
75.3
75.8
75.8
75.0
75.3
75.0
75.0
75.0
74.8
74.5
74.8
74.7
75.0
74.9
74.8
74.7
74.8
75.1
74.5
74.5
74.9
74.5
74.3
74.9
74.6
74.6
74.3
74.3
76.4
75.8
75.0
74.4
74.3
74.2
74.8
74.0
74.4
74.0
74.2
74.0
74.1
74.4
74.7
74.8
74.2
74.0
74.3
73.9
73.5
73.7
74.0
74.2
74.5
74.0
73.6
73.6
74.0
82.3
83.8
83.9
83.4
82.3
83.8
81.5
81.2
80.5
82.2
81.2
80.0
77.6
76.3
75.9
76.0
76.0
76.0
75.0
75.0
75.0
74.2
73.8
73.7
73.8
73.2
73.2
72.9
72.6
72.8
73.1
72.9
72.6
72.5
72.1
72.0
71.4
72.1
72.0
72.0
71.9
71.5
71.4
71.9
71.2
71.1
71.0
70.8
70.8
70.7
70.4
70.6
71.0
71.0
70.2
70.7
70.0
71.1
70.2
69.9
70.0
70.2
70.3
70.4
70.5
70.1
70.0
70.1
70.2
70.0
70.9
70.3
70.3
70.0
70.2
70.0
70.3
70.0
70.3
70.0
70.0
70.2
70.1
70.0
70.0
70.4
70.6
70.2
70.0
70.9
71.0
72.6
71.6
73.6
76.0
73.6
72.3
70.6
71.0
71.0
70.6
70.0
70.2
71.0
71.4
70.6
69.8
71.7
72.2
72.4
71.0
70.8
71.4
70.3
68.7
68.8
69.2
70.3
70.4
70.6
71.9
71.0
70.4
70.4
70.9
70.5
71.8
73.0
72.1
71.9
71.8
72.6
72.3
72.1
72.0
72.0
73.7
79.7
82.1
82.1
82.8
81.2
81.8
82.5
83.3
82.9
81.3
81.8
81.6
82.5
83.0
82.4
81.5
80.9
81.3
80.5
79.6
79.5
78.4
78.7
78.0
76.4
77.4
74.6
74.9
74.6
74.0
74.0
74.0
73.7
74.2
76.6
74.7
76.2
74.4
73.9
73.9
73.5
73.1
72.5
71.8
71.1
71.3
71.2
70.8
70.5
70.1
70.0
69.7
69.2
69.6
69.2
69.6
69.4
69.5
69.1
68.9
69.0
69.6
69.0
69.5
69.1
69.4
69.3
69.3
69.1
68.9
68.5
69.1
69.0
68.6
69.2
70.4
70.6
68.9
68.8
68.4
69.0
69.0
69.3
70.2
70.4
70.8
70.1
69.0
68.9
68.6
68.3
68.5
69.4
68.1
67.1
69.3
69.2
68.0
68.0
70.1
70.7
70.5
69.6
69.1
69.3
69.5
69.5
69.0
70.4
75.7
79.8
81.9
81.6
82.1
82.1
79.9
77.9
77.9
75.4
75.3
73.8
73.2
74.5
78.9
77.5
77.6
76.6
73.5
72.8
72.7
72.4
72.4
71.6
71.7
72.0
71.5
71.6
71.1
71.8
71.1
70.3
70.0
69.4
69.9
71.3
70.0
70.0
69.6
69.4
69.2
69.6
69.0
69.1
69.8
68.9
68.8
68.2
67.7
68.1
68.5
68.0
68.1
68.7
69.3
68.3
67.8
67.7
67.7
67.6
68.0
67.3
67.3
66.7
67.0
67.1
67.0
67.2
66.7
66.2
66.46666666666667
66.35
66.23333333333333
66.11666666666667
66.0
65.88333333333333
66.0
66.0
66.0
66.0
66.6
66.5
66.0
66.0
67.0
66.1
66.4
66.0
66.9
66.2
66.0
66.3
66.2
66.1
66.2
66.0
66.4
66.2
67.0
66.8
66.0
65.4
65.7
65.6
66.8
69.4
70.5
74.0
77.7
80.1
83.1
82.7
82.6
80.4
79.2
76.4
75.2
74.0
73.7
73.2
73.1
72.7
71.6
71.0
71.2
71.3
70.6
70.8
71.0
70.0
69.9
70.1
70.4
70.1
71.1
73.8
75.1
71.4
70.1
69.1
69.2
68.4
68.1
68.5
67.6
67.7
68.0
68.2
67.8
67.4
66.8
67.6
67.2
67.0
67.1
66.8
66.6
66.9
66.4
66.8
67.0
66.3
66.3
66.3
66.2
66.0
65.8
66.2
65.6
66.0
65.6
65.7
65.0
65.0
65.5
66.0
65.5
65.8
64.6
65.0
64.8
65.0
65.0
64.8
64.3
64.0
64.0
64.0
63.8
64.1
63.7
63.6
64.3
64.0
64.0
63.3
64.0
63.5
63.3
63.5
64.0
64.0
64.0
63.8
63.7
64.0
63.2
63.7
64.0
63.8
63.4
63.9
63.9
63.9
64.2
63.7
63.9
63.3
63.5
63.6
63.2
64.0
64.0
63.3
64.2
64.9
64.5
64.7
63.8
63.8
64.0
64.0
64.0
64.0
63.8
64.0
64.6
64.4
64.0
64.0
64.2
64.5
64.0
64.0
64.0
63.8
63.9
64.4
65.0
64.1
63.5
63.7
63.6
63.9
63.6
64.0
64.0
64.0
64.2
64.5
64.0
64.0
64.0
63.8
63.8
68.4
70.3
79.8
78.1
79.6
79.4
77.0
75.9
75.3
75.0
75.4
74.9
75.1
74.9
73.9
73.5
74.3
73.6
74.5
74.1
73.7
73.4
72.7
72.6
72.1
72.0
70.1
71.1
69.6
70.0
68.8
70.8
71.6
69.0
67.8
66.6
66.6
67.0
67.0
66.4
66.0
65.6
65.8
66.2
66.9
67.2
67.4
67.0
67.5
67.1
67.4
67.3
67.5
67.1
67.0
67.7
68.1
68.0
67.9
70.5
71.4
69.3
68.4
69.2
69.1
69.1
68.5
69.1
68.2
67.5
66.7
66.8
66.7
67.1
67.1
67.1
67.08857142857143
67.08285714285714
67.07714285714285
67.07142857142857
67.06571428571428
67.06
67.05428571428571
67.04857142857142
67.04285714285714
67.03714285714285
67.03142857142856
67.02571428571429
67.02
67.0142857142857
67.00857142857143
67.00285714285714
66.99714285714285
66.99142857142857
66.98571428571428
66.97999999999999
66.97428571428571
66.96857142857142
66.96285714285715
66.95714285714286
66.95142857142856
66.94571428571429
66.94
66.9342857142857
66.92857142857143
66.92285714285714
66.91714285714285
66.91142857142857
66.90571428571428
66.9
66.89428571428572
66.88857142857142
66.88285714285715
66.87714285714286
66.87142857142857
66.86571428571429
66.86
66.85428571428571
66.84857142857143
66.84285714285714
66.83714285714285
66.83142857142857
66.82571428571428
66.82
66.81428571428572
66.80857142857143
66.80285714285715
66.79714285714286
66.79142857142857
66.78571428571429
66.78
66.77428571428571
66.76857142857143
66.76285714285714
66.75714285714285
66.75142857142858
66.74571428571429
66.74000000000001
66.73428571428572
66.72857142857143
66.72285714285715
66.71714285714286
66.71142857142857
66.7057142857143
66.7
67.6
66.8
66.7
67.0
67.5
67.3
66.8
67.1
69.4
74.3
73.9
75.6
74.5
72.8
72.8
74.0
72.9
72.1
69.9
69.9
69.8
69.7
69.7
69.0
68.2
67.9
67.2
67.2
67.3
67.4
66.8
67.0
67.0
66.4
65.4
65.8
65.9
66.0
66.4
66.9
67.4
66.6
66.2
65.5
66.0
66.2
65.8
65.0
65.5
65.6
65.3
65.4
64.5
64.1
63.9
63.8
64.0
63.9
63.4
63.4
63.5
63.1
63.6
63.6
63.2
63.0
62.9
62.3
62.6
62.3
62.6
62.6
62.3
62.0
62.4
62.7
63.0
62.3
62.0
62.1
62.0
62.7
62.3
62.0
62.0
62.1
62.0
62.2
62.0
62.0
62.3
61.9
61.0
61.7
61.7
61.8
61.1
61.2
60.8
61.7
61.3
62.2
62.0
62.2
62.0
62.0
62.0
61.8
62.4
62.6
62.2
62.5
62.4
62.4
61.0
62.3
62.9
61.9
62.6
62.5
62.2
61.9
62.0
64.5
64.4
64.0
63.7
65.4
65.5
64.1
64.1
64.2
65.3
65.0
64.5
64.7
65.3
65.2
65.1
65.0
65.1
64.4
64.7
65.5
64.6
64.0
63.9
63.9
64.0
63.9
64.8
64.2
63.8
65.1
79.3
78.6
75.3
75.7
74.7
74.8
75.3
74.0
73.6
73.4
73.2
72.6
72.1
71.9
71.7
72.0
72.3
72.8
71.3
72.0
72.8
72.4
72.1
72.5
71.1
70.8
71.9
72.0
72.5
73.2
73.5
73.7
74.4
72.2
72.6
72.7
73.2
73.9
78.5
75.4
75.3
76.0
74.8
74.9
73.2
72.0
73.0
73.0
72.6
72.6
71.6
72.9
72.6
71.9
71.7
70.9
70.3
69.8
70.0
69.5
69.1
69.4
69.3
70.0
69.1
70.6
70.3
69.8
70.2
69.8
69.9
69.2
68.7
69.1
68.8
68.6
68.3
68.3
68.1
67.6
67.9
68.1
67.2
67.4
68.2
67.7
67.0
67.3
67.1
67.0
67.2
67.1
66.9
67.0
66.5
65.9
65.7
65.7
65.7
65.5
65.0
65.0
64.8
64.3
64.7
64.5
64.3
64.2
64.1
63.7
63.9
64.0
63.4
63.9
64.3
64.0
64.4
64.2
64.0
63.5
63.7
63.6
63.3
63.3
63.3
63.2
63.3
63.3
63.0
63.2
63.3
63.5
63.5
62.8
62.4
62.7
62.5
62.1
62.7
63.0
62.8
62.9
70.6
71.8
69.1
66.2
66.5
67.1
66.8
66.1
70.8
79.7
77.5
74.8
75.3
75.2
75.2
76.4
81.6
78.4
75.9
79.0
79.7
82.7
79.6
77.5
77.1
76.2
76.5
76.5
76.4
76.3
75.6
76.0
76.0
75.0
75.8
75.8
75.8
74.9
73.6
73.2
73.2
73.4
74.1
73.7
74.2
74.2
74.1
74.2
74.0
73.8
73.9
73.6
73.4
72.6
72.1
71.6
71.2
72.0
71.6
71.7
71.1
71.4
70.8
71.4
71.1
70.5
69.9
70.0
69.5
69.2
69.0
68.8
68.7
68.9
68.2
68.0
67.8
67.8
67.7
67.5
67.0
67.3
67.3
66.9
66.0
66.3
66.2
65.9
65.9
65.9
66.1
66.4
66.0
66.0
66.1
66.1
66.3
66.7
66.4
66.6
67.0
66.4
66.3
65.7
66.0
66.3
66.0
65.9
65.8
65.4
65.7
65.3
65.1
65.4
65.6
65.2
65.7
65.7
66.0
65.2
65.3
65.6
65.9
66.1
65.8
65.8
65.5
65.6
65.5
66.3
66.5
66.0
66.0
65.3
67.0
66.0
66.0
66.0
74.3
75.6
75.4
74.3
71.5
70.3
69.1
68.6
67.8
67.6
67.0
67.0
67.2
66.6
66.8
66.9
69.6
76.4
75.1
75.0
74.1
74.3
74.8
74.4
74.7
75.3
74.8
75.6
75.4
74.9
75.2
74.0
74.5
75.9
75.2
74.3
74.5
74.2
75.3
74.8
75.0
74.5
74.0
73.8
73.3
72.8
72.6
72.7
73.0
72.6
72.8
75.6
74.7
77.4
82.7
84.3
82.9
87.1
82.3
81.3
81.6
81.0
80.4
82.9
84.0
82.6
80.5
81.6
82.0
81.4
80.0
81.0
81.3
82.0
82.5
83.0
83.5
83.0
82.1
80.9
79.3
78.9
78.6
78.1
77.3
78.1
77.9
76.5
75.3
74.7
74.4
74.0
73.0
73.3
73.7
74.3
74.7
74.5
74.6
74.2
74.4
74.5
74.2
75.1
75.6
76.2
75.8
76.8
77.1
77.0
77.0
77.5
76.9
77.5
78.0
78.3
78.1
78.4
78.8
78.3
78.4
77.6
77.3
76.1
75.9
76.7
76.9
76.8
76.9
76.6
76.3
75.8
75.5
74.9
75.0
75.2
74.2
74.2
74.9
74.8
74.5
74.6
74.4
74.1
74.3
74.2
74.0
73.8
74.1
73.8
74.0
73.7
73.0
73.0
73.3
73.1
73.2
72.9
72.7
72.5
72.5
72.8
72.5
72.5
72.7
72.2
72.0
71.8
71.9
71.8
72.0
71.9
71.4
71.8
71.7
72.0
72.0
71.8
72.0
72.0
72.9
71.9
71.7
71.6
71.6
71.1
70.8
71.0
70.5
69.9
70.2
70.5
70.6
70.9
70.4
70.6
70.7
70.9
71.0
70.7
70.4
70.8
70.8
71.0
71.0
70.4
70.8
70.4
70.3
70.8
71.0
70.9
70.6
70.3
70.5
70.8
71.0
71.0
70.8
70.9
70.8
70.6
70.6
70.6
71.0
70.9
70.0
70.8
70.6
72.0
71.1
71.0
72.2
71.5
71.0
71.6
72.5
74.9
73.9
73.0
73.1
73.1
73.0
72.6
73.5
72.4
72.8
73.0
73.0
73.0
72.4
72.7
72.7
72.5
72.8
72.5
72.5
75.3
72.2
73.2
73.1
73.4
73.5
74.5
80.5
82.2
79.0
79.9
86.7
82.8
80.9
79.4
79.0
78.9
78.9
79.0
78.8
78.3
77.9
77.7
79.0
80.5
79.2
78.0
78.3
77.9
78.5
77.6
77.0
77.6
77.4
76.5
76.7
76.9
76.6
76.4
75.9
75.9
75.3
75.8
76.0
76.0
75.7
75.9
76.0
75.0
74.7
75.6
75.6
75.6
75.4
74.7
75.6
74.5
75.0
74.6
73.9
74.8
75.3
75.0
75.5
75.6
74.0
74.0
73.2
73.0
73.0
72.5
72.8
72.4
72.0
72.1
72.0
71.2
71.5
71.8
71.2
71.3
71.6
72.4
72.8
72.7
72.0
71.8
71.9
71.7
72.0
71.1
71.1
70.9
70.6
70.1
69.9
70.8
71.0
70.7
70.1
70.7
70.6
70.0
69.6
69.0
69.1
69.0
69.0
69.1
68.9
68.8
69.4
69.7
69.0
69.5
69.6
70.0
69.5
70.1
69.1
68.9
69.5
69.5
68.5
68.8
67.9
68.1
68.5
68.4
69.3
69.0
68.9
68.3
68.9
68.6
68.3
68.1
67.4
68.4
67.8
67.2
66.9
67.4
67.4
67.3
67.5
68.2
67.9
67.8
67.8
68.7
67.5
68.1
68.7
68.4
68.1
67.6
67.5
67.7
67.4
67.4
68.1
67.8
66.9
66.6
67.0
67.1
67.3
67.2
67.0
67.1
67.5
67.7
67.5
67.2
67.4
66.9
66.8
66.6
68.2
67.1
67.9
68.4
67.4
72.6
73.5
74.2
77.4
78.1
78.1
76.3
76.5
75.8
75.0
74.7
74.9
74.9
76.4
75.0
74.0
74.5
74.7
74.8
75.0
75.3
75.5
75.2
75.1
74.8
75.0
75.2
76.0
75.0
74.9
76.2
75.7
75.7
75.7
75.9
75.9
76.0
75.5
74.6
74.9
74.9
74.8
75.4
75.4
74.8
74.1
74.2
74.3
75.2
77.6
76.3
79.4
76.5
76.6
76.7
77.0
74.2
75.9
74.1
74.1
73.2
74.0
73.7
73.6
72.6
72.6
73.8
71.9
71.9
71.6
72.1
72.5
72.6
72.7
72.4
73.2
72.6
72.4
72.3
73.0
72.6
72.7
72.4
71.9
72.5
72.3
71.9
70.5
71.7
72.4
71.3
72.2
71.5
71.4
71.0
71.4
71.7
71.0
70.9
71.4
72.0
71.7
70.8
70.1
70.3
69.9
70.3
69.5
69.3
69.3
69.7
69.7
69.8
69.5
69.1
69.6
68.9
69.0
68.6
69.3
69.0
69.2
69.1
68.7
67.6
67.5
66.1
65.9
67.2
73.9
74.6
75.1
74.3
74.8
79.2
76.8
75.9
73.6
72.7
72.2
72.5
72.0
70.9
71.7
71.4
71.0
70.9
70.7
70.8
70.1
70.2
70.9
71.8
70.6
70.2
70.3
71.4
71.4
70.8
71.0
70.0
70.1
71.0
70.7
70.8
71.4
70.7
71.2
70.6
70.4
70.5
70.8
70.7
70.3
70.6
71.2
70.5
69.8
71.2
69.6
71.9
69.6
69.8
69.4
69.7
69.8
71.6
70.6
70.9
71.5
71.1
71.2
70.8
71.4
70.5
70.5
71.4
70.7
70.0
70.3
69.6
70.4
69.3
70.8
70.1
70.1
70.6
69.8
71.2
70.0
70.2
71.2
70.2
69.9
69.9
69.7
69.9
70.7
70.2
70.4
70.6
70.4
70.9
70.6
70.7
70.8
70.2
71.0
70.6
70.3
70.7
71.1
70.9
70.9
70.3
70.2
72.0
70.0
69.8
70.9
70.1
71.0
70.7
71.1
70.3
71.2
71.2
70.7
71.4
71.7
71.3
71.7
71.4
79.0
77.9
75.0
72.8
72.6
72.1
72.5
72.2
72.1
71.7
71.3
72.0
71.8
71.6
71.5
71.8
71.9
70.9
71.2
71.0
70.9
71.0
71.4
71.3
71.8
72.7
71.1
70.4
70.5
69.9
69.3
69.6
69.8
69.2
68.9
68.3
69.0
68.7
68.5
67.2
67.1
67.2
67.8
67.4
66.8
67.0
67.0
66.6
66.6
66.8
66.3
66.8
66.8
66.8
66.6
66.8
66.7
66.8
66.4
67.4
67.4
67.6
68.3
68.0
68.8
68.5
68.5
70.1
70.0
69.2
69.4
69.7
69.4
69.4
70.0
69.9
68.9
69.9
73.6
75.3
75.0
77.2
76.6
76.1
77.1
78.2
76.9
75.2
75.0
75.0
75.4
76.0
75.1
75.8
75.7
75.1
74.7
74.6
74.5
74.0
73.6
73.3
73.0
73.5
77.3
77.1
74.6
73.6
73.2
73.2
72.2
72.4
72.2
71.8
74.3
74.0
72.1
72.4
73.5
72.6
72.2
72.5
72.1
71.8
71.2
72.3
73.1
72.5
72.4
73.4
73.7
73.0
73.0
73.9
74.8
74.1
73.3
74.0
74.0
74.3
75.2
74.5
74.8
74.3
74.5
74.1
73.6
73.6
74.7
75.4
72.9
73.1
73.4
74.4
74.9
73.3
75.0
72.2
76.5
80.7
81.8
81.4
85.7
85.2
81.3
79.5
78.7
78.8
79.6
78.4
78.3
85.9
86.0
85.2
84.4
83.7
82.0
81.0
80.6
79.9
79.5
78.6
78.7
77.8
78.0
78.7
77.1
76.8
76.2
75.5
75.0
80.9
81.1
82.7
79.0
77.3
75.8
75.3
76.0
76.0
76.0
76.0
76.1
76.0
76.0
76.5
80.8
77.9
77.5
77.3
77.6
82.4
80.6
77.2
75.7
75.5
75.4
75.1
74.6
74.0
73.2
74.1
74.0
73.7
72.9
73.0
72.9
72.8
72.9
73.0
73.0
73.0
73.1
73.2
72.9
73.2
73.1
72.8
73.1
73.0
72.8
72.7
73.0
72.7
73.0
72.9
73.0
72.8
73.1
73.5
73.3
73.4
73.3
72.9
73.0
73.1
72.8
73.5
73.2
73.6
73.0
73.3
73.6
73.3
73.0
73.0
72.5
72.3
72.2
72.1
78.7
84.8
84.5
84.0
80.3
78.5
78.2
78.2
77.3
77.2
77.3
77.7
77.3
76.9
77.3
77.0
76.5
76.0
75.6
75.5
76.8
78.3
77.3
78.1
77.9
77.1
77.1
77.0
77.0
76.3
76.8
77.5
77.6
77.3
77.7
77.7
79.6
79.3
79.5
77.7
77.7
77.8
77.3
77.3
77.7
77.1
76.3
76.5
76.3
76.4
75.8
75.5
76.3
76.6
76.1
76.8
75.9
76.0
75.9
75.4
75.9
76.3
76.3
75.5
75.1
76.2
75.8
75.3
76.2
75.1
76.6
76.5
76.3
76.9
78.3
76.5
76.1
76.4
75.5
76.3
75.8
76.4
82.1
84.8
82.3
83.5
78.5
77.2
76.2
75.3
76.0
75.7
74.3
74.5
73.9
73.7
74.4
73.7
73.2
74.9
74.4
73.8
73.8
73.1
75.2
76.6
73.8
72.9
72.9
72.2
72.5
73.3
74.9
75.5
76.1
75.7
76.1
75.9
76.0
77.1
77.3
76.9
76.9
76.6
76.0
74.6
73.4
73.3
73.7
72.6
72.9
73.1
73.29999999999998
