65.0
65.0
65.0
65.0
65.0
65.0
65.0
65.0
65.0
65.0
65.0
65.0
65.0
65.0
65.0
65.0
65.0
65.0
65.0
65.0
65.0
64.8
64.5
65.0
65.0
65.0
65.0
65.0
65.0
64.5
64.0
64.0
64.0
64.0
64.0
63.8
63.0
63.0
63.0
63.0
63.0
63.0
63.0
63.0
63.0
63.0
63.0
63.0
63.0
63.0
63.0
63.0
63.0
63.0
63.0
63.0
63.0
63.0
63.0
63.0
63.0
63.0
62.5
62.0
62.0
62.0
62.0
62.0
62.0
62.0
62.0
62.0
62.0
62.0
62.0
62.0
62.0
62.0
62.0
62.0
62.0
62.0
62.0
63.4
64.7
65.0
65.1
65.0
65.0
65.0
65.0
65.2
66.8
67.8
68.0
68.0
67.0
67.0
67.0
67.0
66.8
66.0
66.0
66.4
67.0
66.9
67.0
67.0
67.0
66.4
66.0
66.0
66.0
66.0
66.0
65.2
65.0
65.5
66.0
66.6
67.4
68.0
67.0
67.0
66.5
66.0
66.0
66.0
66.0
66.0
66.0
66.0
66.0
67.1
66.9
67.0
67.0
66.2
66.0
66.0
65.6
65.0
65.0
65.0
65.0
65.0
66.2
68.2
68.8
69.1
70.5
69.0
68.8
68.0
69.2
67.0
67.0
66.4
66.0
65.7
65.0
65.0
64.5
64.0
64.0
63.8
63.0
63.0
63.0
63.0
62.1
62.0
62.0
62.0
62.0
62.0
61.0
61.0
61.0
61.0
61.0
61.0
61.0
61.0
60.1
60.3
61.0
60.8
61.0
61.0
62.0
62.1
62.9
62.3
62.0
62.0
62.0
62.0
61.9
61.0
61.0
61.0
61.0
61.0
61.0
61.0
61.0
61.0
60.7
60.0
60.2
60.1
60.0
60.0
60.0
60.8
62.7
64.0
64.0
64.0
63.5
64.0
65.0
65.0
65.0
65.0
65.0
65.2
66.0
66.0
70.2
66.0
66.0
66.0
65.7
65.0
65.0
65.0
65.0
65.0
65.0
65.0
64.2
64.0
64.0
64.0
64.0
64.0
64.0
64.0
64.0
64.0
64.0
63.5
63.0
63.0
63.0
63.0
62.9
62.4
62.0
62.0
62.0
62.0
62.0
62.0
61.4
61.0
61.0
61.0
61.0
61.0
61.0
61.0
61.0
61.0
61.0
61.0
61.0
60.8
60.4
60.0
60.0
60.0
60.0
60.0
60.0
60.0
60.0
60.0
60.0
60.0
59.8
59.2
59.0
59.1
59.0
59.0
59.0
59.0
59.0
59.0
59.0
59.0
59.0
59.0
59.0
59.0
59.0
59.0
59.0
59.0
59.0
59.0
59.0
59.0
59.0
59.0
59.0
59.0
59.0
59.0
59.0
59.0
59.0
59.0
59.0
59.0
59.0
59.0
59.2
60.0
60.6
62.6
63.8
64.0
64.0
64.0
64.0
64.0
64.0
64.0
64.0
64.0
64.0
64.0
63.8
64.0
64.6
65.0
65.0
65.0
65.0
64.3
64.0
64.0
64.0
64.0
64.0
64.0
64.0
64.0
64.0
64.0
64.0
64.0
64.0
63.8
63.0
63.0
63.2
63.0
63.0
63.0
63.0
63.0
63.0
63.0
63.0
63.0
63.0
63.0
62.5
62.0
62.0
62.0
62.0
62.0
62.0
62.0
62.0
62.0
62.0
62.0
62.0
62.0
62.0
62.0
62.0
62.0
62.0
61.0
61.0
61.0
61.0
61.0
61.0
61.0
61.0
61.0
61.0
61.0
60.9
61.0
61.0
60.2
60.0
60.0
60.0
60.0
60.0
60.0
60.0
60.0
60.0
60.0
60.0
60.0
60.0
60.0
60.0
60.0
60.0
60.0
60.0
60.0
60.0
60.0
60.0
60.0
60.0
60.0
60.0
60.0
60.0
60.0
60.0
60.0
60.0
60.0
60.0
60.0
60.0
60.0
60.0
60.0
60.0
60.1
60.1
60.2
60.3
60.1
60.0
60.0
60.3
60.0
60.1
60.0
60.0
60.0
60.0
60.0
60.0
60.0
60.0
60.0
60.0
60.0
60.0
60.0
60.0
60.0
60.0
60.0
60.0
60.0
60.0
60.1
60.4
60.5
60.4
60.6
60.6
60.6
60.3
60.4
60.5
60.2
60.8
60.9
60.8
60.7
60.3
60.2
60.3
61.0
61.0
61.0
60.9
61.0
60.7
60.5
60.8
60.4
60.1
60.0
60.0
60.0
60.0
60.0
60.0
60.0
60.0
60.0
60.0
60.0
60.0
60.0
60.0
60.0
60.0
60.0
60.0
60.0
60.0
60.0
60.0
60.0
60.0
60.0
60.0
60.0
60.0
60.0
60.0
60.0
60.0
60.0
60.0
60.0
60.0
60.0
60.0
60.0
60.0
60.0
60.0
60.0
60.0
60.0
60.0
60.0
60.0
60.0
60.0
60.0
60.0
60.0
61.1
62.4
63.2
64.0
64.0
64.0
64.8
65.9
66.9
67.0
67.0
67.0
67.0
67.0
67.0
67.0
67.0
66.8
66.6
67.0
67.0
67.0
67.6
68.7
69.0
69.0
68.3
69.0
68.9
68.0
68.0
68.5
68.0
68.0
68.0
68.0
68.0
68.0
68.0
68.0
68.7
71.6
69.2
69.0
68.4
68.0
67.5
67.0
67.0
66.1
66.0
66.0
65.8
65.0
65.0
65.0
65.0
65.0
65.0
65.4
67.0
68.0
68.0
68.0
67.3
67.0
66.5
66.0
66.0
66.0
66.0
65.3
65.0
65.0
65.0
65.0
65.0
65.0
65.0
65.0
65.0
65.0
65.0
65.0
64.5
64.0
64.0
64.0
64.0
64.0
64.0
64.0
64.0
64.0
64.0
64.0
64.0
64.0
64.0
64.0
64.0
64.0
64.0
64.0
64.1
65.0
65.0
65.0
64.8
64.1
64.0
64.0
64.0
64.0
63.8
63.4
63.0
63.0
63.0
63.0
63.0
63.0
63.0
63.0
63.0
63.0
63.0
63.0
63.0
62.7
62.3
62.0
62.0
62.0
62.0
62.0
62.0
62.0
62.0
62.0
62.0
62.0
61.3
61.0
61.0
61.0
61.0
61.0
61.0
61.0
61.0
61.0
61.0
61.0
61.0
61.0
61.0
61.0
61.0
60.6
60.2
60.0
60.0
60.0
60.0
60.0
60.0
60.0
60.0
60.0
60.0
60.0
60.0
60.0
59.8
59.5
59.0
59.2
59.0
59.9
59.4
59.0
59.0
59.0
59.0
59.0
59.0
59.0
59.0
59.0
59.0
59.0
59.0
59.0
59.0
59.0
59.0
59.0
59.0
59.0
59.0
59.0
59.3
60.0
60.0
60.0
60.0
60.0
60.9
61.0
61.0
61.0
61.4
62.3
63.0
63.8
64.0
64.0
64.8
65.0
65.0
65.0
65.0
65.0
65.0
65.2
65.0
65.5
66.7
67.8
67.7
67.0
67.0
66.4
66.4
67.0
66.1
66.0
66.0
66.0
66.0
65.7
65.0
65.0
65.0
65.0
64.5
64.0
64.0
64.0
64.0
64.0
64.7
65.0
65.3
65.9
65.2
65.0
65.0
65.0
64.7
64.0
64.0
64.0
64.0
64.0
64.0
64.0
64.0
64.0
64.0
63.4
63.0
63.0
62.8
62.4
62.0
62.0
62.0
62.0
62.0
62.0
62.0
61.6
61.0
61.0
61.0
61.0
61.0
60.3
60.1
60.0
60.0
60.0
60.0
60.0
60.0
60.0
59.8
60.4
62.5
64.0
64.7
64.7
64.0
64.0
64.0
64.0
64.0
64.0
64.0
64.0
64.0
64.0
64.0
64.0
63.1
63.0
63.0
62.4
62.0
62.0
62.0
61.5
61.0
61.0
61.0
60.8
61.0
60.2
60.0
60.0
60.2
61.0
62.0
62.0
62.0
63.1
65.3
63.0
63.0
66.8
62.8
62.1
62.0
62.0
62.9
62.0
62.0
62.0
62.0
61.4
62.3
61.0
61.0
61.0
60.6
60.0
60.0
60.0
59.8
59.0
59.0
59.0
59.0
59.0
58.8
58.0
58.0
58.0
58.0
58.0
58.0
57.9
57.7
57.0
57.0
57.0
57.0
57.0
57.0
57.0
56.6
56.0
56.0
56.0
56.0
56.0
56.0
56.0
56.0
56.0
56.0
56.0
55.5
55.0
55.0
55.0
55.2
55.0
55.0
55.0
55.0
55.0
55.0
55.0
55.0
55.0
55.0
55.0
55.0
55.0
55.0
55.0
55.0
55.0
55.0
55.0
54.9
54.6
54.7
54.7
55.4
57.2
56.9
57.0
57.0
57.0
57.0
57.0
57.0
56.8
56.0
56.0
56.0
57.5
57.0
57.0
57.0
57.0
58.3
57.0
57.0
60.0
58.0
57.3
58.2
57.0
57.0
57.0
57.0
56.7
56.2
56.0
56.0
56.0
56.0
56.0
56.0
56.0
56.0
56.0
56.0
56.0
56.0
56.0
56.0
56.0
56.0
55.8
56.0
56.0
56.0
56.0
56.0
56.0
56.0
56.0
55.8
55.3
55.9
56.0
56.0
55.9
55.6
55.9
56.0
55.7
55.7
55.4
55.0
55.3
55.4
55.1
55.0
55.5
55.9
55.1
55.0
55.0
55.0
55.0
55.0
55.0
55.0
55.0
55.0
55.0
55.0
55.0
55.0
55.0
55.0
55.0
55.0
55.0
55.0
55.0
55.0
55.0
55.0
55.0
55.0
55.0
54.7
54.2
54.0
54.0
54.0
54.0
54.0
54.0
54.0
54.0
54.0
54.0
54.4
54.4
54.1
54.4
54.7
54.9
54.6
54.6
54.8
54.9
55.0
55.0
55.0
55.0
55.0
55.0
55.0
55.0
55.0
55.0
55.0
55.9
58.3
59.5
60.4
61.8
62.3
61.0
62.0
62.2
61.1
61.6
61.1
61.0
61.0
61.0
61.0
62.6
61.8
61.0
61.0
61.0
61.0
61.0
61.0
61.0
61.0
61.0
61.0
61.0
61.0
61.0
60.8
60.1
60.0
60.0
60.0
60.0
60.0
60.0
60.2
61.0
61.0
61.0
61.0
60.1
60.0
60.0
60.0
60.0
59.6
59.0
59.0
59.0
59.0
59.0
59.0
59.0
59.0
59.0
59.0
58.9
58.4
58.0
58.0
58.0
58.0
58.0
58.0
58.0
58.0
58.0
58.0
58.0
58.0
58.0
57.8
57.3
57.0
57.0
57.0
57.0
57.0
57.0
57.0
57.0
57.0
57.0
57.0
57.0
57.0
57.0
57.0
57.0
57.0
57.0
57.0
57.0
57.0
57.0
57.0
57.0
57.9
58.0
59.0
59.8
60.0
60.0
59.8
59.4
59.2
59.0
59.0
59.2
59.0
59.0
59.0
59.0
59.0
59.0
59.0
59.0
59.0
59.0
59.0
59.3
59.6
60.0
60.0
60.0
60.0
60.0
60.0
60.0
59.6
59.2
59.0
59.0
59.0
59.0
59.0
59.8
60.0
60.0
60.0
60.0
60.1
60.0
60.0
60.0
60.0
60.0
60.0
60.0
60.0
60.0
60.0
60.0
60.0
60.0
60.0
60.0
60.0
59.6
59.5
59.1
59.7
59.3
59.0
59.0
59.0
59.0
59.0
59.0
59.0
59.0
59.0
59.0
59.0
59.0
59.0
59.0
59.0
59.0
59.0
59.0
59.0
59.0
59.0
59.0
59.0
59.0
59.0
59.0
59.0
59.0
59.0
59.0
59.0
59.0
59.0
58.7
58.5
59.0
58.5
58.4
58.8
58.6
58.1
59.1
60.4
61.9
63.1
65.1
65.0
66.0
66.4
68.2
67.0
67.0
67.0
68.7
68.0
69.3
68.0
69.7
69.0
69.0
70.2
69.0
69.0
69.0
69.0
69.0
69.0
68.2
68.0
68.0
68.0
68.2
69.0
69.0
68.6
68.0
68.0
67.5
67.0
67.0
67.0
67.0
66.5
66.0
66.0
66.0
66.0
66.0
66.0
66.7
67.0
67.0
66.7
66.0
66.7
67.0
67.0
66.3
66.0
66.0
66.0
66.0
66.0
66.0
66.9
68.0
68.0
68.0
68.0
68.0
67.1
67.0
67.0
66.7
66.0
66.0
65.6
65.0
65.0
65.0
64.9
64.0
64.0
64.0
64.0
64.0
64.6
65.0
65.0
65.0
64.0
64.0
64.0
63.7
63.0
63.0
63.0
62.2
62.0
62.0
62.0
62.0
61.8
61.0
61.0
61.0
61.0
61.0
61.0
61.0
61.0
61.0
61.0
61.0
61.0
61.0
61.0
61.0
61.0
61.0
62.4
62.3
65.4
65.0
65.0
64.6
64.0
64.0
64.0
64.0
63.6
63.0
63.0
63.0
63.0
62.2
65.3
63.8
71.7
66.0
66.0
66.0
65.6
65.0
65.0
65.0
65.0
65.0
64.3
64.0
64.0
64.0
63.3
63.0
63.0
63.0
63.0
62.5
62.0
62.0
62.0
62.0
62.0
62.0
62.0
62.0
61.7
61.4
61.1
61.0
61.0
61.0
61.0
61.0
60.7
60.0
60.0
60.0
60.0
60.0
60.0
60.0
60.0
60.0
60.0
60.8
61.0
61.0
61.0
61.0
60.6
61.0
61.0
61.5
62.4
63.0
63.0
63.0
63.0
63.0
63.0
62.1
62.0
62.0
62.0
62.0
62.0
61.4
61.6
62.0
62.0
62.0
62.0
62.0
61.8
61.3
61.0
61.0
61.0
61.0
61.0
61.0
61.0
61.0
61.0
61.0
61.0
61.0
61.0
60.4
60.0
60.0
60.0
60.3
62.7
63.3
64.5
65.7
67.3
66.0
66.0
66.8
67.0
66.7
67.0
67.0
67.2
68.0
68.5
75.5
70.9
72.0
71.0
71.0
70.2
75.0
70.2
69.0
69.0
69.0
68.2
68.0
68.0
68.0
68.0
67.9
67.0
67.0
67.0
67.0
67.0
66.0
66.0
66.1
67.5
69.7
71.5
72.0
73.1
72.8
72.0
71.0
70.1
69.8
69.0
68.4
68.0
67.9
67.0
67.0
67.0
67.0
66.1
66.0
66.0
66.0
65.6
65.0
65.0
65.0
65.0
64.3
64.0
64.0
64.0
64.0
64.0
64.0
63.5
63.0
63.0
63.0
63.2
64.7
66.4
67.0
67.0
67.0
66.6
66.0
66.0
66.0
66.0
65.3
65.9
66.0
66.0
66.0
66.0
65.0
65.0
65.0
65.0
65.0
65.0
65.0
65.0
65.0
65.0
65.0
65.0
65.0
65.0
65.0
65.0
65.0
64.5
65.0
65.0
64.4
64.0
64.0
64.0
64.0
64.0
64.0
64.0
64.0
64.1
65.0
65.2
66.0
66.0
66.0
66.0
66.0
66.0
66.0
66.1
67.0
67.0
66.8
66.0
66.4
66.3
66.0
66.0
66.0
66.0
66.0
65.8
65.0
65.0
65.0
65.0
65.0
65.0
65.0
65.0
65.0
65.0
65.0
64.4
64.2
64.0
64.0
64.0
64.0
64.0
64.0
64.0
64.0
64.1
65.0
65.0
65.0
65.0
65.0
65.0
65.0
65.0
65.0
65.0
65.0
64.2
64.0
64.0
64.0
64.0
64.0
63.7
64.0
64.4
65.0
65.0
65.0
65.0
65.0
65.0
64.4
64.0
64.0
64.0
64.0
64.0
63.3
63.0
63.0
63.0
63.0
63.0
63.0
63.0
63.0
62.6
62.0
62.0
62.0
62.0
62.0
62.0
62.0
62.0
62.0
62.0
62.0
62.0
62.3
63.0
63.0
63.0
63.0
63.0
63.0
63.0
63.0
63.0
63.0
63.0
63.0
63.0
63.0
63.0
62.9
63.0
63.0
63.0
63.0
63.0
63.0
63.0
63.0
63.7
64.0
64.0
64.8
66.4
67.4
67.5
67.0
67.0
67.0
67.0
67.0
66.1
66.0
66.0
66.0
65.6
65.7
66.0
66.0
66.0
66.0
66.0
66.0
66.0
66.0
65.7
65.0
65.0
65.0
65.0
65.0
65.0
65.0
65.0
65.0
65.0
65.0
65.0
65.0
65.0
65.0
65.0
65.0
65.0
65.0
65.0
65.0
65.0
65.0
65.1
66.0
66.8
67.7
69.0
69.0
69.0
69.0
68.1
68.3
68.0
68.0
68.0
68.0
68.0
68.0
68.0
68.0
68.0
68.0
68.0
68.0
69.0
69.1
69.0
69.0
69.0
69.0
70.6
72.0
72.0
72.0
72.0
73.0
72.2
72.0
72.0
72.0
72.0
72.0
72.0
71.5
71.0
71.0
71.0
71.0
71.0
71.0
70.9
70.1
70.0
70.0
69.0
69.0
69.0
69.0
69.0
68.1
68.0
68.0
68.0
68.0
68.0
68.0
67.1
67.0
67.0
67.0
67.0
67.0
66.5
66.0
66.0
66.0
66.0
66.0
66.0
66.0
66.0
66.0
66.0
66.5
67.0
66.7
66.0
66.0
66.0
66.0
66.0
66.0
66.0
65.6
65.5
66.0
66.0
66.0
66.0
66.0
66.0
66.0
66.0
66.0
66.0
66.0
66.0
66.0
66.0
66.0
66.0
66.0
66.0
66.0
66.0
66.0
66.0
66.0
66.0
65.7
65.4
65.1
65.0
65.9
66.0
65.9
66.0
65.1
65.9
66.1
67.7
68.0
68.0
68.0
68.0
68.0
68.0
68.0
68.0
68.0
68.6
69.0
69.0
68.1
68.4
69.0
69.0
69.0
69.0
69.0
69.0
69.0
69.0
69.0
69.0
69.0
69.9
70.7
71.0
71.6
71.0
71.0
71.0
71.0
70.7
71.4
73.1
71.0
71.2
72.0
72.8
