109.6
109.6
109.3
111.3
111.3
110.1
108.7
109.9
107.7
104.6
104.0
101.5
100.9
105.8
106.5
108.5
108.3
107.4
107.0
107.9
107.2
102.6
100.9
106.1
104.1
106.2
106.1
103.1
102.1
107.5
107.5
107.0
105.2
105.6
107.9
104.9
107.8
106.1
106.0
106.0
105.4
101.7
106.7
106.4
107.5
107.8
101.5
99.0
100.0
104.6
100.3
99.1
98.2
98.2
104.7
105.0
102.4
99.9
98.7
97.9
97.3
97.2
97.0
97.0
103.4
103.2
99.6
102.8
100.2
97.8
97.3
96.4
96.6
96.2
96.4
95.8
95.8
95.4
95.9
96.2
96.0
94.3
94.6
94.6
95.1
94.7
94.8
94.0
93.3
96.2
100.5
97.0
95.8
95.2
95.6
95.5
95.5
94.6
94.8
92.8
93.3
93.2
93.0
92.6
94.0
96.0
99.5
97.6
96.1
95.2
95.1
94.2
93.3
94.0
93.1
93.0
92.9
92.9
91.6
92.9
92.8
92.7
92.5
92.6
92.5
92.7
92.0
94.5
97.5
96.8
95.7
97.6
95.6
94.4
93.1
93.7
95.0
95.6
98.1
101.9
97.4
94.0
92.6
91.4
94.6
98.0
99.4
96.0
98.2
98.0
94.5
92.1
93.0
92.0
95.2
97.6
94.1
91.8
92.2
91.7
91.8
92.2
98.4
97.4
94.6
93.2
92.3
92.3
91.0
90.9
90.8
93.2
94.7
93.0
91.2
89.8
90.2
89.9
90.0
89.6
90.0
91.3
94.1
95.4
95.8
95.0
85.4
67.5
93.8
90.7
94.8
96.4
92.6
91.3
90.5
88.1
91.8
95.6
94.8
93.3
92.7
90.7
90.3
89.1
89.4
88.6
89.1
88.8
88.7
88.2
88.0
89.8
89.9
88.9
88.2
88.1
88.1
85.4
84.4
85.2
87.1
84.3
85.1
85.1
85.3
85.9
87.2
87.1
87.6
87.8
88.0
87.8
88.0
90.5
90.6
89.7
91.0
90.9
89.2
89.1
88.9
87.0
89.3
89.9
90.1
90.7
90.8
91.6
91.4
92.1
91.6
92.0
91.9
89.8
91.9
92.0
92.0
91.9
92.2
92.0
92.1
92.3
92.0
92.0
91.3
91.5
92.2
92.2
91.9
92.1
92.0
92.3
90.9
92.0
92.5
92.4
92.3
92.5
92.4
92.1
91.7
92.2
92.0
92.3
92.3
92.5
92.8
93.2
92.9
92.2
92.6
92.7
92.6
92.7
92.6
93.0
92.3
92.3
92.8
91.5
92.6
92.5
92.3
92.9
92.9
93.4
93.2
92.9
93.1
92.1
93.2
93.0
93.4
93.1
92.6
92.2
92.7
92.7
92.9
92.6
93.4
92.9
92.7
92.9
92.7
92.8
92.7
92.4
91.9
91.8
92.7
96.8
95.3
92.9
92.2
92.6
92.2
92.2
91.8
91.3
91.7
91.6
90.9
91.7
91.6
91.5
90.6
91.6
91.9
91.5
90.6
91.2
90.1
91.3
91.2
90.8
91.7
93.8
96.6
94.0
91.6
92.1
91.4
94.8
92.5
91.8
92.0
90.1
91.4
91.3
91.6
91.2
91.5
91.1
91.2
91.3
89.7
90.5
91.0
90.8
91.1
90.2
89.8
90.4
90.2
90.2
90.4
89.8
90.4
90.2
90.1
89.8
89.5
90.2
88.4
89.4
89.8
89.6
87.8
90.4
90.5
90.7
90.0
90.5
88.4
88.8
90.1
90.4
90.2
90.2
90.1
89.5
92.3
96.0
96.0
94.0
92.0
90.7
90.3
90.2
89.7
90.8
92.8
94.1
97.8
95.3
95.0
92.2
91.5
89.9
88.9
88.4
88.7
88.8
89.1
89.2
89.2
89.5
89.4
89.9
90.0
89.7
89.4
90.1
89.7
89.6
89.6
89.3
87.7
89.9
89.8
88.7
89.0
89.2
89.8
89.6
90.2
90.3
90.2
90.3
90.0
90.2
89.0
89.5
90.1
89.8
89.6
88.8
89.1
88.8
88.5
87.9
88.1
88.0
87.8
87.7
88.0
88.0
87.5
87.4
87.8
87.1
86.8
88.0
87.6
87.8
87.9
87.4
86.5
87.8
88.1
88.7
87.9
87.8
87.9
88.2
88.0
88.0
88.0
87.5
87.4
87.3
87.2
87.0
87.1
86.9
86.4
86.7
86.6
86.5
86.1
86.1
85.8
86.0
86.1
86.1
85.8
85.4
85.5
85.8
86.1
86.2
86.3
86.2
87.0
87.2
90.5
90.3
88.6
88.1
87.8
87.9
87.0
87.0
86.9
86.4
86.2
86.1
85.5
85.3
85.2
84.9
85.1
84.8
84.7
84.9
84.5
84.4
84.8
84.7
84.8
85.1
84.4
84.6
84.1
82.7
84.4
84.8
84.2
84.5
84.8
84.6
83.9
84.3
84.2
84.0
84.0
84.4
84.6
84.6
84.3
84.8
84.7
85.1
85.0
85.2
85.0
83.0
82.0
82.0
84.0
84.4
83.9
83.6
83.6
83.4
85.8
86.4
85.8
86.1
89.4
86.1
88.0
88.3
88.5
89.0
88.9
89.2
88.3
84.9
83.0
83.5
87.3
86.3
86.9
86.3
86.1
86.2
86.5
89.7
88.7
86.9
85.4
86.5
86.4
86.8
87.0
87.1
86.7
86.2
86.3
86.1
86.1
85.7
85.7
85.5
85.1
85.0
84.8
84.4
84.5
84.5
84.5
84.2
84.0
84.9
84.4
84.4
84.3
84.1
84.0
84.5
83.5
83.0
83.0
82.7
83.0
84.9
84.7
84.9
86.5
85.1
86.9
85.8
85.2
85.1
84.9
84.5
84.4
84.4
84.3
87.3
87.8
85.7
85.9
89.8
84.8
88.0
88.4
89.1
89.0
88.8
88.4
91.2
88.8
89.1
87.3
88.4
85.0
81.6
86.3
86.7
90.1
88.8
86.0
86.3
77.7
82.2
87.5
88.4
85.7
84.5
88.2
89.2
89.6
90.5
83.8
88.5
88.2
85.0
81.5
85.0
83.1
81.6
81.8
81.5
81.5
80.2
80.7
80.3
80.2
80.1
79.8
80.1
79.9
79.3
78.0
77.9
77.7
77.5
77.2
77.2
77.0
77.0
77.1
78.6
80.6
80.6
80.9
80.6
80.9
81.0
80.5
80.9
80.8
80.4
80.4
80.5
80.6
80.0
80.0
80.3
80.2
79.9
79.1
77.0
76.2
76.9
77.0
77.9
79.0
78.9
79.5
79.8
79.3
79.1
79.4
79.3
79.4
79.1
79.4
80.3
82.6
80.0
79.1
77.8
77.1
76.9
77.1
77.1
77.3
77.0
77.5
77.0
77.2
77.1
77.1
77.0
77.3
77.2
77.0
76.9
76.8
76.9
76.8
77.0
77.0
77.1
76.8
76.9
77.0
76.7
77.0
76.8
76.5
76.8
76.8
76.7
76.6
76.8
76.7
76.6
76.1
76.4
76.4
76.9
76.6
76.5
77.0
76.9
77.1
77.3
77.1
77.0
77.0
77.0
77.1
77.0
77.0
77.0
76.9
77.0
77.0
77.0
76.9
77.0
77.6
78.4
79.3
79.1
78.0
78.3
79.6
77.5
76.9
77.0
77.3
77.2
77.4
77.1
76.8
77.3
77.0
76.9
77.1
76.9
82.0
82.8
80.1
77.9
77.7
77.2
77.1
77.0
77.8
77.9
77.4
77.9
77.2
77.4
77.2
77.3
77.7
78.0
77.7
79.3
85.3
80.5
80.5
80.8
80.8
80.8
81.0
81.2
80.7
80.7
80.6
81.7
85.3
81.1
79.8
81.0
80.5
81.1
80.7
80.4
80.5
79.6
79.5
79.5
79.8
79.3
79.3
79.1
79.3
79.1
78.2
83.0
87.3
86.1
85.1
85.3
86.0
89.2
89.4
85.9
82.5
83.7
89.3
88.8
89.9
87.9
89.6
84.5
82.2
90.3
88.1
88.7
89.3
84.7
83.0
82.1
81.4
81.6
81.3
80.9
80.8
81.1
81.3
81.0
80.6
81.1
81.0
85.4
85.9
82.5
82.1
82.2
82.2
88.2
89.5
85.8
82.5
82.5
81.9
82.0
81.5
81.3
81.1
81.3
81.5
79.0
78.0
79.3
80.8
81.4
79.0
80.0
81.0
81.1
87.0
87.9
81.4
81.0
81.7
82.1
79.4
80.8
81.0
80.5
78.4
78.0
78.0
78.2
78.2
78.0
78.2
78.5
79.9
80.9
80.4
81.2
81.6
83.7
90.7
85.0
79.6
78.3
78.5
80.1
81.3
87.0
88.2
83.5
83.8
84.0
84.3
83.2
83.3
82.3
83.0
82.8
82.8
82.2
82.9
82.0
82.0
81.9
82.0
82.2
81.5
81.9
81.2
81.1
80.5
81.2
81.3
81.2
80.7
79.0
79.0
79.0
79.0
78.6
78.6
78.3
78.4
78.0
78.0
78.0
77.6
77.9
77.9
78.0
77.3
77.8
77.3
77.4
77.1
77.3
77.0
77.0
77.0
77.0
77.0
76.8
76.7
77.0
77.0
76.5
77.0
77.0
77.0
77.0
76.4
77.0
76.8
77.9
87.4
84.2
85.1
81.6
81.6
78.1
84.1
85.5
85.5
84.6
85.2
81.6
86.4
86.2
81.7
79.3
81.8
82.0
82.7
82.6
83.5
81.2
81.4
82.4
82.5
82.3
82.0
82.4
82.3
81.4
86.7
87.1
84.8
84.1
83.9
81.1
80.1
79.5
79.0
79.0
78.6
82.5
79.2
82.3
86.7
87.8
89.1
90.4
91.6
94.3
94.7
96.0
95.4
94.8
85.7
83.3
88.9
85.6
86.3
90.3
87.8
90.4
86.8
90.1
91.1
91.8
87.9
92.7
92.8
91.4
87.0
85.9
84.9
84.2
83.7
83.7
83.0
83.6
83.3
85.6
91.2
89.2
87.2
83.2
91.8
86.1
93.0
86.4
87.7
91.6
92.8
93.5
95.5
96.2
97.7
97.8
99.8
99.7
97.8
97.6
91.4
89.0
87.8
86.6
92.1
97.2
97.4
97.0
96.4
93.8
98.5
98.5
96.9
97.5
94.3
89.9
88.8
87.3
86.6
86.0
85.5
85.1
84.7
84.8
84.7
84.3
83.7
83.3
83.4
83.0
83.5
93.5
92.8
88.0
81.4
80.4
80.1
80.1
80.5
80.2
89.8
91.4
89.8
84.3
83.6
84.2
83.3
83.0
82.4
82.1
82.0
81.6
82.1
81.9
81.6
81.5
80.8
80.5
81.0
80.7
80.7
80.7
78.4
77.7
77.2
77.8
78.0
77.4
77.2
77.6
76.5
76.7
76.1
76.0
76.3
76.6
76.2
76.4
76.6
76.6
76.8
76.6
76.6
76.3
76.6
76.4
76.3
75.8
76.0
75.8
75.6
75.4
75.3
75.5
75.0
75.0
75.4
75.1
75.0
75.1
75.0
75.0
75.6
74.6
83.8
86.7
82.4
86.7
78.7
78.1
78.1
78.3
78.5
78.0
77.5
75.2
87.9
100.60000000000001
83.9
69.6
83.1
83.6
78.7
86.8
89.0
89.8
90.9
92.0
90.7
89.8
90.0
88.9
88.7
90.7
83.4
82.3
91.0
92.6
88.9
93.1
85.7
80.9
79.9
79.0
77.6
78.0
77.4
77.0
76.5
87.7
90.1
87.3
80.4
78.7
77.8
77.6
77.3
76.7
76.7
76.1
76.0
75.8
75.2
75.1
75.6
75.6
75.0
75.3
74.9
74.7
75.6
74.9
74.9
74.7
74.2
74.0
73.8
73.5
74.2
75.4
75.7
75.5
80.9
86.9
82.3
84.5
89.3
85.1
83.4
89.8
88.0
87.6
88.3
90.3
82.4
81.8
89.8
89.6
90.4
87.9
83.5
80.4
81.5
89.9
91.2
88.9
83.8
84.7
89.9
82.8
89.6
92.1
94.0
92.8
89.4
93.7
87.1
94.0
94.2
94.8
95.39999999999999
94.6
94.5
92.5
95.1
92.8
93.4
93.0
93.8
90.8
92.6
80.6
84.8
95.3
89.3
87.6
92.9
95.8
94.4
96.2
96.4
96.3
95.9
96.3
96.4
95.1
95.9
94.5
93.4
97.0
98.1
91.0
89.2
87.1
92.5
97.4
93.2
94.5
89.0
87.9
87.0
87.7
86.6
86.0
94.8
97.6
91.0
88.6
95.7
97.1
93.0
94.9
90.9
89.0
86.7
88.6
90.0
97.4
94.7
93.7
90.4
93.5
97.2
94.4
96.6
87.3
88.6
88.0
96.2
92.8
87.4
87.3
85.7
88.0
88.0
96.8
96.4
90.7
88.7
87.4
88.1
87.6
90.5
96.6
95.3
92.6
88.7
96.4
91.0
88.7
86.7
88.2
87.8
86.9
85.2
87.5
96.3
95.0
88.8
94.5
89.0
88.9
88.8
88.0
87.6
88.0
96.4
94.5
88.0
89.2
88.8
89.2
95.7
88.7
88.4
87.2
87.4
87.3
96.2
95.4
89.6
87.6
86.3
87.1
95.4
96.4
92.5
86.6
94.8
92.5
88.4
86.9
88.0
96.8
94.0
87.9
87.3
85.4
85.0
87.3
88.0
97.0
92.9
84.6
87.4
88.0
85.1
86.3
91.3
95.6
91.6
86.8
85.6
86.6
85.8
84.5
87.0
86.7
85.5
87.7
96.6
93.4
89.7
88.4
85.8
87.6
86.7
86.8
85.6
84.2
85.4
86.1
83.9
86.2
85.4
84.5
84.0
83.7
85.9
85.5
85.6
85.8
85.5
84.3
85.2
84.4
85.2
84.9
84.3
84.5
90.8
88.7
87.5
85.9
86.6
83.7
87.7
89.0
91.9
93.7
89.7
91.5
88.9
91.0
94.7
93.5
90.6
21.6
-47.400000000000006
72.3
59.3
69.3
78.2
90.0
93.3
84.3
83.4
90.4
87.4
88.2
93.0
89.4
87.7
87.4
86.9
86.5
86.5
85.2
85.8
85.4
85.9
85.2
85.0
85.1
85.0
84.6
84.8
85.0
84.7
84.4
84.6
84.3
83.3
84.2
84.2
83.9
83.2
83.3
83.5
83.3
83.4
83.2
83.1
83.1
83.3
83.5
83.4
83.2
83.1
83.3
83.2
83.3
83.3
83.2
82.9
84.8
83.5
82.6
82.8
81.8
79.4
77.4
77.7
77.2
77.6
77.1
76.9
77.0
76.2
75.7
76.3
72.9
74.6
74.5
74.9
74.0
74.8
73.9
75.2
68.9
74.4
65.9
67.6
68.8
64.8
68.2
64.8
69.6
71.5
71.5
72.7
75.4
74.8
74.6
75.0
74.9
74.5
74.9
74.6
75.1
75.0
75.0
75.0
74.7
74.7
74.4
74.5
74.4
74.5
74.8
74.8
74.4
74.1
74.6
74.7
74.8
75.4
74.7
75.2
75.3
74.3
75.0
74.6
74.5
75.0
75.7
79.3
82.1
77.3
81.5
76.5
75.7
76.0
75.2
75.8
76.0
75.8
76.2
76.2
75.8
76.9
76.4
76.0
76.4
75.5
75.9
76.7
76.3
76.5
76.1
76.1
77.1
76.7
76.3
77.0
76.0
76.4
76.9
76.4
76.3
76.0
75.2
75.8
75.0
75.7
76.4
75.0
75.5
76.1
75.4
76.0
75.6
75.2
76.0
75.6
76.1
75.9
76.8
89.4
93.1
92.4
91.1
90.4
89.9
84.1
82.2
94.2
91.6
84.0
81.7
79.7
79.1
79.2
78.4
78.0
78.0
77.9
78.0
77.5
77.1
77.6
77.4
77.0
76.8
76.9
76.7
77.2
76.3
76.5
76.2
76.6
77.0
76.3
76.0
76.2
75.9
76.3
75.9
75.0
76.0
76.0
75.5
76.1
75.8
75.6
75.5
74.9
75.7
74.9
74.4
75.5
75.0
75.1
75.6
74.8
75.1
74.9
74.0
75.3
75.0
74.6
75.2
74.6
74.3
74.4
74.2
74.1
74.0
73.8
74.2
74.1
73.7
74.1
74.0
86.3
87.9
89.7
83.8
76.2
78.1
92.5
92.8
93.2
88.2
83.6
81.2
79.8
81.4
94.8
95.1
93.3
93.6
93.4
88.5
82.4
93.6
96.6
89.7
85.9
84.3
96.8
98.6
97.8
97.8
99.0
98.2
94.8
91.2
89.6
88.8
87.6
87.2
86.9
85.8
85.8
85.0
85.0
84.8
84.5
84.8
84.2
84.1
83.3
82.4
82.5
82.3
81.9
81.0
81.1
80.7
81.0
80.6
81.0
81.1
81.0
80.8
79.9
79.3
79.3
78.7
78.10000000000001
78.67704918032787
78.6655737704918
78.65409836065574
78.64262295081967
78.6311475409836
78.61967213114754
78.60819672131147
78.5967213114754
78.58524590163934
78.57377049180329
78.56229508196722
78.55081967213115
78.53934426229509
78.52786885245902
78.51639344262296
78.50491803278689
78.49344262295082
78.48196721311476
78.47049180327869
78.45901639344262
78.44754098360656
78.43606557377049
78.42459016393443
78.41311475409836
78.40163934426229
78.39016393442623
78.37868852459016
78.3672131147541
78.35573770491803
78.34426229508198
78.33278688524591
78.32131147540984
78.30983606557378
78.29836065573771
78.28688524590164
78.27540983606558
78.26393442622951
78.25245901639344
78.24098360655738
78.22950819672131
78.21803278688525
78.20655737704918
78.19508196721311
78.18360655737705
78.17213114754098
78.16065573770491
78.14918032786885
78.13770491803278
78.12622950819672
78.11475409836066
78.1032786885246
78.09180327868853
78.08032786885246
78.0688524590164
78.05737704918033
78.04590163934427
78.0344262295082
78.02295081967213
78.01147540983607
78.0
77.8
78.0
77.5
77.4
77.9
78.3
77.8
77.7
78.0
77.8
77.3
77.7
77.5
77.2
77.0
77.4
76.9
76.4
76.9
77.0
76.1
76.9
76.4
77.0
76.5
76.7
77.0
76.6
76.1
76.3
76.0
76.3
75.9
76.3
89.9
92.3
90.8
89.8
81.2
91.0
94.5
88.6
81.4
79.7
79.0
79.3
78.4
78.2
78.6
78.1
88.2
92.2
91.7
88.5
90.9
92.0
92.4
88.3
82.8
81.9
81.3
80.7
80.9
80.4
80.4
80.0
80.0
80.2
80.0
80.0
79.6
79.8
79.4
79.4
79.5
79.0
79.0
79.0
79.0
78.8
78.0
78.2
79.0
78.3
78.0
78.6
77.3
77.6
77.4
77.4
77.0
76.8
77.0
76.8
76.9
77.0
76.7
76.1
76.0
76.3
76.5
75.7
76.0
76.4
76.6
76.4
88.7
91.9
86.6
87.2
95.1
95.9
93.5
94.1
94.5
97.4
97.6
98.9
100.2
98.2
95.9
93.4
95.1
95.7
94.7
94.8
87.5
87.4
90.3
99.4
100.2
99.7
99.5
100.1
98.7
100.8
100.5
94.8
92.6
101.7
101.7
102.5
101.9
99.9
96.0
98.4
97.7
93.7
99.9
97.5
95.8
101.5
97.1
100.8
96.5
92.5
90.7
90.2
89.5
89.5
99.6
101.2
99.2
94.1
90.8
89.6
88.6
87.4
86.7
85.6
84.8
84.3
83.5
82.8
82.5
82.8
82.4
82.0
82.7
82.2
81.3
80.6
89.3
96.7
93.4
88.4
84.6
83.3
82.2
82.4
82.3
81.3
81.0
80.8
80.9
79.9
80.0
80.0
79.8
79.0
79.0
79.0
77.8
78.4
78.3
77.9
77.5
78.1
77.9
77.8
78.0
77.4
77.1
76.8
77.0
76.8
76.0
75.9
76.8
76.7
75.8
75.7
75.9
75.7
74.8
75.9
75.6
75.4
74.5
75.4
75.4
74.5
74.4
74.9
75.0
74.3
75.0
74.7
73.8
73.9
74.8
74.1
74.0
74.2
74.1
74.0
73.6
73.8
74.0
73.4
73.3
74.0
74.0
73.2
73.6
73.2
72.7
72.8
73.0
73.0
73.1
73.2
73.3
72.9
72.8
72.7
73.1
72.6
73.0
72.9
73.0
72.7
73.0
73.0
73.0
72.3
73.0
73.2
72.8
73.0
73.0
73.0
72.1
73.0
73.0
72.8
72.6
73.0
73.0
72.6
72.8
73.0
73.2
74.1
88.9
90.5
83.2
87.1
87.5
79.4
76.9
87.4
88.9
91.3
90.1
94.5
89.5
93.2
87.9
82.6
80.7
79.7
79.6
78.8
78.1
78.0
78.6
78.0
77.5
77.3
77.7
80.8
93.2
89.9
83.0
81.0
79.7
79.7
78.9
77.7
77.4
78.0
77.8
77.1
77.0
77.6
77.1
76.2
76.0
76.3
75.1
75.0
75.2
74.7
75.3
74.4
74.7
74.6
74.8
74.9
74.7
74.3
74.3
73.9
74.1
74.2
74.2
74.5
74.2
74.1
74.2
76.6
89.8
83.3
87.6
80.4
78.2
77.1
76.8
75.8
75.2
75.1
75.4
75.0
75.1
75.0
74.4
75.0
74.2
74.9
74.9
74.4
74.5
74.2
74.6
74.8
74.8
74.1
74.6
74.2
74.0
74.4
74.0
74.0
73.6
73.4
73.8
73.8
73.8
73.7
73.9
73.3
74.0
73.7
76.5
89.3
86.8
79.6
85.0
93.4
93.5
93.7
91.8
89.5
89.6
92.4
92.3
87.7
96.8
97.6
99.1
98.2
100.7
102.3
102.7
102.1
101.6
102.1
100.7
101.5
102.3
102.6
104.0
104.5
105.8
106.6
106.8
105.6
106.4
108.2
107.1
106.7
105.8
107.6
108.1
107.9
107.0
107.2
105.8
107.0
107.1
109.7
108.9
109.9
107.9
110.5
109.3
110.8
110.1
110.2
107.6
107.8
107.6
108.5
108.6
110.2
108.3
108.7
106.6
111.4
110.8
110.6
109.2
111.7
111.6
109.0
112.5
108.8
109.6
112.2
111.5
112.2
110.2
112.8
113.6
113.3
113.6
110.3
113.0
110.0
111.0
112.6
112.1
109.7
111.3
113.9
111.5
112.6
113.1
109.4
112.8
113.2
110.8
112.7
112.5
107.7
112.8
113.8
111.1
108.7
114.5
113.8
113.9
112.3
113.6
112.5
112.9
106.8
106.5
113.1
110.7
104.7
109.2
112.9
110.0
112.4
107.2
103.3
108.7
113.4
110.0
112.6
108.4
113.2
112.4
110.4
112.8
110.1
113.2
113.5
108.7
111.3
113.7
108.1
112.8
111.5
110.3
113.2
107.7
111.0
113.1
107.2
108.5
113.5
112.1
106.0
105.3
112.5
112.2
110.0
105.2
107.7
111.6
109.9
104.2
108.2
112.8
111.4
109.6
112.2
112.7
106.8
105.3
112.6
111.6
111.8
107.0
109.9
113.1
108.3
112.0
111.0
104.7
110.7
112.7
112.8
112.9
112.6
112.0
111.5
111.6
110.7
111.8
112.1
111.6
109.9
112.0
111.6
108.5
115.0
114.5
110.8
109.6
108.3
107.9
106.1
109.2
110.4
108.3
103.5
102.1
109.3
110.6
106.9
102.2
104.3
108.7
105.5
101.0
99.0
98.3
97.5
103.0
109.3
108.7
104.0
103.5
107.4
107.7
107.7
107.7
109.3
103.5
108.9
104.7
101.7
108.5
109.5
107.3
101.9
99.4
101.8
108.0
105.9
106.2
101.8
97.39999999999999
98.5
104.5
107.0
103.3
105.5
101.1
98.9
97.6
104.9
105.5
101.4
98.6
96.9
95.9
95.7
94.9
94.6
94.6
102.5
105.3
103.6
104.8
103.2
102.3
106.4
106.6
101.6
105.9
105.2
104.8
104.8
102.1
97.5
104.3
105.7
102.6
104.3
102.9
101.6
99.2
105.7
105.4
103.1
104.9
100.4
97.1
95.4
102.6
105.1
103.1
98.5
96.4
94.7
94.1
101.9
103.2
101.1
102.8
103.1
100.3
97.0
95.5
100.2
104.3
103.2
98.6
96.3
94.8
98.6
101.3
98.2
102.7
103.5
102.7
103.5
103.9
104.8
102.4
103.9
105.3
106.2
101.8
105.0
101.0
97.6
101.6
107.6
107.0
102.5
99.1
99.4
106.2
103.8
100.9
98.6
97.6
96.6
95.7
96.9
104.6
102.7
102.6
100.2
97.4
95.1
94.8
94.3
94.9
94.3
94.7
98.4
103.9
103.6
103.8
104.6
104.9
102.9
105.5
104.4
102.0
106.5
107.4
105.2
101.9
103.7
107.9
102.5
106.5
106.9
102.6
99.6
98.2
103.7
104.4
108.0
102.5
101.9
105.1
107.2
107.1
105.9
105.7
104.4
103.8
104.4
104.3
104.9
102.9
105.2
101.6
99.6
105.5
105.9
106.3
106.0
104.8
102.8
103.5
100.2
103.8
104.3
102.1
102.1
98.8
96.4
95.4
95.0
96.0
103.1
102.4
100.5
96.6
98.3
103.6
100.9
96.8
95.0
94.0
99.7
102.6
103.2
101.9
101.9
99.5
97.5
102.2
100.1
98.6
103.7
103.8
100.7
97.4
96.6
96.0
95.7
95.2
95.3
94.3
95.0
94.4
94.7
98.2
98.6
95.7
95.0
94.9
95.1
94.7
95.7
101.2
102.8
103.7
102.1
104.2
104.1
104.1
100.8
97.1
95.2
94.3
95.0
101.7
103.5
101.0
96.9
95.2
94.0
93.1
96.2
102.5
101.1
99.0
99.8
95.8
94.9
93.7
93.5
93.1
93.0
93.3
93.0
92.5
92.3
92.7
92.4
92.3
92.1
92.0
91.9
91.9
92.2
92.2
92.3
91.8
91.2
91.0
91.8
92.3
91.8
90.9
91.0
91.9
91.8
91.8
92.0
91.9
91.9
92.3
92.3
92.0
92.2
92.1
91.8
92.0
92.3
92.2
92.4
92.8
91.9
92.5
92.8
92.5
92.9
93.3
93.0
93.0
92.9
92.8
93.0
92.3
92.2
91.9
92.1
91.9
91.6
91.2
91.4
90.8
90.9
91.3
90.7
90.7
91.1
91.0
91.5
91.7
91.0
91.2
91.4
91.4
91.5
91.0
91.0
90.9
90.9
90.9
90.5
89.3
89.0
90.2
90.9
90.7
90.3
91.0
91.0
91.1
90.9
91.0
91.0
90.6
90.9
91.5
91.7
91.6
92.0
92.0
92.1
93.3
94.5
