46.5
47.9
46.1
44.300000000000004
46.4
46.550000000000004
46.7
46.85
47.0
47.15
47.300000000000004
47.45
47.6
49.1
50.1
51.0
50.0
49.5
50.5
51.0
47.3
48.0
47.8
47.4
51.0
50.2
51.8
48.0
47.2
46.5
46.7
47.1
46.0
47.6
48.9
47.8
49.6
50.6
48.6
49.7
49.2
48.2
49.5
49.9
50.1
48.5
50.2
49.7
49.0
47.7
49.7
50.0
49.5
49.0
48.0
51.1
49.3
48.3
48.9
49.3
49.0
48.0
46.9
45.8
47.0
45.9
50.3
47.7
49.3
51.1
49.6
47.8
49.4
49.3
47.3
48.2
50.8
49.9
47.3
49.1
50.4
52.2
55.0
56.3
55.0
53.3
55.0
55.6
54.1
55.2
52.2
50.5
53.0
53.8
52.2
52.3
53.8
53.4
53.1
55.0
54.4
53.7
54.9
52.4
52.5
53.1
52.5
53.7
48.8
49.3
48.8
49.2
47.0
48.2
49.7
51.2
48.0
52.9
47.4
47.9
49.0
48.2
49.6
52.2
51.6
51.0
52.8
53.0
50.8
52.4
52.5
49.9
49.8
50.8
55.1
49.9
52.8
52.9
51.6
52.1
54.2
54.3
56.5
53.9
55.6
53.7
54.9
55.9
56.6
55.0
53.4
54.2
56.6
56.3
55.8
56.3
52.8
54.5
54.3
53.1
55.1
49.6
51.0
49.2
50.4
48.9
50.7
47.4
48.0
48.8
49.9
48.7
48.3
48.5
48.4
48.8
58.8
57.0
54.5
54.8
50.7
52.9
51.7
53.8
51.7
51.8
53.6
54.3
56.8
53.8
54.8
54.0
53.2
56.3
54.4
53.9
55.6
54.3
53.2
53.7
54.3
54.4
54.1
55.1
53.8
54.4
53.5
52.7
55.7
52.2
53.1
52.3
53.2
52.5
51.5
50.3
52.0
50.4
51.4
50.9
50.7
49.2
51.4
50.2
50.6
49.4
49.8
50.2
48.9
50.1
51.3
48.5
48.9
47.8
49.3
46.8
46.6
47.4
46.9
47.3
47.9
46.0
55.5
49.2
49.8
48.8
48.1
49.7
49.9
47.2
47.3
45.9
46.6
45.6
46.0
48.4
45.0
45.7
55.2
53.2
54.0
56.8
59.599999999999994
55.7
50.2
50.8
50.4
51.2
49.9
51.6
54.4
57.199999999999996
51.8
50.5
49.3
50.7
49.8
50.3
51.3
52.3
52.4
52.0
53.4
53.9
53.2
52.9
51.3
50.1
52.1
51.4
51.2
49.1
50.2
50.4
49.1
51.2
49.9
48.8
49.0
48.3
48.8
49.6
49.9
47.6
46.9
46.6
46.5
44.6
45.3
44.9
47.1
44.4
45.6
45.4
46.3
45.4
44.9
44.4
49.8
49.7
47.4
47.0
49.4
49.3
47.3
47.7
47.1
49.2
49.2
48.2
49.6
46.8
49.3
49.0
47.2
47.3
45.9
48.6
46.5
47.6
49.1
47.3
47.5
47.8
47.6
46.9
47.7
46.1
49.6
47.4
46.7
48.7
46.1
46.8
47.4
46.5
45.1
46.6
46.0
47.9
44.5
47.1
46.4
48.6
46.3
44.7
44.3
44.5
43.5
43.1
43.9
42.9
45.1
45.0
51.8
52.9
48.8
50.0
50.8
48.1
50.9
47.2
49.1
47.5
46.5
47.3
46.9
45.9
45.3
43.7
43.8
44.0
43.6
44.8
45.8
46.2
44.9
44.9
46.1
46.1
47.0
48.0
47.2
55.9
56.0
55.7
50.4
53.2
52.7
52.4
50.5
49.2
49.2
50.0
51.6
51.0
49.3
48.6
48.6
47.9
48.2
48.9
47.0
48.7
48.4
46.4
46.7
48.8
49.4
48.5
48.0
50.3
48.8
48.5
49.9
47.4
47.3
48.0
48.3
46.6
47.7
49.0
49.4
47.3
49.5
48.0
47.6
48.3
46.3
45.6
44.9
44.6
44.6
44.5
44.6
45.2
44.9
45.2
46.3
46.1
47.9
47.1
47.3
47.5
47.6
47.9
48.0
48.7
54.7
54.2
46.0
45.0
45.0
44.1
44.3
46.0
45.7
46.2
45.8
46.6
46.3
46.0
45.8
46.9
46.8
47.0
46.8
47.3
47.4
46.3
47.0
46.9
47.7
48.1
47.3
47.8
47.7
47.8
49.0
48.6
48.9
47.9
48.2
49.5
48.9
48.2
48.8
48.8
50.3
48.4
51.2
52.7
53.4
52.9
53.1
52.6
55.4
54.6
53.3
51.2
54.0
45.6
47.9
46.9
46.5
46.7
47.1
47.4
47.1
51.5
45.7
46.3
46.8
47.0
47.8
46.3
47.4
49.6
51.7
46.5
47.8
47.3
48.3
48.3
53.7
51.2
47.4
46.6
53.7
53.1
48.8
51.3
48.2
50.9
50.7
47.5
50.8
50.2
49.3
50.3
46.4
51.2
50.7
52.1
48.4
47.4
49.9
47.5
47.5
44.2
47.4
52.3
43.3
45.2
43.8
44.5
44.1
44.4
44.8
44.9
45.6
45.5
45.9
46.4
46.9
46.4
46.0
46.9
47.1
46.4
47.2
46.1
46.6
47.2
47.1
48.1
47.8
48.4
48.1
48.6
49.7
49.8
49.2
49.8
49.8
48.0
49.0
50.9
46.6
48.4
48.1
48.7
49.1
58.1
45.7
46.8
47.9
47.6
47.4
47.5
47.6
47.0
47.4
46.1
46.2
47.2
47.4
48.0
48.7
50.1
48.4
52.1
48.8
54.2
48.6
47.1
48.1
48.0
48.5
51.4
53.7
54.5
55.0
51.1
52.7
60.7
59.6
52.7
46.5
48.1
49.4
47.2
48.6
48.9
49.1
48.5
47.8
48.3
48.6
49.6
50.3
50.0
49.8
51.4
48.4
48.1
48.7
49.0
48.5
48.8
49.1
48.9
48.6
54.6
45.2
57.6
47.3
46.2
46.1
50.7
45.1
47.0
51.7
50.2
55.0
52.6
53.9
49.0
51.6
47.1
53.1
45.2
44.5
44.8
45.6
45.4
45.3
45.1
47.0
45.0
45.8
48.3
46.3
46.2
47.6
47.1
46.5
47.8
48.4
52.0
50.9
59.4
58.5
58.3
57.6
55.7
56.2
54.5
54.7
52.1
50.5
50.0
47.3
49.1
47.4
49.9
45.7
45.4
45.6
44.9
48.0
45.2
44.8
45.2
46.2
47.0
47.1
46.6
45.0
46.9
47.5
46.6
47.2
47.5
46.5
48.2
48.9
48.0
48.9
48.6
48.2
48.4
47.6
48.2
47.4
46.8
46.9
46.7
56.4
44.8
45.8
47.5
46.5
46.3
47.0
46.8
47.2
47.8
47.3
47.9
47.1
48.2
50.5
47.3
47.4
48.5
46.9
48.7
51.2
53.8
56.2
56.8
57.4
55.7
56.5
48.6
48.5
50.3
47.2
49.4
49.2
48.8
49.1
50.3
51.7
45.9
48.4
48.7
47.9
48.7
50.0
50.0
46.7
47.2
48.2
47.2
48.7
48.1
48.2
48.8
49.5
48.3
47.6
48.0
48.9
49.7
49.5
50.2
47.4
47.1
49.4
47.7
48.2
48.5
48.3
50.7
53.5
49.0
45.9
46.6
46.5
48.0
47.2
48.4
47.7
49.4
48.8
48.1
47.8
46.8
49.7
48.1
47.1
47.1
46.2
47.2
49.0
49.6
47.9
48.9
49.0
49.6
47.3
47.2
46.8
47.1
48.9
49.2
46.6
47.5
48.8
47.8
46.7
46.3
47.5
45.8
46.6
46.2
46.9
45.8
45.9
46.0
48.1
46.4
46.8
48.1
46.6
46.7
49.6
50.2
51.2
50.7
54.1
43.7
47.1
50.7
46.4
49.2
48.3
50.8
50.1
50.5
50.8
50.2
49.1
52.0
52.8
56.6
51.7
53.4
55.6
52.4
53.3
54.9
50.7
51.2
49.2
48.3
50.9
45.2
44.9
45.2
45.4
44.6
45.2
45.9
45.2
45.2
44.7
49.3
42.8
43.1
44.3
44.8
49.8
43.5
43.8
43.7
44.9
44.3
45.1
44.9
45.0
56.7
57.5
55.0
51.3
53.5
54.4
52.5
49.6
51.7
51.0
51.2
49.2
49.3
49.4
51.0
51.3
51.5
51.1
51.6
49.7
51.9
50.8
51.6
53.0
51.2
52.7
50.9
50.2
51.5
50.6
51.6
50.6
51.3
48.9
50.3
49.5
53.4
55.8
54.3
52.3
53.3
51.2
54.4
50.5
49.3
48.3
51.5
51.1
50.1
50.4
50.3
49.8
51.0
50.2
50.4
50.6
49.4
51.4
48.9
51.1
51.7
52.0
51.0
50.5
52.6
54.7
53.5
54.5
49.5
50.7
49.4
52.9
52.6
53.7
55.7
52.5
50.5
50.0
51.2
49.5
52.5
53.7
53.4
56.8
59.1
58.0
57.6
58.7
58.7
58.4
60.2
57.2
56.2
58.3
57.1
54.0
52.6
50.2
51.3
50.8
51.3
51.6
52.8
52.7
52.2
52.7
53.0
53.0
52.0
52.6
53.7
52.5
52.9
50.4
49.5
52.8
52.3
53.2
52.7
51.9
53.9
51.3
50.3
55.6
56.7
55.5
52.0
55.5
54.1
53.9
53.3
55.1
56.1
58.0
57.3
58.4
57.0
56.7
57.1
57.2
55.3
52.1
51.5
54.1
51.5
52.0
53.0
50.0
50.5
51.5
49.5
51.1
49.5
60.6
56.5
55.3
53.9
55.4
56.5
56.2
53.1
50.7
50.3
50.7
50.7
50.4
50.4
52.3
52.6
53.9
53.9
52.7
52.4
52.3
52.5
52.4
52.1
62.5
63.8
58.2
57.2
60.1
58.1
55.4
55.2
56.7
57.1
56.1
56.0
55.0
56.9
55.6
57.5
55.2
57.4
58.1
56.9
60.3
58.4
55.7
54.6
56.1
56.4
61.9
53.3
54.0
54.0
56.6
58.7
56.7
59.0
60.3
59.7
57.0
57.1
61.8
58.7
57.4
58.0
56.9
56.9
55.1
52.3
51.0
51.0
51.1
51.6
56.9
57.9
62.0
61.1
60.6
59.7
59.4
58.2
57.7
58.2
58.1
57.8
57.9
58.6
58.3
58.1
56.8
58.8
58.7
56.5
57.3
57.1
58.0
56.1
57.5
56.9
56.6
58.9
59.6
58.7
58.9
60.7
59.3
60.2
59.4
62.3
61.5
60.6
61.4
61.2
59.2
59.3
59.4
60.9
61.4
61.3
61.8
59.9
59.1
58.5
59.4
59.6
61.2
59.2
58.3
58.9
58.4
58.4
58.5
60.0
59.0
60.6
59.8
58.4
57.9
57.9
55.5
57.5
59.8
58.0
58.3
59.2
59.0
60.5
61.4
60.5
59.2
59.1
60.5
61.8
55.9
56.4
56.8
57.4
56.8
54.4
57.9
58.7
55.8
56.7
55.2
56.4
56.0
56.5
56.4
55.8
56.5
57.7
57.0
56.7
55.6
56.4
58.7
58.5
57.8
55.7
55.3
56.9
58.0
56.1
57.6
54.9
57.2
54.3
55.1
53.3
54.1
57.6
53.9
51.4
51.2
51.6
51.5
51.9
50.7
49.5
52.8
49.6
51.9
62.8
54.3
54.3
55.6
54.3
59.3
56.2
55.8
55.1
55.0
56.2
55.4
55.0
55.0
55.7
56.0
55.7
58.8
58.9
55.7
56.0
56.2
55.6
57.8
55.2
54.3
54.4
58.7
55.2
55.1
54.0
53.4
52.5
54.6
57.8
52.6
58.1
61.8
58.5
54.9
59.3
60.5
59.6
57.3
57.8
56.4
55.6
57.4
57.2
56.6
56.3
58.2
60.6
61.6
57.6
56.9
56.3
56.0
55.5
55.8
57.0
58.6
58.3
59.0
59.7
58.3
59.9
59.8
59.7
59.5
59.5
60.8
61.4
61.5
60.8
61.6
61.0
61.0
61.9
59.3
60.2
61.9
61.7
62.5
59.7
61.7
60.2
58.4
61.4
60.4
60.4
62.0
61.0
60.1
58.8
58.9
60.4
61.2
61.3
59.0
61.1
60.4
59.5
60.1
59.9
58.7
61.9
62.1
61.8
59.2
61.3
60.1
59.0
59.8
60.9
58.6
61.8
61.3
60.2
61.8
61.6
61.1
64.0
64.8
65.5
65.9
64.7
65.0
63.7
62.5
64.9
62.1
61.9
61.7
61.7
63.5
62.4
61.8
62.8
61.3
62.4
62.5
61.2
61.0
60.7
60.8
60.8
60.5
61.2
62.2
62.6
59.9
62.2
63.8
63.5
62.1
62.6
63.5
63.4
62.1
60.9
64.0
60.6
61.9
62.7
61.9
61.7
59.9
59.8
60.2
63.9
62.1
61.8
61.2
65.2
62.3
61.3
61.7
62.8
62.2
61.9
63.6
61.8
61.7
62.8
63.3
61.7
62.0
62.1
63.5
63.9
64.3
63.8
67.8
67.6
65.4
63.3
64.8
63.5
63.2
63.5
64.7
65.6
65.0
65.3
65.6
67.3
65.7
67.0
64.4
65.5
66.3
66.9
65.3
65.9
64.2
63.7
68.6
65.5
68.8
65.7
64.4
63.5
64.9
64.8
66.2
66.5
66.8
65.6
65.2
65.1
63.4
64.8
64.7
63.1
65.1
67.6
65.4
64.7
64.5
63.9
64.1
62.5
64.2
65.4
62.5
64.1
65.5
64.1
63.8
64.3
63.5
62.9
63.9
63.7
63.7
63.7
63.9
65.0
64.8
64.4
64.2
63.9
63.0
62.7
64.8
63.4
63.9
64.9
63.8
62.8
61.9
63.1
62.0
64.1
66.2
65.4
65.0
64.3
63.2
62.9
65.2
63.7
64.7
65.3
64.2
63.8
64.0
64.2
64.2
64.4
65.1
65.9
65.2
64.3
64.7
63.3
63.8
64.2
62.8
62.5
64.2
63.7
63.3
63.0
63.2
63.0
63.4
63.4
61.7
63.3
63.1
62.7
63.1
63.6
62.8
62.9
61.9
62.2
61.5
61.0
60.4
63.6
63.0
62.7
62.1
63.1
62.7
64.4
63.6
62.3
64.5
62.7
64.4
64.1
63.9
64.5
65.7
65.4
64.8
61.8
64.0
62.4
64.4
64.9
65.0
63.1
62.9
63.0
62.9
62.8
63.9
63.3
63.9
63.0
64.0
64.8
64.0
65.5
63.9
64.8
65.0
65.6
64.5
64.8
64.4
63.0
66.3
65.2
64.4
64.0
64.7
64.6
64.4
62.9
63.6
61.7
66.6
64.1
63.7
63.7
63.0
63.7
64.9
64.7
64.5
