79.0
79.0
78.7
73.4
79.6
79.8
77.9
80.4
81.0
81.0
81.0
81.3
76.4
70.8
58.9
59.7
70.7
70.0
69.6
69.0
68.3
68.9
69.2
68.9
69.0
69.4
81.2
84.0
80.2
71.1
70.6
70.6
69.1
70.5
69.9
69.8
70.1
70.1
70.1
70.2
70.4
69.7
70.5
70.4
70.2
70.3
70.7
70.5
69.6
70.2
70.4
70.6
70.6
70.1
70.4
70.0
70.0
70.3
70.4
70.2
70.3
70.4
70.0
70.3
69.0
68.8
68.8
68.2
68.2
68.9
69.5
68.8
68.4
68.4
67.7
62.2
70.1
66.6
65.3
65.8
66.4
59.2
68.2
64.2
64.0
61.5
60.9
61.8
64.3
62.1
60.4
60.2
59.2
63.7
61.4
60.0
66.5
65.3
68.4
60.6
72.2
72.6
64.4
67.9
69.5
61.1
68.5
72.2
71.2
77.7
70.3
72.7
73.5
72.1
71.4
88.6
78.3
86.5
85.1
79.9
76.8
77.9
63.6
63.6
64.2
67.1
63.9
65.3
64.8
65.9
66.0
66.6
66.0
66.4
66.1
67.2
66.9
67.4
67.1
66.6
67.4
67.5
66.7
67.3
66.5
67.2
67.3
67.3
67.4
67.8
67.5
68.8
67.2
67.0
73.5
75.1
74.4
74.3
74.1
74.4
73.9
73.5
73.9
74.0
74.5
75.0
75.0
76.6
75.6
75.9
76.1
76.1
76.5
76.7
77.1
76.9
77.1
77.0
77.0
77.1
77.2
77.7
78.5
79.0
78.0
79.3
78.9
78.6
77.9
78.8
78.3
78.3
78.2
77.9
78.0
77.6
77.9
77.7
77.3
77.3
77.1
77.1
76.9
77.0
76.5
76.5
79.8
87.5
86.7
85.5
81.6
74.8
74.4
75.1
74.5
81.0
85.6
85.6
84.2
73.9
74.2
73.7
79.3
84.9
84.6
84.3
83.8
83.1
83.0
83.0
81.8
80.4
78.2
78.5
78.5
77.1
76.1
74.7
72.7
74.5
77.2
73.2
73.7
74.2
74.5
74.0
73.9
73.3
73.0
75.3
83.9
83.1
82.5
79.7
75.9
73.7
74.0
73.0
78.7
73.3
57.0
78.5
73.0
79.3
65.7
65.0
80.7
79.8
63.8
58.9
63.8
77.3
90.8
76.86666666666666
76.64999999999999
76.43333333333334
76.21666666666667
76.0
75.78333333333333
75.56666666666666
75.35
75.13333333333333
74.91666666666666
74.7
74.48333333333333
74.26666666666667
74.05
73.83333333333333
73.61666666666666
73.39999999999999
73.18333333333334
72.96666666666667
72.75
72.53333333333333
72.31666666666666
72.1
71.88333333333333
71.66666666666666
71.45
71.23333333333333
71.01666666666667
70.8
70.58333333333333
70.36666666666666
70.14999999999999
69.93333333333334
69.71666666666667
69.5
69.28333333333333
69.06666666666666
68.85
68.63333333333333
68.41666666666666
68.2
67.98333333333333
67.76666666666667
67.55
67.33333333333333
67.11666666666666
66.89999999999999
66.68333333333334
66.46666666666667
66.25
66.03333333333333
65.81666666666666
65.6
65.38333333333333
65.16666666666666
64.95
64.73333333333333
64.51666666666667
64.3
61.5
61.6
61.4
61.6
61.0
61.2
61.4
62.2
61.0
62.3
61.4
62.7
62.0
61.0
61.0
61.6
61.1
61.1
62.6
60.9
61.1
61.2
62.4
62.2
61.7
62.7
62.1
69.6
62.2
61.8
61.4
71.4
61.6
60.8
60.8
61.4
61.1
60.3
60.3
60.2
60.7
59.9
59.6
59.9
59.5
59.5
59.0
59.0
59.0
59.0
59.0
60.9
60.9
58.9
59.2
59.4
59.0
59.1
59.3
59.1
59.0
59.0
59.0
59.0
58.5
58.7
58.4
58.5
58.6
59.0
59.0
59.5
62.0
61.6
66.7
70.9
71.1
75.2
76.3
76.5
75.7
75.9
76.1
75.5
73.9
80.1
79.9
80.2
83.6
81.7
80.9
80.4
80.0
79.4
79.0
78.9
78.7
78.8
80.4
81.7
82.6
84.0
84.7
85.0
85.3
85.7
85.1
85.4
85.8
84.7
85.3
84.8
84.6
85.9
85.1
84.6
84.7
84.4
84.8
85.0
84.9
84.6
84.7
84.8
84.5
84.3
84.1
83.8
84.0
83.5
84.1
84.0
83.0
83.7
84.1
84.0
83.5
81.8
83.1
84.6
79.5
69.8
75.2
69.3
82.5
71.5
70.0
70.0
70.0
70.3
73.5
75.3
70.9
71.2
71.5
72.7
86.3
73.7
79.8
80.6
84.1
79.2
78.2
74.2
76.4
79.2
79.3
76.0
73.8
76.9
72.1
66.7
80.6
73.1
70.8
75.5
76.5
82.1
70.8
81.5
69.7
71.4
72.0
75.6
73.9
79.9
78.6
73.6
84.5
79.3
74.3
78.4
72.2
71.8
73.2
71.5
78.6
69.0
69.1
69.6
91.7
75.6
69.8
69.6
69.6
69.8
69.9
70.0
69.9
70.0
70.2
70.6
71.0
70.7
72.2
70.4
72.4
70.9
71.3
71.2
72.3
71.4
71.3
71.3
72.0
72.2
72.7
72.4
71.7
72.0
72.9
72.8
71.7
72.2
71.2
71.6
70.7
69.2
69.5
69.9
70.4
69.9
70.5
69.8
70.2
70.5
71.7
70.6
70.5
71.3
71.2
71.6
71.4
72.5
71.8
71.8
72.6
72.7
72.7
73.1
72.8
72.9
73.3
72.5
73.1
74.3
72.4
73.0
72.4
73.0
73.1
73.0
72.4
72.9
73.5
73.1
73.1
73.9
74.3
72.9
74.1
74.1
73.6
74.1
74.9
72.6
74.3
73.0
72.8
74.6
72.3
72.9
72.0
72.8
73.6
72.5
72.7
73.3
73.2
72.6
73.3
72.6
72.8
73.3
73.6
73.2
72.5
73.7
72.5
72.6
72.4
72.8
72.6
73.4
73.1
72.8
76.5
78.0
79.3
79.8
77.9
74.1
72.8
71.7
69.9
69.7
70.0
69.8
69.3
69.1
69.2
69.8
69.8
68.8
68.9
68.9
70.8
70.2
69.3
70.2
69.7
68.3
68.7
69.3
68.4
68.6
69.4
69.2
69.3
69.5
69.4
69.4
69.4
68.8
68.6
67.8
67.8
67.9
68.2
68.1
68.7
68.6
68.9
68.3
68.1
68.4
68.6
68.4
68.4
67.3
67.0
75.8
77.0
78.6
79.7
79.3
78.5
78.5
78.1
77.9
79.3
78.6
79.7
79.7
79.6
80.5
81.8
82.5
80.8
80.2
80.9
81.0
79.4
79.0
81.8
79.7
79.1
81.0
80.8
79.3
79.8
81.5
81.1
79.0
79.7
80.8
78.4
78.2
78.7
77.2
77.8
77.3
77.0
77.1
77.3
77.0
77.6
77.4
77.6
77.9
78.0
78.0
78.0
78.9
78.2
78.7
78.0
78.1
78.1
78.0
78.1
78.2
78.0
78.1
77.9
78.1
78.0
78.0
78.0
78.0
78.1
78.2
78.6
78.0
78.1
78.1
77.7
79.2
77.8
77.6
77.6
77.7
77.2
77.5
77.3
77.6
77.5
77.6
77.3
77.5
77.7
77.3
77.0
77.0
77.2
77.3
77.3
77.7
77.3
77.4
77.9
77.2
77.0
77.0
77.0
77.3
77.0
77.0
77.5
77.4
77.0
77.0
77.2
77.9
77.3
78.9
77.9
77.5
77.5
77.4
77.4
77.7
77.6
77.4
77.6
77.3
77.8
78.0
77.8
77.2
77.7
77.3
77.3
77.3
77.0
77.7
77.8
77.6
77.5
77.4
77.2
77.2
77.3
77.3
77.3
77.3
77.1
77.9
77.7
78.4
77.3
77.8
78.0
77.3
77.3
77.8
77.8
77.7
77.2
77.4
77.9
78.1
78.0
78.0
77.5
78.3
77.7
77.6
78.7
78.5
78.2
78.9
77.9
78.2
77.3
77.6
77.9
78.4
77.9
78.2
77.8
78.2
77.9
77.9
77.3
78.0
78.1
77.9
78.0
77.8
78.3
77.9
77.9
77.9
78.0
78.2
77.2
78.0
78.5
78.1
77.6
78.0
78.2
78.3
78.3
77.5
77.4
78.0
77.0
77.7
78.6
78.1
78.2
78.1
78.7
78.2
78.0
77.8
78.5
77.8
78.2
78.0
78.2
78.1
79.0
78.1
77.3
78.0
78.1
77.9
77.5
78.8
77.9
78.4
79.0
78.9
78.6
78.7
77.9
78.4
78.4
78.5
79.2
77.9
77.0
77.2
76.3
78.0
76.6
76.7
76.9
77.0
77.4
77.0
77.2
77.1
77.3
77.1
77.7
79.9
77.2
77.7
78.3
77.9
78.1
78.0
78.9
78.0
80.0
77.6
78.8
77.9
80.0
78.6
80.3
77.8
78.0
78.0
78.5
78.2
77.9
79.1
80.5
77.4
78.5
78.3
78.2
77.7
78.3
78.1
77.9
76.7
77.4
77.7
77.6
78.1
76.7
77.0
76.9
76.8
77.6
79.0
76.9
76.8
77.0
77.0
77.5
77.0
77.2
76.8
77.2
77.2
77.0
77.5
81.2
77.4
76.8
77.5
77.2
77.0
77.2
77.2
77.0
77.0
77.2
77.2
77.2
76.9
77.0
77.0
77.1
77.0
77.0
77.2
77.4
78.4
80.9
77.1
77.1
77.1
78.3
77.6
77.2
77.9
77.2
78.1
79.0
76.8
77.0
77.9
77.8
77.0
77.9
77.9
80.5
79.3
77.8
77.0
81.1
77.6
78.7
77.3
77.0
78.0
76.9
77.5
79.7
78.1
79.6
80.2
80.7
79.6
78.0
82.5
80.4
79.1
77.7
77.8
77.8
78.7
78.3
78.6
79.0
80.9
80.2
77.8
78.5
79.4
79.1
78.4
79.1
80.2
81.8
82.7
80.3
79.4
79.2
80.2
83.1
78.5
81.4
79.1
80.6
80.6
81.9
79.2
80.3
78.5
81.0
82.7
80.2
78.2
78.0
78.2
78.3
79.5
81.4
83.9
80.0
81.1
78.6
81.7
82.6
81.4
80.6
81.2
79.5
82.3
80.3
78.2
78.2
78.8
80.6
80.3
80.2
81.3
81.4
79.6
81.9
80.5
78.2
79.0
78.8
79.2
80.7
80.5
79.6
79.9
80.9
80.4
80.1
78.9
79.6
79.7
80.7
81.8
82.3
87.1
81.3
80.1
82.8
82.2
78.8
81.7
84.2
79.9
81.9
80.7
79.9
80.9
80.1
80.2
81.7
80.5
80.1
78.5
79.5
79.4
87.8
76.5
76.4
75.5
77.1
77.7
74.0
73.4
73.9
74.5
74.6
73.5
74.4
75.2
73.0
73.3
73.9
72.6
72.5
73.6
72.5
73.0
73.9
73.8
72.2
73.0
72.5
72.5
73.0
72.8
72.7
73.7
72.1
72.6
72.4
72.6
72.8
72.7
72.1
73.1
73.0
72.2
72.2
72.4
72.4
72.0
73.0
71.9
72.9
72.2
74.1
73.1
75.8
72.7
72.5
72.0
72.3
72.1
72.5
72.3
71.7
71.8
71.7
72.1
73.3
71.5
71.8
72.0
72.0
71.4
71.3
71.7
71.8
71.1
71.3
71.7
72.0
71.9
71.2
73.1
72.9
73.4
73.0
74.7
78.4
77.3
79.2
79.7
84.1
80.5
80.4
80.7
79.1
78.5
75.9
77.8
74.6
73.5
72.9
72.2
70.3
70.1
68.7
68.4
67.6
68.0
68.8
72.1
75.0
79.4
81.3
84.1
89.4
88.8
89.0
90.3
88.7
93.5
89.9
89.0
88.7
86.9
87.5
86.3
84.5
81.8
82.9
84.7
81.4
78.6
78.0
77.7
75.5
75.4
74.7
74.5
74.6
76.1
74.5
75.1
75.6
94.1
76.9
74.9
74.2
75.2
77.0
76.0
73.4
73.3
73.6
74.1
73.1
73.7
72.2
72.3
72.1
74.8
72.7
71.3
71.6
71.9
71.9
71.6
71.7
71.5
72.1
76.5
77.0
77.5
76.5
77.0
78.5
79.1
79.3
79.6
80.6
80.1
82.3
80.7
81.7
81.8
81.9
84.7
82.9
83.4
83.5
83.3
83.9
85.2
83.2
86.4
83.7
84.4
85.1
84.7
85.3
84.9
85.5
86.6
85.4
84.6
84.1
87.2
81.8
82.9
83.5
83.9
83.5
82.9
83.6
83.7
81.6
81.4
82.8
86.8
81.6
81.0
80.2
80.2
81.9
83.8
81.7
83.3
82.2
81.5
80.1
83.0
80.3
81.3
80.9
80.5
80.1
80.5
80.3
84.0
83.5
82.3
80.5
82.7
79.3
79.5
81.6
79.5
80.5
79.9
80.2
83.3
80.6
80.2
80.3
81.2
79.9
80.5
80.4
80.7
80.6
79.6
83.7
79.5
79.3
83.0
80.5
79.6
79.7
81.2
81.0
78.7
80.2
80.6
80.5
81.3
78.4
79.4
80.3
81.2
81.0
80.5
81.1
80.3
81.1
79.8
80.8
80.7
81.7
80.0
81.2
78.9
80.7
80.7
80.3
82.1
78.3
81.2
80.9
80.5
81.4
82.2
80.2
80.0
83.2
80.1
82.2
78.7
78.9
81.6
78.4
79.1
80.1
79.1
78.3
78.5
78.4
76.5
77.8
77.7
76.3
77.0
76.9
76.2
75.6
75.1
76.4
75.3
75.3
74.1
74.6
75.6
75.9
74.0
75.2
78.3
75.3
76.9
77.6
76.5
76.5
77.2
75.8
75.5
77.4
77.3
80.9
77.9
80.2
80.5
81.3
79.9
81.2
82.3
82.7
87.6
82.5
84.5
84.2
91.1
87.5
85.5
86.4
92.2
91.7
85.6
90.2
91.1
87.9
87.2
90.5
100.4
83.6
85.4
85.9
82.2
84.8
82.8
88.4
83.2
84.3
81.7
85.5
87.9
83.0
85.0
84.7
81.1
82.3
83.6
82.8
80.4
83.9
79.9
82.3
85.7
80.5
80.1
81.2
80.0
80.4
81.8
79.7
81.1
79.7
81.3
82.7
79.5
81.8
80.1
81.1
81.2
79.4
80.1
81.5
80.4
81.9
83.9
85.9
80.5
81.3
79.0
79.8
82.2
79.7
82.1
78.0
83.2
79.5
79.5
80.2
81.4
80.8
80.1
81.0
78.7
80.1
81.0
80.1
81.9
80.2
80.6
81.4
83.7
82.0
80.1
81.7
81.7
81.0
80.3
80.3
83.5
80.9
79.5
80.7
81.4
83.2
82.2
81.3
81.5
81.6
81.5
81.8
79.9
80.3
81.0
80.6
79.7
80.9
80.0
81.3
79.2
80.0
80.0
82.2
81.2
81.5
80.8
80.8
81.9
80.2
80.3
79.6
79.1
80.7
78.2
81.5
78.4
77.4
77.9
78.1
78.6
78.9
78.2
79.0
79.8
80.3
80.6
77.8
80.2
80.6
80.4
79.9
80.5
78.8
82.0
82.0
79.4
80.7
81.2
82.5
84.0
81.6
81.7
83.3
81.7
81.2
81.1
83.0
80.9
82.3
83.1
83.0
80.8
81.4
81.9
82.1
82.8
80.2
80.9
80.8
80.9
82.4
81.0
82.6
79.9
82.7
82.9
82.2
80.6
81.5
81.0
81.0
81.2
82.6
82.1
81.2
84.0
81.4
82.8
82.7
81.8
85.2
83.0
83.5
83.7
83.0
82.6
84.5
82.8
81.9
82.0
84.8
83.3
82.3
85.3
83.1
80.9
83.4
87.5
83.0
83.1
82.8
83.8
83.4
82.9
84.3
83.6
83.2
81.8
82.9
83.7
83.5
82.5
84.6
84.9
84.6
81.7
84.4
85.6
81.9
81.0
82.1
83.6
84.1
85.9
82.3
83.8
85.1
83.4
83.1
82.4
83.1
83.0
81.8
84.9
81.6
85.6
142.5
136.0
133.1
129.8
127.4
137.4
140.4
133.9
146.4
145.5
147.4
149.0
145.3
145.2
147.1
145.6
149.7
147.2
142.4
143.0
145.9
142.1
146.8
145.4
151.5
140.4
145.6
147.1
150.7
153.0
151.7
155.4
151.8
152.2
151.7
152.4
148.5
143.4
144.6
143.3
141.0
139.7
137.5
132.6
130.8
126.4
125.4
123.6
123.7
120.6
126.1
126.9
123.8
121.2
123.6
123.4
120.4
117.5
118.2
117.9
115.8
121.0
118.7
115.5
111.0
116.6
116.0
111.2
116.6
119.4
119.9
113.3
117.6
115.6
110.2
119.9
124.8
122.3
128.0
129.1
116.1
134.4
142.5
134.6
147.5
143.5
142.2
144.4
139.7
141.4
141.9
138.2
133.9
133.7
130.2
129.2
126.6
128.2
129.9
126.9
116.7
125.0
131.3
122.1
122.6
119.0
122.6
123.3
120.5
95.6
78.3
81.6
80.5
91.5
88.3
82.3
78.1
76.0
74.9
72.9
71.0
68.9
69.2
67.1
67.2
66.2
65.9
65.8
65.6
66.7
64.1
64.2
64.0
64.7
63.5
63.1
63.1
63.5
63.0
63.8
64.2
64.7
65.2
66.5
69.4
69.6
70.7
73.3
73.7
75.7
78.6
80.0
81.2
79.8
78.39999999999999
82.53333333333333
83.9
84.8
84.5
84.2
85.7
84.1
83.5
82.4
81.0
80.3
79.4
77.8
78.9
75.8
72.9
71.9
72.1
71.0
71.8
68.7
69.8
69.1
69.2
67.6
67.4
66.7
68.6
70.4
66.4
67.1
70.3
69.9
71.6
71.0
70.6
72.1
71.1
74.3
77.3
80.4
83.2
85.6
88.1
91.2
87.3
90.5
89.1
90.7
90.0
90.3
89.9
89.2
88.7
89.4
90.0
89.2
89.5
90.1
90.9
90.2
90.3
91.1
92.7
89.3
89.9
92.3
88.0
85.2
80.6
77.9
75.1
73.2
76.9
80.3
86.0
95.7
99.7
100.1
102.4
100.1
99.8
102.2
94.9
95.4
95.7
90.2
89.2
85.0
84.7
84.3
83.7
83.5
81.1
81.6
79.8
80.3
77.8
77.5
76.3
74.2
74.2
75.6
73.4
72.5
73.6
72.7
70.8
69.0
67.4
68.1
71.1
71.0
73.1
73.9
75.5
77.7
77.1
78.4
80.7
80.1
80.7
81.3
81.3
84.5
86.1
83.8
86.6
83.0
86.3
85.5
82.7
88.6
84.6
86.1
87.6
86.7
86.3
86.0
86.6
86.9
84.8
84.4
81.9
78.2
76.8
78.4
80.3
83.6
85.0
88.6
89.0
89.0
91.7
86.8
88.5
89.3
89.8
94.0
86.2
88.7
82.9
79.2
77.4
75.5
73.9
71.2
69.7
70.0
69.2
68.7
71.2
70.8
73.2
74.5
75.3
76.4
78.7
77.2
78.5
78.4
79.3
77.4
81.2
80.8
90.1
91.9
93.0
92.9
94.6
94.1
98.8
94.3
96.1
95.5
97.8
92.6
93.7
91.4
94.6
91.2
89.7
86.9
89.7
85.7
86.7
83.7
81.8
81.5
79.7
78.1
77.1
76.2
75.2
73.8
71.8
71.8
74.7
70.2
72.5
73.2
70.7
65.0
66.4
67.5
65.0
63.5
64.5
70.4
63.4
64.4
71.2
66.7
72.3
70.9
70.8
64.5
70.6
78.1
67.3
71.0
65.6
68.7
65.1
70.6
62.9
67.7
61.9
68.3
67.6
64.9
68.9
64.3
60.9
64.8
63.6
65.9
64.1
67.4
64.2
66.8
66.3
64.8
65.4
66.4
64.1
65.6
74.3
65.9
64.1
68.8
64.9
74.3
66.8
71.8
71.7
63.2
63.2
64.0
68.0
70.1
63.9
68.8
65.7
68.0
70.5
68.3
72.7
69.1
71.6
66.5
69.7
64.3
61.6
69.2
72.1
68.9
67.0
66.5
69.4
65.2
66.8
69.9
69.0
73.0
72.2
65.8
65.5
65.9
65.1
71.8
74.3
66.7
66.7
69.1
64.2
72.4
65.3
68.2
76.9
65.7
65.6
66.7
74.6
68.5
69.7
69.1
68.1
67.9
67.4
66.1
68.1
68.4
67.1
67.0
67.4
67.5
67.0
69.3
66.6
68.4
69.3
75.5
75.4
68.8
72.2
74.2
68.0
70.0
70.0
69.2
68.0
69.2
70.2
70.9
72.2
67.6
67.9
69.0
69.6
69.7
71.1
70.3
74.5
71.4
72.4
68.9
67.9
68.9
73.0
76.1
72.2
71.4
71.2
69.8
74.9
69.9
66.5
68.5
72.1
69.3
74.3
69.6
68.7
68.8
68.3
69.8
71.5
67.4
68.1
66.5
67.3
67.0
66.8
67.1
68.0
68.0
67.4
67.3
68.0
67.5
67.1
68.6
67.8
68.1
67.8
67.2
67.7
68.0
68.5
68.6
67.6
67.8
67.9
67.9
66.8
68.8
69.1
66.7
66.9
68.5
67.8
67.0
67.1
69.2
69.5
69.9
68.0
69.0
67.7
66.5
68.5
68.2
68.5
68.3
68.5
68.2
67.8
67.4
67.8
66.8
67.1
66.6
67.6
66.8
66.8
69.4
68.8
69.3
69.5
70.0
70.1
69.7
70.2
71.1
70.0
69.9
70.1
69.9
69.7
70.7
69.3
69.5
69.2
70.6
70.0
69.4
69.3
70.0
71.1
71.7
68.4
69.6
69.4
68.2
69.6
69.0
68.5
69.1
67.4
68.6
68.6
68.0
67.2
68.1
69.1
68.8
69.4
68.8
68.2
68.9
68.5
69.2
69.9
68.7
68.8
68.7
68.1
70.3
68.6
70.2
69.2
69.5
71.5
68.9
69.9
69.5
70.3
69.7
69.4
70.0
69.2
69.5
67.9
70.1
68.2
69.4
68.4
69.6
69.0
69.1
68.6
70.0
69.3
69.7
69.8
68.4
69.5
69.9
69.3
70.0
69.0
69.2
68.2
69.7
68.4
67.4
65.1
68.9
69.5
65.1
69.8
65.4
66.2
68.2
67.8
71.2
69.3
68.4
80.3
69.0
71.6
71.1
70.9
70.3
71.1
70.3
71.6
72.7
72.1
72.3
71.5
70.7
71.0
71.7
70.3
70.7
71.5
70.5
70.5
71.2
71.4
70.2
69.5
70.6
68.9
70.8
71.3
71.5
74.3
73.4
72.3
72.6
70.7
71.2
74.3
72.1
72.0
73.0
72.8
72.5
72.1
71.7
71.1
71.5
71.6
71.6
70.7
73.5
72.2
71.0
70.9
71.0
72.2
72.1
71.4
72.9
71.5
71.3
72.5
71.6
70.6
72.9
74.0
72.6
71.0
71.3
71.0
71.4
72.0
71.3
71.2
72.5
72.7
71.7
71.6
72.3
72.7
71.9
71.1
71.6
71.9
73.7
72.5
71.5
71.5
71.0
72.2
71.3
73.0
72.6
71.1
72.1
72.7
72.8
72.7
73.2
71.8
72.5
72.7
72.8
73.5
72.8
72.5
71.9
72.8
72.5
73.3
72.5
72.1
74.5
72.5
73.4
72.4
73.1
73.9
73.6
72.8
72.9
73.5
73.0
73.5
73.1
73.6
73.0
74.5
77.8
73.0
74.6
73.2
73.0
73.8
73.8
74.4
72.4
74.3
74.0
73.5
74.2
74.5
74.1
75.5
74.8
74.4
74.7
75.7
73.7
74.6
75.8
75.7
72.9
73.5
72.9
72.6
72.8
72.5
74.4
72.8
72.8
72.0
71.4
72.1
73.6
73.0
72.0
71.7
71.9
74.4
72.1
72.0
72.3
71.4
71.2
71.6
72.6
72.0
71.7
73.1
71.5
71.2
71.5
74.0
70.9
71.5
71.7
72.9
71.8
71.5
71.3
71.1
72.8
72.2
71.8
71.3
71.7
71.2
71.4
72.4
71.0
70.9
70.0
72.1
71.8
71.6
72.1
71.2
72.8
73.4
72.7
71.8
72.9
72.0
71.8
71.9
72.2
71.2
73.1
71.9
71.1
71.9
72.1
72.3
72.1
72.2
70.9
71.3
70.6
69.3
67.4
68.7
69.8
69.6
70.3
71.1
71.1
72.0
72.0
72.2
72.2
72.5
71.9
72.3
72.3
72.0
72.2
72.1
72.0
72.0
72.6
72.1
72.3
72.0
72.8
72.1
72.5
72.6
71.7
71.4
71.4
71.8
71.9
72.8
72.4
71.2
71.8
71.4
72.0
71.6
72.8
70.7
69.4
71.1
72.0
71.1
71.7
71.0
71.8
72.9
71.1
70.6
70.9
69.6
70.1
71.3
70.8
70.8
70.9
70.6
71.7
71.5
72.4
73.2
71.3
72.3
69.8
71.1
70.9
70.9
71.9
70.4
70.4
70.2
70.9
70.9
70.4
70.3
70.4
70.5
70.8
70.0
70.0
69.8
69.8
71.7
70.4
69.9
70.9
70.1
70.2
70.9
70.0
70.5
69.5
68.7
69.7
69.3
70.1
69.0
70.4
69.7
69.2
70.4
69.3
69.9
69.8
70.0
70.6
70.7
69.9
71.5
72.0
70.9
70.7
71.9
70.8
70.7
71.2
72.2
72.2
72.5
70.1
72.0
70.8
71.0
71.4
71.4
71.1
72.9
71.2
71.1
72.0
71.7
71.4
71.3
71.2
73.4
71.7
71.3
71.8
71.8
71.4
71.5
71.5
71.6
71.5
71.1
71.6
71.9
71.2
71.8
70.9
71.7
71.4
71.5
72.4
71.8
72.8
71.2
72.0
71.7
72.8
71.7
71.6
71.2
71.8
71.6
71.8
72.4
71.0
72.2
73.2
72.3
72.1
71.3
70.3
71.6
73.5
72.7
71.8
71.5
70.1
72.0
71.7
71.8
72.0
72.9
71.7
72.4
72.8
72.8
73.7
72.7
72.5
72.9
72.5
72.9
72.3
72.3
72.2
73.9
72.2
72.2
72.3
74.4
71.8
72.7
72.5
71.8
72.3
72.2
72.4
72.9
72.3
72.9
72.4
74.3
72.3
72.9
74.3
74.9
75.5
76.7
75.4
75.2
75.2
76.1
76.3
75.6
74.7
77.0
76.1
75.9
76.7
77.3
76.9
76.3
76.2
76.0
75.4
75.8
75.8
76.2
75.3
76.2
75.6
75.5
74.7
73.4
77.1
77.8
78.8
78.4
79.1
78.3
78.3
78.7
79.0
78.7
79.6
79.1
79.1
79.8
78.9
79.0
79.3
79.5
79.3
78.3
78.8
78.4
78.7
79.0
79.1
79.2
78.7
78.9
78.8
80.0
80.2
80.3
79.7
79.4
79.1
81.2
80.1
80.0
81.8
80.5
81.4
80.5
81.4
81.2
80.1
81.6
80.9
82.1
81.3
81.5
81.0
82.1
81.6
82.5
82.2
82.9
80.9
82.1
81.5
81.8
81.3
81.7
82.9
81.6
82.2
81.7
81.7
83.0
81.4
82.5
83.2
82.4
82.3
83.1
83.0
82.2
80.9
82.1
84.4
86.4
88.8
87.3
87.3
85.7
84.9
85.6
89.2
88.0
89.2
87.2
85.4
85.3
83.6
83.4
84.8
83.7
84.1
83.4
84.2
83.7
84.1
83.4
83.4
83.0
83.2
82.8
83.7
82.7
82.1
82.8
82.3
81.5
81.4
81.2
81.9
81.3
81.6
81.7
80.6
81.7
80.5
82.3
80.4
81.5
80.3
80.8
81.1
81.4
80.1
81.0
80.5
80.1
81.9
81.1
82.8
80.8
81.0
81.1
80.4
79.5
80.4
80.1
81.7
79.5
80.1
80.8
80.6
80.5
79.4
79.7
78.9
79.8
79.3
80.6
80.1
79.9
79.4
79.5
81.2
80.0
80.5
80.4
80.4
79.6
79.2
79.7
79.8
80.4
79.9
78.7
79.8
79.9
78.7
80.3
79.7
79.5
80.3
79.2
80.0
79.0
78.9
77.3
79.2
79.3
78.7
79.9
78.8
79.1
79.5
79.9
79.3
78.7
79.2
78.9
78.8
78.3
79.3
78.7
79.8
79.5
79.7
79.7
79.3
80.3
79.7
78.6
77.6
78.1
79.1
79.8
78.8
79.3
80.0
79.6
79.3
78.9
77.5
78.9
79.0
79.9
78.6
78.7
79.7
79.8
78.7
78.9
78.6
78.3
79.1
79.3
78.3
78.2
78.8
78.4
80.3
77.6
77.9
78.9
78.6
77.8
78.2
77.6
78.7
78.3
77.7
79.4
80.7
78.2
79.0
77.8
78.7
78.4
77.6
79.0
79.3
77.7
78.0
81.0
77.8
78.0
78.3
78.7
77.7
77.9
78.3
78.1
78.0
80.1
77.5
79.8
78.3
77.9
78.9
78.6
78.0
78.0
78.1
77.9
78.2
79.0
79.5
80.0
78.5
79.7
78.8
78.8
79.3
77.1
78.2
77.4
77.3
79.4
78.6
78.2
78.4
77.4
78.5
78.2
80.5
77.4
78.4
80.0
78.8
78.7
78.3
78.9
79.9
78.2
78.6
78.2
79.0
78.0
78.4
79.0
78.0
77.9
78.0
79.3
78.7
78.3
79.3
78.0
78.1
79.3
79.0
78.2
78.3
78.5
77.8
78.4
78.5
78.5
77.3
78.3
78.8
80.8
78.8
79.3
78.4
79.1
79.0
78.5
78.9
78.0
78.7
79.0
78.2
79.3
78.0
76.9
74.9
75.6
76.9
75.6
77.8
86.1
78.7
77.9
76.9
78.0
78.8
77.5
78.3
78.6
79.1
79.8
79.0
81.3
79.5
79.8
78.9
79.1
78.7
79.6
77.6
78.1
77.6
78.7
78.9
79.7
78.7
78.4
78.3
78.5
78.0
77.7
77.3
78.3
77.9
78.4
77.7
78.0
77.3
78.6
78.2
77.6
77.7
79.7
77.9
78.7
78.0
76.4
77.7
77.8
78.0
78.6
78.1
78.3
77.4
78.8
78.3
78.4
77.8
77.2
76.8
77.1
77.3
77.5
78.3
78.3
77.9
78.6
77.2
78.3
77.6
77.0
78.0
78.8
78.1
77.3
79.0
78.7
77.6
77.4
77.6
78.1
78.8
79.0
78.8
79.1
79.0
78.4
79.1
79.3
80.9
78.8
80.2
78.9
79.7
78.6
78.9
78.9
78.9
78.6
79.4
79.1
79.3
78.9
79.8
79.4
81.7
79.3
79.0
79.5
79.4
80.4
79.9
80.5
80.8
79.3
79.2
80.4
79.9
80.0
78.6
78.0
78.5
76.4
76.6
76.6
77.6
76.5
77.9
79.3
79.3
80.5
78.8
79.4
78.8
80.0
81.2
79.8
80.4
79.1
78.5
78.6
79.0
79.2
78.5
79.4
78.9
79.3
78.8
79.3
79.4
79.4
79.2
79.5
80.7
79.2
80.3
79.1
79.5
78.2
79.1
79.1
79.1
79.0
79.3
79.6
78.9
78.9
78.9
79.5
78.6
79.8
78.7
80.1
78.0
78.4
79.5
78.7
79.6
80.5
80.7
79.2
79.9
79.2
81.9
79.2
79.6
80.5
79.1
79.5
77.0
81.3
81.8
81.9
81.4
81.2
81.7
80.9
80.5
81.0
81.4
81.1
80.1
82.8
80.6
79.6
80.7
79.2
80.2
80.0
79.5
81.3
80.0
80.9
81.7
80.6
80.0
81.4
81.0
80.0
81.2
82.5
81.1
81.3
82.0
80.8
82.3
82.5
81.1
80.7
80.6
83.5
82.3
81.2
81.0
81.1
79.7
79.5
81.4
81.9
80.9
81.5
80.9
81.6
81.7
81.0
81.6
81.5
81.5
82.1
82.3
81.9
82.2
82.3
82.8
83.9
83.1
81.9
82.0
82.4
81.6
81.7
82.7
84.0
82.1
82.8
82.7
82.4
83.6
82.8
81.8
84.4
82.8
82.9
82.6
81.9
83.0
82.0
83.3
83.4
84.9
82.9
82.9
82.6
83.5
82.9
82.9
84.1
83.6
84.2
83.1
81.9
82.4
82.7
81.9
82.3
82.6
82.6
84.3
84.6
84.8
84.7
84.3
83.7
83.8
84.6
85.6
83.0
84.2
83.8
83.0
82.1
83.5
85.0
86.0
84.6
84.9
84.8
84.3
85.0
84.7
83.9
84.9
84.2
83.1
82.0
82.3
80.3
80.8
80.4
81.0
82.3
84.0
82.9
82.5
82.0
80.1
82.9
81.2
82.3
81.8
82.5
81.7
83.7
83.0
82.6
83.6
86.1
83.3
84.7
89.3
85.1
87.8
86.2
87.5
88.9
87.9
85.1
88.2
90.3
91.3
89.4
89.8
91.2
92.4
92.1
90.4
95.7
93.6
91.6
88.2
89.8
92.8
92.8
95.3
97.7
94.6
94.3
97.4
100.6
96.2
97.9
98.3
98.2
99.1
98.0
99.4
98.5
95.3
95.0
89.4
93.2
94.1
90.9
92.8
94.9
90.4
94.0
88.8
90.6
95.8
92.3
90.7
90.6
90.5
89.6
90.5
91.2
91.6
94.3
90.1
90.5
88.9
91.9
89.5
87.5
88.6
90.3
88.7
87.8
86.89999999999999
90.1
87.4
88.3
89.9
86.8
88.5
87.1
87.3
86.6
92.0
88.2
87.7
89.5
91.2
88.7
87.3
87.8
87.3
91.3
92.2
90.9
91.9
92.3
93.7
89.3
93.6
88.6
89.2
93.3
94.1
87.4
89.5
88.8
89.0
88.0
91.9
86.3
89.4
86.5
89.5
90.8
88.0
90.7
88.0
88.2
87.0
84.6
85.3
86.7
88.1
86.3
86.5
83.7
83.9
84.5
83.2
83.6
84.0
83.8
82.6
84.4
84.6
82.6
82.6
82.9
83.7
81.7
81.5
84.1
83.8
83.2
85.9
84.6
84.0
87.9
86.6
86.7
88.4
85.9
84.3
84.0
84.5
83.4
83.0
83.5
83.1
86.8
85.7
83.6
84.9
85.2
82.2
87.8
88.4
86.8
84.9
87.9
84.5
83.3
83.0
84.1
83.3
84.1
82.9
83.9
85.6
86.1
84.2
84.5
85.1
83.7
84.3
84.8
84.2
85.8
85.7
86.6
87.6
87.2
89.0
90.9
94.4
90.2
86.4
88.9
91.9
90.1
92.1
93.1
91.4
91.3
92.1
93.1
90.4
94.0
94.0
95.5
91.3
97.0
90.6
98.7
93.2
93.3
93.2
93.5
98.7
93.0
93.8
92.3
94.0
91.8
95.3
93.6
93.5
94.6
94.6
92.9
98.6
97.6
100.5
96.4
97.5
96.0
101.2
99.9
106.0
99.7
98.0
100.0
102.1
102.7
98.3
102.2
101.6
108.6
106.5
101.2
99.5
105.4
97.3
91.0
96.5
96.0
91.5
94.1
94.8
89.1
91.0
86.9
85.5
90.0
81.8
81.0
80.3
81.9
80.2
79.1
80.0
78.0
78.7
78.9
81.7
80.2
80.3
82.6
79.8
80.0
81.5
82.4
81.8
82.2
82.5
82.9
83.3
83.0
83.7
83.3
83.2
83.1
83.0
84.1
83.4
81.8
83.0
81.1
81.6
83.2
85.3
86.7
91.6
84.9
85.4
87.4
86.0
87.1
88.6
87.9
87.4
88.6
87.9
86.5
88.5
87.1
87.0
86.3
87.7
87.5
86.8
86.9
85.8
84.4
86.9
90.2
91.7
103.9
123.3
145.4
115.5
112.6
105.0
102.3
99.4
98.8
98.5
96.5
95.6
94.8
97.7
93.2
95.7
94.0
95.6
94.9
93.6
91.4
90.0
88.6
89.9
87.8
92.6
93.1
92.7
89.9
90.2
89.1
88.3
87.2
87.0
86.8
87.4
87.6
88.6
87.6
91.3
90.9
94.0
96.2
96.6
99.1
100.1
102.3
101.9
108.6
105.4
103.4
106.0
105.0
105.0
106.4
117.1
112.6
111.9
113.7
111.6
108.5
121.6
113.4
105.9
100.8
94.9
97.3
92.9
95.0
95.6
93.8
92.3
92.1
92.2
93.0
95.7
94.5
89.3
94.9
90.2
90.9
92.5
93.4
92.1
91.7
92.8
91.7
89.5
92.7
97.5
93.8
92.9
93.7
91.9
91.4
92.7
91.1
90.6
92.1
91.4
89.5
89.2
89.0
93.9
91.4
90.7
91.6
90.0
89.8
90.0
88.6
89.9
88.3
90.5
90.6
88.2
90.2
90.7
88.7
87.7
87.9
86.5
86.4
88.6
88.3
87.5
89.8
87.8
88.9
90.8
87.8
87.0
87.0
88.3
89.8
90.0
89.9
87.6
94.7
87.7
88.5
88.8
87.1
87.1
88.5
87.7
87.4
86.0
86.0
89.1
90.8
88.8
87.2
87.7
89.5
92.0
87.0
89.3
89.0
88.1
88.3
87.5
88.0
88.8
88.8
88.3
90.5
90.8
87.9
86.9
86.6
87.7
85.1
85.9
84.5
87.5
87.5
86.2
85.5
85.5
87.5
86.8
86.2
84.7
88.4
87.1
85.9
84.3
85.6
85.2
86.1
86.3
87.5
85.9
83.0
85.3
83.6
84.0
85.4
85.8
85.1
91.3
84.8
83.7
86.2
86.4
85.3
83.8
82.3
84.0
86.3
83.1
82.8
85.3
80.6
80.5
84.0
83.8
84.0
83.4
82.0
83.6
85.2
80.5
83.1
81.5
80.6
83.5
83.8
85.8
83.5
83.0
83.7
83.3
84.6
87.3
84.4
86.6
86.2
85.8
84.3
86.6
82.4
88.1
83.5
86.4
90.3
88.4
90.0
91.0
88.4
86.5
88.4
91.3
85.5
85.5
85.7
84.2
87.5
89.0
93.7
91.8
92.2
90.5
87.7
87.8
88.3
87.5
86.8
87.1
84.9
86.0
86.0
85.9
85.5
84.0
87.2
85.3
85.2
82.9
82.6
83.2
82.3
81.3
85.7
82.5
83.8
82.4
80.7
84.9
81.7
80.9
82.2
84.7
85.0
81.3
83.9
82.5
80.7
82.3
84.8
85.2
86.7
82.3
83.9
84.5
81.1
81.9
81.1
81.7
82.0
82.3
80.0
80.5
79.7
82.6
83.1
82.6
84.3
81.4
81.6
81.2
81.0
80.5
81.6
80.7
80.6
84.5
83.4
82.3
80.5
82.0
81.7
82.9
83.3
81.7
80.5
82.9
81.6
84.4
82.5
81.2
88.5
83.4
82.9
82.0
80.3
80.4
82.9
83.5
84.2
84.4
84.3
82.9
83.6
83.7
81.3
85.3
85.9
85.7
81.4
80.2
80.7
82.7
83.7
81.1
82.9
83.9
96.5
85.5
83.7
85.9
86.9
87.4
83.2
87.3
88.8
84.9
83.0
84.2
81.1
83.1
87.0
86.1
83.2
84.9
83.2
84.4
87.0
85.5
87.2
83.5
85.7
85.2
85.6
88.6
82.9
87.0
84.4
85.2
87.4
92.1
88.9
88.6
92.0
86.8
87.7
87.9
91.5
96.3
92.5
92.3
88.4
91.4
91.3
88.9
89.6
89.0
95.2
94.4
92.8
92.8
90.2
95.8
97.8
93.9
94.2
92.4
89.4
96.4
95.0
100.7
95.5
94.8
96.3
95.7
94.1
99.8
96.3
93.1
94.1
91.6
94.1
97.8
92.1
94.6
92.4
92.2
96.5
95.1
97.1
98.1
91.8
93.1
95.0
93.3
88.7
94.2
92.0
89.0
90.1
94.4
95.6
94.4
90.3
93.0
90.8
92.6
100.6
95.8
96.5
91.6
93.0
97.5
92.4
94.6
100.3
100.9
94.7
97.2
97.0
101.4
96.4
99.1
97.8
90.0
98.6
101.9
98.1
101.0
100.1
98.5
97.0
99.8
98.6
102.1
98.1
93.6
95.4
100.6
92.0
97.3
97.4
101.0
92.7
93.0
92.8
90.3
89.0
89.6
90.0
90.4
91.1
87.6
85.4
89.3
86.5
88.2
88.0
83.3
85.5
85.1
85.1
83.2
87.1
85.4
86.4
87.4
89.2
84.1
84.6
84.6
94.5
90.4
89.2
88.0
85.6
87.2
85.4
88.3
86.3
90.0
90.4
87.7
90.2
91.9
84.9
84.6
88.5
92.4
88.7
90.0
87.9
89.0
86.0
90.4
89.9
93.1
93.8
89.8
94.1
92.1
91.9
93.2
93.5
96.7
101.1
97.6
97.0
102.0
90.2
96.1
94.3
92.3
93.0
89.9
89.6
90.4
88.9
89.8
86.5
90.5
90.8
87.8
86.1
85.1
88.6
88.8
87.8
85.9
86.8
84.1
86.4
84.6
86.0
85.6
87.2
85.1
88.5
88.4
85.3
85.4
86.7
86.7
84.9
88.7
84.7
84.4
87.1
83.0
84.0
84.3
83.9
83.4
84.4
85.9
83.0
83.7
83.7
82.8
84.7
87.5
85.4
82.7
83.3
82.9
85.4
83.8
82.3
83.6
84.0
84.9
84.9
88.5
85.7
82.9
82.2
81.8
82.2
81.1
81.0
82.6
81.6
84.9
86.0
90.4
88.7
88.3
85.5
83.3
83.6
82.6
85.5
86.3
85.7
87.0
83.9
85.5
88.7
91.4
84.6
86.8
87.9
86.2
82.9
82.0
86.6
85.3
85.1
82.4
82.3
86.1
83.9
88.2
87.9
84.7
94.6
88.6
89.5
87.7
101.2
89.2
87.6
91.3
82.1
84.6
84.6
83.7
83.5
87.8
90.0
87.8
86.0
86.0
82.5
82.5
83.2
80.7
81.4
80.4
80.5
83.6
79.7
81.0
81.1
79.2
81.1
80.9
82.1
80.2
79.0
79.6
79.6
81.6
83.2
79.5
81.5
82.5
84.7
80.3
81.2
81.7
81.5
83.9
80.6
80.6
80.3
80.5
79.2
79.2
79.4
79.8
79.7
80.5
80.6
78.6
81.1
78.3
79.8
80.1
81.0
79.6
78.3
80.2
81.4
80.2
82.0
83.5
80.6
82.6
80.8
82.0
79.6
83.2
84.0
78.7
82.9
84.3
81.2
83.5
81.3
82.2
80.4
79.5
81.3
79.2
80.5
81.4
81.2
80.7
81.2
83.3
82.0
82.3
82.7
81.8
80.9
79.0
80.1
80.9
84.0
81.0
82.5
79.6
81.9
81.6
80.7
81.0
82.0
83.4
85.2
85.5
81.7
86.4
85.7
85.4
84.6
83.7
83.5
83.8
82.0
81.4
82.0
81.8
80.9
80.5
82.1
87.6
84.5
85.9
87.4
83.3
85.2
85.9
86.2
83.4
85.1
85.9
85.9
84.7
82.7
84.8
83.7
85.2
85.2
86.4
83.7
84.1
86.6
86.7
86.3
85.5
92.7
86.9
85.2
86.2
88.9
87.6
87.7
84.8
87.1
88.0
86.9
86.5
84.8
85.3
89.9
85.3
87.8
85.7
84.4
91.2
90.7
86.4
89.0
87.6
88.4
86.2
91.6
91.3
86.6
94.5
89.7
87.2
90.5
89.2
91.6
89.4
87.5
88.2
86.9
89.1
89.7
88.1
88.6
94.5
90.7
87.2
89.4
85.3
86.3
85.6
89.3
85.3
89.5
89.2
85.5
88.8
86.9
86.9
86.7
88.6
89.9
90.2
89.7
90.7
93.5
90.5
90.2
91.6
94.6
95.2
92.2
93.8
91.2
90.1
95.0
94.1
93.4
89.2
90.2
91.5
90.2
93.9
91.4
91.5
95.0
92.2
91.1
88.7
94.8
98.4
94.0
99.3
102.1
105.5
102.2
100.8
97.2
96.2
96.5
105.6
101.2
103.8
103.4
110.2
105.5
104.9
108.5
102.5
112.2
123.3
109.6
111.2
123.2
130.2
127.0
122.3
119.0
116.3
111.2
103.3
101.7
100.0
97.9
98.4
94.6
94.8
97.3
95.0
99.7
95.6
96.0
95.4
92.7
94.4
97.0
92.1
94.2
93.6
92.0
95.2
92.8
96.4
96.7
96.5
96.2
99.4
99.2
101.4
101.0
101.5
104.5
95.6
106.5
96.9
95.2
95.4
91.9
99.7
97.1
96.4
96.8
95.0
92.2
93.2
90.3
93.3
93.3
90.5
92.7
90.6
89.1
92.2
92.9
89.9
97.3
91.6
89.5
89.6
90.8
87.6
89.9
89.2
91.4
90.6
88.8
88.5
93.8
93.1
90.2
91.0
93.4
89.3
88.2
91.0
90.2
90.1
85.6
89.1
89.6
89.9
92.8
90.9
90.5
87.6
91.3
90.0
88.9
88.3
86.6
86.1
87.5
88.2
89.9
91.0
90.0
89.3
89.5
91.4
90.1
87.4
83.5
86.1
87.9
88.4
88.9
85.2
87.3
87.9
87.8
86.4
87.6
84.9
85.8
85.3
84.8
86.9
85.7
84.5
85.5
87.5
85.2
85.9
85.8
84.5
85.7
87.4
85.3
82.5
83.5
87.7
87.6
88.4
86.1
88.3
85.4
84.9
86.2
88.0
88.0
86.2
88.5
90.9
91.1
90.7
93.3
87.3
91.1
93.9
97.2
96.3
93.2
96.2
100.6
96.0
101.6
100.8
99.2
98.4
101.1
98.1
97.9
97.0
102.9
102.7
103.9
104.4
108.7
102.3
104.3
105.3
110.8
105.6
107.2
109.8
104.9
110.9
108.5
108.8
107.1
110.8
112.0
110.5
103.6
104.7
100.4
99.7
97.1
96.0
93.3
96.7
92.2
95.8
97.0
103.6
100.3
99.3
96.0
98.0
97.9
97.7
96.5
100.9
92.4
98.1
98.7
101.6
103.7
103.1
105.7
106.9
99.0
101.9
106.6
103.0
106.3
107.3
107.2
108.2
106.8
107.3
106.6
109.2
111.2
108.5
108.6
109.1
110.1
106.9
117.7
116.2
111.7
110.5
118.8
120.7
115.9
113.2
126.2
147.2
149.7
146.4
150.0
142.5
146.4
142.5
144.1
143.3
117.3
138.1
117.9
129.4
118.1
150.2
104.0
108.7
112.8
105.5
97.2
99.0
93.4
95.0
94.2
93.5
93.8
93.3
97.1
94.5
95.8
96.1
96.0
95.5
95.5
95.5
98.7
101.7
97.6
98.4
100.3
104.9
102.1
102.0
101.5
100.3
103.9
99.3
109.8
113.6
104.3
108.5
106.4
104.5
106.6
99.7
105.8
103.7
103.0
104.0
102.6
103.3
104.3
100.0
101.9
101.2
103.0
103.3
101.8
104.4
100.8
100.8
101.1
102.2
101.9
107.9
105.7
105.5
104.9
105.0
104.1
103.5
105.7
103.4
103.4
103.9
102.7
106.6
101.3
103.6
102.6
104.4
102.8
101.7
98.6
104.1
104.3
104.2
101.2
103.5
102.8
102.3
103.6
99.6
100.0
98.6
102.4
101.1
99.5
98.4
99.5
98.0
97.1
97.4
95.8
97.5
95.9
96.9
94.6
95.6
95.1
92.1
94.0
92.2
93.2
93.0
92.7
92.5
91.2
92.9
94.3
92.9
92.5
90.3
92.6
93.2
91.0
92.5
95.9
94.2
93.7
94.0
96.2
92.5
93.1
95.6
94.9
93.9
92.2
91.9
92.5
90.8
95.4
97.0
94.8
96.0
95.0
94.8
92.3
91.5
94.2
91.2
90.9
90.9
93.6
92.8
92.8
94.7
90.9
89.8
91.8
93.2
91.9
93.1
95.7
88.6
91.6
92.0
93.7
91.2
94.8
91.8
94.0
92.0
95.1
91.7
89.3
89.7
88.7
89.4
93.6
92.1
89.5
89.9
90.3
92.1
89.1
90.8
90.0
92.1
91.5
95.0
93.2
90.3
90.5
90.6
89.3
93.4
90.1
90.1
89.4
87.9
89.2
90.3
89.9
89.9
90.5
86.8
90.2
88.5
92.2
89.8
90.5
89.7
90.2
92.5
92.9
88.9
91.1
90.9
92.5
92.8
87.1
89.4
88.1
87.8
88.9
91.3
90.4
91.6
89.6
88.8
91.4
88.0
92.1
90.5
91.9
91.3
92.0
93.4
91.6
90.4
93.3
90.5
88.9
89.1
90.0
92.4
94.1
91.9
93.3
90.3
91.3
96.4
92.3
98.6
96.4
92.8
93.8
95.3
98.4
96.8
94.1
93.3
95.9
100.8
96.6
92.6
94.2
91.8
92.4
93.5
93.0
91.0
105.6
91.5
93.8
94.4
90.8
90.2
93.9
94.9
93.9
90.4
94.9
91.3
95.6
96.5
95.5
96.9
101.1
95.4
94.6
95.6
96.9
99.0
98.4
98.5
98.8
97.0
94.1
97.5
96.5
97.4
95.3
96.4
94.6
94.1
92.3
96.8
94.0
94.8
96.9
92.6
93.1
96.7
95.3
96.4
96.2
100.3
95.0
95.8
92.9
92.4
92.0
88.6
88.9
89.9
89.7
88.8
88.6
87.3
89.2
93.2
89.6
88.7
88.8
94.7
90.3
89.0
88.9
89.4
87.4
87.8
89.2
90.3
88.8
88.7
87.5
89.4
88.1
88.5
86.4
86.1
87.1
87.2
86.3
87.8
89.9
86.3
89.0
88.3
90.2
90.3
86.9
87.8
87.7
88.4
87.9
85.3
85.8
92.2
86.6
85.6
86.7
86.7
85.9
88.7
86.6
85.0
84.5
87.9
85.1
85.3
86.0
87.6
86.4
87.2
85.7
84.6
87.0
87.1
84.5
85.5
86.1
85.1
84.1
88.1
83.4
87.2
86.3
84.2
84.1
84.6
84.5
84.2
85.0
87.1
85.0
87.4
84.5
84.8
84.9
87.4
84.8
85.1
89.5
85.7
83.5
85.1
85.0
92.9
88.1
85.4
86.9
87.0
86.9
84.5
85.3
85.8
89.6
88.1
86.7
85.4
88.4
86.2
87.5
89.4
90.8
90.1
92.8
89.2
96.3
88.1
91.7
92.9
93.8
85.7
89.7
86.7
87.7
89.8
87.8
85.7
86.9
84.6
84.0
83.7
93.5
87.8
87.8
84.2
84.7
84.7
85.0
84.4
86.9
88.8
86.7
88.0
85.9
91.9
90.6
90.9
91.4
95.7
88.4
92.4
93.8
95.5
92.4
95.7
91.1
90.8
93.1
90.1
88.6
93.5
93.2
92.7
92.2
90.5
91.2
93.7
86.0
91.9
86.2
89.0
90.3
90.4
89.2
87.9
86.4
87.8
87.9
87.5
89.3
86.1
88.3
85.9
84.8
87.7
85.4
85.4
89.0
85.1
87.0
84.5
84.9
86.3
89.6
89.9
90.5
90.3
89.2
91.8
92.7
93.6
92.9
91.7
90.7
88.3
90.8
92.5
93.3
94.8
93.2
96.7
93.5
94.9
93.8
97.9
99.9
98.3
94.8
98.5
98.4
96.6
97.3
102.9
102.8
102.4
101.9
102.8
97.2
102.8
101.7
96.5
99.3
95.3
96.3
106.3
153.2
157.7
149.0
130.6
141.4
137.6
136.3
133.6
146.5
146.2
143.2
146.1
142.0
144.2
144.5
140.6
135.8
130.8
130.6
133.7
133.8
129.4
133.1
134.9
131.4
130.3
130.0
135.8
133.5
137.0
136.5
134.9
137.9
138.9
133.5
134.4
137.2
134.7
134.9
137.1
127.3
134.7
129.8
132.0
127.2
125.9
129.5
128.0
135.1
132.7
107.8
111.6
104.7
102.2
95.4
103.9
90.0
89.6
89.2
91.1
89.7
90.4
90.1
90.4
89.1
89.7
89.9
88.4
88.7
88.7
88.7
88.6
88.7
87.5
88.0
88.1
87.7
87.0
86.7
86.0
86.0
86.0
85.1
85.1
83.6
84.2
84.8
84.1
83.2
81.3
80.9
81.0
80.4
80.5
80.8
82.1
82.5
83.0
83.1
85.0
84.7
85.4
85.4
85.7
83.9
85.8
85.2
84.3
83.2
82.2
82.2
81.5
81.9
81.5
81.1
81.1
81.3
81.0
80.4
80.7
80.3
80.2
80.3
80.6
80.7
81.7
80.9
81.4
81.2
81.2
81.2
80.8
81.2
81.1
81.0
81.0
81.2
81.9
80.6
81.4
81.1
81.4
81.3
82.0
81.3
81.8
83.1
81.8
82.1
81.1
81.8
82.3
81.7
81.5
81.6
81.2
81.4
81.2
81.6
81.4
90.4
81.5
81.5
82.1
81.7
83.4
81.4
82.8
81.4
81.7
81.3
81.6
81.7
81.9
81.5
82.2
90.7
81.7
83.3
83.1
81.3
82.9
82.1
81.0
82.5
81.3
81.2
82.7
81.7
81.1
83.4
80.4
80.8
82.3
80.5
80.2
81.4
79.8
79.8
79.8
80.7
81.0
80.8
80.7
79.0
79.2
81.2
80.4
80.0
81.5
80.6
79.0
78.7
79.4
80.4
82.1
78.9
81.2
79.1
77.9
79.3
78.1
77.8
78.0
79.2
78.5
80.7
78.1
77.9
78.0
78.4
79.1
77.6
77.8
78.1
77.3
78.5
78.5
76.9
78.4
77.0
77.1
78.0
77.3
94.2
83.2
80.4
94.6
75.4
99.0
71.3
79.2
80.5
81.4
85.1
76.2
86.7
80.3
82.2
82.3
81.4
123.6
132.2
128.2
122.0
119.7
115.8
119.4
117.3
114.9
120.2
123.3
121.6
122.8
123.2
123.7
120.9
121.6
129.7
127.4
122.6
126.9
126.3
129.8
134.5
133.3
125.7
128.3
130.8
127.4
132.0
124.9
124.2
129.8
127.5
131.1
134.5
129.6
132.1
128.7
130.2
131.3
134.3
135.0
133.7
130.6
134.3
132.9
134.2
129.8
137.0
133.3
135.2
137.1
133.4
135.3
134.1
130.5
130.7
136.6
136.1
131.0
139.9
133.2
134.3
137.3
132.8
132.5
136.6
135.0
134.4
131.0
131.8
132.2
134.7
130.3
131.3
133.7
133.2
127.8
133.6
132.6
131.4
134.7
127.5
130.2
133.3
132.1
127.3
129.0
131.2
128.3
127.5
125.0
125.4
130.6
126.4
127.5
126.7
126.2
121.7
124.6
125.5
127.4
120.5
122.7
122.7
131.6
125.8
122.8
122.7
123.6
124.6
123.2
124.4
124.1
123.2
126.6
123.0
124.3
117.8
122.6
120.7
123.7
120.0
118.5
114.7
120.2
116.5
122.5
123.9
124.3
122.5
121.1
119.8
121.5
122.8
120.7
126.0
121.0
122.3
122.8
119.8
121.9
123.2
120.9
121.0
122.2
120.5
124.3
120.8
120.9
121.1
121.7
119.7
116.2
117.3
122.3
114.3
119.2
114.6
118.4
118.2
117.9
114.1
116.3
117.1
113.8
112.0
110.7
108.3
115.4
115.7
112.8
112.8
114.5
116.2
109.5
112.7
109.7
105.6
112.8
112.2
109.4
105.6
110.2
109.3
103.4
107.1
104.8
107.5
106.4
106.3
103.5
103.6
100.0
97.0
93.2
98.3
96.6
89.3
86.4
82.0
75.5
74.6
72.7
68.5
68.0
67.3
64.9
58.1
64.8
62.9
59.3
55.6
54.7
54.9
55.3
55.2
54.4
50.3
52.2
52.0
54.0
52.3
49.6
48.2
45.6
45.5
49.9
52.5
50.1
47.9
36.9
39.6
37.5
36.9
49.8
45.3
40.9
42.6
13.4
6.0
6.6
6.1
22.0
22.7
22.2
21.9
22.0
22.0
22.0
21.5
21.2
20.9
