109.4
107.6
106.8
108.4
108.0
107.9
108.5
111.8
109.7
109.5
109.3
108.6
107.9
108.6
108.3
106.1
103.8
109.0
108.0
105.3
105.8
103.4
103.4
102.7
101.4
100.1
102.8
101.3
98.4
95.6
93.7
97.2
98.2
97.2
100.3
103.0
104.9
106.3
107.0
104.6
106.2
105.8
98.8
100.7
102.8
104.7
105.8
103.1
102.4
102.9
104.7
103.5
105.2
102.8
103.5
103.6
103.8
103.2
102.2
102.5
101.9
102.8
102.4
100.4
101.0
106.9
101.0
103.0
104.5
105.1
99.7
102.0
97.0
101.2
99.5
99.5
101.0
101.4
100.8
102.7
102.4
103.1
103.2
96.2
101.1
101.4
106.1
105.9
106.2
105.0
104.8
103.8
105.8
106.2
100.1
104.6
106.1
100.5
102.9
96.5
99.5
105.0
98.4
99.6
107.1
106.1
108.5
105.5
107.9
106.6
106.7
107.6
105.8
106.6
104.3
103.8
103.1
97.7
105.9
104.3
102.6
102.1
102.1
99.6
100.9
100.9
100.5
101.1
100.0
100.9
100.9
101.2
100.9
101.6
101.7
111.1
110.9
110.1
109.1
107.5
107.6
106.5
106.2
105.4
103.7
103.0
101.8
102.4
101.5
102.5
102.0
98.7
101.6
101.7
100.8
99.9
101.1
98.3
100.1
98.4
97.1
98.4
96.1
97.4
96.5
96.2
95.1
96.7
95.3
98.3
99.9
100.9
103.8
102.1
103.0
103.7
101.8
102.7
101.1
105.4
104.7
104.1
100.5
102.4
105.3
103.8
103.6
104.2
101.8
102.1
103.9
101.6
103.6
98.8
102.5
101.3
100.5
99.0
94.0
93.5
89.0
91.3
88.5
87.0
86.8
87.2
88.2
88.9
86.9
86.7
87.6
87.2
90.1
88.7
90.0
88.9
90.4
91.5
90.5
90.5
89.1
91.0
91.8
90.5
90.6
88.2
89.8
95.5
93.3
91.3
95.6
97.5
90.8
90.3
89.9
87.0
87.4
87.1
87.5
86.3
88.8
88.0
86.3
85.4
85.1
85.8
87.4
88.1
85.0
86.1
88.2
88.7
87.5
86.2
87.5
89.2
91.3
92.3
94.0
95.4
95.4
96.7
97.6
97.5
98.2
98.4
103.2
100.5
100.8
102.6
102.6
100.1
103.0
101.0
101.1
100.2
102.2
104.3
103.5
103.8
103.5
103.8
103.6
104.5
104.0
103.4
103.9
105.2
102.6
100.2
101.1
101.4
102.9
104.6
104.0
103.8
102.6
99.1
98.1
96.4
93.5
90.9
89.7
88.8
90.0
89.8
89.2
88.9
89.0
90.6
91.9
92.9
94.7
101.9
100.9
99.8
102.6
104.2
109.2
127.2
142.4
138.9
136.9
135.5
134.0
134.7
132.7
131.8
129.5
129.0
125.3
124.2
122.2
120.3
119.3
118.6
117.5
116.1
116.0
116.4
115.7
118.2
118.3
119.0
118.3
119.6
119.7
118.1
118.5
113.1
107.5
108.2
107.5
111.5
111.1
113.1
113.7
113.5
113.9
113.6
115.5
113.2
114.0
113.6
113.7
114.7
114.9
114.5
114.1
116.8
114.4
116.3
116.3
116.2
115.7
117.7
114.5
115.3
116.7
113.2
115.0
115.0
116.0
115.8
117.1
113.5
113.3
112.5
113.4
110.0
111.6
111.6
112.7
111.2
111.0
112.7
112.3
112.3
114.7
116.4
117.1
117.1
115.4
115.1
113.9
112.4
111.8
111.3
111.6
110.8
111.1
110.7
110.8
110.1
105.2
107.0
104.7
106.1
105.5
106.9
100.2
102.6
99.6
101.9
98.7
99.3
98.9
98.9
100.0
109.5
109.5
105.5
105.4
105.3
106.0
109.0
105.7
106.3
109.9
110.3
110.0
109.5
108.2
109.1
107.1
107.0
106.9
105.8
105.7
105.5
101.2
100.9
100.0
98.3
98.7
96.8
96.0
95.6
94.7
94.3
95.3
95.3
95.8
95.6
103.3
100.8
101.2
101.4
102.0
100.3
100.8
103.0
102.7
103.6
103.7
105.0
102.7
102.7
101.0
103.4
104.6
104.8
108.5
107.8
108.8
104.3
106.5
105.1
104.1
106.2
109.7
111.2
111.8
112.4
115.9
115.7
117.7
118.3
116.1
115.6
113.9
115.3
109.7
107.6
105.9
97.0
95.6
95.3
94.1
92.0
91.9
91.2
91.1
90.5
91.2
89.9
90.5
89.3
89.8
90.6
91.5
92.6
90.4
89.5
88.6
87.8
88.1
87.3
86.7
87.3
86.7
87.9
86.1
87.5
94.7
94.9
95.5
98.9
95.3
90.1
90.8
92.3
89.4
90.3
90.0
88.3
87.8
87.5
86.7
85.8
85.4
85.9
85.8
85.2
85.2
85.3
85.2
85.3
87.4
87.0
86.2
87.4
87.5
86.4
88.0
87.2
88.3
88.3
88.5
88.5
88.0
88.7
88.4
88.8
87.8
89.5
89.6
88.8
92.8
88.7
90.3
88.6
88.6
88.1
89.2
87.4
89.7
90.0
90.6
90.3
90.2
90.6
90.9
90.6
91.6
91.5
91.4
92.0
90.8
91.4
91.1
91.1
91.2
91.2
91.8
92.2
90.6
89.8
93.2
90.4
91.1
91.3
91.2
91.3
89.1
88.5
88.0
87.1
85.4
86.1
85.7
85.4
85.5
85.3
85.5
85.4
86.0
85.3
85.3
85.7
86.3
84.9
85.4
85.9
85.5
86.1
85.2
86.6
85.6
85.4
86.1
85.2
86.2
86.0
85.2
90.1
89.7
87.4
89.3
87.8
87.2
88.7
86.6
86.6
86.7
86.4
86.6
87.1
86.1
87.2
86.2
85.2
87.1
85.7
86.4
86.8
86.9
88.3
90.8
89.3
92.0
90.4
90.4
95.6
91.3
89.6
89.2
90.2
88.2
88.1
88.0
87.5
88.5
88.5
89.4
87.4
89.9
88.7
88.7
88.7
87.8
88.6
87.5
87.9
87.9
87.1
87.7
87.9
87.6
88.9
89.4
89.3
89.5
88.9
88.0
88.7
89.4
90.8
88.2
88.8
89.7
89.4
90.8
92.1
90.4
90.4
90.7
94.4
90.2
92.4
92.1
89.8
89.4
88.7
88.1
90.4
89.3
89.7
88.9
88.9
87.2
87.6
87.8
87.3
87.2
87.0
88.4
87.2
87.3
87.4
86.6
87.1
86.9
87.7
86.9
87.7
87.9
87.2
86.9
87.1
87.7
89.8
88.1
87.9
87.1
88.3
87.9
88.2
86.8
87.9
85.1
86.4
86.4
88.4
87.2
86.6
86.3
86.6
87.0
85.4
87.6
85.1
86.3
86.4
87.1
86.9
85.8
86.0
85.8
86.2
86.8
87.2
89.2
87.2
86.8
93.0
93.2
96.1
93.9
97.2
96.3
94.3
89.7
92.8
90.4
87.4
89.4
89.5
88.3
86.2
86.9
86.6
86.3
87.8
91.3
88.9
88.5
88.1
89.7
86.8
86.6
88.2
87.4
89.3
89.9
87.4
88.2
87.9
87.9
87.4
87.3
86.8
85.5
85.7
85.8
86.0
86.4
89.4
93.2
92.5
92.0
92.3
96.0
93.8
91.7
93.4
88.8
89.5
87.8
87.9
87.3
86.9
85.7
86.1
85.5
86.2
85.3
84.8
85.3
85.9
86.5
85.5
85.6
85.9
86.4
86.3
86.2
85.5
86.7
85.9
86.9
87.0
87.2
87.6
86.4
90.1
89.1
89.6
89.8
91.1
88.0
89.7
88.1
89.5
88.6
90.3
91.1
91.8
92.3
91.2
91.9
91.3
91.6
89.9
90.7
89.6
90.1
93.4
93.9
92.1
97.1
98.6
94.1
94.4
92.7
93.4
93.4
91.7
91.4
91.3
90.5
91.1
91.7
89.2
90.3
90.9
89.7
91.0
90.7
90.0
90.0
89.4
87.1
88.6
90.6
88.2
87.1
86.7
86.2
86.8
87.6
88.5
89.7
88.1
89.6
91.0
89.9
91.3
91.6
89.7
88.2
88.8
92.1
99.4
93.5
93.6
96.1
94.9
101.2
95.4
96.2
94.5
96.2
90.7
88.9
88.7
86.4
87.9
87.1
85.6
85.2
84.2
86.6
85.3
85.7
84.4
84.3
83.9
83.6
84.0
85.0
84.3
83.3
83.2
82.5
82.9
84.5
84.2
82.8
84.9
83.8
90.5
86.4
84.4
88.2
85.3
84.1
84.9
86.1
84.5
84.3
85.4
88.1
87.2
84.5
85.4
84.7
85.4
83.9
83.3
85.8
84.8
82.4
83.4
83.8
85.4
83.6
82.1
82.6
83.7
82.8
85.4
82.4
87.0
87.3
86.9
92.6
88.4
90.6
91.0
90.8
89.8
89.4
90.8
91.2
89.8
89.5
91.1
88.8
86.2
86.5
89.0
87.9
96.8
93.0
91.8
93.9
91.3
88.5
88.9
86.9
88.9
88.6
93.9
92.5
88.0
87.2
87.2
86.6
86.3
87.7
87.9
86.0
83.7
83.8
83.6
85.0
82.1
85.4
88.4
91.1
88.9
88.6
87.8
85.7
84.1
85.6
82.9
84.0
85.1
84.8
88.0
87.9
88.7
88.0
85.9
87.3
86.6
84.7
86.2
83.1
85.8
85.2
86.0
84.7
86.8
88.9
87.2
87.4
84.6
86.4
84.4
85.0
83.4
86.2
85.2
84.6
85.3
91.2
89.5
87.9
87.8
88.5
93.0
89.5
90.5
96.9
93.3
89.3
89.8
87.4
86.9
85.3
88.5
87.6
85.8
84.2
85.5
88.1
88.3
87.0
87.1
86.3
89.4
92.0
88.3
88.6
87.7
86.8
88.5
86.5
89.0
90.2
94.2
90.3
88.6
90.6
90.3
89.0
89.0
89.5
89.6
90.8
89.0
89.4
88.7
90.1
89.8
89.6
89.8
87.1
87.9
90.7
89.1
90.3
85.9
88.5
85.2
83.9
85.7
85.0
84.4
86.0
89.4
90.6
90.1
88.4
90.4
88.3
87.5
89.8
89.6
89.5
88.8
89.0
89.6
90.7
87.3
89.7
91.8
90.1
90.3
90.9
90.5
91.1
90.6
88.9
88.9
88.8
88.7
88.9
88.0
88.4
87.2
89.1
86.0
86.7
87.9
85.5
83.7
82.1
80.9
82.9
81.9
83.3
83.7
82.6
81.4
80.1
80.3
79.9
81.0
80.6
81.1
82.2
80.5
79.3
79.9
80.6
83.0
80.9
81.7
81.2
81.1
79.7
79.3
79.4
82.3
80.6
84.7
84.2
84.1
87.3
86.0
87.4
83.9
84.7
85.6
85.1
84.1
83.3
84.0
85.2
84.3
84.1
83.89999999999999
84.06206896551724
84.04310344827586
84.02413793103447
84.0051724137931
83.98620689655172
83.96724137931034
83.94827586206895
83.92931034482758
83.9103448275862
83.89137931034482
83.87241379310345
83.85344827586206
83.83448275862068
83.81551724137931
83.79655172413793
83.77758620689654
83.75862068965517
83.73965517241379
83.72068965517241
83.70172413793102
83.68275862068965
83.66379310344827
83.64482758620689
83.62586206896552
83.60689655172413
83.58793103448275
83.56896551724138
83.55
83.53103448275861
83.51206896551723
83.49310344827586
83.47413793103448
83.4551724137931
83.43620689655172
83.41724137931034
83.39827586206896
83.37931034482759
83.3603448275862
83.34137931034482
83.32241379310345
83.30344827586207
83.28448275862068
83.2655172413793
83.24655172413793
83.22758620689655
83.20862068965516
83.1896551724138
83.17068965517241
83.15172413793103
83.13275862068966
83.11379310344827
83.09482758620689
83.07586206896552
83.05689655172414
83.03793103448275
83.01896551724137
83.0
82.98103448275862
82.96206896551723
82.94310344827586
82.92413793103448
82.9051724137931
82.88620689655173
82.86724137931034
82.84827586206896
82.82931034482759
82.8103448275862
82.79137931034482
82.77241379310344
82.75344827586207
82.73448275862069
82.7155172413793
82.69655172413793
82.67758620689655
82.65862068965517
82.6396551724138
82.62068965517241
82.60172413793103
82.58275862068965
82.56379310344828
82.54482758620689
82.52586206896551
82.50689655172414
82.48793103448276
82.46896551724137
82.45
82.43103448275862
82.41206896551724
82.39310344827587
82.37413793103448
82.3551724137931
82.33620689655172
82.31724137931035
82.29827586206896
82.27931034482758
82.26034482758621
82.24137931034483
82.22241379310344
82.20344827586207
82.18448275862069
82.1655172413793
82.14655172413794
82.12758620689655
82.10862068965517
82.08965517241379
82.07068965517242
82.05172413793103
82.03275862068965
82.01379310344828
81.9948275862069
81.97586206896551
81.95689655172414
81.93793103448276
81.91896551724138
81.9
81.88103448275862
81.86206896551724
81.84310344827585
81.82413793103449
81.8051724137931
81.78620689655172
81.76724137931035
81.74827586206897
81.72931034482758
81.71034482758621
81.69137931034483
81.67241379310344
81.65344827586208
81.63448275862069
81.61551724137931
81.59655172413792
81.57758620689656
81.55862068965517
81.53965517241379
81.52068965517242
81.50172413793103
81.48275862068965
81.46379310344828
81.4448275862069
81.42586206896551
81.40689655172413
81.38793103448276
81.36896551724138
81.35
81.33103448275862
81.31206896551724
81.29310344827586
81.27413793103449
81.2551724137931
81.23620689655172
81.21724137931035
81.19827586206897
81.17931034482758
81.1603448275862
81.14137931034483
81.12241379310345
81.10344827586206
81.0844827586207
81.06551724137931
81.04655172413793
81.02758620689656
81.00862068965517
80.98965517241379
80.97068965517241
80.95172413793104
80.93275862068965
80.91379310344827
80.8948275862069
80.87586206896552
80.85689655172413
80.83793103448276
80.81896551724138
80.8
80.78103448275863
80.76206896551724
80.74310344827586
80.72413793103448
80.70517241379311
80.68620689655172
80.66724137931034
80.64827586206897
80.62931034482759
80.6103448275862
80.59137931034483
80.57241379310345
80.55344827586207
80.5344827586207
80.51551724137931
80.49655172413793
80.47758620689655
80.45862068965518
80.4396551724138
80.42068965517241
80.40172413793104
80.38275862068966
80.36379310344827
80.3448275862069
80.32586206896552
80.30689655172414
80.28793103448277
80.26896551724138
80.25
80.23103448275862
80.21206896551725
80.19310344827586
80.17413793103448
80.15517241379311
80.13620689655173
80.11724137931034
80.09827586206897
80.07931034482759
80.0603448275862
80.04137931034484
80.02241379310345
80.00344827586207
79.98448275862069
79.96551724137932
79.94655172413793
79.92758620689655
79.90862068965518
79.8896551724138
79.87068965517241
79.85172413793104
79.83275862068966
79.81379310344828
79.7948275862069
79.77586206896552
79.75689655172414
79.73793103448276
79.71896551724139
79.7
81.8
82.7
81.0
83.4
83.1
84.8
84.3
85.1
85.0
89.1
88.9
85.3
86.0
84.8
83.3
81.2
82.2
80.8
81.8
82.4
80.7
81.3
80.3
82.0
83.4
83.6
82.8
81.1
80.1
80.1
82.0
80.0
81.9
79.5
79.3
78.8
78.5
77.4
77.5
77.1
77.5
79.1
81.4
79.2
79.4
78.9
79.6
79.0
79.2
79.8
79.9
80.2
79.5
81.0
82.1
84.5
83.2
81.7
81.9
84.0
83.7
82.6
82.9
80.7
81.1
80.7
80.8
81.3
83.1
80.9
86.6
85.1
86.3
86.6
88.8
89.9
92.0
93.4
92.8
90.3
89.8
89.1
89.9
88.6
87.3
88.4
87.8
87.6
85.1
86.0
85.3
86.7
84.6
85.2
83.8
83.8
83.8
82.2
81.6
81.1
82.4
81.7
82.9
84.1
84.7
84.1
85.9
85.4
85.9
86.8
86.8
85.6
87.9
88.5
87.9
88.2
85.6
86.0
85.3
85.3
86.6
83.8
84.0
86.8
83.6
84.2
87.2
86.7
87.3
85.7
87.6
94.4
97.4
94.8
94.9
95.7
92.5
91.2
90.5
89.5
88.0
88.3
87.4
88.8
86.6
87.0
86.2
86.7
89.7
90.7
89.6
88.6
88.2
89.7
88.5
90.2
88.9
88.2
87.5
85.1
85.9
86.3
85.6
82.4
84.1
84.4
84.1
86.2
82.4
81.9
82.5
81.0
80.2
81.6
82.1
80.7
81.1
80.1
80.5
83.7
80.5
81.7
81.8
81.0
81.5
81.2
81.2
81.9
81.5
81.9
82.2
82.1
82.5
84.1
83.5
82.8
82.8
83.1
83.3
82.9
84.1
83.1
82.4
83.2
83.7
83.3
84.2
84.6
84.2
82.3
82.9
82.6
83.4
84.4
82.8
86.2
86.8
85.1
84.4
85.0
85.1
84.4
84.2
84.8
86.0
84.9
84.8
84.9
84.9
84.9
85.9
88.1
88.5
96.8
92.0
91.2
90.6
92.1
89.4
91.8
87.8
89.8
87.2
85.4
89.3
90.2
91.8
91.2
92.1
91.7
87.4
85.0
85.6
85.0
84.3
82.9
83.9
83.2
83.6
85.2
83.5
82.4
83.2
83.0
83.0
84.2
84.2
84.4
82.6
82.0
84.2
83.7
83.5
82.4
81.6
82.0
82.6
83.0
81.8
81.9
82.5
82.1
81.5
81.7
82.1
81.4
83.4
82.1
82.0
82.2
81.5
81.7
82.0
81.0
82.9
81.3
82.0
81.2
81.6
82.0
81.8
82.4
81.5
83.3
80.1
82.2
85.0
83.3
83.9
83.7
82.7
83.2
83.5
83.6
83.1
82.2
82.6
82.9
87.7
88.7
85.5
84.4
86.0
87.2
86.7
87.3
87.0
88.2
90.9
95.8
91.5
89.5
87.3
85.5
87.1
89.1
85.7
85.0
86.6
83.7
84.4
84.3
83.0
84.1
83.2
83.0
83.1
83.2
81.6
82.2
81.4
81.7
81.0
81.1
82.1
81.7
81.7
81.0
82.1
82.6
81.8
83.0
81.5
82.2
85.1
83.2
84.4
83.9
84.3
83.3
83.4
84.0
84.0
84.0
82.7
84.6
85.3
83.7
83.2
84.2
84.0
84.0
83.5
84.3
83.3
83.3
84.2
83.6
86.5
85.3
86.1
85.3
85.3
86.0
85.0
85.3
85.8
86.4
88.1
86.8
87.0
88.4
87.0
85.8
87.2
85.8
86.3
88.1
84.9
87.7
86.7
85.3
84.9
87.9
85.1
85.0
85.5
89.2
86.6
85.4
86.4
85.4
86.7
87.0
87.3
86.4
84.7
85.0
84.9
85.9
85.2
85.1
85.0
85.0
85.8
85.0
84.9
83.9
84.8
83.6
83.8
84.2
84.3
84.9
85.7
87.4
86.7
85.6
86.2
86.3
87.1
85.0
85.9
86.5
84.6
88.1
89.4
87.8
87.1
88.6
87.2
86.4
88.2
89.3
87.2
87.7
87.4
87.0
89.4
88.1
90.1
89.0
92.3
100.5
92.5
89.8
93.7
91.5
90.8
89.6
90.2
87.8
89.1
88.6
87.0
86.3
87.4
87.4
87.1
85.8
88.7
88.0
87.1
86.1
86.2
86.3
86.3
85.3
84.1
85.6
85.8
85.1
84.1
85.1
85.1
85.9
84.3
84.1
83.8
84.8
84.3
83.8
84.0
84.6
82.9
83.8
84.8
83.3
84.2
83.5
82.5
83.7
83.4
84.2
84.8
84.4
88.9
97.6
92.6
91.4
93.4
89.9
88.3
91.1
89.0
88.2
88.1
91.9
88.6
88.0
89.1
88.2
88.2
87.8
91.0
91.6
89.1
89.2
87.6
89.2
86.1
88.6
86.4
86.3
84.3
86.1
84.8
87.6
86.5
92.9
96.2
93.2
92.7
92.7
96.2
94.7
98.3
96.3
96.3
93.8
92.1
96.2
91.6
95.1
93.5
88.1
86.1
85.5
84.7
85.1
85.9
86.6
95.1
106.1
101.4
100.8
97.8
93.7
91.0
94.2
100.3
94.8
91.1
89.5
87.1
86.3
83.5
84.1
83.3
82.9
82.9
82.3
81.7
82.8
82.0
80.7
80.5
81.0
81.3
80.7
81.4
80.5
79.3
80.7
82.1
81.2
81.1
81.2
82.1
83.4
83.4
82.3
83.1
82.6
81.9
83.2
82.1
81.7
82.8
82.1
82.2
83.8
81.9
82.5
82.1
82.9
83.3
82.8
82.1
82.2
84.0
87.1
88.0
89.6
87.3
84.9
86.8
88.4
86.9
87.0
86.9
93.1
92.6
91.3
88.6
88.1
85.9
87.3
84.9
84.5
84.5
83.5
83.6
83.1
81.9
82.5
83.4
82.7
82.9
82.1
83.2
83.4
84.7
83.1
86.2
84.0
84.8
84.5
84.3
84.8
84.3
83.7
84.5
84.1
87.6
89.1
86.6
85.3
86.1
85.8
87.1
85.8
85.0
87.2
88.1
88.0
90.8
90.6
88.3
91.2
90.2
89.2
90.2
90.1
89.7
89.8
90.5
88.0
89.0
86.8
87.6
88.0
88.0
88.8
87.6
88.5
87.9
89.2
89.3
91.8
89.5
90.2
89.8
90.1
89.1
88.8
89.3
89.3
89.2
91.9
90.0
90.5
90.8
89.9
88.8
89.3
90.1
89.7
88.5
87.6
88.5
87.7
88.9
88.5
89.0
88.7
88.5
91.9
89.1
89.9
88.7
88.3
89.7
89.0
90.3
90.4
90.7
90.8
92.2
92.6
92.3
92.5
91.8
92.9
92.6
95.6
94.5
92.4
91.3
94.2
90.9
93.5
93.2
94.0
93.1
93.1
92.7
92.3
93.1
92.3
91.7
91.8
90.5
92.0
92.7
91.5
91.8
90.6
93.7
94.6
91.5
94.3
91.7
91.3
90.1
90.0
91.5
91.2
90.6
89.1
89.5
92.5
92.2
89.9
90.1
90.3
89.6
91.8
89.6
89.8
89.2
89.0
89.7
92.8
93.0
91.8
92.4
91.2
90.4
91.3
92.8
91.3
89.8
88.3
91.5
92.2
90.9
90.1
90.8
90.9
90.7
89.2
89.1
91.7
89.8
92.4
91.1
91.4
92.8
92.0
91.2
91.5
90.5
91.3
90.8
91.2
93.5
91.4
91.7
92.3
91.1
91.5
93.1
93.5
93.4
94.7
93.6
94.7
93.6
93.6
95.2
94.9
93.8
93.5
93.8
92.3
95.1
92.5
94.4
94.1
93.7
96.4
95.7
94.7
95.9
94.4
93.8
95.1
93.6
93.4
95.6
94.9
97.0
96.7
94.9
94.7
93.5
93.6
92.4
92.0
93.0
94.0
92.0
92.3
90.5
91.7
92.1
92.3
93.2
92.8
92.4
93.3
91.9
94.1
93.7
93.9
93.6
92.3
93.2
93.3
92.8
93.0
96.7
92.9
95.2
99.5
99.0
100.6
103.4
102.6
98.6
99.8
96.4
95.3
92.3
91.0
93.9
94.0
92.4
93.1
95.1
92.3
91.8
94.9
95.4
93.7
91.3
96.0
96.3
91.8
91.1
92.3
90.0
94.6
93.3
94.2
94.8
98.6
95.1
93.4
92.9
93.8
90.4
91.9
89.8
93.8
92.6
93.0
91.7
90.8
91.1
90.2
90.5
90.5
92.2
91.0
93.6
93.8
97.1
93.8
94.9
95.9
97.8
98.1
96.7
95.0
94.6
92.0
92.0
91.5
92.0
91.5
92.3
90.8
93.5
91.5
91.3
91.8
90.8
91.4
92.3
92.5
92.3
91.9
92.2
91.8
93.6
91.4
90.9
96.5
95.0
93.4
94.4
94.1
97.3
100.1
96.2
94.6
94.6
94.9
96.4
94.5
94.6
94.2
97.6
95.5
97.2
96.3
94.5
94.3
98.8
96.1
97.7
97.6
95.3
99.4
98.1
98.5
98.1
98.1
98.0
98.4
98.8
97.9
99.1
98.7
97.8
98.2
98.7
98.2
98.6
98.5
99.4
98.2
97.0
97.2
95.6
95.7
97.0
97.6
97.8
97.4
98.4
99.2
98.7
96.6
98.7
98.5
99.5
100.6
99.5
98.8
94.7
97.2
95.6
97.1
95.9
93.6
93.0
93.6
93.9
93.4
93.0
93.3
94.6
92.1
94.2
92.7
92.8
93.3
91.2
92.7
93.8
92.3
92.7
93.8
94.8
93.1
93.6
96.4
99.2
97.6
97.4
97.3
96.7
97.4
95.5
95.6
94.1
95.3
97.1
93.1
96.2
93.4
95.1
92.5
92.1
97.0
96.2
95.2
94.8
96.5
95.9
94.9
95.5
94.5
96.5
97.1
97.2
100.3
100.9
99.7
100.4
101.1
99.7
99.6
98.7
97.9
97.7
96.7
99.9
98.9
99.7
96.2
101.8
102.3
99.2
99.1
101.3
98.5
96.2
93.2
94.6
95.5
94.1
86.7
84.2
89.8
89.7
86.6
89.6
90.7
88.8
88.9
89.8
84.3
82.5
83.6
83.1
83.5
84.7
85.5
85.4
88.1
87.6
89.3
88.7
87.5
87.5
88.5
85.1
88.2
87.7
86.5
85.6
86.1
85.7
85.6
84.6
84.2
84.7
84.0
84.7
85.3
84.8
85.2
84.6
83.8
87.1
84.0
88.2
87.3
86.4
85.7
88.5
87.7
85.6
85.1
86.4
91.5
89.5
87.6
87.9
84.8
86.1
85.7
84.4
86.3
85.4
88.3
91.9
87.8
88.0
88.8
87.9
90.0
88.6
88.1
89.1
90.3
87.6
89.3
88.0
85.8
87.5
88.1
86.3
88.2
86.8
85.6
87.5
87.1
87.1
86.7
86.9
87.6
85.7
87.1
87.6
86.0
88.7
88.3
87.1
88.3
89.9
88.3
87.6
88.5
86.9
88.5
87.8
87.3
87.1
88.6
89.7
89.6
90.8
90.7
89.0
90.0
91.0
91.6
91.3
91.5
89.7
89.5
90.4
91.0
88.9
90.5
90.7
90.4
90.8
90.4
89.6
90.1
90.6
89.3
88.4
89.8
88.6
88.0
87.9
87.8
86.6
86.6
90.5
90.4
89.6
88.6
89.6
89.5
89.6
88.7
88.5
90.1
88.2
89.3
87.5
86.7
87.0
86.5
88.4
87.7
87.7
87.1
88.7
86.5
85.9
87.0
85.9
87.4
87.8
88.0
87.0
87.1
86.5
86.3
86.6
86.1
86.7
86.2
86.1
86.3
87.3
86.2
87.2
88.7
87.5
86.7
87.2
87.1
86.4
84.7
86.4
87.6
86.6
86.3
85.5
87.9
86.2
88.4
86.3
86.7
86.6
88.1
85.8
86.7
90.7
88.2
88.3
90.8
90.3
88.4
89.7
89.0
87.0
87.5
88.6
86.0
87.2
87.5
89.1
89.1
87.6
88.3
88.1
87.6
86.8
86.3
86.5
87.8
87.4
89.1
89.4
87.8
87.0
87.0
86.4
88.6
88.6
88.8
90.1
89.2
90.3
90.0
89.8
90.3
91.4
89.9
88.4
89.0
89.5
89.4
90.5
89.4
88.1
89.9
89.4
90.4
90.0
90.5
89.6
91.1
91.3
91.7
88.3
86.3
92.3
87.7
90.4
86.4
88.2
85.3
86.8
87.1
87.0
85.6
88.5
89.6
92.6
93.2
90.3
87.8
89.1
88.5
89.0
86.6
86.3
85.2
87.7
88.6
87.7
87.2
88.2
87.5
85.9
86.8
87.5
85.2
87.8
85.2
85.4
86.4
87.4
87.5
86.1
87.0
89.6
87.9
86.2
90.9
88.7
90.0
91.1
88.7
87.1
89.2
89.8
91.3
89.7
90.0
91.7
91.3
90.1
90.7
89.9
89.1
89.1
91.1
90.6
91.6
89.8
90.6
90.1
89.1
91.2
92.0
89.3
89.5
92.2
87.9
89.1
88.4
92.4
90.1
88.5
90.9
90.2
90.4
89.0
88.7
88.3
89.7
87.8
88.6
89.6
86.7
88.5
89.6
89.9
89.6
89.0
88.8
88.7
88.2
87.6
91.7
89.8
89.1
89.4
88.8
87.8
88.9
92.2
90.9
90.7
89.9
89.4
88.3
87.7
87.6
91.7
89.6
88.8
88.2
87.6
86.9
90.2
91.8
87.9
89.5
89.7
89.9
88.0
89.6
89.4
89.5
89.6
91.4
89.5
90.5
88.3
87.6
88.1
88.2
88.4
88.3
89.0
89.5
88.8
87.0
85.9
89.3
88.6
87.9
88.8
89.2
87.7
88.2
87.6
90.4
90.2
89.8
90.5
92.9
89.2
88.5
91.2
91.3
91.3
91.7
88.8
87.9
90.6
90.5
88.8
87.8
87.3
87.9
86.8
86.9
87.8
88.5
89.2
89.6
89.2
90.1
88.6
89.4
88.7
87.2
89.4
87.4
86.7
88.2
90.4
89.8
90.0
88.9
89.3
90.9
92.0
92.0
90.7
88.8
90.2
87.3
89.9
89.6
93.4
91.0
90.3
90.2
92.4
97.2
93.3
94.2
94.1
92.6
91.7
92.7
92.8
90.9
90.9
89.1
89.3
90.2
89.2
89.6
90.4
89.6
87.5
86.3
86.9
87.1
87.4
87.9
88.0
87.6
84.3
84.4
86.3
86.6
89.1
87.9
91.3
95.0
91.5
92.3
91.6
92.2
92.3
96.5
93.2
91.4
91.7
88.6
88.3
92.3
92.3
89.8
88.7
87.9
87.1
85.3
86.3
88.0
89.6
95.8
94.5
90.6
88.9
87.7
90.8
90.0
89.3
89.2
88.7
86.5
88.3
88.9
90.2
88.1
89.6
89.7
90.2
90.9
90.3
87.0
88.6
89.0
88.8
87.9
87.8
91.4
88.7
87.9
88.1
86.7
90.1
90.3
87.1
87.7
92.7
95.0
90.1
91.2
88.0
86.1
89.1
86.1
85.3
86.8
86.4
84.6
84.6
84.4
84.0
82.8
83.6
84.9
83.1
89.0
85.2
85.2
84.0
83.2
82.3
83.2
83.4
82.5
83.3
82.0
82.1
84.0
84.8
83.6
82.7
84.3
85.2
87.5
87.9
84.0
86.8
83.4
86.4
84.5
84.4
83.0
84.1
83.7
83.3
80.2
79.7
81.9
82.4
79.8
81.4
79.7
82.3
82.2
83.5
83.2
81.4
82.6
81.6
82.9
80.7
83.0
82.5
82.9
84.5
86.6
85.7
83.6
82.9
83.3
85.2
84.2
85.2
83.4
83.3
83.2
82.1
82.1
82.0
81.6
85.3
84.2
86.7
90.3
87.2
84.7
84.5
83.8
86.0
86.8
85.0
84.2
83.2
82.8
82.3
82.1
80.3
79.3
80.1
81.4
80.9
82.8
83.4
82.2
82.0
82.1
81.9
81.8
82.4
82.7
81.8
81.0
82.5
83.4
81.4
82.8
82.7
82.6
82.2
82.1
82.9
82.2
81.4
82.8
81.0
82.1
82.6
82.1
81.7
82.3
82.3
81.3
81.1
82.3
81.5
81.4
81.3
82.0
81.6
82.0
81.9
82.8
89.2
92.0
93.4
92.4
87.0
86.1
88.2
86.4
84.6
83.9
84.3
83.9
83.8
83.1
83.0
83.6
83.3
82.3
83.3
82.5
83.4
82.9
82.5
82.7
82.8
82.3
82.8
83.1
82.6
82.5
83.3
83.1
82.7
83.1
81.8
83.2
84.4
81.8
82.3
81.3
84.1
84.3
84.8
83.7
82.6
83.0
81.7
82.5
82.5
82.1
82.4
83.5
83.2
82.0
82.4
82.2
82.3
81.7
80.5
81.1
81.6
81.4
81.2
82.2
81.7
81.8
81.2
82.2
84.0
83.7
82.4
81.7
81.8
82.3
81.3
81.4
81.8
81.1
82.2
81.8
82.2
81.4
82.4
81.7
82.0
83.0
83.8
82.9
81.2
81.4
81.6
82.2
82.0
82.2
81.3
81.3
81.8
82.1
81.8
81.3
83.4
84.8
83.2
81.1
81.7
82.1
84.5
82.7
82.3
83.0
81.4
80.7
82.1
81.4
82.3
80.9
81.3
82.2
82.0
81.3
80.8
80.8
81.8
81.6
81.8
81.6
83.8
84.0
82.3
82.1
82.1
81.6
83.5
81.7
82.2
82.4
81.3
81.4
81.2
81.2
82.1
80.0
80.5
81.1
80.5
80.2
79.8
79.8
80.2
81.1
79.6
79.1
79.6
79.8
79.3
79.1
79.0
79.9
79.3
79.7
79.5
79.1
79.5
79.4
78.3
78.7
80.2
79.1
78.9
80.3
79.0
79.2
80.3
79.4
81.0
80.9
79.8
79.5
79.9
80.9
81.3
81.9
81.6
83.7
91.9
89.2
89.3
85.4
86.7
85.1
83.7
83.4
82.8
84.4
83.4
83.9
81.8
83.0
82.0
82.6
82.6
81.0
81.5
81.5
82.2
81.7
80.0
81.1
79.5
80.0
79.3
79.7
79.7
79.8
79.4
79.2
79.5
78.9
79.0
78.3
78.6
79.0
78.8
78.7
79.4
79.5
79.7
84.7
85.1
84.8
84.9
83.8
82.5
82.3
80.5
81.3
81.1
81.0
80.9
80.6
80.6
80.3
80.0
80.4
80.3
80.6
80.1
80.1
80.1
80.1
79.4
80.4
80.1
80.2
80.7
80.4
79.7
79.9
79.8
80.3
79.6
80.4
87.0
84.7
82.7
82.2
81.9
81.8
81.5
80.7
80.9
81.8
81.9
85.5
85.4
84.4
83.6
82.0
82.0
81.5
81.1
80.7
81.7
81.7
80.6
80.9
80.5
79.6
79.6
79.1
79.4
79.0
79.7
84.8
86.8
84.8
86.3
89.8
87.9
88.1
87.1
88.0
85.9
84.7
87.0
87.9
86.0
84.6
83.9
81.5
82.2
82.3
82.5
81.0
81.0
80.1
79.9
79.5
79.3
79.0
79.0
79.1
78.9
79.0
77.3
78.4
77.7
77.3
77.8
78.3
78.3
77.9
77.9
78.1
82.7
81.0
79.1
78.0
77.2
77.2
77.6
77.6
77.8
77.3
77.8
77.8
77.7
77.9
77.9
78.3
77.6
77.6
76.3
77.7
76.4
77.3
77.8
76.8
78.2
79.4
78.8
80.2
81.3
81.4
81.0
80.6
78.6
76.6
77.8
78.8
77.0
79.9
79.1
78.5
77.6
79.7
79.0
80.9
80.3
80.5
80.6
82.1
80.9
80.4
80.3
80.9
79.5
80.3
79.5
80.8
82.2
80.2
78.7
79.4
80.6
81.2
80.5
79.6
80.0
80.4
79.1
78.6
78.1
77.7
77.6
78.2
77.5
77.1
77.3
77.8
77.1
78.4
81.3
79.1
80.0
80.5
80.6
80.6
80.5
80.2
81.7
80.5
79.0
79.5
79.2
79.1
78.8
78.9
78.9
79.4
79.0
77.9
78.8
78.9
79.0
84.5
83.4
81.1
87.2
83.2
81.8
81.1
81.1
80.1
80.1
79.2
78.7
79.3
79.1
78.7
79.4
78.8
79.8
79.0
79.7
79.4
80.0
79.4
78.7
79.6
80.9
84.0
83.3
83.4
81.4
81.8
81.8
79.3
80.6
79.9
80.3
79.4
79.8
83.4
79.9
78.6
78.8
80.4
80.3
80.0
78.8
80.2
80.5
80.1
79.9
79.8
79.3
79.2
79.1
78.9
79.0
79.9
79.6
84.0
80.5
79.3
79.5
82.8
80.5
79.6
81.3
80.6
80.2
82.5
80.1
81.4
80.3
81.5
81.2
81.3
81.4
80.4
77.5
79.3
78.3
80.1
81.3
78.9
79.6
80.7
80.2
79.1
78.5
76.3
78.2
77.8
81.3
79.8
80.1
79.8
78.5
79.3
79.5
80.3
79.8
79.5
80.3
80.0
80.8
80.4
81.2
80.5
81.2
81.5
79.2
78.8
79.4
78.9
79.2
80.1
87.1
90.1
83.4
85.4
83.4
85.1
90.8
89.4
82.7
85.0
87.7
89.6
91.0
89.9
86.2
86.1
86.2
85.3
89.1
86.6
88.4
89.0
87.7
84.4
86.8
87.4
83.5
83.1
83.2
82.4
85.0
81.9
82.4
81.6
84.7
82.3
81.0
79.9
78.5
79.4
79.3
78.4
79.4
79.1
78.8
77.8
78.0
79.0
77.9
77.6
76.6
77.6
77.5
81.2
89.3
97.39999999999999
91.2
91.6
85.1
83.4
80.3
80.2
81.4
80.6
81.2
79.3
81.4
81.2
79.5
80.2
79.4
79.5
78.9
78.3
77.3
78.4
79.1
78.2
78.6
78.2
78.9
80.1
79.9
78.7
79.0
78.4
77.4
80.3
81.2
80.0
78.7
77.0
77.9
79.0
75.2
78.7
77.1
77.2
78.0
80.6
78.4
78.2
77.7
77.6
77.5
78.4
79.3
81.2
79.2
78.6
79.6
78.1
80.4
80.4
84.3
82.3
85.4
82.2
82.7
81.0
81.0
81.7
81.4
79.5
79.7
80.0
80.8
79.9
78.9
78.5
81.3
77.9
80.3
80.0
79.5
82.1
82.1
81.1
81.5
79.0
81.7
79.1
80.4
78.4
80.6
79.4
77.4
78.4
80.1
80.3
79.3
78.8
79.3
78.2
79.3
78.4
80.8
79.1
80.1
81.2
79.5
78.5
79.5
79.7
79.0
79.2
78.4
79.1
78.6
79.7
79.4
79.6
84.9
80.3
82.2
79.2
78.6
85.5
80.4
79.9
79.3
79.9
79.4
78.5
78.3
77.0
81.5
79.1
81.2
77.5
78.6
80.6
78.7
79.1
78.6
78.8
78.4
79.3
79.7
80.0
81.1
82.2
84.8
82.3
84.8
86.4
83.2
85.1
87.9
87.8
85.3
89.1
87.7
83.0
86.0
89.3
86.7
84.0
83.8
82.9
82.0
82.6
79.9
83.0
84.0
81.9
81.1
82.6
82.0
82.6
82.2
84.7
80.7
83.6
84.0
83.6
82.2
83.0
80.0
80.4
81.1
80.8
79.1
80.4
79.6
81.0
81.7
81.0
85.6
84.3
83.9
85.8
84.6
85.8
85.2
85.3
84.1
82.1
83.3
82.8
80.9
80.8
81.4
80.8
80.1
81.8
81.9
82.8
81.2
77.8
82.1
80.2
79.1
80.0
79.7
79.5
79.3
80.5
79.0
83.3
82.8
82.2
85.4
85.0
87.6
87.5
84.1
84.1
85.4
81.5
82.2
81.9
84.5
84.7
82.8
81.2
81.5
82.5
80.7
85.7
82.8
85.9
85.0
84.1
83.6
86.8
84.1
83.0
84.6
86.4
89.7
88.8
83.0
86.6
87.6
85.7
84.9
83.9
85.2
83.8
83.5
83.3
82.5
80.1
80.5
85.8
83.9
80.5
81.4
83.4
81.2
81.4
80.0
79.8
80.3
81.8
86.0
88.5
90.5
86.5
82.3
83.8
88.5
82.1
82.6
82.7
82.5
83.5
82.9
81.2
82.0
84.9
86.6
85.0
86.6
87.4
88.6
86.4
87.7
87.4
87.6
86.8
88.2
86.8
86.3
84.7
82.7
82.8
83.8
84.5
85.7
82.3
83.4
84.4
81.7
84.2
84.8
83.5
81.8
83.2
83.7
81.7
81.5
81.8
88.3
85.0
86.5
87.4
82.6
84.0
85.8
82.5
82.2
84.8
83.4
85.4
86.3
85.1
85.0
85.9
85.0
86.6
82.7
81.3
85.2
83.3
84.3
82.2
83.5
83.5
89.7
86.8
80.5
81.2
81.6
80.7
79.8
80.2
79.9
78.7
80.6
79.5
80.0
79.9
79.8
78.5
79.3
79.3
80.1
79.5
77.9
78.0
79.2
79.8
80.8
79.5
79.0
79.8
80.7
83.4
80.8
82.3
84.1
81.8
83.7
82.4
86.2
90.0
88.8
90.1
87.0
86.6
88.9
86.9
84.2
84.6
84.0
83.6
83.4
83.8
83.1
83.0
81.8
81.0
83.0
83.5
83.3
83.8
82.3
84.0
84.4
85.6
83.9
84.7
87.6
85.8
87.1
86.6
85.7
86.1
84.1
83.1
82.5
82.9
81.9
83.8
82.1
81.9
80.6
83.7
80.3
81.1
79.5
80.9
80.0
79.3
79.3
78.3
78.1
78.6
76.6
79.1
78.6
78.1
78.0
79.1
78.7
78.1
77.7
77.4
78.8
78.2
78.8
79.6
78.6
77.8
77.4
79.7
78.2
79.7
80.4
80.5
79.7
78.3
80.5
80.0
80.4
81.0
81.3
79.5
80.4
80.0
80.1
79.5
79.1
80.6
79.9
78.5
78.8
77.8
78.5
77.8
79.1
79.7
82.1
86.8
87.5
87.4
83.9
82.9
82.9
80.8
81.5
79.6
79.5
81.8
79.7
80.1
78.7
78.7
80.3
79.6
79.1
78.8
80.2
80.9
79.7
81.0
81.8
80.4
79.9
79.6
78.9
79.0
78.9
79.1
79.2
79.0
81.0
79.2
80.0
80.6
79.6
78.6
79.3
83.2
81.9
81.9
82.0
79.7
82.5
79.4
80.8
79.2
80.2
79.6
78.9
80.8
85.2
81.7
80.3
81.8
79.7
79.8
80.1
79.8
80.1
79.4
79.2
79.4
78.6
78.2
79.1
79.2
78.2
79.9
79.6
79.2
78.0
78.8
79.5
77.4
79.0
78.3
78.6
78.3
78.2
78.0
78.3
77.7
78.8
78.8
83.1
88.4
83.8
81.0
81.1
84.3
82.4
81.3
79.4
80.3
79.2
78.9
79.2
80.6
81.9
80.4
79.6
81.2
79.9
80.2
79.3
78.5
78.5
79.1
79.3
79.0
78.8
79.0
81.0
81.5
83.9
81.0
80.0
79.9
80.8
81.4
81.4
81.5
79.6
80.2
80.4
78.6
79.2
81.6
79.7
79.4
79.4
79.7
79.8
79.9
79.4
79.4
79.5
78.5
79.3
88.1
86.8
87.3
85.6
86.8
84.6
85.5
86.3
86.2
86.5
86.2
86.0
89.6
88.0
89.3
88.5
87.6
88.4
87.5
88.2
85.7
90.1
89.1
88.1
88.3
90.6
92.8
91.2
89.1
89.3
89.7
89.3
88.1
88.0
92.5
92.4
92.0
90.7
96.3
97.2
97.2
100.2
97.3
93.2
91.7
91.0
91.4
99.3
94.1
92.3
98.4
100.9
102.0
104.2
104.6
107.1
101.5
97.7
96.8
98.4
92.8
98.9
97.9
97.0
91.0
92.8
95.1
91.5
89.4
89.8
89.9
90.3
88.2
90.3
89.7
96.1
95.0
92.6
92.4
89.1
88.8
90.5
86.7
92.8
88.7
88.5
88.9
86.9
86.3
85.3
85.2
86.1
85.5
86.7
85.5
91.0
91.2
87.7
87.6
89.3
89.7
88.5
86.9
86.7
86.2
87.3
86.4
87.4
86.1
86.4
87.7
86.3
87.2
84.9
85.4
84.9
84.8
85.2
86.3
84.9
84.5
83.2
87.1
90.1
86.8
85.9
85.3
83.8
85.2
84.7
83.8
85.5
85.1
84.6
89.5
89.1
89.3
95.1
93.1
90.1
87.4
85.5
85.4
85.1
86.0
89.4
86.2
87.2
88.0
84.6
86.6
84.8
84.4
85.0
83.9
84.8
83.7
92.9
88.7
88.7
85.0
84.3
83.9
83.4
83.6
83.7
85.3
84.1
84.0
82.5
83.3
84.9
84.3
84.1
84.3
85.3
85.7
85.0
84.6
84.7
84.6
87.1
86.1
83.0
84.1
83.4
85.0
85.5
87.8
84.8
83.9
85.9
84.5
83.9
83.5
83.7
83.8
83.0
83.4
84.7
85.5
82.7
82.9
81.5
82.0
81.9
85.1
81.9
88.2
84.8
82.6
84.1
82.1
83.1
82.9
82.2
80.4
82.8
81.7
83.4
81.6
80.6
80.4
80.7
79.8
80.9
80.5
81.4
81.0
80.2
80.1
80.4
80.2
81.0
80.9
81.3
81.1
80.3
80.4
81.1
81.1
82.2
82.6
82.6
85.0
87.2
83.6
87.3
86.7
84.7
87.2
82.3
80.4
79.3
79.2
80.9
78.5
79.1
84.5
80.2
78.9
79.1
81.7
79.7
80.0
79.3
79.7
80.9
81.8
80.2
79.9
80.8
84.3
81.6
85.2
83.4
84.2
80.8
80.0
81.0
81.6
79.5
79.7
79.6
79.0
80.3
78.3
79.3
77.9
79.0
80.0
79.4
79.0
78.4
78.6
79.4
77.6
79.4
77.9
79.0
79.5
78.8
79.5
79.0
79.0
78.0
78.1
76.5
77.6
77.8
76.1
76.6
78.1
78.4
77.1
77.7
77.4
78.6
76.3
76.4
76.5
77.3
77.3
78.1
77.4
77.2
78.1
80.6
79.9
78.6
78.2
77.2
77.6
78.5
77.6
77.9
77.4
77.5
76.3
76.2
76.2
75.7
76.0
77.6
80.4
79.0
77.2
77.8
77.9
76.5
75.9
75.9
76.6
77.1
77.1
77.3
77.8
77.1
76.6
75.9
75.9
78.7
82.7
79.9
78.1
76.6
77.6
77.2
76.9
76.7
76.2
76.3
76.5
75.9
76.0
75.6
75.8
76.1
75.8
75.6
75.6
75.5
75.4
75.7
76.3
76.5
77.1
76.2
76.2
76.3
75.6
75.0
74.6
75.0
75.6
76.3
74.6
75.4
76.4
82.8
80.5
79.4
77.3
77.4
76.0
77.0
76.3
77.1
79.3
78.7
79.0
77.9
77.1
78.2
77.5
77.4
76.0
79.2
78.8
77.7
76.3
76.1
75.7
75.6
75.4
74.9
75.9
76.1
82.8
80.6
78.2
77.2
77.0
77.3
77.1
77.0
77.6
77.3
77.0
76.7
77.4
76.4
77.8
77.6
77.6
76.9
77.0
76.7
76.2
77.6
78.9
77.8
77.2
77.1
76.9
76.4
76.4
76.1
77.4
78.1
79.8
77.6
79.2
78.1
78.5
78.0
76.6
76.7
76.5
76.2
77.3
76.4
76.6
76.4
77.0
78.2
77.7
78.2
77.9
76.4
76.7
76.0
76.3
76.0
76.5
76.1
75.9
76.2
76.6
75.5
75.7
75.8
76.3
76.3
76.0
75.8
75.9
75.3
75.4
74.8
75.3
75.0
75.1
75.7
75.1
75.1
75.1
75.1
75.1
75.1
78.9
81.6
78.9
78.2
76.2
83.1
81.2
80.4
82.0
81.7
80.7
80.2
80.7
80.4
77.7
77.8
80.1
77.1
76.5
76.3
80.1
76.5
77.4
77.4
76.7
77.6
77.6
75.6
76.9
75.4
75.9
76.1
75.3
76.6
76.3
75.0
82.3
77.6
78.7
77.2
77.5
76.0
75.5
75.2
75.2
75.2
74.7
77.3
76.2
74.6
75.4
75.0
74.2
74.5
74.4
74.1
74.3
73.7
74.1
73.8
73.9
75.9
75.3
75.4
74.0
74.6
74.4
74.6
73.9
73.8
73.8
74.1
74.5
73.9
74.8
73.5
73.4
73.9
74.7
75.0
73.7
75.8
78.2
78.3
76.9
77.9
75.7
76.0
77.2
77.0
76.8
76.4
75.8
76.3
75.4
75.0
74.4
74.5
76.2
75.3
74.8
74.6
74.2
74.4
74.2
74.5
73.4
72.30000000000001
74.4
74.5
73.7
74.1
74.3
74.3
73.7
74.8
72.9
74.1
73.5
74.3
74.0
75.3
76.1
75.1
74.9
75.6
76.0
76.8
75.5
74.6
74.0
74.0
75.4
75.5
74.6
75.0
74.5
73.5
73.9
74.1
73.9
74.2
77.0
76.8
76.2
75.2
74.4
76.0
74.7
74.5
74.3
74.0
73.9
74.7
72.9
73.6
73.7
73.1
73.9
73.4
73.3
77.9
80.2
76.8
77.2
78.0
78.5
76.6
77.0
76.5
77.8
76.4
76.6
76.0
75.2
75.8
75.3
74.4
74.8
75.2
75.7
75.3
75.0
74.5
83.0
76.9
77.2
77.0
81.6
80.7
78.5
80.4
82.8
79.7
82.1
78.0
77.8
75.8
77.0
77.0
78.0
78.4
77.7
77.1
78.8
80.0
76.8
76.6
76.3
77.0
77.0
76.5
79.8
83.5
81.7
78.6
80.5
79.6
79.4
78.3
77.7
77.6
75.6
78.1
84.4
82.7
81.9
81.6
76.9
79.1
76.7
77.2
75.6
75.0
74.7
74.3
73.6
73.7
74.2
74.8
75.4
74.7
75.0
74.9
74.9
75.2
75.9
79.7
77.4
77.7
76.7
76.1
75.5
75.8
74.7
75.1
75.3
75.7
74.9
75.4
81.5
83.9
83.6
90.3
90.6
89.8
94.2
92.2
89.1
84.8
85.7
85.0
81.8
79.9
79.7
78.8
77.9
77.2
76.5
76.3
75.4
75.4
78.1
78.0
76.0
75.3
74.9
76.4
77.0
76.6
75.0
75.4
74.7
74.0
74.5
72.8
75.0
75.7
76.2
77.5
76.7
78.2
78.9
75.8
75.4
74.4
74.8
73.0
72.9
73.0
74.5
74.7
74.5
75.8
75.0
75.1
75.9
75.2
74.1
73.3
73.7
75.4
75.0
76.4
75.8
77.2
85.4
87.9
83.3
77.7
78.2
78.0
76.1
76.6
76.1
73.5
77.6
76.7
75.7
78.3
75.6
75.8
74.7
73.9
75.5
76.7
76.5
75.5
76.0
75.5
76.1
77.3
77.8
75.6
74.7
75.0
75.0
79.2
79.1
79.1
80.3
78.3
77.2
78.5
75.5
76.0
76.2
76.3
75.3
74.9
80.1
82.0
76.6
76.5
75.1
74.9
75.3
76.4
74.7
75.1
75.0
75.3
73.9
74.8
74.1
73.6
73.4
73.1
73.6
74.3
74.7
75.6
73.9
73.9
73.8
73.8
74.9
75.0
75.1
75.1
75.5
75.0
74.7
75.0
73.8
75.1
75.6
74.4
72.6
74.7
73.3
74.5
74.2
73.5
75.2
74.6
72.7
76.4
75.6
77.7
74.4
74.0
74.8
74.4
74.5
74.4
74.3
74.6
77.4
75.9
79.6
79.8
77.1
78.6
78.3
79.2
77.1
77.5
77.6
76.3
79.4
79.3
74.9
80.1
79.0
79.7
77.8
79.7
79.2
79.6
77.3
77.0
78.1
77.0
76.6
77.6
74.8
75.1
76.9
78.1
76.8
75.9
76.1
74.8
76.3
76.8
76.7
79.3
78.3
79.7
79.2
78.9
80.6
80.8
79.8
79.7
79.1
81.0
81.3
81.3
79.0
81.4
82.6
82.9
80.8
79.5
81.9
80.5
81.4
83.6
80.5
80.8
80.8
80.0
82.1
79.0
79.1
79.6
79.5
80.9
80.0
78.1
80.9
89.2
88.4
87.5
85.3
83.7
80.8
80.5
81.2
80.6
81.8
79.6
77.5
80.4
80.2
76.9
76.5
77.7
75.5
77.6
78.4
78.8
77.4
77.0
77.9
77.7
77.5
76.6
77.0
76.5
76.7
78.7
77.9
78.3
80.3
78.9
77.7
80.8
79.4
78.8
78.7
79.6
77.0
79.6
76.3
78.3
78.3
80.4
78.7
79.0
80.4
81.3
82.6
81.3
80.3
79.3
77.6
77.9
80.4
78.6
78.8
78.8
80.2
78.7
79.8
79.4
79.0
78.9
80.5
77.7
77.3
77.9
77.5
78.0
78.8
78.8
77.5
78.6
81.7
79.1
77.2
78.6
77.4
77.1
78.0
77.8
78.3
79.8
81.0
79.6
82.2
81.0
80.7
80.7
80.8
81.7
80.1
80.4
80.3
80.3
80.7
82.5
79.5
80.0
85.4
85.9
86.2
78.2
78.1
77.9
78.8
78.1
80.7
78.3
87.2
80.7
79.5
78.2
77.9
76.9
79.4
77.0
78.8
85.2
83.1
78.4
79.3
77.7
78.3
77.2
76.7
77.9
76.8
76.0
75.4
77.1
77.4
78.0
77.1
75.1
77.8
76.0
77.5
77.6
77.3
77.3
78.2
78.2
77.1
77.9
77.6
78.1
78.6
78.4
77.8
79.2
79.4
78.8
77.9
78.4
79.2
79.5
78.7
80.1
78.7
77.0
80.2
79.6
76.6
76.6
78.3
75.4
77.4
77.9
77.0
77.6
77.8
77.4
79.6
79.1
78.7
77.9
78.2
76.9
77.2
77.2
77.3
77.1
77.3
77.2
79.5
80.9
78.3
78.9
78.4
79.2
78.0
80.8
79.0
78.5
80.8
81.6
78.4
76.8
78.5
78.0
77.6
77.4
77.3
78.4
80.3
77.7
79.0
77.6
79.9
84.6
79.4
79.8
78.7
79.1
80.1
79.1
78.5
78.7
77.1
77.1
78.9
77.3
78.7
79.3
76.0
77.1
77.6
77.6
78.2
77.6
77.6
78.1
77.7
78.2
77.3
79.1
78.6
75.9
77.6
79.0
77.7
79.2
77.9
76.9
78.0
77.1
77.6
77.6
76.9
76.1
78.9
80.0
78.1
77.4
78.1
79.0
77.8
78.5
78.4
80.0
79.3
80.7
80.2
77.9
78.4
78.8
78.6
79.2
79.9
78.3
77.7
76.8
78.4
77.9
77.9
77.0
77.0
76.9
76.5
76.4
77.6
77.6
77.8
79.3
79.6
79.5
80.0
79.5
79.1
78.7
78.2
76.8
77.4
77.8
77.8
77.3
78.4
77.3
76.6
78.0
78.1
78.2
79.5
78.0
79.6
79.8
83.9
82.6
81.6
87.5
82.9
83.4
84.5
89.0
85.5
82.3
86.7
88.3
94.0
105.3
99.7
99.5
106.4
121.1
114.8
109.9
106.8
99.0
95.5
90.9
87.3
86.1
85.3
83.8
83.1
82.4
82.1
82.2
81.0
80.3
82.6
83.5
84.6
86.0
87.2
90.4
88.3
85.3
83.9
86.7
83.8
83.7
86.3
84.6
83.9
84.3
90.5
93.0
93.8
92.6
91.1
94.3
90.2
90.9
91.5
88.8
90.6
93.3
93.6
89.7
88.5
89.7
91.3
89.4
91.5
92.9
94.1
91.8
91.2
87.7
85.2
85.5
91.1
86.0
88.5
89.9
88.2
86.9
86.8
88.3
89.1
88.6
87.5
87.5
87.4
85.8
85.9
84.8
82.7
86.2
85.8
85.1
82.5
84.6
85.5
83.2
83.3
84.1
83.6
82.5
82.3
81.7
82.8
86.9
87.8
87.0
86.0
85.9
84.9
85.1
83.9
84.4
83.5
86.9
85.4
84.5
84.7
84.6
86.6
85.1
85.5
84.9
85.4
84.1
85.0
86.8
89.5
84.1
83.6
84.9
85.1
82.8
84.4
85.0
84.4
81.2
80.6
82.0
81.3
79.0
80.5
81.2
78.8
78.8
79.7
80.7
77.4
81.0
80.8
79.3
79.2
78.0
80.4
80.1
79.2
79.7
80.5
80.3
80.8
83.3
82.2
84.5
81.3
82.2
82.2
82.0
83.1
80.5
83.5
82.2
81.1
81.7
82.4
85.0
86.9
83.7
87.1
85.5
85.8
85.4
84.9
86.6
83.0
84.6
84.8
83.3
83.2
81.1
80.9
82.6
83.2
83.1
83.4
83.7
86.1
84.4
81.4
81.1
80.8
81.1
79.1
80.4
81.0
80.6
80.0
78.5
78.9
78.9
80.0
79.2
81.4
81.7
77.0
76.7
79.2
77.7
78.0
77.3
78.0
83.4
79.9
79.8
80.2
79.7
79.5
79.3
79.4
79.1
79.2
80.5
79.2
79.8
80.5
80.4
78.2
78.9
78.5
79.9
80.3
81.0
80.0
80.4
81.2
82.0
80.2
81.9
81.4
81.8
82.3
82.8
83.4
82.5
83.8
82.5
83.4
81.2
82.4
82.7
81.9
82.2
83.2
81.2
81.6
80.8
80.3
81.0
82.3
81.1
82.5
84.0
83.0
82.4
82.8
81.3
82.4
81.7
83.4
82.6
81.7
83.1
85.1
81.0
81.8
82.6
80.5
80.7
81.7
80.2
80.7
80.8
80.2
81.0
80.6
81.0
80.4
80.3
80.3
80.4
80.4
79.8
78.8
79.0
78.8
79.4
79.2
80.6
80.2
79.8
80.0
79.0
78.7
77.6
78.3
78.8
79.1
76.8
77.7
79.3
79.0
78.4
79.2
80.1
78.4
78.4
78.7
78.6
79.6
80.4
80.7
79.3
79.6
79.8
78.5
79.2
81.4
83.3
81.8
81.5
81.1
79.5
80.2
79.6
80.0
80.7
81.7
82.1
78.8
81.6
80.1
79.3
81.3
82.0
81.6
81.4
80.0
80.5
80.7
79.9
81.2
80.5
79.6
80.0
79.4
79.1
79.2
80.0
79.3
78.3
79.5
79.1
78.5
79.0
78.4
79.6
78.7
80.0
82.8
84.6
84.2
82.3
82.1
81.6
80.8
80.7
81.8
81.0
79.3
80.7
80.0
79.8
77.3
78.9
79.0
78.1
78.4
78.1
77.4
78.5
77.6
77.1
78.2
78.5
77.9
79.7
81.2
80.5
77.9
79.0
80.3
86.2
88.6
89.2
84.3
82.7
84.0
82.2
82.8
82.3
80.2
81.1
81.0
82.8
83.7
83.1
82.4
82.0
80.5
81.4
79.1
78.3
78.6
78.2
76.9
76.5
76.5
75.2
74.8
74.0
74.8
74.7
75.5
73.9
74.3
74.1
73.8
73.6
74.2
75.1
75.9
77.4
77.2
76.5
76.2
78.0
73.9
73.4
74.1
73.2
74.7
73.1
73.1
73.3
72.8
73.9
73.8
74.0
72.9
73.8
73.1
72.7
73.4
73.7
73.4
73.4
72.7
73.3
73.2
73.4
74.6
74.0
73.9
73.9
73.3
73.7
74.2
73.5
73.3
73.3
73.1
73.2
73.6
74.1
73.7
74.2
79.2
78.2
77.5
76.2
76.1
75.3
74.8
74.6
74.4
74.2
73.6
73.4
74.4
72.4
72.5
74.3
72.4
74.0
74.0
74.0
75.6
82.6
82.0
80.9
82.2
79.0
79.1
76.8
80.2
77.5
75.9
76.6
77.7
78.0
78.2
75.2
78.0
75.9
76.7
78.3
74.6
77.1
75.3
75.4
78.7
72.4
75.3
75.8
75.1
74.1
72.9
73.8
74.1
72.8
72.5
74.2
73.5
73.5
72.7
72.1
72.4
77.6
79.8
76.9
74.3
73.2
73.7
72.8
72.1
75.2
72.8
71.9
72.3
73.2
72.3
74.6
75.5
77.1
74.0
72.2
72.0
70.8
72.0
71.1
70.9
72.1
71.0
71.2
71.3
70.6
70.8
70.8
71.7
69.4
71.0
71.8
72.8
73.5
72.8
73.2
73.8
72.7
75.0
74.6
72.2
73.1
73.3
72.3
71.9
72.5
72.4
70.4
70.1
70.9
70.4
69.9
70.7
70.6
70.1
70.4
70.6
71.0
71.6
71.2
71.5
71.2
71.0
72.3
70.9
71.7
71.9
71.4
72.0
70.8
72.2
71.3
72.9
71.3
72.2
71.5
71.8
71.8
72.0
72.0
71.7
73.3
72.4
76.0
80.0
78.7
81.4
75.6
75.7
74.0
73.0
74.4
80.1
75.5
71.7
77.7
74.2
75.2
73.2
75.6
72.9
77.0
73.7
74.8
74.3
74.5
72.2
73.7
73.3
74.4
73.3
73.9
75.6
76.4
78.5
80.6
77.2
76.7
73.6
75.0
73.7
75.1
73.6
72.8
73.0
71.7
72.6
71.6
73.0
71.7
70.9
71.3
71.0
72.1
71.5
71.8
72.3
71.6
72.3
71.3
71.5
72.7
72.0
73.5
72.4
73.5
77.3
80.2
77.0
77.0
79.8
75.6
76.0
75.9
75.4
75.6
73.7
73.4
75.9
74.7
75.4
76.1
74.9
75.9
75.3
77.8
77.0
77.7
76.2
76.5
77.5
76.8
75.6
75.2
76.2
77.5
75.1
82.3
80.5
79.1
77.4
77.3
77.7
75.5
75.7
75.8
75.0
74.7
74.4
73.7
73.6
72.6
76.4
75.1
75.5
75.2
75.0
75.4
75.7
74.7
73.0
76.0
74.8
75.9
74.6
76.6
74.2
75.3
74.4
75.4
75.4
74.4
73.6
72.7
74.4
75.2
74.7
73.6
73.8
72.6
75.4
75.5
74.3
73.5
74.2
74.1
72.5
73.6
73.8
74.1
73.4
73.5
71.9
73.4
74.4
74.9
76.7
75.7
74.8
72.2
72.4
71.6
71.9
71.2
73.7
74.7
74.5
75.3
73.2
74.8
75.0
75.3
74.4
75.0
74.0
72.0
72.3
73.5
74.7
74.0
72.9
72.9
73.0
72.8
72.1
72.4
73.2
75.6
75.6
73.4
74.4
73.4
72.1
73.6
74.3
73.2
73.1
70.8
70.7
76.0
81.2
78.2
79.5
80.6
75.3
74.9
74.7
74.4
74.8
72.1
73.7
72.3
73.5
72.3
71.8
72.0
72.8
72.9
73.8
71.8
72.3
72.2
72.6
74.3
74.6
75.6
79.2
80.6
80.7
81.0
80.6
79.9
78.8
80.8
82.4
83.5
80.5
82.5
83.0
83.4
81.2
82.0
81.2
79.3
80.9
81.7
82.8
82.5
83.0
84.3
83.0
84.3
80.8
79.4
81.2
79.6
81.5
82.3
83.7
84.3
81.2
78.7
78.0
79.5
77.9
79.0
79.1
77.7
76.4
78.6
78.1
80.5
79.2
80.1
83.8
81.9
78.5
79.7
79.3
79.7
77.3
78.4
82.4
83.1
82.3
85.6
82.5
81.7
80.9
82.3
85.2
92.9
88.1
89.1
91.2
91.4
90.5
88.3
86.8
89.0
86.1
86.3
82.7
91.2
100.5
99.6
95.7
94.3
90.1
87.6
88.0
84.9
82.2
81.6
83.7
82.0
81.6
81.7
82.7
81.7
80.9
82.2
81.8
80.6
83.7
87.1
86.9
85.9
84.3
89.2
95.7
89.4
84.7
85.0
78.7
78.2
79.8
79.5
78.7
75.6
75.8
77.0
75.4
74.4
76.3
75.9
77.0
80.3
79.3
77.9
76.2
77.5
77.6
75.9
77.5
77.3
76.3
74.0
74.2
77.1
75.5
75.0
74.7
74.9
74.2
74.4
74.5
75.7
74.5
74.5
74.9
75.9
76.7
78.0
76.8
76.4
75.4
74.8
74.4
75.4
74.2
74.2
75.7
75.2
74.0
74.5
74.3
74.3
75.3
75.4
74.0
73.9
75.2
78.4
76.1
76.1
76.6
76.1
75.9
75.7
76.4
75.6
72.2
75.2
74.7
74.3
74.4
74.9
74.9
78.6
78.8
76.7
75.6
75.5
75.9
77.5
77.1
76.8
75.4
75.7
75.3
74.5
77.4
75.6
76.2
76.0
76.9
75.8
76.9
76.8
76.7
76.4
75.3
76.3
77.9
76.1
81.8
79.6
77.7
78.2
76.2
77.3
78.0
74.8
76.0
77.3
75.2
76.0
77.1
78.0
78.7
79.0
79.0
76.8
75.6
79.2
77.4
76.3
75.8
76.2
76.1
75.0
76.2
73.5
75.2
78.7
78.1
85.1
81.9
84.0
83.7
85.3
83.7
82.9
82.6
84.1
86.1
86.1
86.2
84.3
81.1
83.4
85.3
85.6
84.8
84.4
91.5
87.1
87.2
86.7
85.9
85.4
83.6
82.0
82.8
86.1
85.0
81.9
84.2
82.4
80.8
81.1
79.8
80.1
80.1
79.0
81.4
81.8
81.6
82.4
80.9
79.4
78.8
78.1
79.6
80.3
81.3
79.8
80.8
79.9
79.1
80.8
78.7
76.3
77.5
77.5
79.1
82.0
81.3
79.0
77.5
78.1
76.4
77.0
76.9
78.4
78.8
76.9
76.5
74.9
77.3
75.8
80.7
77.8
76.3
76.3
75.2
74.5
75.8
76.1
74.7
75.0
74.4
75.0
77.9
77.1
75.3
79.4
79.0
80.5
78.5
79.8
79.9
81.0
78.1
76.6
75.1
76.0
75.8
77.6
80.3
77.8
83.1
94.0
91.4
82.2
78.2
78.6
76.7
76.5
78.0
76.4
74.3
74.9
73.5
73.4
73.2
73.4
73.7
73.9
74.0
74.6
72.9
73.7
74.2
75.3
73.8
74.2
73.5
74.3
74.8
78.0
75.3
75.9
76.1
76.4
74.5
74.1
74.4
74.8
74.8
77.2
79.1
79.7
76.0
75.6
76.3
76.3
74.5
75.9
75.5
76.3
78.3
78.0
77.1
76.7
78.3
77.2
75.2
77.7
75.7
75.9
76.3
76.1
76.4
76.9
76.7
76.4
77.6
77.5
75.9
77.9
77.1
77.4
80.7
76.9
76.9
77.2
76.6
77.4
77.0
76.9
78.0
76.7
76.5
76.5
76.9
76.5
76.5
76.6
77.7
77.7
77.3
77.7
77.5
78.7
77.7
79.2
78.8
78.7
78.9
75.6
78.3
78.6
77.2
77.6
77.4
77.4
77.5
77.8
77.0
77.7
79.7
77.3
76.3
77.4
77.6
77.0
75.7
76.5
76.5
75.9
73.1
78.7
79.9
79.7
81.1
79.5
76.3
78.4
76.4
78.1
77.6
76.3
75.8
76.2
74.9
75.2
75.8
74.4
74.7
74.7
74.7
74.9
74.1
73.1
74.9
75.7
75.7
74.1
75.3
75.3
75.1
75.6
75.9
77.4
76.3
76.0
75.7
74.7
76.6
77.3
77.8
77.9
75.4
76.1
77.5
77.5
76.9
76.9
77.4
78.2
82.9
83.9
80.1
83.3
86.3
85.0
85.3
83.5
86.3
83.8
85.0
84.0
84.0
83.8
85.9
84.2
84.8
84.1
85.0
84.5
86.6
85.4
86.8
93.9
92.5
86.4
84.7
83.1
83.0
84.5
82.2
82.8
83.2
83.7
84.2
85.5
82.9
84.9
85.9
85.0
85.5
84.5
86.4
87.4
86.1
86.1
88.2
86.6
85.8
87.5
86.9
87.2
85.3
85.3
85.5
85.8
84.3
84.0
85.0
86.6
86.0
85.0
84.3
85.5
85.0
84.9
84.0
83.4
82.6
80.2
81.4
79.8
81.4
81.4
81.1
82.5
83.2
82.5
82.6
81.4
81.2
82.4
83.3
81.2
83.6
85.4
86.9
82.9
86.3
86.9
87.4
85.3
84.5
81.9
82.9
83.1
85.5
82.8
82.3
81.9
81.3
81.1
80.0
79.1
80.3
80.2
80.4
80.6
80.5
81.2
78.6
79.3
80.3
81.5
79.3
81.7
81.2
79.3
81.5
79.6
80.0
81.8
79.2
78.7
79.4
81.3
80.3
82.0
81.8
83.2
80.3
79.8
80.3
81.4
79.4
79.5
80.1
80.8
80.7
80.2
80.9
82.2
83.1
81.8
81.0
82.0
81.9
81.1
84.5
84.7
85.1
84.3
83.7
83.4
82.6
84.7
85.3
85.0
85.4
85.2
81.8
81.6
83.0
82.7
80.8
82.6
81.4
81.3
81.2
82.8
82.4
79.9
80.7
80.6
81.1
81.0
82.0
81.8
83.4
82.2
83.2
82.6
81.1
81.1
80.5
81.1
81.8
81.0
80.4
84.0
81.7
81.7
81.9
83.7
83.8
81.2
81.4
81.3
81.2
81.5
81.5
81.3
84.5
81.0
81.7
84.4
83.9
84.0
83.1
82.6
82.4
81.7
82.7
79.9
80.3
81.1
82.6
82.7
82.2
83.1
83.3
82.5
82.3
85.4
84.0
83.0
80.5
81.3
80.9
82.2
81.3
81.2
81.9
81.7
81.3
79.5
80.5
80.2
80.6
78.7
79.4
79.9
80.4
80.2
76.8
