54.1
53.7
51.7
54.8
58.1
53.9
54.9
53.9
54.9
53.2
52.2
51.1
52.9
51.0
52.9
58.1
54.1
58.7
56.9
53.6
53.8
52.6
54.9
53.1
51.8
56.0
51.0
56.3
60.8
60.9
59.4
56.2
56.9
54.2
56.1
54.8
54.8
56.7
55.0
54.0
53.8
54.8
51.6
53.4
50.8
49.1
61.9
59.6
56.3
51.8
53.0
55.0
51.6
52.2
55.5
53.6
54.2
54.2
55.1
55.1
55.8
52.9
53.1
53.1
55.0
54.6
54.4
55.9
58.9
52.1
53.9
55.3
51.9
51.4
53.2
57.5
53.3
54.7
52.1
57.3
52.7
56.2
54.1
56.0
57.4
51.3
51.6
54.8
61.9
55.9
58.3
54.0
52.6
52.4
52.9
54.0
50.4
54.9
60.7
50.8
50.7
56.9
56.3
57.9
58.1
58.1
57.8
58.2
56.9
57.4
55.4
55.5
53.0
53.3
59.8
56.3
60.4
59.4
53.9
54.2
56.2
51.8
51.6
53.6
52.7
53.0
54.1
57.4
50.3
52.4
53.7
52.9
57.5
56.7
56.8
59.7
56.5
50.8
46.6
49.2
48.5
48.5
48.8
47.0
50.5
47.8
54.2
57.5
51.8
57.4
52.9
51.3
53.6
53.3
52.5
56.9
60.6
53.4
58.5
62.0
53.7
54.2
53.7
52.7
52.0
52.9
53.2
52.7
52.1
52.1
54.2
54.3
52.6
53.1
53.9
54.9
53.0
55.3
56.7
57.4
57.6
57.3
57.6
56.9
57.0
57.8
63.6
55.6
58.3
61.9
52.6
50.9
51.9
53.2
55.4
58.6
61.0
54.1
50.6
51.9
52.9
52.6
57.4
60.4
63.6
64.5
65.5
66.9
55.1
53.0
54.4
57.5
56.6
58.3
62.1
54.5
56.1
54.7
54.2
53.6
55.3
55.7
54.5
55.3
57.0
57.7
58.7
57.0
56.7
56.6
57.6
56.7
56.3
61.4
63.5
60.6
61.3
64.2
54.0
49.2
49.4
48.3
49.1
54.4
63.0
60.7
59.7
60.1
64.6
61.1
61.3
57.2
54.7
55.8
55.7
53.0
50.7
54.8
54.7
54.7
53.1
52.5
52.3
52.8
50.9
57.1
55.5
59.7
59.9
55.1
52.4
54.3
55.9
62.5
60.5
55.4
54.6
58.2
57.9
57.7
56.4
58.1
54.2
53.8
52.6
52.6
52.7
52.9
53.3
54.4
53.9
53.8
54.2
53.7
54.5
55.9
55.3
56.1
55.2
56.6
58.7
52.8
53.4
55.3
56.3
56.1
73.2
67.5
55.4
56.9
66.2
61.5
58.8
57.7
59.3
58.5
57.0
57.2
55.0
57.3
58.2
57.8
58.2
58.0
63.2
63.7
70.9
70.4
63.4
57.5
56.9
56.6
57.1
57.4
57.6
56.9
56.3
57.4
58.2
57.6
58.9
58.8
59.0
60.8
60.6
57.6
59.7
67.1
56.9
57.1
55.8
59.4
60.3
56.7
70.3
70.6
64.0
64.6
59.1
57.2
57.4
58.5
57.2
58.0
55.6
57.9
57.1
70.0
68.3
59.8
51.3
68.7
59.2
59.2
60.2
59.1
57.4
64.9
65.8
65.7
53.7
53.8
54.1
54.2
51.3
62.2
65.5
59.3
61.4
57.3
58.1
55.8
56.9
58.1
56.1
56.0
56.2
56.0
61.8
63.6
56.1
65.4
55.4
57.0
58.1
60.5
55.8
56.6
58.9
58.6
67.8
62.6
64.5
61.0
57.1
60.6
58.7
57.0
55.4
54.6
55.9
58.6
62.2
56.9
56.5
55.5
58.2
58.6
59.8
60.2
58.6
59.5
61.1
69.5
56.5
57.1
57.4
56.7
58.1
62.2
65.1
64.8
55.8
52.9
52.1
52.0
57.1
55.9
55.3
53.7
57.6
62.7
60.3
58.7
56.2
54.5
56.6
57.9
56.5
64.6
61.2
66.3
53.9
55.4
52.7
53.9
53.5
64.7
61.6
59.6
62.8
58.9
59.3
59.8
57.7
59.8
63.3
58.7
58.5
60.2
59.1
64.7
54.1
60.8
51.9
54.9
56.9
58.8
63.9
57.6
64.5
58.2
55.2
55.6
57.6
52.7
64.0
60.2
64.2
57.3
59.2
60.4
58.8
58.4
61.2
58.6
56.5
57.4
56.6
54.6
56.2
62.3
54.3
55.5
58.7
57.2
58.7
58.9
52.8
56.9
65.8
53.6
57.3
68.6
60.3
60.5
60.2
60.0
64.5
55.6
56.2
66.2
60.4
62.9
56.2
54.0
56.3
56.5
60.5
66.1
55.5
67.4
69.0
66.1
64.2
59.1
60.0
57.6
57.9
58.5
59.8
61.3
64.5
58.8
62.4
59.2
65.6
59.3
62.2
62.9
65.5
63.7
63.3
67.2
62.6
61.2
60.8
63.0
62.9
64.5
57.3
60.7
65.5
62.1
67.7
61.3
60.2
59.6
62.5
63.8
59.1
65.5
56.3
56.8
57.5
61.2
59.8
65.1
62.3
63.6
58.9
59.9
62.0
58.2
64.4
56.8
58.2
57.3
57.0
61.9
61.1
58.8
60.0
59.8
62.6
55.5
53.8
54.9
57.8
63.7
57.6
53.3
57.4
61.6
59.4
58.9
69.1
58.7
56.6
60.2
61.2
54.8
55.3
55.4
61.4
64.9
58.5
59.8
60.7
59.2
53.6
63.0
59.2
55.4
58.8
62.3
58.6
60.6
58.4
60.2
61.4
61.6
58.2
61.0
59.0
60.2
61.7
65.5
57.9
58.1
61.5
61.4
63.5
63.3
64.7
65.0
64.7
64.5
64.2
63.1
58.7
58.3
57.1
59.0
61.0
60.4
58.7
60.1
58.4
59.1
61.2
65.0
64.0
64.8
64.8
66.1
63.4
65.1
66.6
64.6
61.8
61.9
61.0
64.2
62.2
63.5
64.3
60.3
59.5
61.3
61.2
58.8
57.8
59.9
61.1
65.1
65.9
67.5
64.5
62.4
65.8
69.1
65.8
61.6
61.4
62.4
60.3
64.3
60.9
59.8
60.5
63.2
62.0
61.3
62.0
59.8
59.6
59.6
62.8
66.0
60.839999999999996
59.86
58.879999999999995
57.9
59.3
57.1
57.6
59.8
58.3
57.2
53.6
53.0
55.1
59.0
58.9
58.1
59.5
61.5
58.2
63.2
60.8
56.5
56.2
58.8
58.9
58.3
57.3
60.5
56.8
56.5
57.9
60.5
56.1
58.1
59.6
57.2
59.0
57.4
60.5
54.3
58.6
56.7
57.9
57.9
56.1
54.1
54.7
62.5
54.4
56.1
55.8
57.4
57.4
56.5
56.6
58.4
57.3
58.3
61.0
58.5
58.4
60.4
54.4
58.4
55.1
55.9
58.3
64.1
63.2
60.9
56.7
53.9
60.4
55.0
52.1
58.9
52.6
54.5
54.5
54.2
59.9
58.1
51.9
59.4
57.4
57.0
53.2
54.2
54.0
57.9
50.1
56.9
60.8
53.3
54.9
53.9
53.8
56.1
58.7
59.3
54.4
57.7
57.4
57.099999999999994
54.53333333333333
53.1
51.66666666666667
54.42
55.08
55.74
56.4
59.5
58.6
52.6
54.5
53.6
53.4
53.5
56.9
53.5
51.9
53.6
56.2
55.5
56.9
55.2
54.5
55.5
53.5
57.9
50.8
57.0
54.4
56.0
53.5
51.5
51.5
50.0
56.7
54.3
53.4
59.5
56.9
60.0
64.3
61.2
63.4
60.6
59.1
64.1
61.1
60.3
62.5
61.1
61.4
61.7
62.3
62.5
60.1
58.7
59.5
55.5
56.0
57.9
55.4
56.6
53.2
61.3
61.4
57.6
57.8
62.6
57.5
59.7
60.2
64.0
56.3
57.0
53.7
56.5
60.6
57.1
55.3
55.0
63.9
56.9
61.1
57.4
60.4
58.9
57.4
58.4
58.15
59.36
59.839999999999996
60.32
60.8
57.7
58.5
64.1
60.9
58.8
56.699999999999996
60.1
59.0
59.2
61.6
59.6
60.8
59.1
61.7
59.1
56.5
61.849999999999994
63.224999999999994
64.6
58.4
59.2
57.9
62.2
61.2
58.1
62.5
58.2
64.4
59.1
60.3
60.0
60.9
60.8
57.9
60.5
59.5
57.9
60.3
58.2
57.2
59.0
59.2
59.6
59.1
57.5
61.8
61.3
60.6
67.2
61.8
62.6
63.6
59.9
61.7
61.2
61.5
63.7
64.7
64.7
62.5
63.0
64.3
62.7
62.3
63.9
64.2
62.4
63.2
64.3
64.5
63.0
61.1
60.8
60.5
59.3
63.0
61.8
60.5
61.5
62.5
62.1
61.8
64.4
61.5
63.6
63.4
62.6
66.3
66.4
64.7
63.0
65.36666666666667
65.7
63.8
62.3
63.3
65.7
62.9
64.8
67.2
66.3
67.2
64.9
64.5
65.9
61.9
61.9
63.1
59.4
60.1
60.8
62.2
62.7
60.2
58.8
55.4
59.2
60.4
58.9
60.1
61.5
61.0
60.9
62.2
61.6
58.7
61.3
61.7
59.3
60.3
60.6
57.5
55.2
57.3
56.9
62.4
55.8
56.5
54.7
67.8
61.0
59.1
62.6
61.6
65.3
61.2
64.9
62.2
59.6
60.3
59.7
60.2
59.7
63.0
61.7
63.6
61.5
60.6
58.8
61.8
65.4
65.3
65.1
61.7
59.4
58.9
61.8
58.9
62.9
59.1
60.8
60.4
60.4
59.9
62.0
60.4
60.8
59.2
63.4
61.9
61.2
56.9
59.0
55.8
59.0
56.7
56.5
56.6
60.9
70.1
71.5
65.3
67.0
59.6
61.3
62.6
67.4
64.3
64.0
63.1
58.1
58.0
55.9
62.0
53.9
54.3
55.5
55.9
58.2
66.9
65.5
66.3
63.5
60.0
63.4
65.4
64.6
62.4
66.0
65.8
66.4
61.6
63.8
61.6
64.3
63.4
63.4
64.2
67.1
65.4
63.3
64.2
66.6
66.4
66.8
65.7
65.0
65.3
64.6
64.4
65.2
65.3
65.6
69.5
73.5
71.5
71.9
71.2
73.8
70.9
71.1
68.1
69.5
73.6
72.1
70.5
73.3
72.3
74.1
72.2
72.6
70.1
70.0
74.3
68.1
71.2
70.5
69.4
71.0
68.8
68.6
69.2
71.2
67.9
67.4
69.3
69.8
67.9
69.1
69.5
68.2
68.8
73.6
69.4
70.8
69.1
69.4
70.7
71.6
70.8
72.9
72.9
71.5
71.1
69.8
73.1
70.9
69.2
68.7
70.4
71.4
72.6
72.9
71.7
73.1
72.5
72.8
69.7
73.2
71.8
75.2
73.9
72.6
73.3
72.2
76.6
72.9
73.5
74.0
76.6
75.6
78.1
75.5
74.4
78.0
78.9
76.4
78.7
79.3
79.1
77.7
77.1
76.6
76.9
80.1
79.3
80.6
76.8
77.2
75.8
75.9
74.7
77.6
76.6
76.6
72.3
73.2
74.2
75.1
71.8
75.2
73.7
76.3
73.1
69.4
73.6
77.2
71.4
76.5
73.4
73.7
72.2
71.6
72.2
73.4
73.8
74.2
75.0
71.7
73.7
75.5
76.4
71.2
74.8
71.2
70.5
76.6
72.8
73.6
77.8
72.7
72.3
78.3
78.3
68.5
72.0
72.6
76.6
71.9
71.0
77.9
73.6
73.2
74.1
72.8
74.3
77.2
69.1
71.1
71.1
69.7
68.2
66.6
65.0
70.6
75.2
75.2
78.4
73.7
72.7
76.4
70.0
66.4
68.8
64.8
69.4
71.7
70.8
70.3
71.3
71.8
73.6
67.9
67.0
68.7
67.9
71.5
70.9
70.9
66.9
69.6
69.3
70.2
74.4
73.7
76.9
76.1
75.9
75.5
66.0
70.5
66.2
71.8
67.0
72.4
66.7
67.9
69.2
70.5
77.0
71.3
70.5
70.0
68.9
70.5
68.6
70.0
71.0
73.0
70.0
73.0
74.8
71.4
68.6
69.1
67.2
70.0
68.0
67.8
75.2
74.2
74.1
75.9
76.6
72.6
72.6
71.3
71.3
69.5
74.7
71.5
72.1
72.7
73.8
77.5
73.3
71.9
74.4
70.2
70.0
68.7
70.3
75.0
73.6
73.8
74.2
70.7
75.0
79.5
71.4
69.8
70.2
71.1
70.9
70.0
69.4
71.1
69.4
76.1
74.4
81.3
77.8
79.0
78.1
79.2
74.8
73.7
78.0
76.7
72.5
74.3
71.4
75.8
74.2
75.4
78.6
75.7
74.3
71.0
69.5
72.2
74.6
74.7
71.3
72.4
74.4
72.5
72.4
72.3
73.7
74.8
73.3
73.6
67.8
68.7
67.3
74.1
73.4
73.4
70.4
65.9
68.1
65.3
68.5
69.0
65.5
65.8
70.3
76.6
77.9
70.8
72.2
71.9
65.5
72.0
71.8
74.3
72.2
77.9
81.6
76.2
78.0
76.0
73.0
70.9
68.2
67.8
68.4
67.4
68.2
68.1
72.8
73.2
71.7
69.5
76.9
81.6
73.1
73.7
76.6
75.3
76.0
76.8
79.0
74.1
73.6
71.1
73.5
64.3
65.8
75.6
67.0
67.4
68.2
70.7
70.0
68.8
69.8
71.1
73.9
69.3
70.3
70.1
71.3
69.6
72.8
69.1
72.3
72.3
71.3
83.7
82.7
81.7
78.3
76.1
77.7
76.9
75.3
73.2
73.0
72.8
75.6
74.1
75.4
75.4
75.4
76.2
72.2
72.1
71.1
68.8
70.7
72.7
73.2
76.5
71.1
67.7
65.1
67.1
66.4
67.7
66.7
68.5
68.6
70.4
70.5
68.1
69.1
70.0
72.3
70.1
72.2
69.0
73.1
73.9
74.7
84.1
72.3
72.8
67.2
67.3
79.4
69.8
66.5
66.8
69.2
66.3
66.3
66.8
68.1
67.0
68.2
68.1
70.9
72.0
68.5
73.6
75.8
79.7
69.7
67.4
68.6
70.6
67.3
66.6
68.3
68.3
67.2
72.4
69.1
69.1
70.5
72.0
69.9
74.9
81.1
79.2
72.1
66.1
65.6
68.0
68.9
74.8
71.3
69.8
68.7
66.2
71.0
80.6
75.7
80.3
81.3
80.1
80.7
67.8
68.7
72.3
70.1
65.8
70.7
72.6
67.8
64.1
65.4
65.7
70.1
74.4
74.5
73.5
63.3
61.9
64.2
64.4
68.8
66.4
62.0
63.0
62.4
64.1
64.5
64.9
67.0
83.1
84.6
78.2
70.7
70.9
68.4
68.4
70.8
76.7
76.4
68.9
68.3
68.1
67.8
68.0
76.7
84.7
77.8
70.1
68.7
67.7
66.5
68.2
66.6
66.3
67.9
69.3
68.2
70.3
72.5
66.2
67.4
68.7
68.2
69.0
68.8
70.5
68.9
68.6
69.3
69.5
77.9
75.2
70.7
70.7
66.3
67.2
75.0
75.5
78.6
79.3
77.3
74.3
81.6
72.9
73.1
67.2
80.0
70.6
76.2
70.8
69.4
72.2
78.4
66.9
65.2
67.4
70.0
71.5
70.5
68.1
68.2
67.8
69.3
69.3
69.4
70.3
68.1
68.3
67.4
78.2
68.3
70.8
67.6
67.6
68.1
68.7
68.7
68.6
74.9
68.3
66.4
66.2
66.5
67.3
67.3
67.7
69.0
68.6
69.5
69.3
70.3
70.3
69.6
70.2
71.9
70.1
68.4
69.0
69.8
70.4
70.4
70.8
76.1
75.1
68.0
68.3
67.4
67.3
72.9
75.7
73.2
77.3
62.6
64.1
63.8
62.3
64.2
64.0
63.8
66.0
73.2
64.0
61.8
63.3
63.6
64.9
66.1
64.7
65.7
66.5
67.2
71.0
77.8
79.9
70.5
77.2
79.7
65.3
60.5
59.1
61.6
59.8
57.99999999999999
69.15
73.825
78.5
68.9
70.3
71.9
67.6
68.3
70.7
62.2
63.1
66.5
72.3
66.2
67.2
67.1
64.8
64.2
68.2
81.5
77.3
79.9
69.2
65.9
65.5
65.0
63.8
64.5
66.2
71.4
66.7
65.5
78.7
68.8
69.9
66.1
65.2
66.5
67.2
68.5
67.9
68.1
67.5
69.9
69.8
70.3
71.2
71.1
71.1
68.7
68.3
73.9
71.7
70.6
69.5
69.9
69.9
69.5
70.8
70.2
70.6
71.3
70.8
72.2
72.1
75.0
70.8
67.2
65.9
66.9
68.4
66.6
68.0
67.3
68.5
68.7
70.1
70.5
73.9
74.9
69.9
65.7
64.4
67.7
65.1
61.7
62.2
62.1
62.9
63.7
65.3
63.9
75.2
86.1
78.4
77.8
77.0
78.2
78.4
78.0
80.3
82.6
78.9
78.2
77.5
74.0
73.6
74.2
74.1
70.5
66.9
72.98
74.22
75.46000000000001
76.7
76.7
71.1
73.9
70.9
76.1
70.8
71.9
73.3
73.3
76.1
71.1
71.4
71.2
67.4
68.3
68.0
65.5
65.7
65.9
64.8
64.8
67.6
65.4
72.7
70.6
65.5
64.1
65.4
66.0
73.2
63.2
62.8
62.1
63.3
63.9
74.7
66.7
66.7
63.1
62.4
63.3
63.4
63.5
63.9
64.1
63.2
64.0
63.8
64.2
63.7
63.8
63.6
63.6
63.7
63.4
63.6
63.1
63.8
63.9
63.4
63.6
64.1
64.1
63.6
63.9
64.3
64.8
76.4
78.5
64.4
71.8
62.6
59.6
62.6
62.4
64.4
79.4
94.4
79.08793103448276
78.93189655172414
78.77586206896552
78.6198275862069
78.46379310344828
78.30775862068965
78.15172413793104
77.99568965517241
77.8396551724138
77.68362068965517
77.52758620689656
77.37155172413793
77.21551724137932
77.05948275862069
76.90344827586208
76.74741379310345
76.59137931034483
76.4353448275862
76.27931034482759
76.12327586206897
75.96724137931035
75.81120689655172
75.65517241379311
75.49913793103448
75.34310344827587
75.18706896551724
75.03103448275863
74.875
74.71896551724139
74.56293103448276
74.40689655172415
74.25086206896552
74.0948275862069
73.93879310344828
73.78275862068966
73.62672413793103
73.47068965517242
73.3146551724138
73.15862068965518
73.00258620689655
72.84655172413794
72.69051724137931
72.5344827586207
72.37844827586207
72.22241379310346
72.06637931034483
71.91034482758621
71.75431034482759
71.59827586206897
71.44224137931035
71.28620689655173
71.1301724137931
70.97413793103449
70.81810344827586
70.66206896551725
70.50603448275862
70.35
70.19396551724138
70.03793103448277
69.88189655172414
69.72586206896551
69.5698275862069
69.41379310344828
69.25775862068966
69.10172413793103
68.94568965517242
68.7896551724138
68.63362068965517
68.47758620689655
68.32155172413793
68.16551724137932
68.00948275862069
67.85344827586206
67.69741379310345
67.54137931034482
67.38534482758621
67.22931034482758
67.07327586206897
66.91724137931034
66.76120689655173
66.6051724137931
66.44913793103449
66.29310344827586
66.13706896551724
65.98103448275862
65.825
65.66896551724138
65.51293103448276
65.35689655172413
65.20086206896552
65.04482758620689
64.88879310344828
64.73275862068965
64.57672413793104
64.42068965517241
64.2646551724138
64.10862068965517
63.952586206896555
63.79655172413793
63.640517241379314
63.484482758620686
63.32844827586207
63.172413793103445
63.01637931034483
62.860344827586204
62.70431034482759
62.54827586206896
62.39224137931035
62.23620689655172
62.08017241379311
61.92413793103448
61.76810344827586
61.61206896551724
61.45603448275862
61.3
68.1
64.0
62.7
61.5
64.8
61.6
60.9
64.0
67.1
63.4
60.4
61.6
60.3
57.8
61.3
60.9
59.6
57.2
60.6
59.2
62.8
63.6
59.3
56.6
60.5
63.7
64.5
65.4
62.0
60.6
59.7
60.0
57.9
57.5
56.6
57.8
57.2
58.8
66.0
62.1
58.6
56.1
55.1
57.3
60.7
64.8
62.0
60.3
55.8
55.4
58.3
57.4
58.3
57.1
66.1
55.6
54.8
63.2
61.9
61.2
62.5
61.4
61.2
62.7
65.1
66.4
62.2
61.5
62.1
64.1
63.9
63.2
65.6
62.1
63.5
64.1
66.9
65.2
63.9
62.2
65.9
64.4
65.1
63.4
61.8
65.4
64.3
64.4
62.0
63.6
66.9
61.6
64.7
64.4
62.3
63.1
67.8
68.7
70.0
70.4
68.9
70.9
68.9
70.6
70.3
67.6
65.4
62.9
66.0
63.7
60.6
60.5
60.6
62.4
66.0
58.4
59.6
59.4
59.1
59.4
60.4
69.6
60.3
59.8
64.9
57.8
58.1
59.9
60.4
58.1
58.2
59.9
58.1
59.3
60.0
59.5
60.2
59.2
60.2
60.1
59.7
60.0
60.7
60.6
60.6
60.5
60.7
60.8
62.4
61.8
61.8
61.6
61.4
62.1
61.9
62.8
61.9
62.3
63.0
61.4
63.1
71.7
79.1
73.9
72.8
67.5
69.5
66.0
68.1
60.7
71.7
80.2
75.0
76.7
74.8
78.2
75.7
72.8
69.89999999999999
