73.7
73.8
73.8
72.5
73.3
73.0
73.2
74.5
75.3
77.5
76.5
73.8
72.3
74.0
72.8
73.1
72.3
73.4
72.7
73.0
72.8
72.1
72.3
73.0
73.7
73.8
73.8
74.0
74.2
73.2
72.8
73.0
73.8
73.5
74.0
73.9
74.4
74.6
73.8
74.5
74.2
73.9
74.1
73.9
72.9
73.9
73.7
73.7
73.1
73.5
73.9
75.0
74.9
74.2
73.8
74.2
74.5
74.3
74.3
74.3
74.4
74.6
74.5
74.1
74.4
73.7
74.6
73.6
74.8
73.4
74.2
72.9
72.5
73.3
73.0
73.3
74.2
73.2
73.5
74.3
73.8
74.1
74.0
74.3
73.5
74.3
74.1
72.8
71.8
73.1
73.9
74.6
74.4
74.4
74.6
74.6
75.2
74.2
75.2
74.4
76.3
75.9
75.9
76.7
75.9
75.9
75.6
75.8
75.8
75.8
75.8
75.3
75.9
75.1
74.8
75.4
74.3
74.5
74.5
74.8
74.2
75.5
76.1
78.2
75.9
74.3
74.8
75.0
75.3
74.6
74.3
74.7
75.0
74.4
74.2
74.6
73.9
74.8
74.6
75.2
74.5
74.6
75.7
75.6
76.2
78.2
76.4
75.9
75.8
77.3
77.1
76.2
75.0
75.3
75.1
75.2
74.9
74.6
74.2
75.6
74.9
76.0
75.4
74.9
74.9
75.5
75.1
75.3
74.7
76.2
74.9
74.6
76.4
75.1
75.8
76.0
75.7
75.4
75.8
75.5
76.3
76.1
75.9
75.7
76.7
75.8
75.3
75.9
76.2
75.4
75.8
76.0
76.3
76.2
76.1
75.9
76.3
76.4
75.8
77.8
76.4
76.9
76.7
76.7
75.9
75.3
76.7
76.3
75.6
76.1
75.9
77.2
76.6
75.7
75.6
77.3
77.4
76.5
76.1
76.5
76.6
75.0
75.3
75.5
75.1
75.6
75.1
74.0
75.0
75.2
75.3
75.1
74.9
75.4
74.5
74.7
74.6
75.7
74.7
74.8
74.4
75.9
76.0
75.3
76.6
74.3
75.7
75.3
73.6
75.0
73.6
74.4
74.4
73.1
74.3
72.8
73.2
72.5
75.7
74.9
75.3
75.0
75.4
75.7
75.2
75.0
75.8
75.8
75.5
75.8
76.0
76.5
74.7
75.4
76.9
78.1
78.0
78.3
77.9
77.7
77.9
77.8
77.5
77.0
76.0
77.3
76.1
76.8
77.6
77.4
78.2
78.3
78.9
78.3
78.0
78.8
78.6
79.0
79.4
79.5
78.9
79.3
78.9
79.3
79.4
79.7
78.7
79.4
79.3
78.8
79.8
79.2
80.0
79.7
80.1
79.6
80.2
80.8
80.3
80.3
80.7
80.6
80.5
80.2
82.2
81.3
82.4
81.4
81.7
80.7
80.5
80.7
81.2
81.2
81.0
81.1
81.6
81.4
81.1
80.5
82.1
81.6
81.8
81.0
81.7
82.7
82.4
82.4
82.5
82.0
82.7
82.3
82.8
83.2
82.0
82.1
82.2
82.4
82.9
83.1
82.5
82.5
83.0
83.8
82.8
83.1
82.5
84.1
83.7
84.3
83.5
83.7
84.2
83.8
84.4
84.1
84.3
85.8
85.1
84.6
84.9
85.4
85.8
85.4
85.8
85.1
85.9
85.6
86.0
86.4
85.9
86.7
86.7
86.4
86.6
87.1
87.9
86.9
87.1
87.4
87.4
87.2
86.3
87.2
87.3
87.9
88.50000000000001
85.2
87.2
86.4
85.0
85.7
85.7
85.3
85.0
85.7
84.7
84.3
85.0
84.7
85.1
84.4
85.1
84.8
84.8
85.4
84.8
85.0
85.3
84.9
85.4
85.4
85.1
84.7
84.3
85.1
86.2
85.0
85.2
85.4
85.2
86.0
85.4
84.7
85.0
85.8
85.3
85.2
85.7
85.6
85.6
84.6
85.3
86.2
85.2
86.1
85.7
85.8
85.4
86.3
85.7
85.7
85.5
85.5
85.8
85.2
85.0
85.9
85.2
85.9
86.2
85.7
85.8
86.0
85.7
85.8
86.6
86.0
86.0
85.2
85.2
84.4
85.4
86.3
85.4
86.2
86.0
85.1
85.4
86.0
85.8
86.0
85.7
85.8
86.3
85.5
86.2
86.0
85.8
84.9
85.6
85.4
85.6
85.6
85.4
85.7
85.5
85.2
84.5
87.3
86.9
86.7
85.6
86.6
85.0
86.7
86.3
85.9
85.9
86.1
85.0
85.5
85.0
85.3
85.3
84.6
85.0
85.1
84.8
85.2
84.7
85.0
85.8
85.3
85.1
85.0
85.2
85.0
84.7
85.1
84.9
84.9
84.6
85.7
85.2
85.1
85.7
86.1
86.0
86.3
86.0
87.7
87.4
86.7
87.1
86.5
85.9
85.0
85.9
88.4
90.5
87.7
88.1
87.8
86.5
86.3
86.1
87.0
87.4
86.3
86.6
86.7
87.8
87.8
87.4
87.00000000000001
87.28064516129032
87.2209677419355
87.16129032258065
87.10161290322581
87.04193548387097
86.98225806451613
86.92258064516129
86.86290322580646
86.80322580645162
86.74354838709678
86.68387096774194
86.6241935483871
86.56451612903226
86.50483870967743
86.44516129032259
86.38548387096775
86.3258064516129
86.26612903225806
86.20645161290324
86.1467741935484
86.08709677419355
86.02741935483871
85.96774193548387
85.90806451612903
85.8483870967742
85.78870967741936
85.72903225806452
85.66935483870968
85.60967741935484
85.55000000000001
85.49032258064517
85.43064516129033
85.37096774193549
85.31129032258065
85.2516129032258
85.19193548387098
85.13225806451614
85.0725806451613
85.01290322580645
84.95322580645161
84.89354838709677
84.83387096774194
84.7741935483871
84.71451612903226
84.65483870967742
84.59516129032258
84.53548387096774
84.47580645161291
84.41612903225807
84.35645161290323
84.29677419354839
84.23709677419355
84.17741935483872
84.11774193548388
84.05806451612904
83.9983870967742
83.93870967741935
83.87903225806451
83.81935483870969
83.75967741935484
83.7
83.64032258064516
83.58064516129032
83.5209677419355
83.46129032258065
83.40161290322581
83.34193548387097
83.28225806451613
83.22258064516129
83.16290322580646
83.10322580645162
83.04354838709678
82.98387096774194
82.9241935483871
82.86451612903227
82.80483870967743
82.74516129032259
82.68548387096774
82.6258064516129
82.56612903225806
82.50645161290323
82.44677419354839
82.38709677419355
82.32741935483871
82.26774193548387
82.20806451612903
82.1483870967742
82.08870967741936
82.02903225806452
81.96935483870968
81.90967741935484
81.85
81.79032258064517
81.73064516129033
81.67096774193548
81.61129032258064
81.5516129032258
81.49193548387098
81.43225806451613
81.37258064516129
81.31290322580645
81.25322580645161
81.19354838709677
81.13387096774194
81.0741935483871
81.01451612903226
80.95483870967742
80.89516129032258
80.83548387096775
80.77580645161291
80.71612903225807
80.65645161290323
80.59677419354838
80.53709677419354
80.47741935483872
80.41774193548387
80.35806451612903
80.29838709677419
80.23870967741935
80.17903225806451
80.11935483870968
80.05967741935484
80.0
79.94032258064516
79.88064516129032
79.82096774193548
79.76129032258065
79.70161290322581
79.64193548387097
79.58225806451613
79.52258064516128
79.46290322580646
79.40322580645162
79.34354838709677
79.28387096774193
79.22419354838709
79.16451612903225
79.10483870967742
79.04516129032258
78.98548387096774
78.9258064516129
78.86612903225806
78.80645161290323
78.74677419354839
78.68709677419355
78.62741935483871
78.56774193548387
78.50806451612902
78.4483870967742
78.38870967741936
78.32903225806452
78.26935483870967
78.20967741935483
78.15
78.09032258064516
78.03064516129032
77.97096774193548
77.91129032258064
77.8516129032258
77.79193548387096
77.73225806451613
77.67258064516129
77.61290322580645
77.55322580645161
77.49354838709677
77.43387096774194
77.3741935483871
77.31451612903226
77.25483870967741
77.19516129032257
77.13548387096773
77.0758064516129
77.01612903225806
76.95645161290322
76.89677419354838
76.83709677419354
76.77741935483871
76.71774193548387
76.65806451612903
76.59838709677419
76.53870967741935
76.4790322580645
76.41935483870968
76.35967741935484
76.3
76.24032258064516
76.18064516129031
76.12096774193549
76.06129032258065
76.0016129032258
75.94193548387096
75.88225806451612
75.82258064516128
75.76290322580645
75.70322580645161
75.64354838709677
75.58387096774193
75.52419354838709
75.46451612903226
75.40483870967742
75.34516129032258
75.28548387096774
75.2258064516129
75.16612903225806
75.10645161290321
75.04677419354839
74.98709677419355
74.9274193548387
74.86774193548386
74.80806451612902
74.7483870967742
74.68870967741935
74.62903225806451
74.56935483870967
74.50967741935483
74.44999999999999
74.39032258064516
74.33064516129032
74.27096774193548
74.21129032258064
74.1516129032258
74.09193548387097
74.03225806451613
73.97258064516129
73.91290322580645
73.8532258064516
73.79354838709676
73.73387096774194
73.6741935483871
73.61451612903225
73.55483870967741
73.49516129032257
73.43548387096774
73.3758064516129
73.31612903225806
73.25645161290322
73.19677419354838
73.13709677419354
73.0774193548387
73.01774193548387
72.95806451612903
72.89838709677419
72.83870967741935
72.7790322580645
72.71935483870968
72.65967741935484
72.6
72.54032258064515
72.0
72.3
72.6
72.4
70.9
70.4
69.8
67.9
67.5
66.9
67.0
66.7
66.4
67.6
67.2
65.2
64.9
63.9
64.6
63.8
62.8
62.9
61.9
61.5
62.5
64.3
63.1
62.4
63.2
63.3
64.8
64.3
67.2
63.6
62.9
61.8
62.9
61.6
63.8
62.6
61.9
61.1
62.6
61.9
61.9
61.1
61.1
61.9
63.5
62.4
63.5
65.1
65.7
66.0
64.7
63.7
64.2
63.8
62.9
62.5
63.5
62.5
62.8
61.7
62.5
62.7
63.5
67.1
67.6
68.4
67.8
67.4
66.3
66.0
65.8
65.3
64.6
66.8
68.3
68.6
69.0
69.5
70.1
70.1
70.6
71.2
71.3
70.6
71.5
71.9
74.3
74.2
74.4
72.4
72.1
71.9
72.6
72.3
72.8
71.5
73.8
73.2
72.5
71.8
71.8
71.5
71.4
71.1
71.6
71.5
71.3
73.1
71.3
71.8
71.2
70.6
70.7
69.9
68.6
68.3
68.5
66.8
70.4
69.3
68.4
67.7
68.7
68.9
70.3
71.3
71.4
70.0
70.2
69.3
68.2
68.3
68.3
67.6
66.8
67.9
66.5
66.6
65.8
65.1
65.4
64.3
65.6
65.3
65.8
65.5
65.5
64.4
64.3
63.8
64.6
64.4
63.7
63.3
63.0
63.1
65.1
66.2
65.2
64.6
64.2
63.6
63.7
65.7
65.1
63.8
63.9
63.4
64.3
63.7
63.1
62.6
62.6
62.8
62.5
61.8
62.1
62.4
63.2
62.8
63.1
62.8
62.4
63.6
61.6
62.3
61.7
61.6
62.4
62.2
61.6
61.7
61.5
61.3
61.0
62.0
61.8
61.7
61.6
60.8
61.3
61.2
61.0
61.1
61.0
61.1
61.0
61.5
61.3
62.9
63.0
62.4
62.0
62.6
61.4
60.9
60.4
60.8
60.8
60.1
60.3
60.4
59.9
60.1
60.1
60.0
60.2
60.0
59.4
59.9
60.3
60.1
60.2
60.0
59.4
62.1
61.3
60.0
60.2
61.0
61.2
69.0
67.1
67.3
68.2
66.8
65.5
64.1
62.9
62.3
64.0
62.9
64.3
62.8
63.4
62.1
63.4
62.5
62.1
61.6
61.7
61.7
60.4
61.3
60.4
61.4
60.4
60.1
60.2
60.3
60.2
59.9
61.4
59.5
60.0
59.7
60.5
63.5
60.5
62.3
61.1
62.3
61.2
62.6
63.5
60.7
62.9
65.9
70.1
69.7
71.8
72.6
73.1
73.5
72.1
74.5
74.0
73.9
74.2
73.5
74.0
73.4
73.8
74.0
73.9
75.0
73.5
74.9
73.9
74.5
74.7
74.5
74.5
73.9
73.8
77.9
74.5
74.0
74.2
74.1
74.5
73.9
72.7
72.1
72.1
72.5
74.4
73.9
73.1
73.7
74.4
73.9
75.5
74.2
74.1
73.1
71.6
74.8
74.4
74.1
73.0
73.7
73.9
73.7
73.5
74.1
73.4
73.3
73.0
73.0
72.9
73.8
75.4
76.8
75.9
77.7
77.8
76.1
76.3
74.2
73.3
74.7
75.5
75.6
75.9
75.8
75.9
75.9
75.8
76.7
76.5
76.7
77.8
78.1
78.2
77.8
76.7
75.4
75.1
76.8
76.3
77.2
76.4
75.0
76.5
77.2
75.6
74.7
76.1
75.1
75.1
74.3
73.1
72.6
72.7
72.7
71.7
72.3
73.2
69.8
75.7
69.9
69.4
68.1
68.7
68.9
67.9
66.6
71.9
72.7
71.3
72.9
72.5
73.2
73.7
74.3
73.3
73.4
74.0
73.0
72.6
72.2
71.8
72.8
73.1
75.3
75.5
73.5
71.8
70.1
71.2
71.0
71.1
70.5
70.7
68.8
69.8
70.0
70.7
71.2
70.6
73.1
72.7
73.3
70.9
69.5
68.0
67.5
66.2
65.3
64.7
66.0
65.8
64.4
64.8
67.3
66.5
65.9
64.9
63.6
63.6
63.3
63.2
62.3
62.8
63.2
62.3
62.7
62.2
62.8
62.8
63.0
62.2
62.0
62.2
61.7
61.7
61.8
66.0
68.1
66.5
66.9
65.1
64.5
64.0
63.6
62.9
64.4
63.3
62.5
61.8
65.0
66.7
68.2
68.2
68.7
68.7
68.4
67.8
65.1
67.9
65.9
62.9
61.9
61.9
61.3
61.3
61.7
61.6
60.6
60.5
60.5
60.0
59.2
60.4
63.7
64.7
64.5
64.8
64.5
62.7
62.4
61.0
60.4
63.0
64.4
64.2
64.3
64.2
63.5
62.0
62.2
61.0
61.0
60.7
60.8
61.2
61.3
61.4
60.8
61.1
61.6
60.7
60.4
60.6
61.1
60.6
60.3
60.3
60.5
59.9
60.4
60.0
60.5
61.2
58.2
61.2
62.5
62.8
62.9
62.5
61.8
61.6
60.7
60.7
60.8
60.3
61.5
61.8
61.5
61.3
61.6
61.2
63.0
67.6
69.1
70.1
69.3
68.9
69.7
70.5
68.8
70.2
70.5
70.0
70.9
70.7
70.5
70.7
71.2
70.5
66.0
69.5
71.1
70.6
71.7
71.1
70.8
71.5
72.0
72.3
72.2
72.5
72.5
70.9
70.8
68.9
72.5
72.1
74.1
73.3
75.8
80.5
78.7
76.2
77.5
76.8
75.4
73.9
73.1
72.4
71.6
70.8
72.0
72.7
72.1
71.6
70.9
69.5
69.3
69.6
69.5
68.7
67.7
67.5
66.5
66.7
67.0
66.2
65.8
66.0
65.9
66.9
66.3
65.6
65.8
65.6
66.1
66.0
66.5
62.1
65.5
65.6
65.0
65.0
67.2
69.1
69.2
68.9
67.6
66.4
65.7
64.9
64.1
64.6
68.1
65.7
71.3
71.4
70.5
69.9
70.2
69.7
70.8
69.8
68.0
68.0
68.0
67.0
66.0
66.8
66.8
68.1
67.5
69.6
70.4
72.1
72.1
71.9
72.5
72.1
71.8
72.3
72.3
72.4
71.9
72.1
72.1
71.9
72.5
73.3
70.1
71.9
72.1
70.8
70.6
69.4
70.3
70.5
71.1
71.5
71.9
70.9
72.3
73.8
74.1
73.2
73.7
73.3
71.8
67.6
72.6
71.4
71.9
70.2
70.4
71.5
71.5
70.8
68.3
68.6
68.4
69.5
69.0
69.6
68.6
68.3
68.3
68.0
67.5
67.2
66.1
65.7
65.2
64.2
65.8
66.3
70.1
71.1
71.7
72.0
71.5
72.2
72.6
73.1
74.5
75.0
74.5
72.5
71.0
67.4
71.5
70.3
70.5
71.5
72.0
72.0
71.7
72.3
72.6
72.3
71.6
71.3
71.2
71.0
69.3
70.5
69.8
70.5
68.9
70.4
69.7
69.3
67.9
67.3
69.2
71.6
72.2
72.1
72.2
71.8
70.1
68.5
66.5
66.2
64.9
65.3
64.0
65.5
64.6
64.5
65.3
66.9
65.2
64.4
64.0
63.5
63.9
63.9
63.5
63.9
66.4
68.5
67.4
71.9
72.6
72.3
72.2
72.4
72.4
71.9
71.7
71.8
71.9
72.8
73.2
74.4
73.9
74.1
74.7
74.5
74.3
74.1
73.9
71.6
68.7
67.5
66.2
65.0
64.3
64.3
64.2
63.4
64.0
63.3
64.0
62.7
63.4
63.8
65.7
66.4
68.0
68.9
70.0
69.1
69.1
71.7
71.5
71.2
70.7
68.7
67.1
67.6
65.7
65.7
65.7
65.7
66.1
65.8
64.9
65.7
66.7
68.1
69.2
70.8
69.5
71.2
72.1
72.8
72.6
73.3
73.4
74.3
73.7
73.8
73.1
72.2
71.8
71.8
71.8
73.9
73.7
72.3
74.1
72.9
74.0
74.9
73.5
73.5
76.8
73.7
72.8
76.0
79.1
77.9
77.3
75.0
75.0
74.2
74.1
72.3
71.8
72.7
71.8
71.3
71.1
71.1
70.3
70.4
69.4
68.9
67.5
68.2
69.3
70.0
69.8
68.9
68.2
67.4
66.6
66.6
65.2
64.2
64.4
65.5
65.4
65.0
64.8
64.9
65.6
64.4
64.0
66.5
65.9
65.4
66.3
65.5
69.7
70.3
69.6
70.3
71.3
72.7
73.9
73.3
73.4
73.9
73.2
72.5
71.3
70.6
69.5
67.6
66.2
65.1
64.8
64.1
64.4
65.3
64.1
63.1
66.6
65.4
66.2
66.8
66.6
69.1
71.0
71.8
72.9
74.3
74.6
74.0
72.6
73.2
74.1
76.6
76.2
77.0
75.8
74.6
73.5
73.6
72.8
72.1
71.8
71.6
71.9
70.7
71.3
72.2
71.7
71.3
71.5
70.8
70.2
69.1
68.8
67.2
66.5
65.6
65.4
65.5
65.2
65.4
65.4
65.2
65.6
65.1
65.4
65.8
70.2
71.2
72.4
72.0
72.8
71.7
71.7
71.2
71.8
72.1
75.3
71.5
71.8
71.9
71.5
72.8
73.6
73.7
73.1
72.6
71.4
70.8
70.7
69.3
68.3
68.8
69.2
69.0
67.0
70.8
70.7
69.2
68.4
67.5
68.8
66.3
65.9
65.3
64.5
64.8
66.0
64.9
65.3
64.3
63.0
62.6
63.2
65.1
67.6
68.4
69.4
69.5
70.0
69.3
69.5
69.5
68.5
68.1
67.1
66.4
65.7
65.1
64.0
63.6
63.8
65.4
63.4
67.8
69.1
70.9
70.6
70.9
70.6
70.4
69.5
67.9
66.5
65.8
65.6
64.1
64.8
63.4
63.6
63.3
62.9
67.9
71.2
71.3
72.0
72.1
72.6
73.7
72.0
74.1
73.6
73.0
72.0
70.8
70.0
69.5
69.1
68.3
68.1
67.8
67.1
66.0
66.8
68.6
68.9
69.3
70.7
70.8
70.3
69.5
68.7
69.83636363636364
70.00454545454545
70.17272727272727
70.3409090909091
70.50909090909092
70.67727272727272
70.84545454545454
71.01363636363637
71.18181818181819
71.35
71.51818181818182
71.68636363636364
71.85454545454546
72.02272727272727
72.19090909090909
72.35909090909091
72.52727272727273
72.69545454545454
72.86363636363636
73.03181818181818
73.2
73.36818181818182
73.53636363636363
73.70454545454545
73.87272727272727
74.0409090909091
74.2090909090909
74.37727272727273
74.54545454545455
74.71363636363637
74.88181818181818
75.05
75.21818181818182
75.38636363636364
75.55454545454545
75.72272727272727
75.89090909090909
76.05909090909091
76.22727272727272
76.39545454545454
76.56363636363636
76.73181818181818
76.9
77.06818181818181
77.23636363636363
77.40454545454546
77.57272727272726
77.74090909090908
77.9090909090909
78.07727272727273
78.24545454545455
78.41363636363636
78.58181818181818
78.75
78.91818181818182
79.08636363636363
79.25454545454545
79.42272727272727
79.5909090909091
79.7590909090909
79.92727272727272
80.09545454545454
80.26363636363637
80.43181818181819
80.6
80.76818181818182
80.93636363636364
81.10454545454544
81.27272727272727
81.44090909090909
81.60909090909091
81.77727272727273
81.94545454545454
82.11363636363636
82.28181818181818
82.45
82.61818181818181
82.78636363636363
82.95454545454545
83.12272727272727
83.29090909090908
83.4590909090909
83.62727272727273
83.79545454545455
83.96363636363637
84.13181818181818
84.3
84.4
82.0
81.5
82.5
90.3
81.1
81.1
80.1
81.8
82.4
90.8
89.1
90.2
91.2
90.0
88.1
86.1
85.4
84.1
82.2
83.0
84.7
88.3
88.1
86.3
84.2
83.0
82.8
83.8
87.5
83.1
82.2
81.5
81.8
82.1
82.2
82.6
82.7
82.3
82.7
82.5
82.5
83.0
83.1
83.1
82.7
82.5
84.3
84.7
84.0
83.5
82.4
83.4
83.1
83.9
84.0
84.0
83.6
83.9
83.9
83.6
84.2
84.5
83.5
84.6
82.9
84.1
83.8
84.0
83.3
85.1
85.0
85.3
86.0
86.3
86.1
86.1
85.3
85.3
85.7
85.7
85.6
85.4
85.0
84.5
85.3
84.4
85.2
84.6
84.5
83.8
84.0
84.3
83.2
83.2
83.5
83.9
83.4
82.6
82.3
82.6
82.1
82.8
83.5
83.3
83.2
83.3
83.2
83.1
82.9
82.9
82.4
82.2
81.9
81.8
80.6
81.2
80.9
80.5
80.3
80.3
80.0
80.1
79.9
79.8
80.0
80.3
80.2
80.0
80.0
80.1
80.5
79.9
79.3
80.4
79.6
79.7
78.6
79.3
79.0
79.2
79.4
79.2
78.9
79.3
79.2
78.7
79.7
79.1
79.5
79.2
77.4
79.6
82.6
80.8
80.5
81.3
80.3
80.7
80.7
80.6
81.4
82.1
82.3
82.2
82.7
82.2
82.2
82.1
82.8
82.4
83.0
83.0
83.5
83.0
83.2
82.3
82.4
82.7
82.9
83.3
83.1
83.0
83.3
84.3
83.2
83.7
83.2
82.4
82.4
83.4
80.4
80.3
80.0
81.0
80.5
81.4
80.6
80.4
80.3
80.2
80.4
81.0
80.2
78.9
78.8
79.1
78.4
78.6
78.0
79.0
80.0
79.5
78.2
79.0
79.5
80.1
80.4
79.8
79.6
80.4
80.4
80.0
80.0
80.3
81.1
81.1
81.9
81.8
81.3
81.7
81.8
81.3
82.0
81.8
81.9
82.1
81.8
81.2
81.2
80.1
81.6
81.4
82.1
82.3
82.0
81.8
82.0
81.9
82.3
82.0
83.1
82.9
82.8
82.4
83.2
82.9
82.4
83.1
83.0
83.0
83.1
83.8
82.9
81.8
82.5
82.5
82.9
83.2
84.1
84.3
84.6
85.4
85.2
85.6
85.2
86.0
85.6
85.9
84.7
85.0
85.4
85.0
85.9
85.3
85.0
86.0
86.0
85.8
86.5
85.6
87.2
86.0
86.8
86.8
86.8
87.2
86.4
87.8
86.9
87.1
87.6
87.6
86.8
88.8
89.0
88.5
88.4
88.4
89.3
87.6
87.3
87.8
89.0
88.3
89.0
90.1
89.4
90.8
90.1
90.3
90.1
90.2
90.8
92.3
92.9
92.2
92.6
91.9
91.9
90.5
91.5
91.6
90.9
91.0
90.6
91.5
91.3
91.0
91.7
91.3
93.0
92.9
94.6
94.1
93.9
94.7
95.9
96.5
94.9
94.2
94.2
94.6
94.3
95.8
95.5
95.1
94.5
96.5
97.7
101.5
99.8
98.4
96.0
95.9
95.9
97.1
98.4
97.9
98.8
99.3
99.7
98.7
99.2
100.3
99.7
99.6
99.4
100.4
100.3
100.5
101.1
101.6
102.6
103.1
102.5
103.6
104.1
108.1
108.3
108.7
110.3
110.6
111.0
109.5
108.7
110.7
113.7
114.8
114.4
115.1
112.9
112.5
111.8
110.9
110.6
110.7
111.7
111.0
111.7
110.7
108.9
108.7
108.6
109.4
109.2
109.2
108.7
108.2
109.5
108.0
107.6
107.9
109.1
109.4
108.9
108.5
106.7
106.3
105.2
104.2
105.0
104.0
105.4
104.4
104.8
105.2
106.1
105.8
105.3
105.5
105.3
106.8
106.6
105.1
105.1
105.8
106.8
105.8
106.7
106.0
106.2
105.9
106.1
107.1
106.3
106.3
107.3
107.0
106.8
106.6
106.8
106.6
106.7
105.5
106.6
107.0
107.7
107.0
107.1
108.0
106.3
107.4
109.4
106.7
105.6
109.5
108.6
107.3
109.0
107.6
108.3
108.5
108.4
108.1
108.0
107.6
107.6
107.6
108.0
108.2
108.0
108.3
108.3
108.5
108.9
108.7
109.1
109.8
109.7
110.0
109.2
109.8
109.4
109.7
109.4
109.8
108.6
109.6
109.9
109.5
109.6
109.9
110.7
110.8
110.4
112.1
110.7
111.1
109.1
110.0
110.9
111.1
111.3
111.7
110.7
112.5
111.2
111.9
112.5
112.5
112.0
111.5
111.1
111.7
111.9
111.0
110.0
111.6
111.9
112.9
112.3
113.0
112.8
112.8
112.8
112.6
113.4
113.0
112.8
113.3
113.3
112.3
112.9
113.3
113.4
113.2
113.4
113.5
114.0
113.4
114.0
113.8
112.6
113.9
113.5
113.3
113.0
113.4
114.2
114.5
115.0
115.4
115.5
115.1
115.0
115.1
115.1
115.2
116.2
116.6
115.7
114.8
113.8
116.2
117.1
117.0
116.8
116.4
116.0
114.8
113.7
113.6
114.4
113.7
110.5
110.6
110.1
109.8
110.4
108.3
107.6
106.8
107.0
108.7
110.0
110.8
112.0
111.9
112.1
112.9
113.0
112.1
111.3
111.7
111.9
110.8
108.7
110.9
111.7
112.1
111.6
111.7
111.3
111.1
111.4
110.0
110.1
110.0
110.9
110.7
110.7
110.7
110.4
109.0
109.0
109.5
109.9
109.6
110.3
109.9
109.3
109.0
109.3
108.1
105.9
107.9
108.8
109.0
109.3
109.4
109.6
108.2
109.1
108.3
108.8
108.9
110.5
109.5
109.4
109.9
110.6
109.0
110.0
108.1
107.5
108.3
107.0
108.8
109.1
108.8
109.4
109.2
109.4
109.2
108.1
107.7
108.0
107.8
107.5
107.8
107.3
107.4
106.7
107.0
107.0
107.1
106.9
107.0
106.5
107.2
107.8
107.6
108.5
108.9
108.6
108.9
108.1
109.3
108.0
108.3
108.8
109.3
109.8
109.9
110.4
112.2
111.5
111.0
111.9
112.4
112.5
112.8
113.6
113.5
113.2
113.0
113.0
114.1
114.5
115.0
115.0
114.4
114.4
114.4
114.0
114.1
113.8
114.1
113.7
113.6
112.9
113.9
113.2
113.2
113.7
113.0
112.1
113.8
113.6
114.5
115.0
114.4
114.8
114.7
116.0
116.4
115.9
116.0
116.5
116.4
116.7
115.3
114.5
114.2
115.7
117.2
115.4
115.1
113.4
111.0
111.5
108.6
109.0
107.6
107.3
108.2
103.0
98.4
97.9
97.0
104.9
107.6
111.3
111.0
111.7
113.4
114.3
115.0
116.7
117.3
118.4
118.8
120.0
119.5
118.3
118.0
116.6
116.9
116.0
115.7
115.3
114.7
114.4
114.0
113.7
113.4
112.0
112.1
112.8
113.0
113.4
109.3
111.1
111.1
112.8
115.1
115.1
115.3
117.7
116.0
110.2
111.6
114.9
115.0
114.5
112.2
111.1
109.9
109.0
108.0
106.6
105.4
103.3
101.6
104.2
106.1
106.9
107.6
108.0
108.1
108.1
107.3
107.0
106.8
106.0
106.0
105.6
104.2
103.3
103.2
101.7
96.2
106.5
108.2
109.2
109.7
110.2
110.1
110.4
109.1
108.5
108.0
107.4
106.7
106.0
105.5
105.6
103.5
101.8
99.7
100.0
100.0
100.9
101.0
101.0
99.7
97.0
94.5
92.0
94.50859598853869
94.51289398280802
94.51719197707736
94.52148997134671
94.52578796561605
94.53008595988538
94.53438395415473
94.53868194842407
94.5429799426934
94.54727793696276
94.5515759312321
94.55587392550143
94.56017191977077
94.56446991404012
94.56876790830945
94.57306590257879
94.57736389684814
94.58166189111748
94.58595988538681
94.59025787965616
94.5945558739255
94.59885386819484
94.60315186246419
94.60744985673352
94.61174785100286
94.61604584527221
94.62034383954155
94.62464183381088
94.62893982808023
94.63323782234957
94.63753581661891
94.64183381088826
94.6461318051576
94.65042979942693
94.65472779369628
94.65902578796562
94.66332378223495
94.6676217765043
94.67191977077364
94.67621776504298
94.68051575931231
94.68481375358166
94.689111747851
94.69340974212034
94.69770773638969
94.70200573065902
94.70630372492836
94.71060171919771
94.71489971346705
94.71919770773638
94.72349570200574
94.72779369627507
94.73209169054441
94.73638968481376
94.7406876790831
94.74498567335243
94.74928366762178
94.75358166189112
94.75787965616045
94.7621776504298
94.76647564469914
94.77077363896848
94.77507163323783
94.77936962750717
94.7836676217765
94.78796561604585
94.79226361031519
94.79656160458453
94.80085959885386
94.80515759312321
94.80945558739255
94.81375358166189
94.81805157593124
94.82234957020057
94.82664756446991
94.83094555873926
94.8352435530086
94.83954154727793
94.84383954154728
94.84813753581662
94.85243553008596
94.8567335243553
94.86103151862464
94.86532951289398
94.86962750716333
94.87392550143267
94.878223495702
94.88252148997135
94.88681948424069
94.89111747851003
94.89541547277938
94.89971346704871
94.90401146131805
94.90830945558739
94.91260744985674
94.91690544412607
94.92120343839541
94.92550143266476
94.9297994269341
94.93409742120343
94.93839541547278
94.94269340974212
94.94699140401146
94.9512893982808
94.95558739255014
94.95988538681948
94.96418338108883
94.96848137535817
94.9727793696275
94.97707736389685
94.98137535816619
94.98567335243553
94.98997134670488
94.99426934097421
94.99856733524355
95.0028653295129
95.00716332378224
95.01146131805157
95.01575931232092
95.02005730659026
95.0243553008596
95.02865329512893
95.03295128939828
95.03724928366762
95.04154727793696
95.04584527220631
95.05014326647564
95.05444126074498
95.05873925501433
95.06303724928367
95.067335243553
95.07163323782235
95.07593123209169
95.08022922636103
95.08452722063038
95.08882521489971
95.09312320916905
95.0974212034384
95.10171919770774
95.10601719197707
95.11031518624642
95.11461318051576
95.1189111747851
95.12320916905445
95.12750716332378
95.13180515759312
95.13610315186247
95.14040114613181
95.14469914040114
95.14899713467048
95.15329512893983
95.15759312320917
95.1618911174785
95.16618911174785
95.17048710601719
95.17478510028653
95.17908309455588
95.18338108882521
95.18767908309455
95.1919770773639
95.19627507163324
95.20057306590257
95.20487106017193
95.20916905444126
95.2134670487106
95.21776504297995
95.22206303724928
95.22636103151862
95.23065902578797
95.23495702005731
95.23925501432664
95.243553008596
95.24785100286533
95.25214899713467
95.256446991404
95.26074498567336
95.26504297994269
95.26934097421203
95.27363896848138
95.27793696275072
95.28223495702005
95.2865329512894
95.29083094555874
95.29512893982807
95.29942693409743
95.30372492836676
95.3080229226361
95.31232091690545
95.31661891117479
95.32091690544412
95.32521489971347
95.32951289398281
95.33381088825215
95.3381088825215
95.34240687679083
95.34670487106017
95.35100286532952
95.35530085959886
95.35959885386819
95.36389684813754
95.36819484240688
95.37249283667622
95.37679083094555
95.3810888252149
95.38538681948424
95.38968481375358
95.39398280802293
95.39828080229226
95.4025787965616
95.40687679083095
95.41117478510029
95.41547277936962
95.41977077363897
95.42406876790831
95.42836676217765
95.432664756447
95.43696275071633
95.44126074498567
95.44555873925502
95.44985673352436
95.45415472779369
95.45845272206304
95.46275071633238
95.46704871060172
95.47134670487107
95.4756446991404
95.47994269340974
95.48424068767908
95.48853868194843
95.49283667621776
95.4971346704871
95.50143266475645
95.50573065902579
95.51002865329512
95.51432664756447
95.51862464183381
95.52292263610315
95.5272206303725
95.53151862464183
95.53581661891117
95.54011461318052
95.54441260744986
95.5487106017192
95.55300859598854
95.55730659025788
95.56160458452722
95.56590257879657
95.5702005730659
95.57449856733524
95.57879656160459
95.58309455587393
95.58739255014326
95.59169054441261
95.59598853868195
95.60028653295129
95.60458452722062
95.60888252148997
95.61318051575931
95.61747851002865
95.621776504298
95.62607449856733
95.63037249283667
95.63467048710602
95.63896848137536
95.6432664756447
95.64756446991404
95.65186246418338
95.65616045845272
95.66045845272207
95.6647564469914
95.66905444126074
95.67335243553009
95.67765042979943
95.68194842406876
95.68624641833811
95.69054441260745
95.69484240687679
95.69914040114614
95.70343839541547
95.70773638968481
95.71203438395415
95.7163323782235
95.72063037249283
95.72492836676217
95.72922636103152
95.73352435530086
95.7378223495702
95.74212034383955
95.74641833810888
95.75071633237822
95.75501432664757
95.7593123209169
95.76361031518624
95.76790830945559
95.77220630372493
95.77650429799426
95.78080229226362
95.78510028653295
95.78939828080229
95.79369627507164
95.79799426934098
95.80229226361031
95.80659025787966
95.810888252149
95.81518624641834
95.81948424068769
95.82378223495702
95.82808022922636
95.8323782234957
95.83667621776505
95.84097421203438
95.84527220630372
95.84957020057307
95.8538681948424
95.85816618911174
95.86246418338109
95.86676217765043
95.87106017191977
95.87535816618912
95.87965616045845
95.88395415472779
95.88825214899714
95.89255014326648
95.89684813753581
95.90114613180516
95.9054441260745
95.90974212034384
95.91404011461319
95.91833810888252
95.92263610315186
95.92693409742121
95.93123209169055
95.93553008595988
95.93982808022923
95.94412607449857
95.9484240687679
95.95272206303724
95.9570200573066
95.96131805157593
95.96561604584527
95.96991404011462
95.97421203438395
95.97851002865329
95.98280802292264
95.98710601719198
95.99140401146131
95.99570200573066
96.0
96.0
96.0
96.0
96.1
97.0
97.0
96.7
94.8
96.8
97.5
96.8
96.3
96.0
95.7
95.0
93.8
93.6
93.4
93.5
93.4
93.1
93.0
93.9
93.7
93.9
94.0
94.3
94.5
94.3
94.0
94.0
94.6
94.2
95.0
95.0
95.0
95.0
95.0
95.1
95.0
95.2
95.2
95.5
95.0
95.0
95.0
95.0
95.0
95.0
95.0
95.0
95.0
95.0
95.0
95.0
95.0
95.0
95.0
95.4
95.6
95.3
95.4
95.0
95.0
94.2
94.2
94.5
94.2
94.2
95.0
95.0
95.0
95.0
95.0
95.0
95.7
95.5
96.0
96.0
96.0
96.0
95.8
96.0
95.9
96.0
96.0
96.0
96.0
96.0
96.1
96.0
96.0
96.0
96.0
95.9
95.7
96.0
96.0
96.2
96.2
96.3
96.1
96.9
95.7
93.7
95.3
95.7
93.9
92.6
93.5
94.3
95.0
95.2
95.7
95.9
95.6
96.0
96.0
96.3
96.0
97.0
96.0
96.0
96.6
96.1
96.0
96.9
97.0
96.9
96.7
96.6
96.5
97.0
97.0
97.0
96.6
96.8
97.0
97.0
96.4
96.3
97.0
97.5
97.4
98.2
98.1
98.0
98.5
98.7
99.0
99.0
98.6
97.8
98.3
98.3
98.2
98.4
97.9
98.0
97.4
97.9
97.6
97.6
97.8
97.8
97.5
97.2
97.0
97.0
97.0
96.6
96.7
96.1
96.1
95.7
95.8
95.7
95.8
95.0
94.7
94.6
95.0
93.6
93.0
92.8
93.0
93.0
93.0
93.5
93.7
93.7
93.7
94.0
93.7
93.3
93.9
93.8
94.0
93.5
94.0
94.0
94.0
93.7
94.0
93.9
93.8
94.0
94.2
94.0
94.0
94.0
94.3
94.4
94.1
94.0
94.0
93.6
93.8
94.5
94.0
94.0
94.0
94.0
94.0
94.2
94.1
94.1
93.8
93.7
93.3
93.8
93.6
94.0
93.4
93.6
93.3
93.9
94.0
94.1
92.3
92.8
93.2
94.0
93.8
93.7
93.7
94.2
93.8
94.0
94.0
93.3
93.3
93.3
93.6
93.1
89.5
90.4
92.7
93.4
93.7
94.0
93.8
94.0
94.0
93.6
94.2
93.9
93.9
94.4
93.6
93.7
94.0
94.5
94.3
94.5
94.9
95.0
94.3
95.0
94.9
95.0
95.0
95.4
94.9
95.1
95.3
95.0
95.5
95.2
95.3
95.4
95.3
95.6
95.2
95.3
95.3
95.5
95.3
95.3
95.1
94.9
94.6
94.4
94.4
94.3
95.0
94.5
94.4
94.0
89.2
89.4
91.4
91.3
88.5
86.4
87.0
86.9
84.9
86.3
87.1
88.4
88.6
89.0
88.5
88.5
89.0
89.0
90.0
89.8
89.3
89.4
89.1
89.3
89.0
89.0
89.0
88.4
88.7
88.8
88.7
88.6
88.3
89.0
88.6
88.5
88.6
88.4
88.6
88.2
88.2
88.3
88.2
87.9
88.0
88.0
87.8
87.0
87.2
87.1
87.3
87.0
87.0
87.0
87.0
86.7
86.8
86.5
87.0
87.2
86.9
86.4
86.6
86.5
86.4
86.8
86.5
86.3
86.6
86.1
86.1
85.9
85.9
85.9
86.0
85.8
86.0
86.0
86.0
85.5
85.7
86.2
85.6
85.7
85.8
86.2
85.9
85.6
85.7
86.0
86.0
86.2
86.2
85.5
85.4
85.7
85.9
86.0
85.9
86.0
85.8
85.2
85.4
85.7
85.6
85.8
86.0
85.9
85.8
85.3
85.3
85.7
85.0
85.0
85.8
85.3
86.0
85.7
86.0
86.0
86.0
85.9
85.0
85.4
85.7
86.0
86.0
86.0
85.9
85.9
86.1
86.0
86.0
86.0
86.0
86.0
86.0
85.9
86.0
86.0
86.0
86.0
86.0
86.0
85.7
85.3
85.2
85.0
85.2
85.4
85.0
85.0
85.1
85.0
85.0
84.8
84.5
85.0
85.0
85.0
85.0
85.0
84.4
84.0
84.1
84.3
84.3
84.4
84.1
84.1
84.0
84.2
84.2
84.0
84.0
84.8
85.0
85.1
85.0
85.2
85.0
85.0
85.4
85.0
84.6
85.0
84.4
84.9
84.9
84.9
85.0
84.9
84.1
83.9
82.2
82.3
84.1
85.9
86.7
86.7
85.6
84.1
83.2
83.1
83.1
83.9
83.8
83.2
83.0
82.2
82.0
82.0
82.0
82.0
81.8
82.0
82.2
82.3
82.2
82.7
83.0
82.8
82.3
82.1
82.0
82.0
82.0
82.0
82.0
82.0
81.6
81.7
81.3
82.0
81.9
82.0
82.0
82.0
82.0
82.0
81.6
81.8
82.0
82.0
82.0
82.0
81.3
82.0
82.4
82.6
82.7
82.6
82.8
83.0
83.2
83.3
83.1
82.7
83.7
83.1
82.6
82.1
81.6
82.0
80.5
76.7
76.4
76.2
76.6
76.8
78.4
79.8
81.4
82.4
82.9
83.0
82.8
82.5
83.0
83.7
83.7
82.9
82.5
82.1
82.9
82.7
82.8
82.9
82.2
82.8
83.0
82.9
82.7
82.1
82.1
82.7
82.2
82.8
82.9
82.7
83.0
82.2
82.1
83.0
82.0
82.0
82.0
81.9
82.0
82.0
82.0
82.0
82.0
82.0
82.0
82.0
82.5
82.1
82.3
82.7
82.2
82.1
82.0
82.0
82.7
82.4
82.9
83.0
83.0
83.0
83.2
83.7
83.4
83.0
83.0
83.0
83.1
83.0
83.3
83.1
83.0
83.1
83.2
83.7
83.8
83.4
84.5
85.4
85.0
84.3
84.4
85.1
85.0
85.0
85.4
85.3
85.2
84.9
85.4
88.3
88.5
87.4
86.2
85.7
85.0
85.1
85.9
86.0
87.0
87.0
87.0
87.0
86.9
86.8
86.5
86.8
86.1
87.0
87.0
88.0
88.0
88.0
87.5
87.0
86.3
85.9
85.9
85.3
85.7
85.1
85.0
85.1
85.9
85.6
86.0
85.8
86.0
86.0
86.0
86.5
86.9
86.7
86.1
86.0
86.0
85.9
85.7
85.3
85.5
86.2
86.1
85.6
85.4
86.0
86.5
87.0
86.5
86.6
86.0
86.2
86.3
86.8
86.4
86.6
87.0
86.6
86.3
87.5
87.7
88.0
86.4
86.7
87.0
87.0
86.1
87.0
86.6
88.0
88.0
88.2
88.2
88.0
88.0
88.0
88.0
87.6
87.4
87.8
87.7
87.7
88.0
87.9
88.0
88.0
88.0
88.0
87.1
87.7
87.9
87.4
87.7
88.0
87.2
87.0
87.4
87.0
87.0
87.0
87.9
88.9
88.6
89.0
89.8
89.8
89.4
89.4
89.4
89.0
88.4
89.0
88.6
88.6
88.1
88.0
88.0
88.0
87.3
87.1
87.3
87.8
87.7
87.0
86.8
86.9
87.0
87.0
87.0
87.0
87.0
87.0
87.1
87.0
87.0
87.0
87.1
87.1
87.0
86.9
87.0
87.3
88.0
87.8
87.5
87.2
87.2
87.0
87.1
87.0
87.0
87.4
87.0
87.1
87.7
87.6
87.0
87.0
87.2
87.0
87.1
87.0
87.0
87.0
86.4
87.0
86.4
87.0
86.8
86.9
86.5
86.8
86.8
86.3
86.9
86.6
86.7
86.8
86.4
86.2
85.0
84.9
85.4
85.1
85.0
84.4
85.9
85.7
85.5
86.0
85.9
86.0
86.0
85.8
85.7
86.0
86.0
86.0
86.0
86.2
86.3
86.4
86.8
86.4
86.3
86.6
86.7
87.0
87.1
87.3
87.3
88.0
88.0
88.3
88.6
88.6
89.2
89.4
90.0
91.2
90.7
89.0
89.9
90.0
89.6
89.3
89.9
89.0
89.5
89.1
88.8
89.8
90.0
90.4
91.0
91.2
91.0
91.3
92.0
92.0
91.8
92.7
92.9
92.6
92.4
92.2
92.0
92.0
92.0
92.3
92.0
92.0
92.0
92.4
92.2
92.1
92.3
92.4
92.1
93.0
93.2
93.5
93.0
91.2
88.8
87.3
86.1
85.8
85.5
85.3
84.9
84.7
84.9
84.6
84.6
84.9
85.0
84.9
84.8
84.4
84.5
84.3
84.7
84.1
83.5
83.1
83.1
83.1
83.2
83.6
84.0
84.0
84.0
84.0
84.1
84.1
84.0
84.2
84.1
84.1
84.1
84.2
84.0
84.0
83.9
84.0
84.0
84.1
84.2
83.8
83.1
83.0
83.0
83.5
83.9
86.5
84.3
85.0
85.4
84.7
84.6
84.9
85.0
85.0
85.0
84.3
84.6
84.4
84.7
84.4
84.2
84.0
84.2
84.1
84.2
84.5
84.8
84.7
84.2
84.1
84.0
84.0
84.0
84.0
84.0
84.0
84.0
84.0
83.9
83.6
83.5
83.7
83.8
83.8
83.7
83.7
83.3
83.3
83.5
83.7
84.0
84.0
84.1
84.3
84.6
84.9
84.5
84.8
84.6
84.3
84.0
84.0
84.1
83.9
84.0
84.1
84.2
84.1
84.3
84.2
84.0
84.4
85.0
84.5
84.4
84.6
84.4
84.7
84.8
85.0
85.2
85.1
85.1
85.2
85.2
85.2
85.5
85.4
85.2
85.3
85.3
85.2
85.3
85.4
85.6
85.4
85.6
85.8
85.4
85.7
85.5
85.3
85.4
85.3
85.3
85.3
85.3
85.1
85.4
85.2
85.4
85.3
85.2
85.4
85.3
85.3
85.4
85.7
85.4
85.2
85.2
85.2
85.3
85.2
85.1
85.1
85.0
85.0
85.0
85.0
85.0
84.6
84.5
84.7
84.7
84.3
84.4
84.3
84.3
84.1
84.0
84.1
84.5
84.3
84.2
84.4
84.3
84.2
84.2
84.0
84.0
83.5
83.4
83.5
83.9
84.0
83.7
83.8
83.5
83.9
84.0
84.0
83.9
84.0
84.0
84.0
84.0
83.9
83.3
83.3
83.1
83.1
83.2
83.3
83.2
83.1
83.2
83.3
83.3
83.4
83.2
83.1
83.1
83.1
83.0
83.1
82.8
82.2
81.8
81.3
81.9
82.1
82.8
83.3
83.3
83.5
83.7
83.3
83.2
83.2
82.7
83.7
85.5
86.7
85.8
85.2
85.1
84.9
84.9
85.4
85.9
86.9
86.3
85.2
84.5
86.5
87.0
87.4
87.4
87.0
87.1
87.2
87.0
87.3
87.0
87.0
87.0
86.3
86.1
86.0
86.0
85.9
86.0
86.0
85.7
85.6
86.0
85.8
85.9
85.3
85.4
85.3
85.4
85.4
85.9
85.4
85.2
85.2
85.2
85.6
85.8
85.9
85.6
85.0
84.4
85.0
85.6
85.0
85.0
85.0
85.0
85.0
85.0
85.0
85.1
85.1
85.8
85.5
85.6
85.7
85.9
85.7
85.7
85.2
85.2
85.4
85.2
85.3
85.2
85.6
85.9
85.8
85.3
85.3
85.6
85.9
86.0
86.0
86.0
85.9
85.9
86.0
86.0
86.1
86.2
86.4
86.0
86.5
87.0
87.0
87.0
87.2
87.0
87.0
87.0
87.2
87.6
87.0
87.0
87.0
87.5
87.0
87.0
87.0
87.0
87.0
87.0
87.0
87.4
87.0
87.0
87.0
87.0
87.0
87.0
87.0
87.0
87.0
87.0
87.0
87.0
87.0
87.0
87.0
87.0
87.0
86.5
86.3
86.7
87.0
87.8
87.6
87.5
87.8
87.4
87.3
86.9
87.0
86.9
86.8
87.2
85.3
85.0
85.0
85.0
85.0
85.0
85.0
85.0
84.7
85.0
85.0
85.0
85.0
84.7
84.7
84.8
84.1
84.0
84.1
83.9
83.3
84.0
84.0
84.0
83.5
84.1
84.2
84.0
83.7
83.6
84.0
84.0
83.8
84.0
84.0
83.9
83.9
84.0
83.6
84.0
83.9
84.0
84.0
84.0
84.1
84.0
84.0
84.0
84.0
84.7
84.8
84.3
85.0
85.0
84.5
84.5
84.1
84.6
84.2
85.0
84.8
85.0
85.0
83.8
84.0
84.1
82.9
80.5
80.8
82.1
83.0
83.3
82.8
82.9
83.6
81.9
82.4
81.0
81.0
81.0
81.0
81.2
81.3
81.3
81.0
81.0
81.0
81.6
81.3
81.0
81.1
81.0
81.0
81.3
81.0
81.0
81.3
81.2
81.3
81.6
81.1
81.8
81.7
81.1
81.0
81.4
81.3
81.1
81.6
81.7
81.5
82.0
82.0
82.0
82.0
82.0
82.0
82.0
82.0
82.0
82.0
82.0
82.0
82.0
82.0
81.9
81.9
81.3
81.8
81.7
81.0
81.0
81.0
81.1
81.0
81.0
81.4
81.0
81.2
81.0
81.0
81.2
80.6
80.5
80.2
80.2
80.4
80.0
80.0
80.4
80.5
80.0
80.0
80.0
80.0
80.0
80.0
79.9
80.0
80.0
80.0
80.0
80.0
80.0
80.0
80.4
80.0
80.0
80.0
80.0
80.0
80.0
79.9
80.0
79.8
79.7
79.4
79.8
79.8
79.4
79.6
79.0
79.1
79.1
79.6
79.0
79.0
79.5
79.0
79.0
79.1
79.3
79.0
79.0
79.0
80.2
79.0
78.9
78.4
79.0
79.0
78.7
78.9
78.9
78.2
78.0
78.0
77.6
77.4
77.2
77.7
77.7
77.0
77.7
77.8
77.0
78.1
76.8
77.6
77.1
77.7
77.3
76.9
76.9
76.9
77.0
77.0
76.7
76.9
76.1
77.0
76.0
77.1
76.1
76.5
76.4
76.5
75.9
76.0
76.2
76.7
76.2
76.3
76.4
76.2
76.1
76.1
76.4
75.9
75.9
76.2
75.8
76.3
75.8
75.1
75.6
75.4
75.7
75.0
75.5
75.7
75.1
75.3
75.4
74.9
75.0
75.2
74.2
75.1
75.0
74.2
73.4
73.4
75.1
75.6
76.0
76.0
75.2
75.2
74.7
74.8
74.9
75.4
74.6
74.3
74.3
74.2
75.0
74.3
74.0
74.7
75.0
74.2
74.0
75.0
74.3
74.5
75.0
74.6
74.4
74.5
74.8
74.6
74.2
74.2
74.5
74.3
74.5
74.5
74.1
74.5
74.4
74.0
74.0
74.0
74.3
74.5
74.0
74.0
74.4
73.8
73.7
74.6
73.9
74.0
73.9
73.2
73.8
73.8
73.9
74.2
73.2
73.1
73.2
73.4
74.7
73.1
73.4
73.6
73.4
73.0
73.6
73.0
73.4
73.4
72.9
73.0
73.3
73.0
72.4
72.3
73.8
72.7
72.2
73.1
72.3
72.7
73.5
72.6
71.8
72.4
72.9
73.4
72.4
72.7
72.1
73.2
73.0
72.2
72.3
72.0
72.9
72.9
73.3
72.1
72.0
72.6
72.3
72.0
72.0
73.2
72.7
72.1
72.1
72.2
72.1
72.6
72.2
71.8
72.2
72.8
72.0
72.2
72.9
71.6
72.2
72.4
71.8
72.3
72.0
72.0
72.6
72.2
72.4
72.3
72.0
72.0
71.8
72.2
72.3
71.2
72.4
71.3
71.7
71.2
71.6
71.8
72.0
72.6
71.2
71.0
71.2
71.8
71.6
71.5
71.5
71.2
71.4
71.6
71.3
71.1
71.0
71.3
71.6
71.4
71.7
69.6
70.7
70.6
70.4
70.9
71.3
70.4
70.7
71.5
70.7
70.9
71.0
71.3
71.2
70.5
70.7
71.0
70.2
71.1
70.3
71.6
70.6
70.0
69.2
70.8
71.1
70.5
71.0
71.4
71.0
71.0
71.2
70.3
70.0
71.0
70.1
70.9
70.9
70.5
70.6
70.4
70.8
70.8
71.6
70.2
70.0
70.0
70.3
69.9
70.7
69.8
69.6
70.0
70.0
70.7
70.3
70.2
70.5
70.5
70.8
70.2
70.1
70.0
70.9
69.6
69.6
70.2
70.8
70.7
70.0
70.0
70.3
70.2
70.7
71.2
69.3
70.2
70.3
70.7
70.7
70.6
70.1
70.2
71.3
70.8
70.0
70.8
70.8
70.3
70.6
70.4
70.3
70.4
70.2
70.4
69.9
70.3
70.5
69.7
69.2
70.1
69.9
70.1
70.5
70.1
69.8
70.0
69.9
70.5
70.1
69.6
70.0
69.8
69.7
70.4
70.0
69.9
70.2
70.5
70.2
70.3
70.4
70.0
70.0
70.1
70.2
69.8
69.8
69.5
69.6
70.4
69.6
69.0
69.0
69.5
69.5
69.3
69.4
69.5
70.5
68.4
69.2
69.2
69.2
69.9
69.3
70.5
70.5
70.7
71.3
71.1
70.3
70.3
70.4
70.9
70.1
70.1
70.1
69.7
69.9
70.1
69.8
70.2
70.7
71.0
70.0
70.3
70.8
70.0
70.4
70.6
71.0
70.4
70.3
71.0
70.5
71.0
71.0
70.9
70.0
70.0
70.7
70.7
71.5
71.0
71.6
71.3
71.5
70.9
70.8
70.5
70.6
70.7
70.2
70.5
70.2
69.9
69.5
69.7
70.7
69.6
70.2
69.7
69.9
70.5
70.5
70.3
70.1
70.3
70.1
69.8
69.8
70.1
69.7
70.0
70.5
70.3
70.4
70.5
72.3
71.6
72.3
74.7
77.0
75.1
73.6
72.4
72.6
73.3
73.5
72.5
73.0
74.8
77.5
78.2
77.0
77.1
76.5
76.5
74.3
73.9
73.5
73.1
72.3
72.9
74.2
74.9
76.3
75.9
77.7
79.3
79.5
78.1
76.5
74.9
74.3
73.7
73.6
73.7
73.5
74.0
74.5
73.8
74.8
75.7
75.7
75.5
76.1
74.4
73.6
74.0
73.6
74.4
73.5
73.0
73.0
73.4
73.5
73.8
74.1
73.9
74.3
74.3
74.1
74.0
74.6
74.0
73.1
73.7
73.5
73.8
73.6
73.7
74.6
73.1
73.3
73.4
73.4
73.0
72.9
73.7
72.4
72.2
72.3
72.6
72.2
72.2
72.7
72.0
73.1
72.1
73.1
73.2
73.7
73.6
73.8
73.0
73.1
73.4
72.8
72.0
73.1
72.5
72.9
72.5
72.3
71.8
72.5
72.7
72.1
71.8
72.2
72.0
72.4
71.8
71.8
71.7
71.5
72.0
71.7
72.1
72.3
72.5
72.3
72.4
72.9
72.6
72.5
72.8
73.1
73.4
73.6
73.1
73.1
73.0
72.7
72.9
72.7
72.2
72.1
72.1
72.1
72.1
72.1
73.0
73.5
72.9
72.2
72.2
71.9
72.5
72.1
71.6
71.5
72.1
71.7
71.9
72.4
71.9
71.7
72.2
72.6
72.2
72.0
72.1
71.8
72.1
71.9
71.8
71.1
71.8
71.4
72.2
71.8
71.5
71.7
71.9
71.4
71.7
71.7
71.3
71.5
71.8
71.2
71.4
71.5
71.1
71.1
70.9
71.5
71.4
71.2
71.0
71.3
71.6
71.8
71.2
71.1
71.2
71.2
71.0
71.7
71.1
71.4
71.7
71.2
71.1
71.0
70.8
71.2
71.2
71.2
71.5
70.8
70.7
71.1
70.8
70.8
70.8
71.0
71.1
71.1
70.9
70.7
70.4
71.6
72.5
71.3
71.1
70.8
70.8
71.2
70.7
70.9
70.0
70.6
70.0
70.2
70.0
69.5
70.1
70.1
70.7
70.4
70.2
70.0
70.4
70.5
70.1
70.6
70.5
70.3
70.4
70.2
70.4
70.4
70.2
70.2
70.5
70.2
69.9
69.9
70.3
69.9
74.6
70.2
70.4
70.1
69.7
70.2
70.4
70.3
70.0
70.0
69.6
69.7
69.9
69.6
69.6
69.3
69.5
69.9
69.4
69.2
69.0
69.4
69.7
69.9
69.9
69.9
69.9
70.3
69.6
69.1
68.7
68.4
69.4
69.3
69.4
69.7
70.0
69.4
69.6
68.9
68.8
70.1
71.1
72.3
74.7
75.3
74.0
73.1
72.4
72.2
72.0
71.3
71.5
71.4
71.0
71.2
70.8
71.2
70.9
70.8
71.1
71.2
70.6
70.8
71.3
71.4
69.3
70.4
73.0
74.5
74.7
73.1
73.2
75.3
77.2
74.7
73.1
74.0
74.4
74.1
74.0
73.5
73.1
72.7
73.0
73.0
73.0
73.2
73.3
73.5
73.3
73.2
73.2
72.9
73.4
73.8
73.3
73.2
73.1
73.1
73.0
73.2
73.3
73.3
73.5
73.0
73.2
73.3
73.3
73.4
73.4
73.1
73.8
73.3
74.5
74.3
74.0
73.9
73.8
73.0
73.1
73.1
73.0
73.0
73.0
72.7
72.3
73.1
73.0
77.3
77.0
75.2
75.3
74.6
74.7
74.1
73.6
73.7
73.5
73.9
73.4
73.3
72.8
72.6
73.2
73.1
73.2
73.7
73.3
73.3
73.6
73.5
73.8
73.8
73.7
74.0
73.9
73.7
73.7
73.6
74.3
74.6
74.2
74.1
74.5
75.3
74.3
74.1
74.5
74.6
74.3
74.4
74.4
74.8
74.6
74.7
74.5
74.3
74.4
75.0
75.3
74.8
75.0
74.8
75.1
75.1
75.0
74.4
74.7
74.9
74.8
75.0
75.1
74.7
75.0
75.0
74.8
74.7
75.4
74.9
74.8
75.0
75.1
75.0
75.5
75.4
75.6
75.0
75.0
75.0
75.1
75.0
75.1
75.0
75.0
75.5
75.1
74.9
75.5
76.0
75.8
75.6
76.3
75.6
75.7
75.6
75.9
75.5
75.4
75.0
75.7
76.0
76.0
75.7
76.7
75.3
75.3
74.8
75.6
75.2
75.8
76.0
75.4
75.5
76.4
75.7
75.2
75.9
75.6
75.7
75.5
75.7
74.9
76.3
75.4
75.0
75.7
74.2
73.1
74.9
77.0
75.3
77.2
78.6
78.4
82.8
81.6
82.3
82.9
82.7
82.4
82.0
79.6
80.2
78.8
77.4
77.5
77.5
76.3
76.3
75.9
76.2
76.4
76.0
76.4
76.2
77.9
76.6
80.5
80.8
78.5
77.7
77.7
77.0
76.2
77.2
78.0
78.0
77.1
77.0
77.1
77.2
77.0
76.4
76.4
76.1
76.5
75.8
76.7
76.0
76.7
76.2
76.0
76.3
76.0
76.0
76.3
76.4
76.7
76.2
76.0
76.3
76.4
75.9
76.3
76.6
76.0
77.0
76.1
76.7
76.4
76.9
76.6
76.6
77.4
77.6
76.6
77.2
77.4
77.6
77.8
78.0
78.5
78.0
78.0
78.6
78.1
79.0
78.4
78.9
78.5
79.0
79.5
78.5
78.4
79.0
79.3
80.4
80.0
80.0
80.3
80.4
80.7
80.6
80.8
81.3
82.0
82.0
82.6
83.2
83.6
83.8
84.0
85.0
84.6
84.8
84.8
84.9
85.4
85.4
86.1
85.8
86.1
86.6
86.5
86.6
86.6
87.3
87.1
87.7
86.9
86.8
85.8
85.1
85.0
85.0
86.0
84.7
84.3
84.9
84.8
84.6
84.8
84.8
84.6
84.7
85.0
84.9
84.3
84.5
84.6
85.5
83.3
82.3
82.5
84.5
83.1
82.0
80.6
80.0
80.9
79.3
80.0
80.0
80.0
80.0
80.0
79.7
80.0
80.0
80.8
80.4
80.9
80.0
80.1
80.6
80.7
80.0
80.0
80.2
80.5
79.7
80.0
80.3
80.3
80.1
80.7
81.0
81.4
81.1
80.5
79.0
80.2
84.2
82.1
82.4
81.2
81.0
80.9
80.9
80.8
81.4
80.2
81.8
82.0
81.5
83.2
86.1
85.6
85.2
84.5
83.4
83.5
82.7
82.6
82.4
82.2
82.3
82.8
82.4
82.2
82.8
82.0
82.0
82.4
82.7
82.8
83.0
83.3
82.1
82.7
82.4
82.4
82.0
82.6
82.1
82.4
82.2
82.2
82.0
82.1
82.3
82.2
82.2
82.3
82.6
82.0
82.0
82.8
82.0
81.9
82.0
82.0
81.8
81.3
82.0
81.7
82.1
81.4
81.4
81.0
81.2
81.7
81.0
81.4
81.3
81.3
82.2
81.8
81.2
81.0
81.0
80.8
81.3
80.7
81.0
81.3
80.0
80.4
80.9
80.8
80.5
80.6
80.6
81.0
81.2
80.8
81.0
80.8
81.1
81.5
80.1
81.0
80.5
80.8
80.8
80.0
80.7
80.7
80.0
80.2
80.0
80.3
81.0
80.0
80.0
80.0
80.7
80.3
80.0
80.9
80.0
79.8
80.0
80.0
80.7
79.9
80.0
80.0
80.0
80.5
80.0
80.3
80.0
79.7
79.8
79.6
80.3
79.8
79.3
79.4
80.3
79.8
80.0
80.0
80.1
80.2
79.6
80.5
81.3
83.0
82.0
81.1
80.9
80.7
80.0
80.0
80.0
80.7
79.5
79.0
79.1
80.0
79.9
79.0
79.7
79.6
79.3
79.0
79.2
79.4
79.1
79.0
79.0
79.3
79.6
79.0
78.4
78.4
78.7
79.3
78.1
78.7
78.6
79.0
78.9
78.6
78.7
78.6
78.5
79.0
78.8
79.0
79.0
79.0
79.0
79.2
78.2
78.5
78.9
78.2
78.5
78.9
79.0
78.7
78.7
79.0
78.4
78.3
78.0
78.2
78.0
78.0
78.0
77.9
78.8
77.4
79.0
79.2
75.2
77.6
81.7
82.6
83.1
81.6
80.8
79.5
80.9
80.8
80.6
80.5
80.1
80.9
81.0
80.9
80.9
81.4
81.3
80.9
81.2
82.2
82.6
82.1
83.1
82.3
82.5
82.6
82.2
82.8
82.7
82.0
83.1
83.0
82.2
82.4
82.0
82.0
82.0
82.4
82.1
82.5
85.7
87.9
85.1
82.3
80.8
82.4
83.1
83.0
83.0
84.0
85.1
85.0
85.6
85.4
85.7
86.4
85.6
86.0
87.4
88.5
85.9
83.4
81.7
82.0
82.2
82.1
81.9
81.4
81.4
82.0
81.9
82.0
82.4
81.9
81.5
82.4
81.7
81.8
81.5
81.0
81.7
81.2
80.6
80.9
81.3
81.3
81.4
81.6
81.2
82.0
81.3
82.0
81.8
81.5
81.0
81.8
82.0
82.2
81.8
82.0
81.9
82.0
81.3
81.8
81.1
81.2
81.1
81.2
80.9
81.2
80.9
81.0
81.2
81.0
80.9
80.6
80.9
80.4
80.6
80.0
80.2
80.1
80.1
80.1
79.8
80.3
79.7
80.0
79.2
79.7
79.1
80.0
79.6
80.1
79.3
79.8
79.5
79.0
80.0
79.0
79.6
79.3
79.1
79.7
79.7
79.2
79.0
79.8
79.0
79.0
79.3
79.6
79.3
79.0
79.1
78.6
79.5
79.1
78.3
79.0
79.4
79.0
79.0
79.1
79.0
79.3
79.0
78.6
79.0
78.4
79.1
78.7
78.4
78.4
78.4
78.7
78.0
79.1
78.1
78.7
78.6
78.5
77.9
78.0
78.3
78.3
78.1
78.0
78.0
78.0
77.2
81.0
80.3
81.1
80.9
80.6
80.1
79.7
79.5
79.3
79.1
79.1
79.0
79.0
84.6
87.1
87.9
85.8
82.0
80.4
78.5
78.1
79.2
79.2
79.0
79.0
79.2
79.9
80.0
80.6
80.4
80.8
80.6
80.7
80.6
80.0
80.6
81.1
81.0
80.7
80.9
80.7
81.0
81.1
81.9
82.1
81.3
82.0
82.0
82.9
85.4
86.3
86.1
84.9
84.1
84.9
85.2
86.0
86.0
86.0
86.0
86.4
86.4
86.3
87.0
86.7
86.5
86.9
87.5
87.9
88.3
88.7
89.9
89.7
89.2
88.6
88.9
88.4
88.0
88.1
89.0
89.0
90.0
90.0
90.8
90.2
90.0
89.9
89.9
89.3
89.3
89.0
88.4
87.6
88.1
87.5
86.8
87.6
87.3
86.7
86.5
87.1
86.3
85.9
85.6
85.9
85.6
86.1
85.8
84.9
84.6
85.1
87.8
87.1
86.8
85.9
86.2
86.5
85.7
84.1
84.4
84.5
84.0
83.9
83.8
84.6
83.9
85.0
88.5
91.6
90.4
87.7
86.1
86.1
86.5
86.9
88.2
87.6
88.8
88.8
87.9
87.9
86.7
86.6
86.5
86.9
86.5
86.8
86.9
86.7
87.0
85.9
86.5
86.2
86.0
86.0
85.6
86.1
86.0
86.5
87.4
86.8
86.3
86.0
86.0
86.1
86.1
86.3
86.6
86.4
86.2
86.2
86.9
86.5
86.9
86.2
86.7
86.0
86.4
86.6
86.2
86.0
86.0
85.9
85.7
85.8
86.0
85.7
85.3
85.3
85.3
85.3
84.8
85.0
84.9
85.0
84.8
83.9
84.2
83.9
84.0
84.0
84.4
84.9
84.1
84.1
84.2
83.3
83.4
83.2
83.0
83.3
83.0
83.6
83.2
83.2
82.8
82.9
82.9
83.3
83.7
83.1
82.8
82.4
83.0
82.9
82.8
82.9
83.0
83.7
82.9
82.5
82.6
82.8
82.7
82.8
82.3
82.0
82.1
82.0
82.6
82.8
81.8
82.6
84.8
83.5
84.6
84.7
81.2
81.5
82.1
82.0
82.3
81.1
82.3
82.5
82.1
80.7
80.9
82.0
80.0
81.5
80.1
81.0
80.8
81.6
80.0
81.0
79.4
80.7
80.2
81.2
81.0
80.8
81.3
80.1
81.9
81.1
80.0
80.0
82.0
80.6
80.4
81.0
80.6
81.2
80.7
80.0
81.6
81.9
79.9
79.1
80.0
79.3
79.4
80.7
79.9
79.3
79.4
80.1
79.4
79.1
79.0
79.4
78.9
79.7
79.2
80.0
79.8
80.4
80.2
80.0
79.6
80.3
80.8
80.5
79.2
80.1
79.9
79.1
80.0
79.1
79.0
79.5
79.0
79.0
79.0
79.2
79.3
79.1
81.4
80.0
78.1
79.3
80.8
81.6
78.3
82.3
80.1
79.5
81.8
80.1
80.0
80.4
79.7
78.7
78.6
78.3
81.1
81.1
78.8
81.0
79.1
78.8
79.0
80.8
79.4
77.7
77.2
77.7
79.0
76.9
78.9
78.2
79.5
77.9
77.7
79.2
76.8
77.5
79.7
80.1
80.5
80.8
81.6
81.1
81.0
82.6
85.5
86.5
87.5
85.8
84.1
82.6
78.5
80.0
78.8
79.2
78.3
79.4
78.2
78.0
77.8
78.0
77.4
77.4
77.5
77.0
77.5
77.0
77.7
77.6
77.5
77.9
77.6
77.6
77.1
77.2
76.8
76.2
76.9
76.2
76.0
76.1
76.2
76.1
76.1
76.8
76.1
74.7
76.8
76.5
76.4
76.0
76.6
75.5
76.5
77.0
76.6
77.3
76.8
77.4
76.0
75.9
77.3
77.4
76.8
77.8
77.6
77.4
77.4
77.9
77.9
77.8
77.4
77.7
78.1
77.2
77.5
77.6
77.0
76.9
76.9
77.3
76.6
76.1
76.4
76.8
77.4
76.4
76.4
78.3
78.3
75.0
76.3
75.8
75.4
75.9
74.9
74.3
75.1
80.4
81.3
73.8
75.9
78.5
77.0
75.1
73.4
76.7
72.1
74.1
73.9
75.0
76.8
73.8
74.4
74.1
74.0
74.0
73.9
73.9
74.1
74.0
75.5
73.8
74.0
74.7
74.2
73.8
74.6
74.1
74.7
75.4
77.3
75.6
75.6
76.2
73.6
76.1
80.4
76.6
78.0
80.1
80.0
80.6
82.8
79.8
75.9
76.5
75.5
76.9
74.7
73.5
74.5
73.2
73.0
72.8
73.6
72.3
72.3
72.5
73.2
73.4
72.7
73.4
74.6
73.3
74.1
73.6
74.4
73.9
73.8
73.5
74.2
74.1
73.5
73.8
74.1
73.4
74.6
75.3
73.8
73.8
74.2
73.8
73.6
72.9
74.5
73.4
73.0
73.5
73.8
73.1
73.3
73.6
73.0
73.5
73.1
73.5
72.5
73.1
73.6
72.8
73.0
74.5
73.4
73.0
74.8
73.9
73.1
74.4
75.9
73.7
70.8
72.7
74.6
74.0
73.1
74.4
72.3
72.5
73.1
72.6
75.2
75.5
75.1
75.5
75.2
74.2
73.4
73.3
74.7
71.7
72.3
69.7
71.2
70.3
70.3
69.0
69.5
70.3
69.4
70.0
69.5
69.2
68.8
69.7
69.4
69.8
68.8
69.5
70.0
69.3
67.8
68.8
69.3
69.2
68.9
68.7
69.3
71.8
78.2
80.3
81.3
81.3
79.5
77.5
77.1
77.2
75.1
76.7
75.0
74.0
74.4
73.6
73.1
71.6
71.4
71.2
70.6
71.3
72.1
70.6
70.4
71.0
70.7
71.7
72.4
71.2
70.9
71.4
71.2
70.0
70.8
71.5
71.0
72.2
72.8
71.2
78.7
78.2
74.9
74.5
75.2
74.8
73.7
72.7
73.7
72.8
73.6
70.8
71.6
71.7
71.8
72.3
71.3
71.6
70.8
71.1
72.1
71.7
72.3
72.4
71.6
70.9
72.9
72.3
72.6
72.2
72.6
73.0
72.2
72.5
73.0
72.5
73.1
74.3
75.4
74.5
72.0
73.5
74.3
75.1
72.5
73.3
81.4
81.8
75.8
75.5
77.3
75.9
73.2
76.8
73.4
75.2
75.3
74.7
74.6
74.9
73.8
73.9
73.4
74.5
72.5
72.4
73.3
73.4
72.8
72.9
73.1
72.5
72.4
76.5
73.4
72.0
71.5
73.2
72.4
71.8
72.0
72.3
71.2
71.6
71.7
72.1
71.5
70.7
71.0
71.5
71.4
74.5
70.4
71.8
76.1
80.3
82.0
78.9
82.0
83.0
83.4
84.9
79.8
81.3
79.8
77.7
76.1
76.9
72.4
74.7
76.5
72.6
73.8
73.0
73.0
72.0
71.5
71.5
71.3
71.5
70.5
71.0
72.1
69.7
78.0
82.5
84.8
84.8
84.4
82.0
85.7
85.6
80.2
79.5
76.8
78.6
77.7
77.7
74.5
77.6
75.0
76.5
75.3
76.5
76.1
77.7
78.3
81.9
81.8
78.5
81.6
80.9
78.8
76.6
80.4
79.6
79.3
77.7
79.6
78.6
81.2
78.1
79.7
78.5
76.7
77.8
77.7
78.1
78.1
78.5
78.7
78.5
77.3
79.8
79.7
77.3
78.1
82.5
78.6
75.8
76.7
78.5
77.9
76.2
77.6
78.4
77.8
75.9
76.3
80.1
77.7
77.8
77.1
78.3
76.9
79.6
77.5
77.1
78.1
76.9
77.3
77.8
76.1
78.0
77.1
77.4
76.8
76.1
77.4
77.2
78.0
77.0
78.4
77.0
77.0
76.4
77.9
76.1
77.1
75.5
75.6
74.0
76.4
76.3
82.3
87.1
86.8
88.9
89.6
84.6
82.1
79.9
80.8
78.7
77.6
76.2
76.5
76.3
74.5
74.6
75.5
74.5
74.5
74.2
74.7
75.5
75.3
75.2
75.1
74.6
74.5
78.2
72.5
73.9
74.3
74.7
74.6
74.3
75.0
74.8
74.4
74.5
75.9
82.2
78.9
80.8
85.3
89.1
90.6
91.7
89.9
90.1
86.6
88.4
86.6
82.6
82.6
80.5
81.3
78.6
79.5
79.4
79.1
78.8
78.9
77.0
77.6
77.7
77.6
77.4
77.7
78.5
77.8
77.7
77.0
78.1
76.7
77.1
77.5
77.5
77.6
76.9
78.0
77.2
77.4
77.9
76.7
77.0
77.5
77.6
77.3
77.5
77.3
77.8
77.0
77.2
78.8
78.2
77.5
77.6
77.8
78.5
77.9
77.6
77.7
78.4
78.4
77.2
77.2
78.0
77.3
78.2
77.8
76.9
77.9
79.4
77.4
77.3
78.0
78.7
78.39999999999999
78.6
78.0
77.6
77.9
78.3
78.2
77.2
77.4
78.2
76.9
76.9
77.2
77.4
78.3
77.3
77.9
77.2
78.1
77.5
78.0
77.4
76.0
80.6
78.1
80.5
84.9
91.3
86.5
85.5
86.0
86.6
86.2
86.2
84.6
84.5
82.1
82.5
82.7
81.2
81.1
80.0
80.7
78.9
79.2
79.1
79.4
81.3
82.8
87.3
89.4
87.2
87.3
89.3
86.4
84.1
83.3
84.0
83.7
83.3
83.1
83.1
82.4
81.8
82.0
81.4
81.1
82.8
79.9
81.0
80.0
80.8
80.4
79.7
80.5
80.6
80.3
80.1
80.3
80.7
80.0
80.4
80.3
80.5
79.8
79.7
79.7
78.9
79.2
80.1
79.0
79.5
80.3
81.4
80.4
81.1
81.2
80.4
80.7
81.0
80.3
80.0
82.1
82.7
80.5
81.4
81.5
83.6
80.5
80.9
81.0
81.3
80.8
80.7
80.6
80.2
79.9
80.0
79.5
83.6
80.0
80.7
80.3
81.6
80.0
80.3
80.7
81.2
80.5
80.7
82.2
83.4
88.3
90.3
94.4
96.1
94.2
98.1
89.8
86.7
87.5
86.3
86.2
85.9
86.6
84.8
85.0
85.1
84.0
84.3
83.7
83.2
82.5
82.4
82.2
81.7
82.9
81.9
81.9
82.9
81.5
81.5
81.6
81.6
81.0
82.1
81.1
81.1
81.1
81.6
80.6
80.5
80.9
80.1
80.6
81.9
82.2
80.6
81.2
81.6
81.2
80.8
81.8
80.1
80.3
80.6
80.7
79.9
80.0
80.4
80.5
79.8
80.7
81.3
80.5
80.9
81.2
80.5
80.3
80.9
81.4
81.1
81.1
80.8
80.2
80.4
81.1
80.1
80.2
80.1
80.1
80.4
79.9
80.5
81.4
79.8
80.7
79.0
79.5
80.6
80.3
79.8
81.1
79.6
80.3
79.5
80.4
79.8
80.4
80.1
79.4
80.1
79.9
80.5
79.6
80.2
79.5
79.8
79.2
79.6
78.7
79.4
79.5
77.6
78.9
78.7
78.3
78.5
78.1
77.9
79.0
78.6
78.9
79.1
78.3
78.9
80.2
78.4
78.3
78.8
78.9
78.3
78.8
79.0
78.7
78.2
78.9
79.6
78.6
78.3
78.7
79.5
79.3
78.9
79.2
78.9
78.8
79.3
79.6
79.2
78.9
80.2
78.7
79.5
80.1
81.1
79.3
80.0
78.9
80.5
80.0
80.0
80.2
80.8
82.4
81.2
81.9
81.5
80.8
81.6
82.3
82.0
82.1
82.3
82.5
81.6
81.1
82.8
81.0
81.8
81.2
81.9
81.8
82.9
82.3
82.1
83.6
82.1
81.6
82.6
82.0
82.9
86.4
85.6
85.5
85.1
85.8
83.3
83.3
83.4
84.8
86.4
88.0
86.9
85.7
90.2
88.4
84.8
83.3
84.2
84.3
83.0
83.8
82.4
82.2
83.6
82.7
83.0
83.6
84.2
83.8
84.9
84.0
83.8
83.9
84.7
85.5
87.2
87.9
86.0
85.7
86.2
86.1
86.0
85.6
85.4
85.6
85.3
85.2
84.9
86.1
85.3
85.7
85.6
86.4
85.0
85.6
85.9
85.5
85.4
86.5
86.2
86.5
84.9
85.9
85.1
86.0
87.0
85.9
86.6
85.6
85.2
85.9
85.4
84.8
85.0
84.6
84.2
85.4
85.0
85.2
85.5
84.2
84.2
84.1
85.0
85.2
84.2
84.5
84.0
83.9
84.5
84.2
83.4
83.5
84.2
83.5
84.6
84.2
83.7
84.3
84.1
86.6
85.0
83.7
84.4
83.8
83.8
83.5
82.9
82.3
83.4
83.3
84.2
84.2
83.7
83.4
84.7
84.6
86.2
85.5
84.6
86.1
85.7
84.9
84.5
84.2
84.8
85.2
84.3
84.6
84.5
85.0
85.2
85.2
86.5
86.0
85.7
86.4
85.4
85.9
86.5
84.5
86.7
85.7
86.7
86.4
84.0
84.7
85.1
84.0
84.0
83.0
83.6
84.2
83.2
83.4
85.4
83.8
84.8
84.0
84.0
85.8
84.2
84.7
86.2
85.2
86.3
84.6
85.7
85.1
85.3
86.8
84.7
84.9
83.9
84.3
84.3
84.8
85.7
84.1
85.0
85.0
85.3
84.5
84.1
85.7
86.0
83.9
87.7
85.3
85.7
84.9
85.1
84.4
85.1
85.8
85.0
85.6
86.4
85.3
84.5
86.9
86.4
85.8
85.6
86.3
86.9
86.6
88.9
85.6
86.0
87.2
84.4
84.6
83.8
85.4
85.2
83.7
82.6
83.2
84.7
83.4
84.9
85.9
83.7
84.4
85.2
84.1
86.7
85.0
84.0
83.7
84.7
84.5
84.5
83.4
84.5
85.9
85.7
86.2
86.5
86.1
87.0
87.0
87.4
84.8
83.6
84.4
84.5
91.3
96.4
101.5
99.2
98.1
95.9
92.5
91.8
90.5
93.9
91.4
88.6
91.4
91.1
88.1
93.5
93.5
90.0
85.7
85.8
86.1
85.4
84.0
85.1
94.4
86.4
85.9
86.2
85.7
84.9
83.4
82.5
82.2
81.4
81.7
80.9
81.7
80.0
80.7
81.5
80.8
80.3
80.2
82.1
79.7
78.9
79.9
79.2
79.8
80.2
79.9
80.2
79.7
80.3
79.5
79.4
80.3
80.0
78.1
79.7
78.6
80.5
91.3
84.2
81.9
82.5
82.6
82.2
81.3
80.5
81.2
79.8
80.8
80.6
80.5
80.5
81.5
81.6
80.4
81.1
80.6
81.1
81.2
83.4
82.8
80.5
81.4
79.6
79.5
78.9
78.8
79.0
78.7
79.2
78.3
78.0
78.2
78.5
79.1
77.7
80.7
80.2
80.1
78.2
79.5
80.9
81.1
84.7
83.0
79.9
78.6
79.2
79.3
79.8
79.9
79.3
79.9
79.8
81.5
83.2
80.9
79.7
80.8
81.6
78.1
79.4
79.0
79.5
79.3
78.8
78.7
80.2
79.5
77.5
78.7
79.2
78.8
79.0
80.5
79.0
79.6
79.4
80.7
78.2
79.5
79.0
79.5
77.9
77.3
78.0
78.6
77.9
77.4
76.9
78.6
78.9
78.3
79.1
78.9
78.0
78.3
78.7
81.6
80.3
77.0
77.9
78.1
76.9
78.2
78.7
77.2
78.1
78.4
78.3
78.0
77.0
77.4
77.7
77.0
77.2
76.9
77.0
76.9
78.2
77.3
76.9
77.0
77.9
76.6
76.8
76.9
77.3
78.2
86.4
84.9
81.7
80.9
79.3
79.8
79.2
79.3
79.1
79.1
78.9
77.7
78.9
79.9
78.7
78.6
78.1
79.9
79.5
79.8
80.9
77.6
77.8
78.1
78.9
78.2
78.4
78.9
77.6
77.5
77.5
78.7
78.8
78.9
79.2
79.5
80.3
83.1
81.0
81.6
82.0
82.6
79.9
78.8
78.9
79.3
80.2
81.1
79.0
79.0
78.8
78.3
78.0
79.1
78.0
78.5
78.1
78.2
77.8
78.8
77.8
77.6
78.0
78.8
78.7
77.6
77.5
77.6
77.1
77.6
78.5
76.9
77.9
78.2
77.4
78.9
80.0
78.8
77.1
78.1
78.0
77.9
78.8
78.1
78.2
78.5
78.2
77.9
78.2
77.8
78.5
79.7
78.1
80.7
80.6
78.7
81.9
80.5
90.6
87.9
88.4
91.1
90.3
90.7
88.6
87.9
89.2
87.6
88.5
86.5
87.8
85.4
85.0
86.6
88.6
87.0
91.6
93.0
100.0
101.7
97.5
94.3
95.9
97.8
92.7
95.0
91.0
92.5
90.9
88.9
87.2
88.4
85.9
84.8
86.3
86.7
81.8
85.6
85.1
84.6
85.2
85.7
84.0
82.7
81.2
82.0
84.0
82.2
83.6
81.3
89.0
90.3
85.0
90.7
85.0
84.8
85.5
84.6
84.3
82.6
82.2
81.1
82.2
80.3
80.0
81.2
79.3
81.8
78.8
82.9
83.9
78.2
81.2
78.5
80.5
77.9
80.6
78.5
81.5
77.7
80.7
78.7
81.2
81.3
79.4
79.5
81.0
76.1
83.7
78.6
80.6
82.2
79.4
82.4
80.7
79.5
78.5
79.2
76.9
76.3
79.8
79.4
79.2
77.4
76.1
77.3
75.2
75.5
73.5
75.8
74.5
73.4
75.6
75.4
75.0
82.7
85.1
82.5
78.9
80.4
76.2
77.5
77.3
74.2
75.5
73.2
74.3
72.9
74.2
73.6
73.5
73.9
73.5
71.1
78.6
76.2
76.7
78.6
76.5
76.9
82.3
79.8
81.1
82.0
80.4
77.8
77.9
76.3
76.5
76.6
75.6
74.6
75.1
75.2
73.3
75.2
73.9
74.7
74.9
73.0
73.3
74.1
72.8
74.2
75.5
73.0
73.8
75.0
73.3
73.4
73.1
73.9
73.3
72.5
73.8
73.8
71.8
73.4
71.9
72.7
71.9
71.1
71.7
73.9
71.7
69.5
