80.0
80.7
79.3
79.0
81.0
80.2
78.7
80.1
79.6
79.2
79.3
79.2
81.0
77.7
76.3
75.6
84.2
76.5
82.6
72.5
74.7
77.2
81.7
122.4
77.5
77.6
77.6
78.6
77.8
77.3
79.4
77.6
79.0
79.0
98.2
79.8
80.0
79.0
79.7
79.6
78.6
78.1
79.9
79.1
78.5
80.4
79.2
78.4
79.5
79.2
80.3
80.0
79.6
78.8
79.3
79.1
78.5
80.1
79.0
78.7
80.2
78.8
79.7
78.2
76.6
78.0
76.4
75.4
76.4
75.6
75.7
74.9
74.4
74.5
73.4
73.1
74.9
74.2
71.9
72.7
71.3
69.4
71.7
72.0
72.2
70.0
70.5
69.2
71.2
69.5
69.8
69.2
68.9
69.5
70.2
68.9
70.5
69.1
69.9
71.0
69.3
70.6
71.2
71.7
71.2
71.0
72.6
71.6
71.3
71.6
71.5
72.9
72.1
73.5
73.1
73.3
74.0
73.2
75.0
73.4
75.4
75.6
76.4
76.7
77.4
79.4
78.7
79.2
80.3
80.6
81.1
81.8
82.3
82.5
82.4
83.4
83.2
84.2
83.2
84.1
85.0
84.3
84.0
85.0
83.4
83.2
83.4
84.1
83.6
84.0
208.6
118.6
84.7
85.3
88.6
90.6
90.1
91.2
91.6
89.0
85.3
83.1
85.4
86.8
86.8
86.8
86.8
87.4
87.4
87.1
87.6
87.9
86.9
87.4
86.8
86.8
87.0
85.9
87.2
86.2
86.9
87.4
89.8
90.2
88.1
88.3
86.9
86.3
85.0
85.5
83.4
83.0
83.0
82.1
81.4
81.0
80.5
79.9
80.0
80.0
79.6
78.8
76.8
77.6
77.4
78.6
80.8
79.1
78.1
77.6
76.7
76.4
75.2
76.7
74.8
75.9
77.2
80.3
79.5
75.2
75.3
74.8
74.9
76.1
77.3
77.0
76.5
76.7
76.7
76.8
76.7
75.2
75.6
74.1
75.2
73.5
74.6
74.9
75.4
72.9
75.3
78.6
78.7
78.4
76.5
74.8
74.0
72.0
70.9
69.9
69.5
69.2
68.6
67.8
67.4
65.8
65.8
64.8
66.5
65.2
60.8
72.3
78.3
73.2
67.5
65.7
68.8
69.4
66.3
64.6
69.7
81.1
92.49999999999999
80.96984126984127
80.9047619047619
80.83968253968253
80.77460317460317
80.7095238095238
80.64444444444445
80.57936507936508
80.5142857142857
80.44920634920635
80.38412698412698
80.31904761904761
80.25396825396825
80.18888888888888
80.12380952380951
80.05873015873016
79.99365079365079
79.92857142857143
79.86349206349206
79.79841269841269
79.73333333333333
79.66825396825396
79.6031746031746
79.53809523809524
79.47301587301587
79.40793650793651
79.34285714285714
79.27777777777777
79.21269841269842
79.14761904761905
79.08253968253968
79.01746031746032
78.95238095238095
78.88730158730158
78.82222222222222
78.75714285714285
78.69206349206348
78.62698412698413
78.56190476190476
78.4968253968254
78.43174603174603
78.36666666666666
78.3015873015873
78.23650793650793
78.17142857142856
78.10634920634921
78.04126984126984
77.97619047619048
77.91111111111111
77.84603174603174
77.78095238095239
77.71587301587302
77.65079365079364
77.58571428571429
77.52063492063492
77.45555555555555
77.39047619047619
77.32539682539682
77.26031746031747
77.1952380952381
77.13015873015873
77.06507936507937
77.0
70.9
71.0
123.3
107.9
71.4
71.0
71.5
71.1
70.6
71.0
70.5
70.5
70.9
71.1
71.1
72.9
71.7
70.2
71.2
71.0
70.8
70.4
70.2
69.6
72.8
71.8
71.2
71.1
73.6
71.4
71.9
70.8
70.2
69.3
68.0
68.0
68.0
68.1
67.7
67.2
67.3
67.0
67.0
66.8
67.0
66.3
67.2
66.8
67.4
67.4
66.9
66.6
66.5
66.1
66.1
66.1
66.4
66.1
66.3
66.2
67.2
65.8
65.8
66.0
65.8
66.0
66.8
180.2
67.4
70.8
75.0
80.8
85.5
87.2
90.3
92.0
91.9
91.2
91.1
91.8
89.0
78.6
74.8
72.8
75.4
77.9
77.2
76.5
75.9
75.0
75.7
76.7
77.2
80.2
82.4
84.7
86.9
88.5
90.5
91.5
93.0
94.0
94.0
93.9
91.0
89.5
87.1
85.5
84.4
83.8
83.2
82.8
82.0
81.8
81.1
81.7
81.6
81.2
81.2
80.8
80.7
80.2
80.0
79.1
79.7
80.1
80.1
81.0
81.3
81.3
81.3
81.8
81.6
81.4
187.7
135.2
82.0
80.5
76.2
78.5
75.8
82.0
78.8
77.8
78.5
79.3
79.8
80.8
84.9
84.5
85.3
86.3
86.5
92.5
89.1
91.9
92.5
95.3
93.6
93.1
91.8
92.1
94.3
93.3
87.8
84.2
82.7
79.2
79.2
70.7
71.4
72.2
76.3
77.7
81.3
78.3
82.4
78.7
79.1
78.9
80.6
80.7
81.9
83.4
81.4
87.3
86.1
84.5
85.8
83.2
82.3
81.1
81.6
84.6
81.0
81.3
82.0
91.3
87.6
84.3
84.2
84.2
85.0
84.9
84.9
85.1
86.8
88.3
88.9
89.1
90.5
90.7
90.6
91.1
89.9
90.4
91.6
92.3
92.6
92.9
93.8
94.1
123.5
125.7
88.9
91.3
92.7
89.2
88.9
87.8
82.9
81.2
80.2
78.4
76.2
75.0
75.3
75.1
75.7
74.8
74.7
75.0
75.0
75.5
76.0
76.1
75.9
74.3
76.5
77.0
78.0
77.6
78.6
78.2
77.3
76.8
78.1
78.1
79.1
80.3
79.3
80.4
80.2
80.7
81.0
80.7
80.2
81.0
80.1
80.6
80.4
80.4
79.5
80.0
81.8
81.1
81.3
82.2
81.5
80.9
81.2
81.6
81.7
81.8
81.3
81.3
81.5
82.1
84.6
83.8
85.5
85.2
85.4
85.0
85.4
84.6
83.7
84.7
85.1
84.6
84.8
84.6
84.0
84.7
84.3
84.4
85.0
83.5
82.4
82.8
83.1
81.4
86.5
108.8
113.9
111.0
102.8
99.1
95.2
90.0
84.4
81.5
77.9
75.5
75.4
75.2
74.6
74.8
74.5
74.1
74.1
72.7
73.2
74.4
73.0
75.4
74.4
67.7
70.7
70.0
73.5
72.2
73.8
77.3
78.1
79.3
78.9
79.5
78.4
76.4
77.1
76.4
76.2
76.0
76.5
75.6
76.9
76.8
77.6
78.0
78.1
77.2
78.7
77.3
77.5
75.3
67.5
63.4
92.8
123.6
132.7
131.7
127.9
124.6
120.1
119.6
123.1
118.8
109.1
112.0
111.4
114.8
111.7
112.7
109.3
104.6
102.3
102.0
95.9
95.3
95.2
92.0
91.6
91.3
91.6
90.9
89.8
91.5
90.8
84.8
87.7
88.5
84.8
82.4
82.2
81.7
81.1
81.3
80.5
79.7
78.8
78.0
78.0
77.8
77.4
76.7
77.0
76.4
76.5
77.0
77.0
75.6
76.3
76.7
75.7
76.0
76.7
76.6
76.6
193.0
117.0
76.2
77.2
76.6
77.0
77.7
77.8
77.7
78.0
77.9
77.8
77.9
78.6
76.8
77.1
77.8
78.6
79.0
78.8
78.6
79.3
79.7
79.7
80.7
80.6
80.7
80.9
81.1
80.8
80.4
81.6
81.6
81.8
81.0
82.6
80.7
81.7
82.2
82.7
82.0
82.6
82.3
80.8
82.3
82.6
82.2
82.5
82.6
81.8
82.3
83.5
82.9
81.1
83.2
83.8
84.0
84.5
84.6
84.9
84.9
85.4
85.7
84.5
85.1
86.3
86.1
85.2
85.8
85.6
83.2
85.8
85.3
85.4
85.0
85.5
85.9
83.0
85.9
84.6
85.0
85.1
84.2
84.6
87.0
86.5
86.1
86.2
84.4
86.2
86.9
86.6
86.9
87.5
87.4
87.1
88.1
88.3
84.7
88.5
89.7
89.0
89.6
89.8
86.1
89.4
89.0
88.1
108.3
100.3
90.8
90.3
88.0
88.5
89.8
90.7
94.1
89.9
94.6
91.0
91.2
90.5
91.2
90.7
91.8
90.9
89.9
89.6
89.9
90.3
90.1
90.4
89.0
90.5
90.5
91.1
90.4
90.5
91.3
92.0
91.3
88.4
89.7
90.6
89.4
90.0
90.0
89.8
89.4
90.3
90.8
92.0
92.6
92.2
91.5
91.1
90.0
86.8
90.3
90.8
91.3
91.1
90.0
89.3
86.3
88.9
89.4
89.7
89.5
88.2
89.0
89.4
87.4
86.4
86.8
87.2
86.9
86.7
83.5
85.0
86.9
87.3
87.2
86.7
87.0
87.6
86.9
85.7
84.3
83.3
82.1
81.5
82.5
81.9
82.0
82.2
82.9
82.0
82.7
83.0
82.0
78.4
77.9
82.2
82.2
82.2
82.2
82.5
81.7
83.0
83.1
81.5
82.3
82.9
83.8
83.6
84.1
83.9
80.7
82.5
83.4
83.3
83.3
79.4
78.4
78.8
84.2
83.4
81.5
77.7
71.9
77.4
78.9
78.5
78.8
79.2
79.0
78.7
78.1
76.9
78.9
77.9
78.0
77.4
77.6
77.9
77.5
77.1
77.7
77.9
77.3
76.0
77.0
75.9
76.0
73.8
77.1
77.7
77.9
78.8
78.8
78.4
78.8
78.7
79.0
77.8
78.4
78.9
78.1
78.0
78.3
78.2
78.9
75.5
77.7
79.9
79.9
79.8
80.0
80.0
79.8
80.3
81.2
80.0
79.2
78.8
80.0
80.5
75.8
79.7
79.3
80.0
80.3
78.0
80.7
80.9
79.8
79.2
81.0
81.7
81.4
79.2
80.2
81.0
81.7
82.0
82.1
79.4
78.1
79.8
80.0
81.5
80.2
79.6
81.0
81.5
84.2
84.7
79.4
82.3
83.5
84.0
83.2
83.3
83.2
83.1
79.0
83.3
83.1
83.2
83.2
82.0
82.4
81.5
83.0
83.1
84.3
84.5
84.9
81.4
86.6
88.2
109.0
196.4
87.2
83.4
87.0
86.6
86.2
86.1
87.6
87.4
87.9
103.4
92.6
85.4
83.0
85.3
86.5
86.1
84.4
86.5
86.2
85.9
84.4
83.6
84.1
85.8
87.3
87.5
87.1
86.3
87.0
87.1
85.1
82.7
85.5
84.6
85.8
88.1
86.8
85.7
85.7
86.7
81.1
84.3
85.8
85.0
86.0
83.5
85.3
83.6
87.0
86.8
84.9
85.9
86.7
86.1
85.4
86.5
89.8
88.4
88.3
89.0
87.7
81.9
87.3
89.0
91.4
87.2
81.3
79.4
75.9
74.7
71.7
70.2
67.4
66.4
67.4
68.2
68.2
66.1
65.8
66.5
66.6
66.3
66.3
65.0
65.3
64.8
63.7
64.4
64.6
64.9
64.9
64.4
64.6
64.6
65.1
65.0
63.8
65.1
65.4
65.4
65.8
65.5
64.9
65.7
65.4
65.4
65.5
65.4
65.7
65.6
65.9
65.7
66.4
66.4
65.9
66.6
66.2
66.2
66.2
65.5
66.5
65.8
63.5
65.9
67.6
66.5
67.0
66.9
66.2
66.1
66.1
66.4
65.4
65.7
66.0
65.9
66.2
66.3
67.1
66.6
67.0
67.1
67.3
66.9
66.8
66.9
67.2
67.9
67.7
68.0
73.3
78.5
74.7
75.1
81.8
87.0
90.9
92.0
95.0
97.3
95.4
85.3
87.5
82.3
76.3
72.3
68.9
67.6
64.5
62.8
61.3
60.7
59.2
56.8
53.7
55.4
53.0
51.5
65.1
84.8
102.5
107.1
112.0
101.6
105.4
113.3
112.8
120.8
112.4
111.3
112.4
107.4
105.3
102.0
98.9
101.2
98.9
93.0
85.8
79.6
77.6
75.9
76.2
77.9
77.9
76.6
74.2
74.2
74.2
75.5
73.5
73.4
69.9
65.4
71.2
71.2
71.1
70.6
70.6
69.3
67.7
67.8
67.0
65.6
65.8
64.9
65.0
65.2
65.3
64.9
63.7
62.5
64.1
65.0
67.5
68.8
69.2
70.9
72.8
76.6
77.4
75.2
84.2
86.2
89.5
91.6
92.5
93.6
92.7
95.8
94.9
93.7
95.6
96.9
96.7
97.9
98.3
94.8
94.7
97.6
96.6
100.6
101.0
98.9
100.8
94.5
100.3
104.3
104.4
104.7
104.0
102.8
101.9
100.3
99.5
100.5
98.8
100.0
100.6
97.0
86.5
89.7
93.2
93.7
93.2
91.1
92.0
94.9
92.5
90.0
87.7
79.8
87.7
86.5
86.5
89.2
88.8
86.8
83.3
79.2
78.9
83.1
83.2
84.9
85.3
82.3
84.5
84.7
83.7
83.6
84.4
80.9
82.3
85.1
85.2
83.7
81.7
81.5
84.4
83.0
82.5
84.3
82.9
83.7
84.2
83.4
83.1
82.7
82.0
82.3
79.6
76.9
82.2
83.2
81.9
81.9
82.3
83.2
81.9
82.4
76.9
79.0
81.3
80.7
80.8
81.0
81.6
78.4
81.5
81.2
81.3
81.0
81.4
81.4
81.6
81.3
79.5
79.1
78.3
80.9
82.8
77.5
81.6
81.7
82.1
82.0
80.9
81.0
78.8
81.0
79.1
79.0
96.7
152.2
72.1
78.4
77.2
74.8
74.6
75.4
74.3
72.9
72.4
67.9
69.9
70.4
70.0
70.0
68.2
69.2
70.3
70.2
70.4
69.9
69.7
70.2
68.3
61.6
62.6
64.4
65.5
64.3
66.1
66.2
65.0
65.1
64.6
63.9
60.2
60.2
86.5
62.0
66.2
72.9
79.0
85.3
82.6
76.0
80.0
83.0
82.7
82.3
83.6
89.9
88.8
90.7
84.9
89.1
96.0
93.7
96.5
101.5
99.5
97.1
95.8
93.3
88.7
90.6
95.6
85.5
90.9
88.0
90.3
83.5
80.0
81.8
85.4
85.4
80.8
78.6
81.8
84.3
82.4
83.7
83.6
81.1
81.3
81.3
79.7
77.5
78.4
76.7
76.8
77.5
76.2
78.4
76.6
76.9
76.9
76.4
77.7
78.6
77.8
77.2
78.6
77.5
74.9
70.7
72.9
75.1
76.6
76.5
77.4
74.2
75.1
76.2
72.0
75.6
76.6
76.2
76.4
73.8
76.4
71.8
72.3
76.4
75.9
77.2
74.5
76.9
80.5
80.8
78.6
76.6
76.4
72.3
73.3
73.7
74.4
73.4
69.3
74.3
74.8
69.9
73.2
74.6
75.8
75.6
77.2
82.7
85.9
85.8
85.6
85.4
81.2
84.3
85.3
84.8
84.9
79.6
77.1
78.8
81.4
82.2
81.3
76.3
79.4
82.6
62.2
81.7
82.2
80.3
81.5
81.4
81.9
78.1
75.7
71.9
71.4
70.9
72.5
72.3
71.5
70.9
68.7
69.5
68.6
68.7
67.3
70.2
70.5
72.4
73.4
73.7
75.2
73.3
72.9
77.7
78.5
79.5
79.0
79.9
80.7
80.0
78.9
79.2
80.4
81.5
77.1
76.9
81.3
82.4
83.0
82.9
80.4
81.6
82.3
83.3
82.0
79.6
80.5
82.0
81.2
82.2
82.4
82.7
81.2
81.9
81.1
83.0
83.1
79.6
80.3
82.3
82.6
84.4
85.3
84.7
85.7
83.0
82.9
87.6
86.8
87.4
85.0
86.1
87.5
87.6
87.2
87.9
88.7
87.1
84.5
85.2
87.9
89.3
88.8
87.6
87.5
90.1
88.5
85.0
86.6
88.8
89.7
90.3
88.4
85.9
85.8
91.8
90.2
91.5
92.1
92.3
93.5
91.3
92.8
92.5
89.9
91.1
94.2
90.0
92.3
93.1
89.4
88.1
92.4
91.6
94.4
91.2
88.4
92.6
92.5
88.4
85.8
88.3
88.8
91.7
92.2
88.9
89.3
88.6
91.1
92.1
91.3
89.6
78.1
82.2
67.7
53.3
59.5
66.5
74.4
84.8
89.4
95.0
94.0
90.0
89.7
89.8
87.3
86.7
87.6
86.6
85.5
86.5
87.4
86.3
85.4
85.0
82.6
84.0
84.5
85.3
85.7
99.2
107.9
107.4
100.3
94.0
89.2
89.9
87.5
86.4
83.0
82.7
80.8
74.7
70.3
66.2
64.9
62.9
61.3
59.8
59.9
63.8
77.3
78.1
76.1
73.1
69.0
66.1
64.5
64.2
66.4
73.2
70.6
66.8
64.7
63.7
62.7
62.6
61.8
61.9
68.8
76.2
74.9
73.6
71.2
58.8
59.0
57.6
58.7
64.6
75.4
82.3
82.1
94.7
99.7
97.8
96.4
117.2
128.9
113.3
96.6
94.7
88.5
82.2
76.3
71.1
71.7
67.5
63.1
59.6
81.9
99.7
90.7
92.2
85.1
81.6
79.9
85.1
85.4
84.7
84.9
81.3
92.4
100.2
100.5
94.9
93.1
84.6
82.9
84.1
81.9
79.8
76.0
74.3
65.4
70.0
68.6
64.2
63.1
65.6
63.4
59.9
57.4
55.9
54.1
54.4
56.8
57.7
61.8
64.1
67.2
69.3
72.3
78.8
109.0
81.2
80.4
81.0
89.1
93.7
97.6
100.6
101.5
104.6
104.2
97.0
104.4
105.6
112.6
112.2
107.5
104.3
104.4
102.5
99.0
93.2
90.8
85.8
76.7
74.4
72.4
68.3
65.6
63.1
60.9
58.5
57.8
55.2
54.6
53.8
52.4
52.1
52.0
51.5
50.8
50.7
50.1
50.6
60.8
71.2
69.1
65.1
60.3
56.4
74.7
91.1
94.5
107.0
112.4
111.2
103.2
106.3
108.6
103.4
105.5
106.9
104.8
96.4
101.5
101.2
103.3
97.5
101.9
103.5
99.0
98.0
96.2
95.7
97.3
98.0
98.3
96.7
84.5
76.2
64.8
64.8
59.2
55.3
53.1
51.8
75.5
98.0
107.5
120.5
124.4
119.8
118.4
117.7
120.1
121.6
117.7
108.0
95.5
91.4
88.1
95.8
92.6
87.7
85.4
83.3
80.9
77.1
72.2
76.5
136.4
122.6
75.3
73.6
75.1
71.6
68.1
68.8
70.1
63.6
56.8
55.3
55.0
72.5
74.8
80.3
86.6
89.7
92.0
97.2
97.1
96.0
97.1
101.9
102.9
103.9
105.2
104.8
91.7
141.4
110.8
104.6
102.9
112.9
110.3
105.4
110.5
108.7
98.8
102.2
110.6
112.3
110.8
102.3
92.3
83.5
74.9
72.2
71.6
101.6
112.3
114.6
101.5
103.8
111.4
111.7
112.4
109.6
109.5
113.0
103.0
94.5
94.3
98.4
94.8
87.3
79.7
71.5
66.6
62.3
59.5
63.7
62.9
67.8
73.7
77.0
86.0
88.0
93.7
94.9
89.1
80.0
81.5
89.7
101.9
106.4
113.0
115.4
108.2
111.8
111.2
105.3
110.9
115.6
113.1
116.0
117.4
112.6
116.7
110.9
113.4
112.4
111.7
108.5
104.5
105.3
101.3
99.0
96.9
92.7
90.5
90.7
87.6
83.8
82.2
79.1
76.6
74.7
72.6
69.3
69.8
70.1
69.4
70.5
69.8
68.2
68.0
68.7
69.1
68.7
69.1
71.0
71.6
68.7
71.1
72.0
72.7
72.4
70.5
71.5
69.6
69.2
68.9
69.8
69.0
68.9
67.1
68.1
68.5
69.2
69.9
69.4
69.3
69.6
71.3
70.8
68.9
68.4
67.1
68.8
69.0
69.8
70.1
71.0
71.8
71.8
74.5
74.8
74.0
74.4
73.3
73.5
74.3
128.4
100.7
76.1
75.1
74.5
73.5
73.3
74.0
74.7
76.2
75.7
76.3
78.7
78.0
76.3
76.5
75.4
76.7
77.2
75.0
74.8
75.8
80.0
79.8
73.9
76.5
80.1
78.7
77.4
78.8
77.7
76.3
77.7
78.1
76.9
75.8
76.6
75.6
76.3
76.0
76.0
76.7
74.4
76.2
74.2
74.9
76.5
75.4
75.8
76.3
74.8
75.5
76.4
76.8
76.5
76.8
76.1
76.5
76.8
77.0
77.1
77.1
77.7
77.2
76.9
77.5
77.3
77.6
77.5
76.9
76.9
77.8
77.0
78.5
78.8
78.5
79.5
78.6
79.0
78.9
77.8
78.5
79.1
78.0
79.5
79.4
79.8
78.9
79.9
80.7
79.7
80.1
80.3
80.2
80.1
79.1
79.2
74.6
74.9
79.9
79.9
79.9
80.1
78.1
80.7
80.8
80.7
82.0
81.8
81.6
82.7
82.9
82.2
82.2
82.6
83.1
83.2
81.3
81.1
82.4
80.7
82.7
82.3
82.4
82.2
83.3
83.8
82.3
82.3
82.5
82.2
82.5
82.6
82.7
81.0
80.1
80.8
80.3
80.2
80.2
78.5
78.7
78.9
77.5
77.8
77.5
77.8
77.9
77.7
78.7
79.5
81.4
79.7
79.9
80.1
78.5
79.6
79.0
78.7
79.7
81.7
82.7
82.9
82.9
83.8
83.9
84.8
83.0
85.3
85.6
85.4
85.3
84.8
85.1
86.4
88.3
89.1
88.5
90.1
90.9
90.6
89.5
89.3
90.8
90.5
91.2
90.6
91.3
88.0
89.6
90.2
88.8
88.9
88.5
88.2
88.2
88.5
89.2
90.7
91.6
88.5
87.9
88.1
89.1
89.0
89.4
87.9
87.0
86.2
84.8
87.8
90.2
90.5
87.3
86.6
85.8
84.6
84.0
83.7
82.9
81.6
81.4
80.5
80.7
80.1
78.8
79.2
78.9
79.3
77.9
78.1
77.6
76.9
76.2
75.5
77.5
76.9
77.9
76.6
76.3
76.3
75.8
76.2
76.5
77.0
77.0
77.5
77.2
78.2
77.8
78.7
78.5
79.2
80.5
81.3
81.5
83.5
83.1
83.4
84.3
108.0
96.3
84.3
85.7
90.0
80.4
75.4
72.1
70.2
72.3
71.0
92.1
82.7
72.9
65.9
75.5
76.3
76.2
77.7
84.0
85.5
87.0
86.7
87.5
87.6
87.6
86.8
86.7
86.7
87.3
86.6
86.7
86.1
87.2
85.5
86.3
85.3
87.6
86.6
86.2
84.9
86.6
83.8
83.0
82.9
83.2
84.6
83.2
81.5
80.4
79.9
79.8
79.9
80.8
79.7
80.5
79.0
78.9
78.9
78.9
78.4
78.5
80.7
81.3
81.5
82.3
83.0
82.1
83.4
81.3
82.0
82.8
83.4
83.1
83.3
82.7
83.1
82.7
83.5
83.7
83.1
83.5
83.5
82.7
82.9
82.2
82.3
82.1
83.4
83.3
81.7
82.3
83.1
82.4
81.9
82.2
82.7
83.8
82.1
81.9
81.2
81.4
81.5
81.8
82.4
83.2
83.0
83.3
83.0
84.3
84.0
84.2
84.9
86.4
86.8
87.1
86.7
86.5
87.2
81.8
46.7
66.1
87.3
87.6
87.8
89.6
90.2
89.8
89.0
89.3
90.2
90.2
89.9
89.8
89.6
90.6
92.1
90.3
90.6
91.9
92.2
93.9
91.8
92.1
93.0
93.6
94.8
95.5
96.8
96.8
96.3
97.3
96.2
97.6
98.4
98.7
100.2
98.7
100.7
99.5
98.9
100.0
98.8
99.0
97.2
97.2
93.9
93.5
92.9
91.7
90.4
92.3
89.9
88.4
89.3
90.4
89.4
88.9
89.2
88.0
87.7
88.0
89.8
87.6
87.2
86.9
86.4
85.8
86.0
87.6
87.1
86.3
86.3
87.5
87.0
88.0
88.3
88.1
86.5
86.3
87.1
88.5
86.3
87.0
89.0
86.8
85.9
85.7
86.9
86.0
86.6
87.6
86.5
86.7
87.0
85.6
86.3
87.8
88.6
87.8
88.4
90.3
90.2
90.1
88.6
87.3
88.0
86.9
85.9
85.1
86.0
85.8
85.3
84.8
85.9
84.6
85.0
85.3
85.1
85.5
85.4
85.8
86.3
87.8
85.5
82.9
88.6
82.6
83.3
82.1
86.5
86.3
87.8
87.5
87.5
88.1
87.4
87.5
86.5
85.9
84.9
85.3
86.6
85.2
86.1
135.7
85.4
85.1
84.7
84.5
84.1
83.1
81.7
80.6
79.1
80.7
80.3
80.5
81.2
80.0
78.1
78.8
77.6
77.2
77.9
77.9
79.4
79.1
79.7
80.5
84.7
86.3
86.1
87.0
88.5
88.4
87.2
87.2
86.9
87.8
86.0
87.0
87.4
88.3
88.3
88.1
89.3
88.9
90.3
89.9
92.0
91.6
92.4
92.3
93.0
93.2
92.1
93.6
92.8
93.2
95.0
94.8
94.2
93.8
94.8
94.0
94.4
93.9
93.5
92.6
93.0
93.5
94.5
95.0
95.7
93.2
96.2
95.9
95.7
96.7
95.7
95.0
95.7
97.9
99.8
97.8
97.8
95.4
97.3
97.1
95.9
97.9
96.5
97.2
96.7
96.5
97.0
98.0
96.6
98.8
98.7
99.1
97.7
98.4
96.6
97.9
98.3
98.3
99.6
98.2
96.8
98.7
98.3
99.2
99.5
99.2
99.3
100.1
100.5
99.2
100.3
100.7
100.3
101.5
100.4
101.4
99.7
98.8
100.9
99.8
100.5
100.4
100.0
98.7
99.8
100.0
100.3
100.3
100.3
100.8
100.4
100.8
100.1
99.0
101.1
100.4
100.1
101.3
101.4
102.2
101.5
102.8
102.2
102.2
101.8
102.4
102.3
103.5
102.9
101.9
103.1
102.9
103.8
106.7
105.5
106.0
106.5
104.4
104.0
103.8
105.3
106.3
104.5
102.7
104.9
103.9
102.8
102.7
103.4
103.3
103.5
103.1
103.1
103.7
103.5
104.5
104.5
104.6
104.7
104.0
104.1
103.0
107.6
104.1
102.5
102.5
102.3
101.9
102.3
102.5
102.0
103.3
102.8
102.4
102.7
103.3
102.6
106.4
107.9
107.6
109.2
108.6
107.3
108.6
108.2
110.3
109.6
106.5
105.4
108.9
106.4
107.6
108.5
110.2
110.0
109.2
105.4
105.5
104.8
103.8
103.3
103.4
102.5
103.9
103.7
103.3
113.9
102.7
97.5
103.1
105.1
105.2
103.7
104.0
104.0
102.7
102.4
106.6
106.3
106.4
105.8
103.3
104.3
104.6
104.7
101.7
102.0
100.6
100.0
99.8
100.3
102.0
102.8
101.8
102.2
102.6
102.9
102.4
101.3
100.7
99.4
100.2
101.9
102.5
102.1
103.1
102.8
102.0
101.5
103.3
101.1
102.7
102.6
103.2
102.5
103.9
104.1
104.9
104.1
100.2
98.6
106.8
106.3
104.9
102.9
101.5
102.6
103.7
104.3
104.5
104.5
102.5
101.5
102.0
103.8
104.4
105.7
107.8
104.4
103.7
102.4
104.8
104.4
97.7
96.1
95.4
97.6
106.2
108.4
105.8
108.4
106.6
108.5
108.1
107.8
108.9
103.9
106.1
102.9
101.0
102.0
101.7
98.9
99.9
98.4
99.4
94.7
96.8
98.1
96.2
96.5
96.2
92.5
95.6
92.6
94.4
93.7
94.5
93.1
92.3
90.6
91.0
90.9
91.2
90.3
93.9
76.5
95.1
90.6
92.8
94.5
95.7
95.7
99.1
97.6
96.5
96.6
94.8
98.5
97.7
97.8
96.6
98.4
100.3
100.2
100.3
102.9
98.0
100.2
98.2
96.6
96.2
98.9
100.4
97.5
96.2
96.6
98.0
98.1
99.7
100.6
102.5
100.8
101.1
101.0
101.8
102.6
104.5
105.0
104.3
103.5
100.9
103.3
104.4
101.6
105.6
106.4
104.4
105.3
104.0
102.5
106.1
106.7
105.6
106.5
106.2
106.0
106.4
102.5
103.1
106.1
106.6
108.0
102.0
103.7
107.1
109.2
107.3
107.3
107.4
108.4
106.3
107.3
106.4
104.8
109.6
109.4
110.8
110.2
113.3
114.1
111.1
111.4
111.2
109.9
110.3
109.5
108.3
110.3
109.8
104.0
110.1
109.7
111.2
109.4
112.7
113.6
113.1
112.9
115.7
113.3
112.6
113.0
111.9
109.1
108.1
112.9
110.9
113.4
112.7
112.7
114.7
114.2
110.5
111.0
113.3
113.2
111.4
111.8
111.4
114.0
112.1
113.0
112.0
114.3
113.6
114.5
113.7
114.8
113.6
114.9
116.3
111.8
113.4
114.1
111.4
114.0
112.8
112.9
112.2
113.0
112.6
114.1
112.4
115.2
110.9
110.4
109.6
111.5
113.7
117.1
115.7
116.3
114.2
114.7
113.3
113.4
113.4
113.4
114.7
115.3
115.9
115.6
114.1
114.0
113.5
117.3
117.1
114.8
113.8
110.9
115.9
114.9
114.9
115.9
116.4
113.9
115.7
121.8
118.9
117.3
118.5
116.9
113.1
114.2
112.8
112.0
112.1
114.9
115.3
117.6
113.7
112.1
112.3
112.7
111.4
110.8
110.4
109.7
109.4
109.9
109.9
109.4
108.5
109.6
109.7
107.5
107.6
107.2
106.7
108.7
114.7
123.1
124.0
120.2
121.9
122.0
122.7
121.8
118.6
121.3
119.7
120.0
117.6
119.5
121.4
119.1
115.1
118.6
118.1
116.5
123.0
120.1
121.6
119.3
119.1
118.7
118.2
117.8
117.5
117.7
116.4
121.1
120.4
118.1
118.4
122.0
120.3
117.5
121.8
123.4
119.6
117.2
119.7
115.7
117.2
119.1
119.0
116.8
119.9
117.3
114.8
112.8
117.3
115.2
120.0
119.2
116.4
116.0
115.2
115.8
116.0
118.5
118.5
119.1
118.2
117.7
115.7
112.1
112.2
118.9
119.1
118.6
116.6
118.4
118.5
117.7
114.3
114.8
117.0
113.5
112.0
115.3
113.4
114.4
116.1
116.6
113.2
110.9
117.3
115.9
117.3
115.2
117.7
116.5
116.0
115.9
114.9
116.9
116.5
113.2
114.2
114.5
114.6
116.0
118.4
118.0
118.0
120.4
119.8
118.0
119.5
120.3
118.5
120.1
121.0
120.3
120.0
117.6
118.4
118.4
119.2
120.7
121.3
121.0
121.6
119.0
121.3
120.1
121.6
122.4
122.4
123.1
119.0
122.9
117.0
120.3
121.2
122.6
124.1
121.5
112.5
102.4
101.4
106.0
104.3
104.7
104.9
107.7
106.5
110.8
111.6
111.1
111.5
111.5
112.2
111.8
108.5
112.3
111.7
109.6
109.8
111.1
109.6
110.0
107.8
108.7
109.3
109.6
109.2
110.9
110.4
111.3
112.3
113.2
111.2
110.1
110.2
112.4
109.8
111.1
109.3
111.4
112.2
110.3
109.8
112.4
110.1
111.9
107.3
110.1
111.5
112.9
114.9
110.8
112.3
111.7
111.7
109.4
112.5
111.8
114.4
111.9
115.1
112.8
115.4
112.4
116.6
115.8
114.6
113.2
117.0
116.3
124.0
126.4
123.3
120.4
119.8
120.0
120.9
118.6
115.0
121.9
120.6
118.2
120.6
121.8
117.7
119.4
117.4
122.1
114.9
115.2
120.2
118.6
120.3
119.9
119.0
119.4
120.5
120.0
119.9
119.8
119.0
118.9
120.3
120.2
119.5
121.6
124.5
122.3
121.3
123.5
121.7
123.7
121.3
119.3
122.8
127.2
107.4
109.9
115.8
117.2
117.9
118.0
115.0
115.0
109.1
116.0
116.2
115.0
117.4
117.7
114.6
116.4
118.4
115.8
116.7
116.1
117.0
118.0
118.4
117.4
118.3
120.7
120.6
114.3
118.9
118.5
121.3
120.1
119.5
118.4
117.6
117.4
118.6
119.1
117.1
119.6
117.6
122.6
121.5
120.8
119.2
120.1
119.3
119.1
118.7
114.9
119.9
117.9
120.3
119.7
118.8
115.8
116.8
118.5
117.8
118.6
117.4
113.6
121.2
122.9
124.9
120.6
119.1
120.3
119.4
120.3
121.1
122.6
121.8
118.4
120.3
121.1
123.0
119.6
121.8
117.0
120.5
124.6
119.2
124.1
124.7
123.4
121.0
118.1
107.1
106.7
105.4
103.9
104.3
105.1
113.6
112.8
113.5
113.1
109.8
108.1
107.3
106.4
107.6
72.8
84.3
107.7
101.1
101.1
104.7
104.9
107.1
108.8
107.4
105.6
112.2
110.7
111.0
113.4
114.4
114.8
112.2
113.5
109.6
120.5
114.2
121.8
124.4
123.0
121.5
119.2
123.7
116.7
122.1
122.7
117.3
119.0
121.4
123.7
128.6
122.0
118.4
118.3
133.5
129.6
133.1
129.9
122.7
130.3
129.4
128.9
132.5
126.9
125.3
120.5
118.4
121.6
118.1
119.4
118.0
112.1
113.5
114.3
112.3
112.2
110.2
109.6
108.2
106.5
110.6
107.1
114.5
114.4
113.4
111.8
114.4
114.7
112.8
114.0
113.4
111.1
102.0
108.1
107.5
106.9
108.6
108.8
118.0
116.3
110.4
111.8
107.7
105.1
106.9
120.2
114.7
117.8
119.9
118.6
113.4
115.2
116.3
111.0
107.6
117.1
120.1
119.0
115.1
120.1
116.7
118.2
118.3
110.7
120.1
121.4
121.3
120.7
119.2
118.9
118.3
119.2
116.3
116.0
117.1
116.0
114.1
114.4
113.0
117.8
115.6
115.9
115.8
112.7
111.9
115.5
116.9
115.2
111.2
110.5
111.0
112.5
110.1
102.9
110.8
111.3
114.2
112.1
110.2
109.7
108.1
109.0
107.9
110.3
109.9
113.0
115.5
116.3
115.9
116.5
118.8
121.9
120.7
121.2
119.3
116.8
116.4
113.8
116.4
115.5
115.7
115.3
116.3
117.8
118.2
117.4
118.3
119.2
117.3
111.5
120.3
119.8
120.6
119.9
116.0
117.0
114.9
115.3
114.6
119.0
119.7
117.0
119.9
116.0
121.0
110.9
111.1
110.3
116.9
117.7
112.1
117.6
117.8
117.0
120.1
120.6
112.5
118.7
119.7
121.8
120.1
119.6
120.8
117.8
126.2
127.4
124.7
125.2
125.9
126.2
123.4
127.0
127.4
118.2
123.5
126.6
126.4
126.8
125.0
124.0
116.8
128.3
128.8
128.5
128.8
127.6
123.5
127.7
128.2
128.8
129.3
128.2
127.7
121.2
119.6
128.2
129.7
129.7
130.9
130.2
128.5
121.7
124.6
129.3
129.5
130.1
122.7
124.9
127.2
128.0
125.4
128.2
130.5
129.1
122.4
121.6
124.1
120.7
122.6
113.6
117.4
118.0
113.9
114.7
113.7
111.1
109.6
106.3
107.7
106.5
107.3
106.1
107.0
108.5
105.7
111.0
109.8
113.1
112.7
111.7
111.8
111.8
112.8
111.4
112.9
115.5
114.3
116.9
116.5
117.4
116.7
115.4
117.8
118.2
117.8
118.9
119.0
112.4
108.2
103.6
105.9
112.7
119.3
124.1
126.1
128.1
128.8
129.7
132.0
129.3
132.0
128.6
126.5
131.3
131.0
134.5
132.6
129.7
131.0
130.0
128.8
125.9
125.6
127.3
128.3
124.8
134.4
141.7
125.0
135.7
143.7
156.8
153.6
167.4
161.8
163.5
159.1
156.2
147.6
152.9
144.0
140.8
148.2
150.0
144.6
135.0
132.2
139.4
139.7
132.0
124.4
122.4
115.7
111.7
111.8
125.0
120.9
122.3
115.6
111.3
107.2
107.1
106.5
104.6
103.9
100.3
106.1
107.6
104.8
109.1
114.5
115.3
115.7
115.1
111.1
118.5
117.7
121.2
133.2
130.0
125.5
128.6
124.9
125.6
126.8
130.2
128.9
128.8
129.2
130.5
128.1
126.4
133.1
114.8
107.1
96.7
96.4
95.9
95.2
96.3
94.4
93.6
94.4
91.7
94.9
93.6
90.9
93.0
94.7
94.3
96.1
94.0
95.6
91.2
94.5
96.5
94.6
89.7
92.6
96.1
91.0
95.9
99.6
99.8
96.1
95.6
97.3
98.6
96.9
96.9
96.6
95.0
93.6
92.9
97.1
92.3
93.8
97.4
94.7
94.3
95.0
91.9
91.0
96.5
94.5
97.0
96.5
96.4
95.8
95.6
94.9
94.1
93.5
94.3
93.1
91.3
93.9
94.5
92.9
91.0
93.0
95.4
93.8
93.4
94.9
98.2
98.2
94.4
93.9
94.0
94.4
96.4
94.3
92.8
92.6
94.5
93.8
96.0
95.3
95.1
96.9
95.0
94.2
96.7
98.7
98.5
96.6
95.8
94.3
92.9
89.9
96.1
96.8
97.4
100.6
96.8
95.2
96.2
93.3
92.3
93.1
91.6
93.7
95.9
96.1
94.1
91.5
94.7
94.8
94.3
94.5
93.3
92.2
91.2
92.3
92.4
93.7
93.0
93.7
92.4
91.9
92.4
92.5
92.4
94.0
92.8
93.0
217.3
152.0
92.9
94.0
94.4
92.8
92.0
93.5
95.0
92.6
92.7
94.5
95.5
92.8
91.8
90.6
91.0
91.0
89.3
89.8
90.4
89.9
90.3
90.9
90.6
90.4
92.3
93.6
90.6
96.0
98.1
99.3
96.6
95.2
95.0
95.2
94.7
96.5
97.1
101.1
102.3
97.9
100.2
98.0
98.8
94.7
93.4
93.9
97.0
104.8
102.3
100.0
98.5
90.7
88.4
90.7
88.7
93.3
91.2
88.4
87.3
95.6
94.9
97.1
93.2
98.3
96.1
94.6
94.0
92.0
90.2
89.7
88.1
85.6
87.3
87.8
87.5
86.9
86.9
86.8
84.8
85.8
84.7
83.9
84.9
85.4
86.0
84.7
85.1
85.2
83.7
82.2
84.7
84.1
83.9
84.5
83.8
83.2
83.5
83.9
84.0
85.3
88.0
88.3
86.8
80.1
84.2
86.2
85.5
85.9
86.0
86.0
87.7
89.2
86.7
85.3
85.7
84.4
86.6
89.9
88.0
88.5
89.1
89.2
89.1
90.5
90.5
91.3
89.4
89.2
87.5
88.2
87.6
91.1
89.9
86.9
93.2
92.6
91.9
92.5
92.6
90.6
93.7
93.0
92.5
93.8
93.6
91.4
93.1
91.6
90.5
92.7
91.0
91.3
94.7
95.3
92.2
94.1
94.4
92.8
94.1
96.2
95.3
94.8
94.8
96.8
99.0
98.4
99.0
100.0
96.5
92.7
98.5
102.1
100.1
100.6
95.9
100.9
100.3
99.1
99.4
99.2
100.2
100.4
100.7
100.3
100.1
100.4
99.9
100.0
98.0
94.7
100.4
102.3
100.6
99.9
99.8
110.4
91.3
97.1
94.1
93.2
92.3
92.8
88.6
93.9
93.1
94.6
93.7
94.2
89.8
94.6
95.0
96.4
96.2
94.0
92.8
96.3
97.1
96.6
95.5
96.5
94.8
97.6
96.7
91.3
97.6
96.7
95.6
97.6
92.5
95.2
93.1
90.1
94.1
94.6
93.8
95.1
94.3
91.8
93.9
94.6
91.8
92.6
91.2
92.0
91.6
92.8
89.1
92.4
91.8
91.6
91.4
94.0
93.5
94.3
92.5
88.8
89.9
90.6
91.6
91.5
91.0
86.3
89.7
89.7
92.7
94.0
94.1
95.0
93.7
93.7
98.8
97.0
94.8
93.7
94.7
96.6
94.2
93.0
92.5
210.7
96.7
95.2
97.3
94.4
95.8
98.3
99.7
99.3
95.8
102.1
99.4
99.7
99.2
101.4
101.6
99.4
99.9
100.0
102.4
98.9
95.3
99.0
101.7
94.3
97.3
91.1
90.8
92.0
91.0
90.2
100.6
98.1
88.9
87.4
88.8
85.4
84.3
87.8
87.0
87.4
86.9
86.2
85.5
85.9
86.7
83.9
86.4
89.0
88.9
89.0
88.4
88.1
89.4
95.4
92.0
91.6
89.3
88.9
89.6
86.4
92.0
94.8
95.1
94.7
90.6
90.6
89.9
88.5
92.4
91.9
95.5
97.8
94.1
94.7
94.5
93.9
94.1
96.4
98.5
90.1
93.4
97.6
99.0
96.8
97.0
99.0
98.8
103.4
103.3
102.5
98.5
107.1
110.2
108.4
106.2
100.9
98.6
99.8
96.6
96.0
94.9
96.6
95.8
96.3
95.4
94.2
92.8
90.3
90.7
92.4
91.4
99.2
100.6
98.0
95.2
93.8
93.3
89.8
87.8
92.4
93.5
91.8
92.8
92.3
91.3
94.2
96.1
94.3
92.6
93.2
93.0
92.5
92.8
92.9
92.9
92.6
91.3
91.5
91.5
90.1
90.6
90.7
92.2
91.5
91.0
91.0
92.1
92.2
93.0
91.9
91.1
86.6
92.0
92.8
93.0
92.7
91.8
92.7
92.6
92.4
92.5
93.0
94.8
96.6
103.7
104.5
107.3
114.1
113.1
111.9
111.3
108.3
110.8
101.1
105.5
111.2
108.1
106.4
103.5
104.4
104.2
110.6
106.2
106.8
105.7
104.8
104.3
109.3
111.2
109.8
110.2
108.2
107.4
106.2
108.1
106.7
108.9
107.5
106.8
104.7
105.9
104.6
105.6
109.4
108.5
106.4
108.2
107.0
111.6
112.7
112.3
108.4
111.5
112.4
109.9
107.5
108.3
108.1
107.8
107.4
102.1
105.9
109.0
109.4
109.0
109.7
106.2
107.0
108.2
109.4
110.4
110.3
107.6
111.2
109.0
114.8
112.2
112.1
110.8
113.0
113.5
112.7
114.1
115.5
113.8
112.0
110.4
110.5
111.3
111.7
109.8
112.6
111.1
111.6
113.2
112.2
111.5
111.7
111.5
111.7
112.4
112.2
113.3
114.6
114.3
114.9
114.5
115.1
115.0
112.9
117.9
118.1
116.3
114.8
114.1
113.6
114.3
115.5
109.1
114.9
116.6
114.6
114.1
115.8
113.8
110.9
111.8
110.4
112.2
110.3
113.0
113.5
109.8
113.3
112.2
111.2
110.5
108.4
106.5
109.6
111.1
106.6
111.6
112.2
110.0
109.2
110.3
113.2
112.7
111.8
114.5
112.0
117.2
125.1
124.2
122.5
123.0
111.1
107.0
107.3
96.1
98.7
104.3
103.5
105.9
105.3
105.1
104.6
102.2
103.0
103.4
103.5
101.0
100.0
101.1
101.2
102.0
101.0
101.5
99.8
99.6
98.3
100.4
100.8
101.1
97.4
105.1
104.9
105.7
101.8
104.2
106.6
106.9
109.2
109.4
108.0
107.8
105.3
104.9
108.4
107.0
105.9
105.0
102.1
106.3
106.7
104.6
104.9
102.8
104.4
102.5
100.7
102.2
109.3
111.5
112.4
109.5
109.7
109.1
104.9
110.1
106.0
103.7
109.5
111.2
108.7
105.7
102.5
105.9
108.3
107.1
105.2
106.1
108.8
105.6
106.7
106.0
107.7
101.8
104.5
100.8
102.4
100.8
99.2
97.7
96.5
100.1
100.9
99.3
100.2
100.3
100.3
99.4
100.8
107.8
109.1
108.5
108.3
107.7
102.8
105.3
103.3
109.0
110.2
108.0
106.8
112.4
105.5
106.9
113.2
113.9
113.6
109.3
111.8
112.9
116.0
115.6
110.6
111.7
110.1
117.5
114.2
119.4
124.0
115.0
125.0
136.0
134.7
142.5
141.5
148.2
139.5
140.3
144.8
148.6
145.1
141.7
124.0
151.7
148.4
151.1
146.3
143.2
147.1
142.5
137.8
137.4
142.1
136.7
128.1
121.5
113.7
112.4
110.2
104.6
103.3
106.9
104.8
102.4
98.7
103.6
103.1
99.3
100.3
100.0
101.7
97.0
100.6
100.8
100.5
98.2
90.6
93.1
100.3
104.4
104.9
103.3
96.9
99.4
102.1
101.4
99.2
107.5
110.7
110.5
112.4
103.3
100.9
97.2
93.4
86.9
85.7
102.8
108.9
101.4
103.6
100.2
103.1
104.6
100.1
95.0
102.2
100.4
96.7
96.9
94.5
99.4
105.6
100.7
97.0
95.3
94.9
94.4
96.9
97.4
97.2
96.2
95.0
96.5
102.9
99.4
94.7
99.5
100.9
98.0
95.9
95.0
92.4
93.4
91.7
93.4
96.8
99.5
94.3
99.2
94.1
94.2
98.5
93.8
95.1
95.4
91.2
89.4
90.4
94.6
101.9
100.0
96.4
91.9
89.4
92.7
97.8
93.4
93.2
92.2
91.1
99.3
103.5
101.3
97.0
91.3
90.1
90.1
90.1
90.6
91.2
91.0
91.1
91.9
90.0
90.7
93.7
93.4
92.8
94.1
92.8
91.8
96.4
100.7
98.6
101.9
99.9
96.6
101.5
97.4
99.3
97.9
99.8
100.7
100.5
96.6
102.1
105.4
104.9
101.6
102.6
106.6
110.3
111.4
111.0
111.0
111.9
109.6
112.8
113.6
115.8
117.1
119.4
118.2
114.7
114.3
116.2
115.3
116.5
115.1
117.1
115.9
116.8
118.7
119.8
120.4
119.9
121.2
123.8
125.0
122.6
128.1
124.7
126.2
127.8
125.3
126.4
126.0
125.6
116.6
108.1
102.2
96.8
97.6
95.6
93.5
93.4
90.5
85.8
92.1
95.8
94.3
92.5
86.6
88.1
89.3
92.9
90.9
87.4
92.5
94.6
96.1
93.8
103.9
106.2
104.8
105.9
106.7
103.2
104.1
112.9
109.6
109.1
111.1
107.4
112.6
115.6
114.3
116.0
113.6
118.7
117.0
117.8
118.0
120.9
114.2
117.8
118.9
120.7
119.3
114.9
117.0
119.9
119.6
110.4
111.7
112.9
114.3
113.4
113.5
112.4
111.6
112.4
111.8
110.3
110.2
113.8
110.7
110.3
101.2
110.3
111.7
106.1
106.7
104.7
104.9
103.9
106.7
103.8
105.2
106.5
107.3
107.2
105.3
105.1
102.6
111.3
111.7
108.1
106.9
107.5
110.8
108.1
107.1
105.6
107.5
106.8
111.2
108.2
104.0
107.5
108.8
103.3
104.6
112.4
110.5
106.7
105.1
104.6
109.6
110.2
108.2
107.6
106.8
108.8
105.8
108.5
107.7
103.7
106.6
107.0
107.7
105.8
103.9
106.5
104.7
106.0
105.3
107.6
103.9
98.3
107.7
109.4
110.6
109.0
108.5
107.6
110.5
108.9
108.8
110.5
106.7
109.6
107.3
102.7
104.9
107.2
103.7
102.7
106.6
106.3
103.5
106.4
100.9
96.9
96.3
100.1
97.7
99.1
97.6
96.5
95.9
98.0
96.1
90.7
86.3
79.9
74.7
80.2
83.0
82.5
80.4
78.1
79.5
79.3
79.8
80.2
80.1
78.3
77.9
76.8
75.9
76.4
75.0
75.7
78.4
75.9
76.8
78.2
77.0
75.0
77.4
82.7
80.7
77.3
81.6
81.7
78.1
78.2
78.2
77.0
76.4
77.0
80.7
77.8
81.0
87.9
88.4
86.6
83.2
80.7
79.5
78.4
77.4
76.3
75.8
76.5
75.5
75.1
78.0
82.4
79.1
75.4
75.6
76.0
77.1
80.1
86.9
85.2
80.6
84.4
83.5
80.4
78.2
83.6
79.7
76.6
75.1
77.7
77.3
77.7
76.7
77.9
83.1
78.6
75.2
74.6
73.4
71.5
75.3
80.9
82.5
82.0
79.6
79.1
78.2
77.2
75.9
75.4
75.9
77.3
85.1
84.3
79.4
76.1
79.0
80.7
78.9
76.5
75.2
76.2
76.5
76.6
77.3
85.9
85.5
84.9
83.8
89.8
87.8
82.6
82.6
85.7
80.8
80.5
79.4
79.0
80.3
80.6
83.1
85.2
81.5
83.8
82.6
80.1
84.6
83.5
85.8
83.3
84.7
86.4
84.9
83.8
86.9
88.5
89.4
92.3
87.3
88.6
89.6
91.6
95.2
91.9
93.6
92.3
90.8
92.7
97.3
97.9
99.9
98.8
95.9
98.6
101.5
103.1
98.1
96.0
96.1
95.5
96.1
96.2
94.7
90.7
91.1
89.1
87.8
87.5
92.2
89.2
90.4
91.4
85.5
85.3
88.1
89.6
94.1
89.6
85.7
87.8
88.5
92.4
90.6
91.5
93.2
93.3
91.0
91.3
91.2
93.9
98.7
96.3
96.6
94.0
96.6
95.3
97.2
94.5
93.9
92.7
94.0
93.9
94.2
94.2
95.7
93.6
91.3
94.4
95.6
93.9
95.1
96.3
97.9
94.0
97.7
97.7
91.7
83.9
83.4
81.4
80.2
78.8
78.8
80.7
80.1
80.8
80.1
82.1
84.5
81.9
80.2
80.0
81.8
80.3
80.0
78.4
78.9
79.0
80.3
81.5
80.9
83.6
83.5
83.8
81.2
78.8
79.3
78.1
77.9
78.2
79.0
78.6
77.7
78.1
77.1
78.4
74.8
78.0
76.7
76.5
76.7
76.3
76.7
76.8
77.9
77.3
75.6
77.6
77.3
76.5
76.5
77.2
81.0
78.5
77.5
76.5
77.4
80.3
79.1
77.7
77.5
77.3
77.3
76.6
77.1
77.3
77.7
77.3
78.3
81.4
79.7
78.3
77.1
76.8
78.2
79.4
77.7
78.0
77.6
78.2
78.8
77.6
77.7
78.0
78.1
78.2
78.8
79.3
81.5
84.3
83.0
82.3
82.7
84.1
85.1
92.3
93.4
91.2
92.9
91.1
91.6
94.8
92.0
89.3
90.3
92.4
89.6
91.2
95.5
94.3
92.3
96.4
95.5
95.7
97.4
101.7
100.6
103.5
102.0
104.4
100.1
96.8
93.3
94.5
90.5
90.7
91.6
89.8
88.7
87.4
88.8
87.0
87.6
184.8
128.3
84.8
84.3
88.5
89.4
89.3
86.5
88.9
83.8
88.3
93.0
93.4
94.2
99.6
100.1
102.6
103.1
101.6
102.5
105.7
107.1
104.1
109.3
109.1
102.9
100.5
101.0
102.0
103.6
99.5
97.0
95.4
96.0
97.6
96.6
93.6
95.3
89.9
87.2
87.8
87.3
87.5
85.2
87.0
89.2
85.8
87.6
85.3
82.6
82.3
81.3
80.5
84.3
83.4
79.1
82.1
85.5
88.6
85.1
82.3
85.7
93.2
96.8
97.8
97.6
102.2
104.8
108.6
107.2
101.3
104.1
107.1
107.2
106.3
111.4
115.1
119.1
118.7
111.5
119.3
124.2
125.3
121.1
124.9
124.5
128.0
128.5
128.4
129.4
131.8
132.4
129.3
131.4
120.0
112.0
108.1
111.6
104.1
109.1
113.6
116.3
118.9
120.5
114.6
117.5
118.4
118.0
111.5
109.3
111.4
109.4
107.9
106.8
107.7
106.3
105.5
104.6
105.2
105.2
98.3
95.5
94.5
96.0
96.2
97.5
97.7
96.2
97.8
98.1
96.7
98.2
95.8
94.0
92.4
91.8
89.4
89.2
89.3
89.1
86.8
86.1
83.4
84.2
84.7
83.4
78.0
75.7
73.3
71.3
72.8
70.4
71.4
76.3
76.5
67.8
70.2
68.7
75.1
75.6
72.3
73.7
75.2
74.1
73.9
72.4
71.5
71.7
70.6
69.8
69.1
65.2
66.1
65.9
65.8
65.2
61.3
61.7
62.7
62.0
59.8
59.8
57.5
56.8
56.8
56.2
55.2
54.8
52.4
57.8
58.2
56.3
74.6
72.5
53.5
53.3
52.9
53.6
55.3
58.4
61.6
63.6
67.4
72.0
71.9
75.3
75.6
76.4
70.7
80.3
79.7
70.7
68.7
68.3
69.4
69.0
72.6
72.8
72.2
70.9
70.7
66.2
69.4
70.1
69.4
70.9
73.4
73.5
74.3
81.2
77.5
75.9
74.9
77.3
76.2
78.6
78.7
79.3
79.9
79.3
83.3
80.9
79.3
81.2
83.2
81.9
83.1
84.2
83.3
84.6
84.5
87.5
84.0
82.6
86.8
85.1
87.6
84.5
143.6
113.9
85.3
86.0
88.0
88.8
82.6
86.8
96.3
93.3
91.1
89.3
87.8
90.4
87.4
87.7
85.1
87.4
88.5
87.8
88.3
88.0
84.4
88.1
87.7
89.0
87.1
84.9
84.6
87.7
85.6
88.7
97.0
89.8
90.9
90.0
86.8
90.0
91.0
90.5
89.2
90.0
90.9
92.2
90.1
90.9
87.7
86.9
91.6
90.2
88.2
90.2
92.0
88.4
88.7
91.0
87.0
84.8
87.6
85.8
84.4
85.8
86.6
85.0
84.4
82.7
84.8
86.0
83.5
85.4
82.3
82.7
83.2
71.2
80.6
80.1
79.0
78.1
76.9
76.6
74.3
76.2
75.7
136.0
166.7
62.0
72.5
72.0
70.7
69.6
68.4
60.5
66.4
62.5
65.8
67.0
62.2
67.1
68.4
69.6
65.0
61.9
63.5
75.4
74.9
68.5
64.8
65.5
63.8
62.5
59.8
59.8
62.8
61.3
61.4
62.9
55.9
63.7
64.3
71.2
71.1
68.9
67.4
68.4
68.3
68.4
68.6
69.0
69.1
68.9
69.7
69.8
69.4
68.8
68.8
68.2
68.2
67.3
68.1
67.5
67.6
69.6
70.5
71.6
72.9
73.8
75.2
75.0
75.5
76.5
76.8
76.7
77.6
77.4
78.8
78.5
79.3
79.1
79.5
79.6
79.0
80.1
79.9
80.4
80.6
81.1
81.2
80.9
82.8
83.1
84.3
84.7
85.4
86.1
87.3
87.0
87.1
87.3
88.8
89.7
90.9
92.1
93.2
94.6
95.0
96.4
97.5
96.5
96.8
97.0
97.3
98.5
100.8
101.3
99.7
99.0
98.3
98.7
95.3
97.5
99.2
99.0
99.0
99.0
98.1
97.6
98.3
90.9
94.5
92.8
91.7
94.6
107.4
93.2
95.8
95.5
94.5
93.8
93.1
93.4
93.4
93.6
93.0
93.3
93.9
93.4
93.0
92.7
93.5
94.6
93.7
94.2
95.4
94.5
93.9
93.4
93.9
93.7
94.3
94.1
94.8
93.8
94.6
94.8
95.1
93.9
93.3
93.2
92.0
91.6
92.8
91.9
91.5
92.5
92.7
93.1
92.6
92.1
88.7
86.0
83.7
83.1
81.5
80.2
79.8
78.7
77.7
77.4
75.2
74.6
72.8
73.3
71.9
70.3
69.8
70.3
68.7
68.0
67.5
65.8
64.9
64.2
63.0
62.0
62.3
62.2
62.6
60.4
58.7
57.7
59.3
57.8
55.7
55.6
55.6
54.2
52.6
51.7
50.8
49.1
48.8
48.3
47.3
47.4
46.5
44.9
43.0
42.6
41.4
39.9
39.5
38.5
38.0
37.8
37.7
37.1
36.1
36.7
36.2
35.6
35.2
35.0
35.3
35.4
35.6
35.8
35.1
35.0
35.0
35.0
34.5
33.9
32.6
31.4
29.6
28.0
27.0
26.1
24.4
21.7
19.5
18.8
17.4
16.8
16.0
16.0
15.3
15.0
15.0
15.0
12.9
11.0
11.0
11.0
11.0
11.0
11.0
11.0
11.0
11.0
11.0
