79.9
80.3
78.9
78.9
78.4
78.0
78.1
78.2
75.9
76.7
81.4
77.8
75.0
74.6
77.2
75.5
76.1
68.3
62.0
73.5
74.6
74.5
73.7
73.8
207.9
135.7
70.9
70.9
69.6
69.8
70.1
69.7
70.3
69.2
70.0
71.7
73.0
72.4
72.0
71.8
72.2
70.5
71.7
74.0
72.7
73.6
72.4
72.4
72.2
72.7
72.2
72.5
72.2
72.1
72.0
72.6
72.2
71.7
71.2
70.8
72.1
72.1
74.1
73.4
73.4
73.7
73.8
73.0
72.7
71.9
71.9
72.0
71.6
71.8
71.6
71.6
71.3
70.3
70.7
70.1
69.5
70.1
69.9
70.4
69.8
69.6
69.4
68.8
68.9
68.6
68.3
68.8
68.1
68.4
69.7
70.7
71.3
70.1
70.8
71.1
70.5
70.4
70.0
69.8
69.7
69.8
70.0
69.8
70.1
70.5
79.5
77.9
75.0
74.4
74.0
74.2
73.8
74.0
74.5
73.8
73.1
73.3
72.9
72.9
72.2
72.1
72.6
73.8
72.7
71.7
71.9
71.6
72.1
72.0
71.2
71.1
73.3
72.5
71.4
72.3
71.8
71.8
71.5
72.1
73.1
72.6
72.1
71.4
72.0
72.9
71.5
71.8
72.0
72.4
72.4
72.9
72.8
72.5
73.1
72.9
73.2
73.8
74.9
75.1
73.8
71.9
72.3
72.0
72.6
74.1
74.7
75.4
75.7
75.9
75.3
75.0
75.0
74.9
76.7
75.9
77.1
77.9
79.2
76.3
75.6
77.6
77.6
76.3
75.8
75.1
75.9
74.5
81.8
77.3
75.3
74.5
74.9
75.4
76.7
75.4
75.5
76.4
75.2
75.8
76.0
75.8
75.3
74.8
76.2
74.7
74.3
74.7
74.6
74.2
74.8
76.6
74.2
75.5
76.2
76.5
75.8
74.9
74.9
74.7
75.5
75.1
74.9
74.6
74.8
75.1
75.6
79.2
78.8
78.4
75.8
76.8
77.0
77.5
75.8
73.5
71.2
73.1
72.0
74.4
74.3
74.8
73.0
74.1
74.8
77.1
75.7
76.1
76.9
76.8
75.5
76.9
76.8
76.1
75.7
76.4
76.1
75.9
75.8
80.3
89.1
87.1
84.2
83.0
81.4
79.0
78.6
79.2
80.0
79.9
79.0
80.1
78.6
79.2
79.0
79.8
79.8
79.0
79.5
79.2
79.1
78.6
78.3
77.7
78.2
77.3
76.8
76.2
76.1
79.1
77.8
78.5
79.5
84.9
88.3
91.9
86.0
86.5
87.0
85.39931034482758
84.84896551724138
84.29862068965517
83.74827586206897
83.19793103448276
82.64758620689655
82.09724137931035
81.54689655172413
80.99655172413793
80.44620689655173
79.89586206896551
79.34551724137931
78.7951724137931
78.2448275862069
77.6944827586207
77.14413793103448
76.59379310344828
76.04344827586208
75.49310344827586
74.94275862068966
74.39241379310344
73.84206896551724
73.29172413793104
72.74137931034483
72.19103448275862
71.64068965517242
71.09034482758621
70.54
69.98965517241379
69.43931034482759
68.88896551724139
68.33862068965517
67.78827586206897
67.23793103448276
66.68758620689655
66.13724137931035
65.58689655172414
65.03655172413794
64.48620689655172
63.93586206896552
63.38551724137931
62.8351724137931
62.2848275862069
61.73448275862069
61.184137931034485
60.63379310344828
60.08344827586207
59.53310344827587
58.98275862068966
58.43241379310345
57.88206896551725
57.33172413793103
56.78137931034483
56.23103448275862
55.680689655172415
55.130344827586214
54.58
54.0296551724138
53.47931034482759
52.92896551724138
52.37862068965518
51.82827586206897
51.27793103448276
50.727586206896554
50.177241379310345
49.626896551724144
49.076551724137936
48.52620689655173
47.97586206896552
47.42551724137932
46.87517241379311
46.3248275862069
45.77448275862069
45.224137931034484
44.67379310344828
44.123448275862074
43.573103448275866
43.02275862068966
42.472413793103456
41.92206896551725
41.37172413793104
40.82137931034483
40.27103448275862
39.72068965517242
39.17034482758621
38.620000000000005
38.069655172413796
37.51931034482759
36.96896551724139
36.41862068965518
35.86827586206897
35.31793103448276
34.76758620689656
34.21724137931035
33.66689655172414
33.116551724137935
32.566206896551726
32.015862068965525
31.465517241379317
30.91517241379311
30.3648275862069
29.8144827586207
29.26413793103449
28.713793103448282
28.163448275862073
27.613103448275865
27.062758620689664
26.512413793103455
25.962068965517247
25.41172413793104
24.86137931034483
24.31103448275863
23.76068965517242
23.210344827586212
22.660000000000004
22.109655172413795
21.559310344827594
21.008965517241393
20.458620689655177
19.908275862068976
19.35793103448276
18.80758620689656
18.257241379310358
17.706896551724142
17.15655172413794
16.606206896551726
16.055862068965524
15.505517241379323
14.955172413793107
14.404827586206906
13.85448275862069
13.30413793103449
12.753793103448288
12.203448275862073
11.653103448275871
11.102758620689656
10.552413793103455
10.002068965517253
9.451724137931038
8.901379310344836
8.351034482758635
7.80068965517242
7.250344827586218
6.7
98.5
100.5
102.6
100.3
99.2
99.1
97.1
95.4
95.4
94.4
93.8
97.7
99.2
98.9
96.8
98.3
98.7
104.4
102.6
99.7
98.3
96.3
96.4
96.1
95.9
96.3
96.1
96.5
95.7
95.5
96.0
95.3
95.3
95.1
95.1
95.3
95.3
94.4
94.5
94.1
93.9
94.0
93.7
93.0
92.5
93.7
93.0
93.5
92.5
92.0
92.0
92.1
92.5
92.6
93.3
93.2
93.2
93.2
93.0
93.4
93.7
93.8
94.2
94.6
94.7
94.7
94.6
96.2
97.1
96.5
95.8
95.1
95.0
95.7
95.5
95.0
95.1
95.0
94.9
94.9
94.3
94.3
94.8
94.7
95.3
95.7
95.7
95.7
95.4
95.6
95.3
95.3
95.5
96.3
96.5
96.4
97.5
97.0
96.6
96.1
96.8
96.7
96.9
96.6
96.7
96.6
96.4
96.7
97.0
97.2
98.4
99.3
98.8
98.6
98.5
98.4
98.2
98.0
97.7
97.7
97.7
97.8
98.7
100.2
100.1
99.8
100.6
101.2
99.8
97.6
98.3
98.8
99.0
98.7
99.1
100.3
101.0
101.5
102.1
102.0
102.7
101.2
101.2
101.6
100.7
100.1
99.9
99.5
98.9
98.3
98.0
98.9
98.0
97.9
97.3
96.4
95.9
95.1
94.9
95.6
95.7
95.2
96.0
97.5
97.2
94.8
95.4
95.4
94.7
94.6
94.7
94.8
95.0
95.2
94.9
94.4
94.4
93.5
93.4
94.4
92.7
92.3
91.6
91.9
91.9
91.5
90.9
90.8
90.8
90.8
91.6
92.0
92.0
92.2
91.4
90.8
91.3
91.6
91.5
91.5
91.8
92.0
92.0
91.9
92.5
92.6
92.4
92.6
93.1
92.7
92.3
92.8
93.1
93.6
93.4
94.6
103.8
102.7
106.8
104.9
103.6
99.9
99.0
107.0
105.1
104.4
106.8
103.5
101.6
102.7
101.6
101.6
101.3
101.5
101.9
100.5
98.6
97.5
97.7
98.2
98.0
96.4
96.7
97.4
98.0
97.9
98.2
96.6
96.5
105.1
102.5
103.7
102.8
101.3
98.7
97.8
97.1
97.4
98.5
97.9
98.8
98.5
99.1
99.1
98.5
108.4
101.0
100.2
100.0
100.5
98.1
96.1
96.7
95.5
95.5
94.9
94.9
94.2
94.3
94.2
95.8
94.5
94.9
94.9
93.7
94.6
93.6
93.7
94.9
93.7
93.0
92.4
93.9
92.7
92.7
92.2
92.4
92.6
92.8
91.5
91.2
91.1
90.7
90.8
90.2
91.3
91.1
90.0
91.5
91.7
91.3
92.3
93.6
91.7
91.4
91.5
92.2
93.8
92.9
92.6
92.5
94.0
92.9
93.3
92.5
92.5
93.0
92.9
93.2
93.4
92.8
92.8
92.5
92.4
92.0
91.7
91.5
91.0
91.3
92.1
91.2
92.3
91.0
90.8
90.6
91.0
91.8
92.3
91.6
92.5
92.1
90.9
92.2
92.4
93.0
92.1
92.7
93.0
93.1
92.7
93.6
92.0
92.4
91.8
91.7
92.2
92.2
91.9
92.3
91.3
92.4
91.9
92.3
91.4
91.1
90.8
90.8
91.3
92.5
92.8
92.8
93.2
94.3
95.8
96.0
95.1
92.0
90.7
106.3
92.2
96.6
99.6
100.3
100.7
100.5
100.5
102.4
102.4
102.6
102.4
101.7
100.7
99.8
98.4
98.7
98.9
97.6
99.1
98.8
96.6
97.8
97.7
98.2
96.3
99.2
99.2
98.2
98.6
97.1
97.2
96.3
97.3
95.9
96.2
95.5
94.5
92.5
94.3
94.2
95.6
93.6
93.0
92.6
91.9
92.8
92.7
91.5
92.0
92.3
91.5
92.4
92.1
92.1
90.6
91.5
92.4
91.1
90.7
90.5
90.9
89.9
89.2
88.9
89.4
89.5
89.9
88.7
90.1
89.4
88.3
88.9
89.1
88.9
88.3
88.9
88.0
87.9
88.6
89.8
89.5
89.4
90.0
89.8
89.7
99.8
111.7
105.1
101.0
95.5
97.7
96.5
97.5
95.5
91.5
89.3
87.6
89.4
90.3
90.4
89.6
90.5
89.3
89.9
91.1
89.7
89.4
88.5
88.4
88.0
89.0
88.7
88.9
89.0
88.8
88.5
87.8
89.5
89.1
88.1
88.2
89.0
87.9
87.0
87.2
86.2
85.0
85.8
86.5
85.9
87.4
86.6
86.2
86.4
86.5
86.6
86.5
88.0
87.7
87.3
86.5
87.3
87.9
87.9
87.7
87.9
88.0
88.2
86.8
87.5
87.4
87.6
87.3
87.7
86.7
88.3
87.6
88.6
88.1
88.6
87.9
88.2
88.1
88.4
87.6
87.8
87.2
87.7
89.8
91.6
89.3
89.5
88.9
88.8
89.7
89.2
89.0
89.0
89.0
88.7
94.3
108.9
117.6
104.5
99.0
97.9
101.2
98.8
96.9
96.2
98.3
100.4
101.6
102.3
102.9
100.7
99.7
95.6
95.4
95.8
93.0
92.6
92.2
93.0
94.1
95.5
94.0
94.9
94.2
92.9
93.9
94.2
87.6
95.9
112.4
96.1
96.1
93.6
96.4
95.6
93.5
93.4
93.5
94.2
94.1
94.0
95.9
95.1
96.1
94.9
96.2
97.3
95.7
95.5
97.2
98.4
100.4
97.9
97.4
97.1
95.5
95.2
96.6
95.0
96.5
96.1
95.4
94.6
94.1
95.2
95.2
94.3
93.2
93.2
95.4
96.0
97.2
96.2
95.7
97.1
95.1
96.1
95.7
95.0
96.0
96.5
96.1
96.0
95.8
96.4
96.0
96.2
96.8
97.3
96.5
95.7
96.1
96.0
95.4
94.8
95.2
95.5
95.4
96.7
95.2
95.4
95.3
95.4
96.7
95.3
94.7
95.0
95.0
94.6
94.8
95.3
93.4
95.2
93.4
92.8
92.9
91.4
91.5
91.4
91.2
90.4
89.6
89.5
89.1
88.0
88.0
87.7
87.0
85.8
86.4
85.4
85.6
84.7
85.0
84.0
84.7
84.6
83.4
83.7
83.2
84.1
83.3
83.0
82.8
82.0
81.9
81.2
81.4
81.1
80.3
80.8
80.8
80.4
80.4
80.1
80.3
82.1
80.4
80.6
80.8
80.3
80.0
80.4
80.4
81.0
79.6
79.6
80.8
81.1
81.2
82.0
81.6
81.3
81.2
81.5
81.2
81.9
82.0
83.0
82.6
82.7
81.4
83.2
82.5
81.0
81.5
83.9
81.0
81.5
80.7
82.5
82.4
82.2
81.9
82.8
81.8
82.9
82.6
82.6
81.7
82.4
82.8
82.1
83.7
87.1
87.0
86.8
85.5
83.2
82.2
86.9
92.7
98.2
97.3
95.1
94.3
93.4
92.6
92.0
92.3
92.4
91.8
91.0
92.1
91.2
91.2
91.6
92.6
93.3
93.7
94.7
95.0
95.1
94.4
93.9
93.6
93.2
93.2
93.3
93.2
93.0
93.6
93.1
93.4
93.6
93.5
93.2
94.4
93.6
92.6
92.6
93.2
93.5
92.8
92.8
93.2
93.6
93.3
92.9
100.0
106.0
96.7
95.6
93.7
93.1
90.8
89.2
88.1
86.9
87.0
86.5
86.5
86.5
86.3
86.3
85.9
85.6
85.5
85.3
85.6
85.2
85.8
86.0
86.6
86.2
87.4
86.5
86.9
86.7
87.1
86.8
86.7
87.0
87.1
87.3
86.2
86.5
86.1
86.6
86.5
86.0
86.6
87.5
87.2
86.7
86.9
87.2
86.3
87.2
86.0
86.5
88.1
87.6
88.3
88.3
87.9
87.0
86.8
86.3
85.5
85.3
85.1
84.5
85.4
85.6
86.6
86.5
86.5
86.9
85.8
87.2
87.0
87.1
86.1
86.8
86.4
86.4
85.7
86.0
86.0
85.5
84.2
85.6
85.8
85.0
84.6
85.9
86.5
86.3
86.9
73.4
87.6
87.8
86.7
85.0
85.2
85.3
84.2
84.1
84.1
83.2
83.5
84.6
83.9
84.1
83.8
84.1
85.3
85.4
86.1
86.5
88.0
88.4
87.5
87.1
86.9
88.1
89.1
89.9
93.5
87.8
82.4
85.1
86.3
86.3
87.0
86.7
86.9
86.8
86.0
86.2
85.9
87.0
88.8
83.8
67.9
35.0
59.5
87.9
91.0
90.9
88.0
87.4
86.8
86.1
86.2
86.5
86.5
85.8
86.7
87.3
86.8
86.4
87.5
87.6
86.9
87.0
87.1
85.9
86.1
86.8
87.3
87.6
87.5
87.4
88.0
88.2
87.7
88.2
87.6
87.0
86.0
85.6
85.3
84.9
85.2
84.2
83.6
84.0
84.6
85.3
86.2
86.8
87.7
89.2
88.9
88.3
88.7
89.0
88.7
88.4
90.4
93.9
93.1
96.0
93.4
91.7
90.5
90.4
90.1
88.3
87.3
87.1
86.1
84.8
84.5
85.0
84.2
84.2
84.5
84.0
85.3
85.7
86.5
85.9
86.3
86.2
86.1
86.7
86.9
86.6
87.6
86.7
85.1
85.3
86.7
89.6
91.8
90.7
93.6
95.5
95.8
97.2
97.9
96.3
96.3
97.5
96.4
97.2
94.7
95.0
97.2
95.9
96.2
95.1
93.7
95.1
94.3
94.7
97.0
97.0
95.5
96.0
93.9
92.5
90.5
90.2
91.4
92.7
91.6
92.2
92.0
90.7
89.9
88.9
87.2
87.6
87.9
88.3
89.4
88.3
88.8
89.8
90.3
90.4
91.1
90.7
90.3
90.4
90.1
89.6
89.1
89.0
88.5
82.5
76.3
81.1
84.1
84.9
85.6
85.9
86.0
85.9
85.0
85.1
84.3
85.4
88.1
87.4
86.8
85.8
86.9
86.5
85.7
85.0
85.9
85.8
87.6
87.4
89.6
95.9
96.4
87.9
88.7
92.4
95.1
95.8
95.6
101.6
104.4
103.4
101.3
94.9
90.0
88.0
88.1
86.1
83.7
108.5
113.9
103.3
99.0
103.1
97.6
97.6
97.2
95.3
93.8
95.2
93.8
93.3
93.0
92.3
92.0
91.7
92.3
91.9
92.4
93.3
93.7
94.0
93.7
93.6
103.7
97.8
96.4
95.8
94.6
93.8
94.1
95.0
94.9
94.4
94.6
94.3
93.9
92.8
92.6
91.7
90.2
92.6
92.9
92.3
91.5
91.1
91.8
92.2
92.1
90.2
89.2
89.7
89.1
89.1
88.0
86.3
85.8
85.1
86.3
85.2
84.1
83.7
83.4
84.2
82.2
82.0
81.3
82.5
82.0
81.1
80.8
80.8
80.5
80.1
81.3
81.0
80.8
81.5
81.9
81.4
81.4
81.8
82.4
81.9
81.9
81.8
82.6
81.9
82.3
82.1
82.2
81.8
82.8
82.6
83.0
83.3
83.5
83.0
82.4
82.6
82.6
83.4
83.3
84.4
83.9
92.6
93.5
96.2
97.8
97.1
95.1
94.7
91.8
92.0
91.1
89.9
93.0
90.8
92.3
93.6
95.7
95.3
97.8
97.6
96.6
95.0
95.0
95.4
95.5
94.5
95.1
94.8
94.7
95.2
98.3
99.0
97.0
97.0
96.5
95.7
96.2
97.9
98.1
97.6
98.3
97.5
98.2
97.2
98.4
98.7
97.7
97.0
91.8
89.5
87.3
85.6
84.5
98.2
103.1
102.0
99.4
105.7
106.9
100.5
100.4
96.8
96.3
96.2
126.9
91.6
91.1
91.1
92.2
91.6
93.5
94.8
95.5
94.9
95.0
94.7
94.2
94.0
92.6
93.2
94.0
93.4
93.2
94.0
94.9
95.2
96.2
102.9
97.2
95.9
94.2
93.2
93.0
93.2
92.9
93.7
94.0
94.5
94.5
94.4
95.1
95.6
96.1
96.0
96.4
96.4
96.6
96.1
96.5
95.2
94.9
93.1
93.1
91.5
90.2
89.4
88.6
87.9
87.7
87.7
86.5
86.1
86.3
86.7
90.2
90.6
92.9
91.9
92.5
91.0
90.1
90.2
89.4
89.4
90.4
89.2
90.2
90.2
90.4
90.1
89.9
89.3
89.3
90.0
92.2
93.7
92.8
93.4
94.8
95.9
94.7
95.6
96.1
95.3
96.3
99.5
100.0
99.2
101.7
100.7
99.3
98.4
98.8
97.5
98.2
99.2
100.7
115.1
103.5
101.0
99.5
99.9
98.9
97.8
98.1
97.6
98.0
99.8
100.9
103.3
103.4
104.5
110.4
109.2
105.5
105.1
104.1
103.1
103.3
102.4
102.4
102.0
102.4
102.5
103.7
103.3
104.1
105.1
105.6
105.4
105.7
105.9
106.5
106.3
106.6
107.3
107.3
108.4
106.6
108.0
107.2
107.2
108.3
109.6
109.3
109.1
108.2
108.1
126.2
115.2
106.8
105.4
105.1
105.0
105.3
105.5
105.7
104.8
105.3
105.4
106.3
106.9
106.3
107.0
106.2
106.0
106.0
105.3
105.5
106.3
105.7
105.7
105.0
105.0
103.7
104.2
104.5
105.7
109.0
107.6
107.0
110.6
112.8
110.6
108.1
104.3
102.6
102.9
104.2
105.3
105.4
104.6
107.7
106.3
111.3
109.2
108.6
108.4
108.8
108.7
108.0
109.0
108.7
108.0
107.1
107.6
108.1
109.7
108.4
107.4
107.4
107.5
108.7
108.7
108.6
109.0
108.3
108.7
111.0
108.2
111.2
109.6
110.1
110.8
109.5
110.6
123.6
113.9
105.2
110.4
110.2
107.4
106.7
107.0
108.8
108.3
109.5
110.5
109.3
110.0
109.2
105.1
106.8
105.3
107.9
111.4
109.2
108.2
106.6
108.0
106.3
109.2
111.2
111.6
109.7
109.4
105.6
105.6
105.0
104.6
104.4
103.1
105.6
105.2
104.5
105.5
108.8
105.7
106.4
105.7
108.3
109.4
106.8
106.8
106.6
105.3
104.0
104.7
101.5
103.1
102.0
102.1
102.1
99.6
94.7
93.6
96.7
97.6
95.5
94.2
92.0
93.7
94.2
92.9
94.4
94.1
97.1
96.3
95.1
96.6
95.8
95.7
95.6
94.6
96.7
97.9
96.2
96.6
97.5
100.5
97.4
98.4
98.2
99.6
101.5
103.4
110.8
113.2
111.5
118.6
109.4
112.4
110.2
107.7
106.8
104.3
105.5
103.0
97.1
99.9
98.8
98.6
98.7
98.1
98.3
97.8
98.9
97.2
94.1
110.9
108.3
108.3
105.8
104.8
106.4
107.9
106.4
104.0
92.6
88.7
87.1
104.3
101.6
102.0
100.4
104.6
107.6
106.2
105.1
102.2
106.6
105.1
104.2
103.1
102.0
102.1
102.5
102.1
101.9
102.7
101.0
99.8
100.6
100.3
103.2
104.1
101.5
101.6
100.3
101.6
99.4
99.9
98.3
98.5
99.4
98.9
98.6
97.1
95.8
95.8
98.6
99.2
97.3
96.8
100.2
99.5
97.8
95.4
95.1
96.6
95.0
95.8
96.0
95.4
95.1
97.4
94.7
94.3
94.0
94.0
95.5
94.9
94.3
95.5
96.1
94.5
93.5
92.7
92.0
92.8
93.2
91.8
118.3
97.0
97.2
98.2
99.6
103.7
102.4
100.2
103.3
104.3
103.2
103.6
102.0
102.0
100.2
103.8
101.4
102.5
104.5
103.8
104.2
105.8
103.7
108.3
105.8
105.7
106.7
105.3
104.7
104.3
102.8
103.7
103.3
103.7
103.0
105.8
106.0
105.4
108.2
106.4
107.3
106.9
109.9
108.1
108.2
109.3
109.2
108.7
109.4
107.9
112.2
109.3
107.3
106.2
102.8
103.2
102.6
103.5
99.3
97.7
95.7
94.7
91.1
91.0
90.3
93.7
93.4
96.3
95.2
93.1
91.2
90.7
90.7
90.7
91.1
90.9
90.6
89.8
92.0
90.6
91.1
89.4
93.0
91.9
92.5
91.5
92.3
92.9
92.5
93.4
91.8
90.6
93.1
96.1
94.7
93.5
92.3
91.1
89.6
89.1
88.5
90.4
89.8
89.6
88.7
91.4
89.5
89.0
156.5
193.5
141.7
89.4
89.1
90.6
89.9
91.0
92.0
95.1
97.4
94.8
95.2
95.2
95.4
95.1
93.8
92.7
94.7
95.2
94.4
94.6
97.2
100.3
100.0
99.3
99.7
99.0
96.9
96.0
97.6
98.1
97.7
96.9
96.5
99.5
102.2
101.1
98.6
100.4
98.9
97.1
96.3
96.3
98.3
97.2
96.8
96.5
96.6
96.0
96.3
96.4
98.1
99.1
98.5
97.8
101.3
107.4
104.0
103.1
101.3
99.9
100.3
101.1
104.3
103.5
107.5
105.2
114.5
116.7
115.9
120.4
117.3
120.6
120.0
115.3
114.5
111.9
110.2
107.5
107.1
105.9
106.7
104.9
105.2
102.0
103.2
102.0
103.0
103.9
103.7
104.4
103.5
102.5
103.3
102.2
100.8
101.8
102.6
102.8
103.3
103.9
101.4
102.7
111.9
107.9
107.5
107.7
106.3
108.7
106.3
105.2
104.9
104.0
103.0
102.0
103.0
103.2
102.5
105.1
182.2
157.0
101.5
100.2
99.8
102.8
104.5
104.1
105.6
102.6
104.1
103.2
102.5
103.7
103.0
102.8
102.3
102.4
102.5
102.1
102.9
104.8
106.2
112.0
109.5
109.1
108.8
106.7
107.7
107.1
105.6
108.5
104.6
104.9
104.8
103.8
107.1
110.1
111.2
119.3
119.0
118.2
116.5
115.4
117.8
115.5
113.7
115.0
114.5
114.8
112.3
113.7
114.7
114.3
114.1
114.0
112.5
98.7
99.2
100.8
108.5
119.4
114.4
115.2
120.0
116.7
120.8
115.1
120.3
116.3
114.0
111.2
118.1
114.6
114.6
112.0
118.0
118.1
124.4
124.5
122.9
119.2
117.6
113.9
112.5
113.8
113.7
112.7
113.5
113.9
112.1
111.1
110.6
107.1
107.0
106.1
105.3
105.4
104.9
105.6
106.1
102.7
103.1
105.1
104.8
105.3
109.7
112.3
109.8
111.2
110.2
108.4
107.4
105.8
108.2
107.8
106.7
103.6
108.4
110.2
108.9
111.2
111.7
114.4
127.0
124.9
121.2
119.6
117.6
116.7
111.7
111.0
109.7
108.5
108.2
106.3
105.3
105.0
106.2
103.7
104.3
104.5
103.5
104.9
104.8
107.3
105.1
105.1
104.1
105.4
105.9
106.0
105.6
105.7
106.4
106.0
106.1
108.5
109.7
107.1
105.7
106.9
105.9
106.6
104.1
100.9
92.6
90.7
84.1
95.2
107.6
108.1
108.8
109.7
108.6
106.7
106.6
105.6
105.2
106.8
106.3
107.0
106.7
106.6
110.2
110.6
110.1
110.0
107.2
109.0
108.5
107.7
108.5
107.7
112.1
111.4
109.4
111.3
110.9
112.5
113.3
111.6
112.9
109.2
108.6
106.5
103.5
107.2
108.3
106.5
107.1
105.2
103.30000000000001
106.9
105.4
105.0
104.6
105.2
104.7
107.3
106.9
108.8
110.7
109.5
108.7
106.2
104.9
99.7
104.5
103.6
103.0
105.3
104.4
105.2
105.9
104.2
107.0
107.7
108.9
108.5
111.1
109.1
107.5
106.0
105.0
109.7
113.7
114.2
111.1
100.3
108.1
103.6
103.8
108.8
112.4
110.4
107.0
107.8
107.3
111.2
110.9
116.6
120.0
118.0
116.5
116.3
115.5
116.8
117.3
117.3
115.5
116.4
118.2
119.1
129.3
141.8
117.6
118.9
117.9
105.8
100.8
126.2
121.3
116.4
117.3
117.8
115.4
113.3
111.7
108.5
107.9
106.9
100.0
102.2
103.9
106.8
101.1
99.3
100.1
98.4
94.7
93.1
95.6
95.1
93.6
91.6
91.5
91.6
91.6
88.4
91.0
93.2
94.4
99.1
94.7
97.3
94.0
92.6
98.3
103.6
111.0
110.4
113.7
109.5
103.0
97.7
88.2
85.4
88.9
90.0
88.9
87.9
85.4
87.2
92.0
93.7
96.6
94.3
96.8
98.2
98.7
101.5
97.6
96.2
97.7
95.9
93.9
95.9
94.8
95.2
94.5
94.9
95.4
94.7
97.6
101.3
102.0
102.5
99.2
99.5
99.6
99.6
99.3
96.6
100.6
103.1
103.0
99.3
97.1
97.8
95.8
96.0
96.8
100.4
98.0
97.7
95.7
98.2
95.0
97.2
95.6
95.9
95.0
93.9
93.2
96.1
93.5
93.2
94.3
92.9
94.7
94.9
94.7
97.1
93.7
93.3
92.7
89.7
90.4
95.2
91.2
92.5
95.5
94.9
93.7
95.6
94.0
85.1
92.6
94.0
94.5
95.5
94.7
94.4
95.8
97.2
93.8
93.2
95.2
96.2
95.3
92.7
94.2
94.3
94.2
94.1
94.2
92.5
91.9
95.3
94.9
96.6
97.6
95.6
97.3
93.8
93.0
94.4
95.6
94.6
95.9
97.0
96.5
93.4
93.7
93.0
92.9
93.4
94.2
93.7
92.5
94.2
92.0
93.7
93.1
92.1
92.3
93.1
92.2
96.5
96.1
97.8
97.7
98.9
100.8
107.6
104.8
100.6
97.8
98.3
99.3
95.8
96.4
94.4
93.9
93.8
92.2
93.2
92.7
94.1
93.8
92.2
93.3
93.9
99.2
104.5
101.1
100.4
100.5
98.5
191.2
137.2
103.4
96.4
96.4
96.9
96.1
96.5
95.8
95.6
95.0
97.3
95.9
95.7
97.6
96.3
96.5
96.3
96.7
97.4
98.7
96.3
94.3
95.3
95.4
96.7
101.2
103.1
97.6
96.3
97.5
98.7
98.2
101.3
100.7
98.4
97.9
100.2
97.4
96.6
99.4
100.6
100.0
100.6
99.2
100.8
98.3
97.6
95.7
95.5
94.0
92.6
94.0
95.6
86.8
98.0
98.8
67.9
96.9
93.5
96.1
96.1
97.2
100.7
105.6
105.0
107.8
107.2
107.3
108.0
107.4
105.9
106.4
102.2
101.0
101.8
104.1
103.8
106.4
101.6
103.7
104.0
99.4
95.8
90.2
87.9
99.8
100.1
100.8
95.5
88.2
95.2
98.9
94.7
94.4
95.3
98.2
96.8
100.4
99.1
98.5
93.5
89.8
91.1
88.7
89.9
93.0
93.5
96.2
98.6
97.3
101.5
102.4
99.4
95.5
93.2
89.6
90.0
87.0
86.7
85.7
86.7
88.2
88.5
88.7
88.2
86.6
88.5
89.9
88.7
88.1
84.1
84.5
85.6
88.6
87.9
90.7
92.9
92.3
89.5
90.8
90.0
86.1
88.3
86.7
89.5
91.4
88.1
98.1
95.5
96.6
95.3
91.4
88.3
89.0
87.4
87.6
86.7
86.5
83.8
84.0
84.0
89.2
86.9
87.8
88.5
87.5
86.5
85.9
87.2
85.1
85.8
83.6
83.7
85.0
86.9
88.7
89.6
91.7
90.1
87.2
94.1
96.2
93.5
90.6
86.8
87.4
87.2
87.1
85.0
85.6
86.9
86.0
84.2
84.6
86.4
86.3
86.7
84.8
85.8
84.4
86.8
92.1
88.0
84.4
83.3
84.6
86.2
85.6
88.0
87.4
83.5
85.0
82.7
78.3
84.9
84.5
85.6
85.2
83.0
84.7
83.3
89.4
84.7
78.9
78.5
77.1
76.9
84.6
87.7
82.5
85.6
88.8
88.6
86.5
86.5
89.0
89.3
97.7
101.7
96.4
95.6
92.3
92.0
86.2
88.7
89.6
89.2
87.4
88.3
87.5
88.4
93.0
88.3
87.7
87.6
87.8
84.8
87.7
87.6
89.7
91.6
89.3
87.2
88.1
87.3
87.3
87.2
87.0
87.2
87.8
85.1
84.4
85.0
84.7
84.6
86.2
84.0
86.6
84.4
82.8
86.0
83.9
82.7
79.7
81.8
81.0
84.0
83.8
83.9
84.0
80.2
79.6
79.6
79.4
80.0
81.2
77.6
75.9
76.9
76.8
78.2
80.0
79.5
79.1
79.2
78.4
79.3
78.7
78.6
80.3
78.5
79.1
75.4
77.3
78.9
79.4
79.1
80.3
78.4
78.9
79.7
79.0
80.6
79.8
76.7
77.4
82.1
81.3
80.4
77.7
82.0
81.5
78.8
79.3
75.1
76.5
78.9
75.8
75.6
76.4
73.8
74.6
75.2
75.1
75.9
74.3
74.5
75.3
77.3
72.5
75.3
77.8
79.4
75.3
72.8
76.4
77.0
76.9
77.2
74.7
75.7
74.1
75.9
75.6
75.0
75.1
71.9
72.9
71.9
71.5
74.2
73.3
71.5
81.0
78.2
76.2
79.0
73.0
81.4
79.2
74.3
73.8
73.0
62.5
61.9
62.8
66.3
64.1
62.7
61.6
60.9
63.3
65.2
73.9
80.7
67.7
74.0
73.1
70.8
73.7
146.2
95.6
70.8
70.1
72.7
71.6
69.3
69.4
71.1
73.8
72.6
70.2
67.6
69.9
73.6
73.1
69.3
68.7
69.9
70.0
69.1
68.3
71.1
70.4
69.4
69.9
70.4
72.5
77.0
72.5
73.0
72.8
71.6
71.2
71.6
69.6
69.6
71.4
70.4
70.3
70.2
71.0
72.4
73.7
75.2
73.8
73.4
73.8
73.8
72.9
73.2
80.6
78.3
77.2
74.9
71.5
76.2
78.5
77.6
74.4
75.4
75.1
75.0
76.7
76.7
76.0
77.9
77.4
81.7
86.8
81.2
78.7
77.6
77.7
80.2
78.0
77.0
78.6
78.3
78.9
79.0
78.1
77.2
75.1
81.8
85.3
85.9
82.4
77.9
77.2
78.7
76.4
78.2
78.7
75.2
77.7
76.8
77.8
79.9
78.8
78.5
79.6
75.5
78.4
79.1
76.5
77.8
79.2
78.4
77.2
77.9
77.5
77.6
76.1
77.3
76.6
77.5
77.3
77.9
77.5
78.0
76.3
78.5
77.7
79.6
76.4
78.5
78.4
78.0
77.3
75.6
77.0
76.0
79.5
81.4
79.7
77.6
77.5
74.4
75.5
72.4
74.7
75.1
76.8
74.0
74.5
74.1
74.3
75.2
74.3
74.0
78.6
78.3
77.5
78.2
75.9
76.6
80.9
82.8
77.7
76.6
78.0
78.2
79.4
77.8
77.7
77.8
77.2
76.3
74.7
76.5
76.6
77.0
76.2
77.2
80.0
85.0
84.7
85.1
87.1
90.9
87.1
84.8
84.5
81.7
78.5
78.7
76.5
73.7
73.3
70.7
71.5
72.0
72.2
70.9
71.8
68.1
118.9
71.0
72.8
71.9
68.5
67.5
69.6
68.8
69.4
68.1
68.7
68.6
68.5
70.5
71.1
69.1
68.0
66.7
65.7
76.7
77.8
73.5
77.1
80.7
78.4
79.9
73.4
72.6
66.8
66.4
65.6
65.6
64.8
66.4
68.2
67.4
69.0
69.2
69.8
70.2
68.6
67.7
66.9
71.0
68.7
66.5
65.2
65.3
65.2
64.7
62.0
62.1
63.8
66.2
63.4
64.5
61.8
63.1
66.7
62.7
63.1
69.2
76.8
76.3
74.9
76.6
76.4
71.8
72.5
69.3
69.7
67.2
66.7
67.4
66.9
64.4
66.7
67.5
67.8
66.3
64.7
64.3
64.9
64.3
65.7
66.6
67.1
68.2
68.4
68.2
70.1
69.5
66.7
65.5
66.8
68.8
68.3
67.9
65.9
69.4
70.1
69.6
69.9
68.6
69.1
67.2
67.4
68.2
68.2
67.6
67.2
66.3
66.6
67.4
66.8
65.8
65.1
68.6
68.5
66.6
66.6
66.3
67.7
65.3
66.3
67.6
69.7
70.2
71.3
68.7
67.2
69.2
77.9
77.1
76.7
71.7
70.5
69.3
68.9
71.6
73.3
70.1
71.7
70.8
71.8
70.8
69.6
72.5
70.4
72.5
74.6
72.9
72.7
74.9
78.8
77.1
77.1
78.3
76.1
75.2
76.1
76.6
75.4
73.5
72.4
75.7
74.9
77.1
77.2
74.5
73.1
69.4
67.2
72.4
75.1
76.2
77.8
74.5
74.2
76.3
75.9
72.0
74.8
75.6
73.9
72.4
75.6
73.8
74.1
71.9
70.7
71.0
67.3
67.2
65.1
64.6
63.7
68.3
64.5
64.1
63.3
62.3
60.9
60.9
60.9
60.0
58.5
57.1
57.5
56.0
58.2
58.2
55.8
54.4
54.2
54.5
53.9
54.2
55.6
54.2
53.7
53.0
54.1
65.5
66.5
61.2
56.1
54.3
53.7
53.1
53.7
53.1
53.0
52.8
84.1
55.4
53.5
52.3
52.8
58.1
144.5
103.5
60.1
55.8
53.2
51.7
51.9
51.9
51.9
52.6
51.4
52.4
52.5
53.1
53.6
53.1
52.9
53.2
53.3
53.7
53.1
53.4
52.9
52.9
52.2
52.2
62.9
55.0
52.5
52.0
52.6
52.2
52.2
53.2
53.5
54.4
53.8
53.2
65.9
65.0
61.9
58.4
56.1
55.0
54.7
55.6
55.9
56.6
56.8
57.1
56.4
56.8
56.3
57.0
58.5
58.3
58.3
59.0
59.1
60.0
60.0
60.4
60.1
60.5
61.4
60.3
61.2
61.5
61.7
60.8
61.4
60.6
60.8
60.1
60.7
65.6
61.1
60.2
58.8
59.2
59.8
60.1
60.2
60.3
60.3
60.7
60.5
60.6
73.1
76.0
72.4
69.1
76.0
73.4
70.4
70.0
76.1
86.6
87.7
91.3
86.5
84.6
80.5
80.6
80.9
79.3
77.4
78.2
77.7
75.4
75.9
74.0
76.6
74.3
72.5
76.4
76.0
76.8
77.0
73.3
74.8
73.9
72.4
77.7
78.8
82.3
84.5
80.6
79.3
80.5
80.7
82.3
80.6
81.1
88.5
84.9
85.0
86.1
83.2
67.1
81.5
78.3
81.0
85.4
83.7
83.9
81.5
81.4
83.4
80.6
86.0
82.1
81.0
80.3
81.4
82.4
84.9
87.7
91.5
89.1
85.7
87.6
90.0
89.3
85.6
85.8
82.8
80.9
83.2
86.5
86.5
83.4
83.6
83.2
81.0
81.9
84.7
87.3
91.2
89.9
87.6
88.6
86.9
90.3
89.5
90.3
91.2
88.4
89.2
91.3
90.8
87.7
87.4
87.1
87.6
86.2
85.9
84.4
83.7
83.1
86.0
85.4
81.7
80.9
84.9
85.3
86.8
83.6
82.4
81.1
80.9
81.2
82.9
87.6
80.7
81.4
79.9
81.4
83.0
81.0
83.9
82.8
83.1
80.7
81.3
84.7
86.8
85.3
86.2
86.9
84.6
87.0
89.0
87.7
90.9
98.5
96.2
91.0
85.5
84.0
87.7
82.9
81.2
80.1
80.5
79.1
78.2
77.4
79.5
78.5
83.6
83.4
80.0
86.1
80.7
78.3
78.3
75.5
73.1
70.6
69.2
68.0
66.8
66.5
67.0
67.8
67.9
67.5
65.6
65.4
66.0
66.2
66.8
65.6
65.8
66.7
65.9
65.2
66.1
66.3
66.3
66.2
66.4
66.3
65.8
66.9
67.0
66.5
65.9
65.3
65.8
66.5
67.2
66.6
65.5
66.8
66.3
67.1
66.7
66.2
66.6
66.3
66.0
66.5
66.7
66.0
66.6
66.5
67.2
66.8
67.9
67.9
66.7
67.9
67.6
67.8
67.9
67.5
75.5
74.0
71.5
71.8
69.3
68.4
67.8
67.7
67.2
67.7
68.5
67.9
68.1
69.3
68.9
69.2
68.6
70.0
86.0
81.5
74.8
85.6
86.4
85.0
86.0
80.0
79.7
79.2
78.6
79.6
78.0
77.8
76.8
76.1
76.7
77.1
81.8
79.2
85.3
82.3
79.8
79.5
78.5
79.7
79.8
78.4
79.4
71.8
78.6
91.5
89.0
79.8
77.5
76.1
77.6
75.2
74.3
74.5
75.7
74.4
72.6
73.4
74.8
74.3
77.4
78.2
85.9
79.6
77.4
79.4
78.6
76.9
75.4
74.3
80.8
77.7
83.2
86.6
80.7
79.3
78.0
76.9
78.3
82.0
77.9
76.2
75.0
69.0
81.2
84.4
83.9
76.9
81.6
83.8
85.7
87.8
97.1
93.6
94.8
85.8
83.7
85.2
83.1
82.8
82.8
81.4
79.5
80.2
79.0
79.7
77.2
77.4
85.3
82.0
77.9
83.0
86.2
85.2
83.9
84.2
86.2
84.0
83.2
83.9
80.8
82.7
87.0
81.0
77.1
70.2
66.9
64.6
63.2
63.1
62.2
63.3
69.9
70.4
65.8
64.2
64.0
64.8
64.7
65.4
65.3
65.6
66.7
66.4
67.0
66.9
65.5
66.0
66.1
66.2
66.1
66.6
66.6
66.8
66.6
66.9
67.0
66.7
65.7
67.9
66.2
66.4
67.1
65.8
65.5
67.5
67.5
65.6
67.3
67.1
67.4
67.3
65.4
65.7
65.3
66.3
66.9
66.6
66.2
66.7
66.8
66.1
66.5
66.9
66.7
66.6
67.3
65.5
66.3
66.2
65.2
65.6
65.3
65.3
65.0
64.8
65.4
64.8
64.2
64.5
65.8
65.3
64.4
64.2
64.3
64.7
71.1
82.6
79.9
81.9
78.6
81.4
76.6
77.2
77.0
86.4
83.7
76.3
75.9
70.6
67.3
64.4
67.9
68.2
64.6
66.7
71.7
66.8
64.2
63.8
65.6
65.6
65.8
66.4
67.4
67.3
66.6
67.0
66.3
67.4
66.8
66.9
66.1
66.8
66.5
66.1
67.0
66.9
66.2
68.0
67.8
66.5
67.5
67.6
68.1
68.2
68.6
69.6
68.4
69.7
68.7
68.3
67.4
68.3
71.8
69.4
67.3
68.0
68.1
67.7
66.7
67.7
66.5
68.1
68.1
69.2
68.8
68.3
70.5
76.3
82.6
76.7
70.1
68.2
68.0
68.5
68.6
70.0
73.6
89.7
89.6
88.0
86.3
85.8
96.7
93.2
85.8
88.1
96.3
94.5
90.5
83.7
81.1
80.1
76.8
75.5
73.1
73.4
75.8
85.0
81.0
78.8
75.7
76.3
74.2
74.0
78.2
74.8
74.6
82.5
82.8
81.0
77.3
74.0
71.7
70.4
71.1
71.1
71.4
72.2
78.4
75.0
72.9
72.1
72.6
72.5
73.6
74.5
74.8
74.5
75.2
74.5
75.0
74.9
75.8
74.9
74.0
74.5
76.2
75.0
75.9
75.8
76.0
76.4
75.3
74.8
73.3
74.3
75.3
75.9
75.3
74.9
75.3
75.0
74.3
75.8
76.1
74.9
76.4
75.8
75.4
73.3
78.0
73.3
69.5
78.7
104.0
96.1
90.8
89.9
82.5
87.6
98.4
89.3
83.1
78.9
76.0
74.1
74.0
74.2
75.1
74.7
75.6
75.7
74.4
75.5
74.6
74.5
74.1
76.1
74.8
73.8
72.8
74.5
72.3
72.9
72.2
73.0
122.7
125.0
74.9
73.0
72.4
73.4
73.8
72.7
74.2
73.6
75.2
74.9
75.9
73.9
72.8
72.7
70.7
84.9
76.0
88.2
79.7
74.9
78.2
76.6
78.9
82.2
77.6
74.4
70.6
71.7
77.7
98.0
90.2
85.5
85.5
80.5
74.9
73.5
71.9
73.2
72.9
73.6
74.7
74.5
74.8
75.8
74.7
74.6
75.1
74.5
73.4
74.3
73.3
73.7
72.2
73.1
71.8
72.2
72.6
71.4
71.6
71.3
71.8
70.9
71.1
70.9
71.2
71.2
71.6
71.9
71.6
71.5
71.9
71.6
72.7
73.3
74.4
74.0
77.2
80.2
80.8
83.0
81.4
86.1
88.6
97.7
100.9
96.4
93.9
92.1
95.3
99.8
104.8
98.6
98.0
89.9
86.7
84.3
85.3
80.7
77.1
75.4
73.1
72.1
72.8
72.5
73.8
75.5
77.1
82.3
85.6
89.4
89.4
86.6
84.4
84.0
84.6
87.1
85.6
88.0
86.9
85.9
86.8
90.2
96.9
94.1
90.3
88.4
86.0
82.9
80.6
78.9
77.2
76.0
76.8
76.4
77.3
77.5
78.4
78.0
78.4
78.3
78.0
78.9
78.9
79.1
77.7
78.8
78.7
78.9
80.0
78.4
79.1
77.7
82.9
91.6
92.5
93.3
93.5
103.1
101.1
98.7
96.7
96.1
95.8
94.0
92.6
92.8
92.5
91.5
88.7
86.7
84.8
87.7
88.1
89.2
89.0
88.8
89.9
89.6
88.8
91.2
90.4
98.8
88.4
87.4
84.7
83.4
83.2
85.0
83.0
81.6
80.9
78.3
80.1
78.7
77.4
75.1
75.7
77.8
78.1
80.2
77.8
74.1
73.0
75.5
74.8
71.2
71.3
71.3
71.1
72.8
74.8
80.1
78.3
75.9
75.1
73.9
73.6
74.0
76.4
73.9
79.9
75.9
74.7
75.8
73.6
69.2
69.7
67.0
68.9
70.4
71.2
85.8
90.7
87.3
84.2
82.3
85.2
81.3
80.1
84.7
78.9
82.6
82.7
81.2
78.8
78.4
77.7
80.0
78.4
79.4
82.8
80.3
80.0
86.6
80.5
84.2
87.4
87.2
88.8
90.4
88.7
88.8
89.1
90.0
87.5
88.0
87.6
95.5
92.7
86.6
84.5
81.7
73.8
75.2
77.0
89.0
92.7
94.5
92.6
88.2
91.1
88.1
86.0
85.2
85.1
86.0
87.5
86.4
85.6
95.0
86.9
81.0
75.4
72.7
70.4
70.0
68.8
68.0
70.7
77.1
81.2
83.8
83.2
82.7
83.5
81.1
80.5
81.7
84.6
86.5
85.9
84.3
83.5
81.1
81.7
80.8
82.9
79.4
79.9
79.9
79.9
81.0
80.0
79.0
77.0
77.1
76.7
76.4
76.2
77.9
79.5
78.6
76.7
77.2
77.2
75.6
73.2
72.2
72.1
70.7
74.1
75.6
75.5
78.9
77.4
78.4
80.0
79.6
75.8
73.9
71.9
73.2
72.6
73.2
72.9
73.0
73.6
73.2
77.5
77.7
79.5
80.5
80.6
80.5
79.3
80.4
78.7
95.7
101.7
88.9
81.3
81.5
81.6
82.5
86.1
86.4
88.2
92.4
90.0
92.1
87.2
85.9
84.2
85.7
86.4
83.9
85.1
83.0
81.1
76.4
74.9
76.8
78.0
76.7
78.5
79.4
81.1
83.6
91.4
81.5
80.4
78.5
80.0
81.5
84.0
82.1
84.9
82.1
86.3
85.5
85.4
83.4
83.3
84.8
84.3
82.1
81.9
80.8
80.5
81.0
80.5
80.3
81.6
85.6
85.3
83.8
83.2
83.6
83.2
81.0
80.1
83.8
81.7
82.9
85.3
86.6
89.3
86.4
89.6
86.6
85.4
87.6
88.8
85.8
83.7
79.4
77.8
79.5
77.7
76.9
78.5
76.2
76.9
76.9
77.2
76.3
74.7
75.5
73.7
74.0
75.0
78.4
77.3
76.3
77.0
78.0
77.3
78.1
77.6
78.5
78.1
77.1
79.3
83.8
78.4
77.2
76.6
76.6
73.5
73.7
73.5
73.1
74.6
75.2
74.0
72.7
71.6
73.4
74.4
76.6
74.9
79.6
76.6
78.2
78.0
84.0
79.2
74.5
74.6
74.7
72.9
73.1
75.7
77.1
78.5
80.5
78.5
79.3
83.2
84.2
81.4
78.1
74.2
73.3
76.4
74.7
76.4
74.0
78.0
76.8
78.7
80.3
81.2
79.8
81.3
83.0
84.0
82.3
82.8
80.3
78.8
80.1
81.2
74.9
75.5
74.9
78.5
76.9
78.4
84.0
86.2
87.7
86.2
84.7
83.5
84.8
84.2
83.1
80.7
80.0
78.1
75.6
76.4
79.0
75.4
69.2
66.7
66.5
68.2
66.4
72.4
69.6
73.7
72.8
73.3
73.8
74.3
73.1
76.9
80.70000000000002
