300.4
300.0
107.3
64.8
61.7
66.3
73.5
75.3
75.9
77.8
79.0
79.2
78.2
88.7
79.8
81.3
81.3
79.3
79.4
78.9
81.2
77.8
80.7
66.2
74.0
75.8
67.7
60.1
68.8
74.4
79.7
83.4
84.3
85.0
86.5
90.1
88.6
87.1
85.6
82.1
83.9
80.4
73.5
74.1
70.0
63.7
58.7
57.8
57.6
60.0
63.6
62.6
60.5
61.1
60.0
58.3
57.3
56.3
58.1
57.5
56.9
56.9
54.5
58.8
59.3
61.3
62.4
65.1
68.2
69.0
65.1
67.9
70.4
75.7
81.6
86.8
83.3
85.2
96.5
96.8
107.4
113.6
90.0
94.8
95.1
93.7
93.1
91.1
89.9
89.0
89.9
89.9
87.2
91.2
100.3
173.4
285.9
291.2
212.5
162.8
140.4
101.2
80.2
84.1
91.2
97.5
101.0
102.2
106.4
87.0
69.0
69.6
68.9
68.9
70.7
76.2
75.8
74.4
72.6
74.9
76.4
76.3
75.7
75.2
76.4
77.2
62.9
60.7
60.1
59.4
70.2
74.2
74.4
86.7
74.6
71.0
65.8
61.5
56.1
57.6
61.7
59.8
57.4
55.4
54.3
53.8
53.7
53.9
54.1
55.6
78.2
81.7
56.5
57.1
58.8
58.9
59.7
60.2
59.8
60.2
61.0
59.8
61.5
66.7
66.7
63.9
62.3
62.0
58.8
58.9
61.0
32.1
44.9
66.9
65.0
65.0
66.2
65.3
64.6
65.6
62.7
63.2
63.4
64.9
66.6
68.29999999999998
68.33333333333333
69.2
70.1
69.1
68.1
69.2
69.2
69.0
70.2
69.1
70.0
69.0
69.0
69.2
70.4
70.5
70.1
69.2
69.5
72.3
74.2
75.1
74.8
77.0
78.4
83.6
76.0
78.7
73.7
71.4
72.0
69.9
73.1
71.8
72.8
72.5
73.9
72.3
71.3
70.5
70.6
69.1
68.5
67.4
69.9
71.0
70.4
68.9
68.8
68.5
69.5
74.2
73.9
74.6
77.1
81.5
82.2
89.6
91.7
90.0
91.0
90.6
91.3
88.5
87.1
80.6
84.3
83.4
82.6
81.5
78.2
78.9
78.5
75.4
108.5
99.8
73.5
73.5
73.1
71.9
71.7
74.4
79.6
77.8
74.1
75.2
78.1
76.6
77.6
78.3
79.2
79.6
81.3
84.7
81.3
81.7
80.3
82.4
84.6
84.9
84.6
88.9
89.6
87.2
85.9
84.2
80.7
84.8
84.6
82.2
80.1
78.4
77.1
74.9
75.3
74.2
75.1
73.8
74.2
73.9
73.2
74.9
79.6
80.5
75.8
76.7
76.5
75.6
78.4
75.2
73.2
73.4
71.2
75.8
84.2
85.2
85.3
85.8
84.1
85.0
86.8
83.9
82.2
81.3
79.0
76.6
72.5
72.1
70.7
69.3
68.3
68.8
68.1
67.9
67.7
70.4
72.3
73.8
75.4
77.5
76.9
75.4
75.4
73.3
71.7
72.4
73.9
72.9
76.1
82.9
84.4
88.9
93.8
95.7
93.8
91.8
86.3
84.9
77.2
69.6
65.3
59.8
59.1
59.7
57.1
55.6
55.0
55.3
55.1
55.6
55.6
55.1
56.4
56.5
57.6
66.3
71.9
68.4
70.6
73.4
70.6
68.3
66.9
65.0
63.4
63.3
64.9
65.8
65.8
65.3
65.8
65.8
65.1
71.8
70.7
69.3
71.9
81.2
80.8
78.7
74.0
77.4
103.1
84.9
65.8
69.9
75.8
75.7
77.5
75.4
70.4
69.3
75.8
79.2
80.9
74.4
68.7
66.0
64.2
63.2
64.2
64.4
64.5
64.7
65.5
63.3
64.6
64.0
65.3
64.9
65.6
65.4
65.4
65.8
73.6
122.8
62.7
64.5
64.2
65.9
65.6
65.6
67.2
72.2
78.7
88.7
86.6
90.4
96.2
94.6
89.8
83.8
78.5
76.7
76.4
74.6
73.2
71.6
69.8
69.0
66.1
66.1
68.4
70.2
76.5
72.7
69.2
69.7
69.5
71.4
73.7
72.5
70.8
70.5
75.2
77.3
78.6
77.1
75.5
75.6
75.2
72.9
73.7
79.3
81.8
82.2
81.6
79.0
76.1
77.5
84.1
85.5
86.0
84.7
82.6
86.3
85.4
80.5
77.9
79.6
81.3
83.2
74.8
76.9
78.9
78.9
76.0
77.4
79.2
76.5
77.2
72.0
75.0
81.1
89.1
93.4
94.1
91.8
90.2
88.8
83.7
79.5
77.8
75.2
75.0
73.1
73.5
74.5
78.0
74.5
75.3
75.0
71.7
72.2
70.3
71.6
72.4
71.5
73.1
75.3
78.7
79.7
77.0
74.6
75.2
78.6
71.6
79.0
85.1
85.5
82.6
80.6
76.2
74.7
73.4
69.3
68.9
66.9
66.1
66.4
61.4
56.6
56.5
64.7
68.3
68.7
68.7
66.2
64.7
61.7
60.1
59.5
61.8
63.0
62.4
62.2
63.7
62.7
65.0
64.1
64.7
64.4
65.7
65.1
67.5
68.4
69.3
69.9
68.3
68.7
69.0
69.6
71.9
72.0
71.8
77.0
74.5
72.8
70.0
68.9
66.9
65.8
65.0
65.4
64.6
64.6
66.4
68.2
68.6
70.5
73.6
73.8
73.1
73.8
72.8
71.0
70.1
71.8
68.9
72.9
76.1
78.4
77.9
75.0
74.0
71.9
73.6
74.9
75.8
75.5
75.7
76.1
75.3
75.7
71.8
68.3
65.0
67.9
69.1
69.5
72.6
70.2
68.6
67.3
84.8
128.4
215.0
217.3
138.5
71.1
71.5
71.5
71.1
74.3
77.5
74.6
72.5
72.6
72.6
72.7
73.6
72.6
72.4
74.4
75.0
72.8
70.7
71.2
72.0
73.3
74.3
76.0
75.2
75.0
78.6
72.1
73.5
71.2
75.0
82.2
90.0
90.5
88.9
86.2
81.3
84.7
79.0
81.3
81.5
74.9
79.3
75.5
70.6
70.2
73.8
72.0
72.3
71.3
70.5
66.6
69.9
77.3
79.0
81.3
76.4
77.9
78.6
73.9
77.2
78.2
77.0
69.3
74.3
68.4
76.6
74.0
75.3
68.1
62.5
65.5
60.7
58.9
60.5
58.2
57.6
58.2
58.3
60.2
60.7
63.1
62.6
63.7
64.5
62.1
63.5
61.5
61.6
60.3
60.5
61.3
63.4
63.4
63.9
64.7
63.8
63.0
63.3
64.0
64.3
64.1
64.9
64.4
64.8
64.2
64.5
64.9
64.8
64.4
64.8
64.8
65.6
67.0
76.7
89.7
88.0
91.3
90.5
91.3
86.6
84.6
89.5
92.8
100.2
106.1
107.4
114.0
116.7
106.0
102.8
99.5
101.6
92.9
84.3
111.4
99.3
84.0
85.1
85.3
77.1
71.1
68.2
66.1
64.1
62.8
64.7
65.8
65.8
66.0
68.1
68.8
93.0
76.3
70.7
71.4
71.6
70.4
71.2
70.8
69.4
69.9
69.7
70.2
70.4
69.6
69.3
70.1
70.1
70.1
69.5
70.7
70.9
70.8
72.5
71.4
70.5
70.9
71.9
71.1
70.1
69.7
69.4
69.4
69.9
70.9
72.0
71.5
71.7
71.6
70.7
71.3
71.7
72.6
73.4
72.3
73.0
73.1
73.5
74.0
73.4
74.2
72.7
73.9
73.4
73.1
73.5
73.5
74.5
74.5
74.7
76.5
77.2
79.2
83.2
89.1
94.1
91.0
95.4
96.3
94.2
98.4
100.1
97.9
96.6
97.2
94.0
98.8
97.8
100.4
98.9
99.3
101.4
103.2
103.7
101.4
100.5
72.4
70.8
99.4
101.4
102.4
99.8
99.1
98.2
102.3
107.5
106.3
102.9
102.5
110.2
111.6
115.5
120.2
121.7
123.4
124.8
124.2
130.9
129.9
131.0
128.4
124.7
125.3
122.5
115.5
109.9
105.2
103.3
100.1
97.1
88.7
90.4
86.8
92.9
97.2
95.3
94.3
86.2
78.9
77.3
76.7
73.9
72.3
71.4
71.4
71.4
72.4
86.1
82.5
79.2
81.2
83.4
77.7
74.1
70.7
67.9
66.0
64.6
64.9
64.6
65.1
64.9
65.7
66.7
67.5
68.9
68.3
68.7
68.5
69.5
68.3
68.3
68.7
69.6
69.4
68.8
69.8
70.3
71.4
71.7
71.8
72.3
72.1
70.8
70.9
69.7
70.8
70.6
69.4
71.0
71.4
70.9
70.5
69.3
69.9
70.0
69.6
70.0
74.0
77.0
79.6
82.5
78.8
82.2
79.6
81.4
77.7
79.1
81.4
81.1
79.5
85.6
87.4
87.3
90.3
86.7
82.7
86.4
89.6
87.2
92.9
90.7
94.4
93.2
91.8
94.1
94.9
93.2
92.8
92.3
95.3
93.0
90.0
91.7
94.1
95.4
95.1
99.1
99.6
99.6
95.4
96.5
93.0
83.5
77.4
74.2
70.8
67.9
66.5
64.5
62.9
64.4
64.4
65.5
66.0
67.5
66.3
67.1
66.3
67.6
67.3
67.2
67.1
66.8
78.2
105.2
125.9
139.2
66.8
82.0
155.2
160.0
162.5
163.0
157.6
150.4
146.0
142.0
136.0
131.2
125.6
121.2
115.5
110.3
105.8
102.8
98.7
95.8
93.6
91.1
89.4
87.9
87.8
85.3
79.4
85.2
79.4
86.1
88.6
88.7
85.2
86.6
86.7
85.0
85.0
84.2
86.7
95.2
93.6
89.4
89.5
93.4
97.4
89.3
80.3
74.2
70.9
67.5
65.1
64.5
63.5
64.7
65.5
76.7
79.1
75.2
80.9
90.2
91.3
99.0
102.4
105.1
100.8
92.1
93.3
91.6
87.7
77.5
71.0
68.5
67.5
69.7
72.2
70.2
68.3
66.7
66.4
67.0
70.3
70.2
72.8
72.5
75.4
81.4
76.9
75.9
71.5
68.7
67.7
67.6
67.9
68.4
68.2
68.4
69.3
69.5
70.1
70.1
70.7
71.0
69.7
71.5
74.0
71.2
70.7
70.6
71.0
70.6
70.4
70.4
69.2
70.7
70.4
71.4
71.9
71.9
70.8
70.5
70.5
70.0
70.2
69.1
68.4
69.0
70.6
69.3
68.9
67.9
67.3
68.0
67.7
66.0
66.8
66.9
67.1
68.1
67.8
69.4
69.9
71.1
70.4
71.1
71.7
71.6
72.2
72.6
71.5
73.9
80.0
81.2
78.9
79.8
80.5
80.0
79.1
78.7
77.0
74.5
75.4
85.5
89.4
88.2
88.0
86.6
88.1
86.3
86.7
87.5
89.2
84.5
84.8
86.0
87.3
87.4
83.5
88.2
86.3
85.2
90.2
91.3
87.5
90.0
92.5
89.9
85.5
86.3
84.6
86.1
82.4
86.5
87.1
85.5
84.0
81.6
84.7
85.0
85.5
86.6
83.8
85.3
77.2
74.4
79.0
77.7
75.9
75.2
71.1
69.8
68.2
67.8
68.0
68.4
68.6
68.4
69.9
69.5
68.6
68.3
69.3
69.2
69.4
68.6
68.0
69.1
70.5
69.4
68.6
69.0
68.4
68.6
68.8
69.2
69.3
69.9
70.4
68.6
69.6
69.1
68.3
68.6
70.1
69.5
69.9
69.6
70.0
70.2
70.9
70.5
70.4
71.2
70.2
70.0
69.5
71.1
71.9
72.0
72.3
72.4
72.6
71.1
71.8
72.7
72.7
73.2
72.6
72.7
72.8
72.8
71.4
72.0
71.6
71.0
71.7
70.7
71.6
73.9
74.6
76.4
77.2
77.4
78.8
78.9
81.2
80.5
78.8
78.1
77.7
76.2
77.4
76.1
76.0
75.9
76.5
74.3
74.7
73.3
74.5
74.1
73.6
73.4
71.9
74.1
72.2
70.5
73.4
73.9
75.0
75.0
72.9
73.5
71.7
70.8
70.4
70.2
71.9
71.9
72.0
71.5
72.4
72.7
72.6
73.3
69.0
69.4
67.6
66.5
64.1
61.8
69.5
68.4
71.6
68.1
67.3
70.0
69.3
78.1
72.6
78.1
85.2
87.0
81.6
75.9
71.9
72.9
72.7
76.3
75.4
79.9
77.6
80.4
84.2
87.1
94.1
99.5
96.2
89.5
89.6
84.9
80.5
79.4
75.2
73.3
71.5
71.7
72.0
70.8
71.4
70.7
69.4
67.6
67.4
67.4
66.4
67.5
66.6
118.6
102.9
66.0
66.1
67.1
66.8
68.3
65.7
66.1
62.5
48.2
60.0
62.8
62.5
62.5
63.7
65.5
64.9
66.2
66.1
67.9
67.0
67.3
66.9
67.4
68.8
68.9
70.0
69.7
69.5
69.5
69.7
69.9
70.4
70.9
70.1
69.3
69.0
71.1
70.3
70.1
70.7
70.4
71.0
72.7
72.2
73.2
72.1
72.9
72.6
72.5
71.6
71.6
71.0
71.8
71.9
72.2
71.2
72.7
72.5
73.0
73.0
73.7
73.8
72.9
74.5
77.7
79.2
80.3
82.9
81.3
81.7
81.5
80.4
78.9
80.2
82.3
83.4
82.7
83.0
83.3
85.2
86.0
86.3
87.7
88.7
90.5
91.2
93.6
92.3
91.8
92.7
91.8
90.9
89.5
88.9
88.9
89.9
91.2
91.2
91.3
90.8
91.0
91.5
90.6
88.8
91.0
90.2
91.3
214.7
144.1
93.5
95.3
93.9
93.1
91.6
93.2
92.6
91.0
89.7
89.4
90.7
88.6
88.3
88.7
92.7
91.8
92.6
92.8
92.0
91.4
92.7
91.0
92.1
92.5
93.0
92.6
94.8
93.7
91.7
93.6
91.7
92.2
94.0
88.8
88.5
88.2
91.4
90.5
91.3
87.3
89.3
90.0
88.8
90.1
89.2
89.3
87.2
85.7
84.6
82.7
84.2
86.5
92.7
90.6
88.7
88.2
89.6
89.5
88.1
88.2
93.0
95.1
96.3
100.3
101.8
105.2
107.1
107.4
108.7
109.7
110.6
107.2
107.8
106.0
104.0
101.6
102.3
101.3
100.3
101.4
99.9
100.9
99.1
100.8
101.1
103.3
98.9
95.9
93.2
97.8
95.5
91.1
86.4
83.1
81.0
79.4
80.8
81.2
79.1
80.1
80.3
82.0
81.2
81.7
81.7
80.1
79.8
80.1
79.7
80.6
79.5
80.2
79.7
80.4
78.9
80.5
86.0
89.0
77.1
83.8
85.2
88.2
87.2
85.5
83.7
81.9
79.7
77.6
76.5
77.4
76.2
77.5
78.9
77.9
78.8
78.4
77.0
79.0
80.4
80.1
78.8
77.6
78.1
85.0
86.9
87.1
82.9
86.0
84.0
77.5
78.2
75.7
75.9
75.9
75.5
75.4
75.0
75.2
74.8
75.4
75.0
74.6
69.5
69.5
72.5
75.2
77.0
78.7
79.7
79.5
79.4
78.8
78.2
77.8
77.3
76.2
74.3
73.5
73.2
73.3
73.4
72.3
72.6
73.5
73.0
73.9
74.9
73.2
72.9
73.0
74.7
73.9
138.0
72.3
72.6
73.1
72.1
72.5
75.9
75.0
74.6
74.2
74.9
74.2
75.0
74.9
74.3
74.2
72.9
71.9
71.7
70.9
69.9
69.8
69.3
69.2
67.9
69.1
67.4
66.3
65.8
66.8
66.3
68.7
68.7
67.3
68.9
67.6
68.2
68.4
67.1
66.3
66.8
66.9
68.1
67.9
68.4
68.0
68.5
69.2
68.5
69.4
69.3
69.1
69.4
69.2
69.5
68.5
69.0
68.7
69.5
69.0
69.3
70.3
69.6
70.7
72.3
72.0
71.6
72.5
72.3
71.1
73.2
72.9
73.1
73.9
73.7
73.5
73.8
74.0
74.1
73.8
74.3
73.9
75.2
80.2
81.7
84.1
89.1
81.2
84.5
88.4
88.9
87.8
87.3
86.1
85.4
84.7
83.1
82.6
80.0
81.4
83.9
84.7
84.6
83.4
83.0
80.6
80.5
78.2
79.1
79.6
78.9
78.5
78.2
78.6
78.9
79.5
79.8
80.0
80.0
80.6
80.5
80.6
78.9
78.7
78.7
79.8
79.1
78.4
76.0
76.7
77.6
77.7
77.0
75.9
77.2
77.3
78.2
78.6
80.0
80.6
78.9
81.9
85.8
86.1
88.0
87.3
86.0
85.4
83.8
83.9
82.9
82.5
81.2
78.2
78.2
77.5
75.9
75.9
75.2
71.4
75.4
80.8
81.9
82.6
84.0
81.2
78.9
77.7
76.1
74.8
74.6
74.1
73.1
73.2
73.4
73.5
71.2
67.6
67.4
67.9
69.9
72.5
73.5
74.6
75.0
76.7
77.8
77.4
77.6
77.4
76.8
77.8
77.8
77.5
77.4
77.6
76.6
76.9
76.6
77.7
77.0
78.0
78.1
77.1
76.7
76.3
78.2
76.8
76.5
77.0
77.8
77.2
76.7
75.5
75.2
75.6
75.2
75.0
75.1
75.1
74.4
74.3
75.6
75.6
76.0
76.9
76.2
76.1
76.5
76.8
76.0
77.3
78.5
78.5
78.4
78.5
77.8
78.7
78.1
78.6
79.9
83.5
86.1
88.5
90.7
88.6
89.4
91.8
90.7
87.6
83.2
81.6
82.0
79.7
78.1
76.6
73.1
71.4
70.4
67.1
67.7
66.8
66.5
65.9
66.4
65.9
63.8
63.8
64.3
64.9
66.3
66.6
67.6
70.0
69.0
69.0
68.2
67.6
67.6
67.5
67.8
67.2
67.0
68.5
68.2
68.0
68.4
69.5
69.6
69.6
69.9
70.7
69.6
70.2
69.7
70.7
70.1
70.5
70.0
70.6
71.0
72.3
72.0
72.6
71.8
72.4
73.4
73.3
74.1
77.9
79.5
80.5
83.5
85.1
86.0
88.0
87.7
88.0
87.1
89.1
85.8
85.1
86.1
86.1
83.8
84.7
87.1
87.7
89.9
93.5
94.4
92.3
93.3
93.5
94.2
94.1
95.0
90.7
87.9
90.6
92.5
94.8
85.8
90.3
93.7
93.9
92.8
90.7
89.3
86.1
89.4
86.9
85.1
81.0
87.4
87.7
86.6
87.5
87.1
85.7
84.7
83.3
81.6
81.4
82.6
88.4
88.2
87.6
85.0
82.6
83.9
83.5
84.6
84.3
136.8
166.5
130.1
82.3
83.6
83.5
84.1
88.7
91.0
89.2
87.0
86.8
83.2
83.3
84.2
81.1
79.9
79.1
80.3
80.8
84.0
84.8
84.2
85.8
85.9
86.6
86.9
87.3
84.7
86.9
85.0
85.0
82.9
83.3
81.3
82.7
84.6
83.0
84.9
84.1
85.3
82.7
79.3
80.5
82.6
80.4
81.5
80.7
83.4
84.1
84.9
85.3
82.7
82.2
81.6
83.7
83.8
86.0
89.1
93.0
90.3
89.6
89.0
85.6
86.1
84.0
81.9
81.8
82.3
82.4
81.9
82.7
81.7
81.4
81.5
80.3
81.7
81.1
81.7
81.3
81.1
80.4
80.5
80.1
79.7
80.1
79.9
80.4
81.7
87.2
83.0
85.5
89.1
92.9
93.1
95.9
94.2
96.4
92.6
94.2
90.5
92.0
89.3
86.8
86.0
86.2
86.0
83.4
84.0
82.7
83.3
83.9
83.4
83.1
83.8
83.4
84.2
84.4
84.5
85.5
85.8
86.1
85.4
85.4
85.7
86.3
85.5
85.5
85.2
84.3
84.4
85.8
85.7
86.6
85.9
89.0
89.8
89.3
92.4
95.7
95.5
92.6
93.4
94.3
93.1
93.2
95.1
98.5
92.9
91.0
99.6
95.0
94.8
99.9
102.5
104.5
107.5
103.1
105.1
106.8
107.5
105.7
106.8
106.3
100.3
95.9
93.4
91.4
87.1
84.0
84.8
85.3
87.9
89.3
88.1
87.5
88.5
88.4
89.4
88.7
87.8
87.2
87.8
89.5
89.1
89.9
89.5
91.7
91.2
91.3
91.5
89.3
92.3
91.9
92.8
91.3
95.9
81.5
78.7
96.2
99.5
99.1
98.1
96.7
94.5
92.7
93.6
93.8
92.1
93.5
94.6
93.8
94.0
94.8
96.2
95.8
95.8
95.8
69.7
96.9
97.4
96.2
94.0
94.2
96.7
97.3
97.4
98.7
98.9
97.3
99.0
100.0
101.1
100.3
97.4
93.7
95.1
95.5
97.0
102.9
106.8
109.8
108.9
108.0
110.9
109.4
111.0
109.0
111.4
109.1
109.5
108.4
109.3
111.8
111.5
112.8
111.1
110.1
110.9
111.4
112.3
108.5
111.4
99.9
109.7
105.5
108.9
104.4
101.3
109.5
105.8
101.2
97.3
95.1
93.4
92.1
90.9
90.5
91.3
91.1
92.3
91.7
90.8
89.4
88.1
90.0
82.1
84.6
86.8
94.8
99.5
97.7
101.4
101.0
102.6
100.5
94.3
89.1
85.0
82.7
81.9
83.0
82.6
80.8
80.5
80.9
79.8
80.6
79.9
80.0
80.7
80.5
79.0
79.9
79.6
78.9
80.3
80.6
79.6
79.6
80.3
79.2
79.9
80.5
80.0
79.1
79.7
80.0
79.3
78.8
80.2
80.4
79.3
79.8
79.9
79.9
79.0
79.3
79.1
79.3
79.5
80.6
80.1
79.6
79.5
79.3
80.3
80.8
79.3
80.4
79.7
80.4
81.0
80.1
81.4
80.7
80.7
80.7
83.4
85.1
84.7
91.1
90.3
88.3
91.2
93.3
91.4
91.7
89.6
88.5
87.8
87.4
87.7
86.4
86.6
86.1
87.0
87.7
86.9
86.9
86.3
86.1
86.4
88.4
88.5
89.4
88.8
90.9
90.4
82.0
89.4
93.6
94.4
94.3
95.1
95.0
94.2
94.9
146.2
123.7
90.9
93.7
95.4
94.7
93.0
92.6
93.1
94.9
94.8
96.1
96.5
96.6
95.6
95.5
95.8
99.1
96.5
96.3
96.9
94.2
91.4
90.4
90.0
90.2
89.3
90.4
88.9
87.8
87.3
90.0
82.6
87.9
86.4
92.0
92.5
93.3
92.8
90.6
93.7
89.5
88.0
95.7
93.4
90.6
91.7
103.3
92.7
89.8
97.3
98.4
98.2
100.0
102.4
96.0
92.7
92.4
95.1
97.7
100.1
98.9
97.0
98.5
98.2
98.5
101.1
97.6
93.8
89.0
77.3
80.9
86.9
94.9
96.5
91.8
93.5
93.8
98.9
102.5
100.7
102.9
104.0
106.4
101.8
104.8
106.6
102.4
100.5
95.9
101.2
101.8
100.3
97.7
98.3
98.2
96.4
100.8
98.9
101.0
99.4
102.0
106.2
104.1
103.5
104.3
103.1
109.0
105.6
109.2
109.9
105.1
102.1
100.9
98.5
95.8
91.3
90.5
88.6
90.2
88.8
88.5
89.5
89.1
88.2
87.1
88.8
84.9
84.0
83.2
82.1
80.6
80.3
79.8
76.9
78.6
77.0
81.4
83.3
85.0
86.0
85.8
83.4
82.4
81.7
84.3
84.4
82.9
84.1
81.3
80.8
80.7
80.9
82.6
78.8
84.9
85.7
84.7
84.8
82.8
82.3
81.1
80.1
84.3
84.8
84.3
84.1
84.1
86.8
86.7
88.6
87.1
83.8
84.1
81.2
81.9
82.4
86.6
86.2
82.8
81.5
82.4
81.4
80.4
81.7
80.5
78.6
77.8
78.5
79.1
77.2
79.6
82.0
80.2
78.9
77.7
73.3
75.2
79.2
77.5
77.6
76.4
76.8
75.3
78.5
78.7
79.4
79.5
78.8
78.8
79.0
79.1
79.0
78.1
76.1
78.6
77.5
77.5
77.4
77.1
77.6
78.5
78.2
79.0
76.9
78.0
77.7
77.3
78.8
78.5
77.3
76.6
77.4
76.9
75.1
75.9
76.8
84.7
81.0
72.7
72.5
79.7
81.8
83.9
76.0
76.0
78.2
78.7
80.0
78.5
78.7
77.9
77.3
78.0
76.7
72.0
75.7
78.7
78.8
77.9
73.4
78.6
77.2
79.2
78.5
79.1
77.6
79.9
78.4
80.2
80.0
80.3
80.5
80.8
82.3
78.8
73.4
77.8
81.8
82.7
85.1
83.0
82.5
81.6
83.7
75.9
77.4
79.5
70.0
72.2
80.3
79.8
80.9
80.0
77.8
76.0
70.6
66.7
67.3
67.0
66.9
67.2
66.8
61.5
66.1
68.8
68.0
70.2
63.8
61.2
65.8
67.3
66.7
63.5
65.5
68.2
69.1
65.6
68.7
65.3
64.6
65.3
64.8
69.4
67.0
68.3
73.9
75.9
70.4
67.4
74.1
81.4
73.7
82.6
84.6
80.9
81.6
79.7
77.3
76.4
74.4
84.6
78.3
75.1
77.2
79.7
80.0
79.6
78.5
78.3
83.4
80.9
91.0
87.4
90.4
95.9
92.5
88.0
88.1
86.9
91.0
91.4
108.4
108.8
94.2
103.3
105.9
112.2
119.3
121.5
124.7
130.3
130.2
128.5
128.9
123.6
128.9
129.7
114.5
114.9
120.3
107.6
106.2
104.5
101.3
96.6
89.5
83.7
79.5
75.0
71.4
68.7
64.2
63.5
67.6
65.5
65.7
66.1
66.4
64.9
64.9
63.7
65.1
65.2
65.3
63.9
64.1
63.7
61.9
62.8
63.4
62.9
63.2
61.4
60.4
63.8
63.7
64.2
64.4
64.2
64.3
63.7
64.1
62.3
61.3
60.7
61.1
61.7
61.5
62.2
59.9
63.4
63.0
65.3
64.6
65.0
66.1
65.6
64.1
64.4
64.6
66.9
68.1
69.6
69.9
68.5
70.1
70.5
69.0
67.5
66.26666666666667
64.9
63.53333333333333
62.16666666666667
60.800000000000004
59.43333333333334
58.06666666666667
56.7
70.6
70.0
70.6
69.2
69.2
68.4
69.2
69.2
70.0
69.9
70.8
81.2
75.1
78.4
78.6
81.0
83.5
82.7
83.9
82.2
83.4
76.0
79.7
83.3
82.5
78.7
78.9
78.3
198.8
75.4
73.5
75.7
75.5
73.6
75.7
75.0
75.3
73.9
76.8
73.5
76.6
76.4
76.3
75.3
76.8
77.7
74.2
78.3
78.9
79.5
78.7
78.3
75.7
76.1
73.3
74.1
75.5
76.9
78.3
79.4
80.7
80.2
80.0
81.6
83.3
83.3
82.7
82.0
81.6
88.4
96.6
93.7
93.1
95.6
96.3
98.0
95.1
98.7
98.1
96.5
95.0
90.8
84.3
80.1
77.2
79.4
79.1
79.8
82.2
78.8
76.1
75.4
75.7
78.1
80.49999999999999
78.23333333333333
78.3
77.5
78.7
77.7
79.6
80.1
80.9
83.1
81.5
81.5
79.9
79.7
43.4
83.7
82.0
84.8
83.9
81.6
81.6
81.4
87.7
83.6
84.7
83.1
80.8
77.4
76.3
74.9
72.6
74.7
72.8
74.6
76.0
76.5
75.5
78.4
78.0
78.5
78.4
79.6
80.2
79.9
78.8
78.9
77.5
81.3
80.9
80.6
80.8
82.2
80.5
78.1
78.6
79.5
78.9
79.8
77.6
84.3
82.8
82.3
82.7
80.3
82.0
81.1
80.5
78.0
78.2
81.9
83.2
80.5
81.3
81.9
81.2
81.3
79.6
81.7
79.8
79.5
78.6
79.8
79.1
78.3
78.8
79.5
78.1
78.6
78.1
78.5
78.9
80.2
87.7
85.8
93.2
97.5
94.5
92.4
91.0
89.6
88.8
85.1
80.7
81.1
81.1
80.1
79.2
80.6
78.9
80.5
78.9
79.8
78.9
79.3
79.1
77.3
76.7
74.8
74.6
74.7
75.4
77.1
77.7
78.0
77.9
77.7
77.1
75.9
77.4
77.4
73.5
78.7
78.7
78.5
76.5
74.3
78.8
84.0
88.0
90.8
92.2
84.4
85.5
88.4
84.9
81.6
78.1
77.7
73.9
73.5
73.3
71.9
72.4
73.7
74.0
73.9
73.0
72.2
72.7
71.7
72.0
72.3
73.8
74.5
73.5
74.6
74.1
74.1
74.4
74.7
70.7
69.3
69.1
70.4
72.1
73.9
74.7
74.1
76.1
77.5
75.9
78.4
79.8
83.6
85.4
83.1
86.8
84.3
86.0
86.2
84.7
83.4
80.5
80.3
104.5
88.6
81.7
74.5
80.5
81.2
79.8
81.6
85.4
83.0
82.8
80.4
80.4
77.7
77.1
76.4
76.7
76.4
75.1
75.6
75.2
74.6
75.4
75.9
75.0
76.0
75.9
75.6
77.4
83.6
81.2
81.4
79.6
80.8
80.7
80.1
77.9
79.1
79.7
78.0
78.3
89.5
71.4
100.9
82.0
84.1
82.5
84.8
82.7
83.1
82.4
81.4
81.0
82.7
81.8
81.3
83.1
85.7
84.8
86.0
83.6
83.4
83.9
84.6
84.4
83.8
84.9
85.3
83.9
84.2
84.1
83.9
82.3
81.4
86.0
86.5
90.7
97.3
96.8
97.2
95.0
92.7
91.1
91.4
91.3
87.6
85.8
81.7
82.1
83.3
85.8
88.0
90.4
87.6
86.2
89.9
88.3
92.2
90.2
89.2
89.8
88.8
87.9
87.2
87.6
87.4
119.3
110.5
91.0
95.2
96.7
95.6
90.8
88.4
87.1
85.9
86.4
87.0
85.7
85.5
85.7
85.0
126.5
109.8
87.7
87.2
87.7
87.6
86.9
87.4
86.5
88.3
86.7
86.8
86.5
88.0
85.3
86.5
86.7
87.5
87.2
87.5
86.9
87.2
86.5
87.7
87.7
88.1
88.7
88.7
89.2
87.7
89.7
87.7
87.2
86.8
86.9
86.2
88.5
89.9
89.9
88.7
89.1
88.0
88.9
88.0
87.3
86.4
84.5
86.8
92.2
93.5
94.1
93.8
97.7
100.4
100.8
99.1
96.6
96.7
94.9
93.6
92.9
93.5
90.4
89.6
88.8
92.6
91.7
93.6
91.5
93.9
89.3
188.2
68.3
87.8
92.2
92.7
85.5
85.8
89.7
89.9
88.2
89.4
89.6
90.1
89.8
90.3
88.9
89.2
90.0
91.4
88.6
88.8
90.1
89.7
87.8
88.1
88.1
88.7
88.8
87.5
88.7
88.6
88.0
86.7
86.1
87.8
88.7
87.4
85.0
74.7
83.3
86.6
88.4
87.0
86.2
84.8
80.1
76.3
76.8
80.8
80.3
81.4
83.6
83.6
82.4
77.9
83.6
87.9
96.2
95.3
99.8
94.1
96.2
95.8
98.2
94.7
92.0
92.0
85.9
83.2
79.5
76.9
76.4
77.1
78.6
78.8
78.4
77.5
78.2
78.8
78.3
79.3
77.1
77.9
78.5
78.4
79.1
78.0
81.5
82.2
80.9
81.1
81.7
82.7
83.7
82.0
83.9
84.7
83.6
83.8
83.1
84.5
80.9
76.9
79.8
85.1
86.6
86.2
88.8
90.4
91.1
89.3
89.2
89.5
89.8
89.1
88.6
86.8
86.1
86.9
86.6
86.2
88.1
87.6
86.9
87.8
84.6
89.8
91.1
91.5
90.7
90.3
90.7
88.9
89.7
89.8
89.1
89.2
88.2
88.8
89.7
89.5
90.8
89.9
89.8
90.2
89.6
91.5
89.9
90.5
90.6
90.4
90.3
93.2
96.3
93.1
97.8
99.1
95.5
100.9
95.2
81.6
80.6
81.7
84.7
73.2
81.3
93.3
92.2
86.2
91.6
85.3
87.7
85.9
80.4
77.0
73.1
74.1
74.7
74.2
73.8
69.3
71.4
69.3
70.4
72.1
69.2
72.3
72.1
72.5
73.0
72.6
71.3
71.8
70.5
66.2
70.4
70.1
72.0
73.1
73.6
73.9
76.0
78.2
78.8
78.8
76.4
76.2
108.3
65.1
82.5
105.1
76.1
86.0
78.1
77.2
78.9
79.7
78.1
79.0
75.9
76.5
75.1
71.2
74.1
74.6
75.3
76.0
76.8
79.0
80.3
82.1
89.8
78.8
79.8
77.6
80.4
77.4
78.9
81.5
77.5
71.1
72.7
75.3
76.7
75.8
74.8
75.8
70.9
71.4
72.5
73.4
76.1
75.6
72.2
67.2
68.6
68.9
67.7
71.7
67.7
68.9
71.4
68.6
61.2
64.1
67.3
71.7
73.4
73.5
74.5
74.6
74.8
75.8
69.8
70.3
75.5
77.0
84.1
78.8
79.6
73.9
72.3
72.2
69.3
70.6
71.9
70.8
68.7
69.7
70.4
73.3
71.5
73.4
75.2
75.8
75.2
76.6
72.5
75.7
78.8
78.0
77.1
75.1
77.7
79.2
77.3
76.5
75.8
78.6
78.2
79.8
75.4
68.9
75.9
78.5
75.7
75.9
74.7
75.6
76.6
77.1
76.9
75.8
78.1
77.2
78.9
83.5
87.3
88.4
90.8
86.7
87.2
88.5
85.0
82.2
80.6
78.3
78.6
77.2
75.3
74.9
75.5
76.1
74.9
73.6
75.6
74.8
65.8
69.6
66.3
70.8
70.2
72.3
73.4
73.7
71.5
74.2
74.2
73.6
75.6
76.3
79.1
77.1
77.4
77.9
77.4
79.3
79.6
78.4
78.7
80.9
81.4
80.6
80.2
80.3
81.4
80.6
80.1
80.0
80.8
79.7
81.1
77.7
80.2
80.6
81.8
78.7
76.4
76.1
76.9
77.1
76.8
79.9
80.8
79.0
79.0
78.3
80.2
79.1
78.2
78.8
78.4
80.5
72.1
66.7
71.8
71.8
75.6
73.6
74.5
74.2
68.6
65.2
64.6
60.2
57.1
56.2
55.2
55.6
54.4
55.8
53.7
56.8
57.6
58.1
58.6
57.4
57.3
56.8
55.9
58.0
58.9
59.2
60.8
57.8
57.6
59.1
60.1
61.2
63.7
63.1
62.1
63.3
62.9
65.2
63.4
64.4
64.5
62.5
63.8
64.3
66.1
65.2
66.5
67.1
67.8
70.8
68.6
70.6
70.3
70.4
71.7
68.4
69.3
68.0
70.9
71.2
71.7
71.7
69.6
66.6
65.9
68.0
69.4
72.7
78.2
78.1
77.1
75.5
71.3
71.9
87.4
105.9
98.2
92.2
86.4
91.2
86.6
88.3
93.9
83.3
82.1
79.5
80.9
78.0
80.9
80.6
79.3
76.8
77.5
77.4
75.1
74.6
77.3
78.6
78.5
76.3
75.0
73.9
76.3
75.6
75.0
76.6
77.1
77.5
77.9
75.8
78.5
78.0
77.0
77.1
77.5
78.7
72.2
73.7
71.5
72.9
72.0
71.6
72.3
72.0
59.6
46.9
77.2
67.7
84.2
85.5
81.4
83.4
85.0
88.1
86.3
83.1
81.9
76.6
75.7
73.6
73.8
74.4
74.7
75.9
75.5
76.6
75.7
74.7
74.6
71.5
74.4
71.6
74.2
75.3
72.5
71.9
70.7
69.9
71.5
70.4
69.4
71.0
71.3
71.4
69.8
69.9
72.0
70.2
70.5
70.2
70.9
75.6
79.0
75.1
74.8
74.9
76.6
74.9
73.5
73.6
74.4
76.4
77.2
75.5
74.5
72.3
71.1
71.9
71.1
69.0
71.8
71.0
74.1
73.3
68.8
67.8
69.9
72.3
73.1
72.3
71.9
70.0
71.3
69.1
70.3
68.0
71.6
69.3
66.7
66.9
67.2
71.7
70.9
71.2
70.3
66.6
70.2
71.1
71.6
68.8
68.8
71.6
70.3
71.0
72.3
72.2
74.3
71.0
71.7
71.4
71.6
72.6
70.5
71.8
72.2
73.3
71.3
73.9
72.0
71.1
70.6
72.8
69.8
66.7
66.7
67.5
67.4
69.4
69.3
68.3
69.9
69.8
68.8
67.5
70.5
70.8
74.5
72.7
73.0
70.7
73.2
72.5
72.7
74.3
71.4
77.6
76.3
74.7
75.4
74.8
76.2
72.7
73.4
72.4
71.2
71.8
72.2
71.3
71.9
71.1
70.2
76.2
68.0
69.8
66.9
68.9
68.8
69.1
71.3
71.4
71.3
72.3
73.3
71.7
76.9
82.1
104.5
84.2
91.0
106.8
102.5
96.1
94.3
94.3
97.2
94.0
92.6
92.8
88.5
82.4
76.8
75.2
72.5
71.2
71.1
76.8
75.4
70.4
70.8
72.0
69.4
68.3
67.7
67.7
67.0
66.4
68.9
70.0
69.7
70.0
69.4
70.4
71.5
71.6
72.7
72.7
76.4
77.5
74.8
77.0
75.0
75.2
72.5
73.1
73.7
73.4
74.0
74.1
72.7
73.2
73.1
72.6
73.7
71.5
72.0
71.6
71.0
67.8
70.8
71.3
215.5
82.5
89.0
88.4
96.7
88.3
91.8
94.6
89.0
105.1
115.2
79.2
86.3
86.9
84.8
83.2
80.1
81.1
83.3
79.8
78.4
75.0
72.3
74.4
72.8
70.1
70.2
69.4
73.5
73.1
75.0
72.6
74.5
74.9
75.1
72.5
75.7
73.9
75.7
74.3
75.4
76.5
78.0
78.5
78.4
79.9
79.8
78.3
77.2
77.7
77.9
77.1
77.2
76.2
74.6
74.7
75.4
73.5
74.1
74.7
74.2
73.7
75.3
72.1
73.8
75.6
76.6
79.7
79.3
78.3
79.4
80.0
76.4
74.0
72.3
70.8
73.1
72.3
69.6
72.2
68.1
72.3
69.5
70.9
72.7
71.5
73.4
71.3
67.9
67.7
68.4
67.7
65.5
66.8
61.7
58.2
61.3
62.9
62.0
63.7
63.7
65.5
67.5
68.6
68.9
68.5
66.3
63.4
62.7
64.5
66.9
71.8
74.6
77.3
75.8
72.5
80.6
79.6
74.6
76.0
72.0
69.8
66.5
62.9
62.8
63.1
63.7
64.1
66.5
71.8
70.2
69.5
66.3
63.6
63.6
63.6
68.8
74.4
73.3
74.3
71.7
71.0
71.7
73.1
74.1
75.1
75.2
74.0
74.8
75.8
77.4
78.6
78.7
79.7
77.4
76.4
79.3
79.8
79.7
78.1
79.5
75.7
75.5
72.4
73.7
73.3
72.3
70.2
70.1
67.2
71.4
70.7
71.5
72.0
69.2
70.7
70.1
71.4
68.5
69.9
68.2
66.7
70.1
69.2
71.7
68.9
70.9
74.6
71.6
66.7
69.7
68.1
67.9
70.5
69.7
71.8
72.6
74.3
71.9
73.9
73.3
72.8
75.2
73.7
74.6
74.1
70.1
72.1
75.5
73.4
71.5
74.5
93.3
75.7
74.3
75.7
72.9
70.5
63.4
65.3
64.2
66.6
67.3
65.6
63.4
64.3
81.7
63.5
63.1
62.3
60.1
60.5
61.5
62.2
62.9
65.1
64.4
66.8
66.4
67.8
66.6
67.9
63.9
60.6
60.6
62.7
63.0
63.7
64.7
64.0
65.9
64.8
66.2
65.1
67.3
65.7
64.8
65.4
65.8
63.9
60.6
54.2
54.1
58.1
63.1
64.4
67.3
70.4
69.8
72.3
72.7
73.8
75.6
94.8
85.6
77.2
75.0
77.4
78.2
77.9
74.9
74.3
73.8
73.4
69.6
69.1
68.2
66.3
65.5
65.1
64.1
64.6
63.9
66.4
66.3
67.1
66.6
68.4
68.7
67.9
69.2
68.1
68.4
66.7
68.9
69.2
67.9
71.3
70.4
70.8
68.7
71.5
71.1
75.6
74.8
76.1
73.0
72.3
71.9
72.1
69.7
70.2
70.0
65.8
64.6
67.0
66.3
64.7
64.9
63.1
65.9
67.2
66.4
68.0
68.1
67.8
69.1
68.4
69.5
67.7
66.3
65.3
62.0
62.6
64.5
63.7
62.9
64.3
64.4
66.5
68.6
70.1
68.9
65.5
68.4
79.4
77.6
72.9
77.1
75.0
76.2
116.5
78.0
82.7
83.8
84.2
84.9
83.5
79.0
77.7
77.5
72.7
69.0
70.4
69.5
68.9
67.1
68.4
67.4
67.9
67.6
68.5
67.9
67.6
68.0
66.4
66.9
65.3
68.3
66.1
66.9
68.1
70.2
68.8
69.1
69.9
69.2
69.4
69.3
71.8
70.1
70.0
71.3
72.5
71.0
72.4
71.7
76.1
75.3
73.7
72.7
73.3
73.3
74.3
74.5
76.8
77.5
76.2
75.2
74.8
76.9
77.1
77.1
76.0
73.0
73.6
76.2
73.8
75.8
76.8
76.2
76.7
74.2
76.9
78.5
76.3
73.8
71.7
76.4
74.4
74.8
72.6
71.5
75.4
71.7
69.6
68.0
66.2
64.6
64.4
63.1
64.2
61.9
62.1
62.6
61.9
63.7
62.6
62.6
63.4
65.4
65.9
65.0
62.2
63.4
62.4
69.9
64.1
63.9
62.7
64.5
64.1
63.7
68.1
63.0
69.7
79.8
84.4
87.8
83.0
82.2
85.7
97.1
98.0
96.0
88.6
87.4
82.9
78.8
73.3
71.1
67.9
65.9
64.1
62.9
62.5
66.4
68.0
68.4
65.4
63.6
61.4
61.4
60.3
59.9
59.4
60.5
60.7
61.2
61.5
63.8
64.6
63.6
64.1
64.2
63.5
64.4
64.0
65.9
64.4
65.4
65.0
66.4
66.2
66.0
65.9
65.1
64.4
61.8
63.3
60.3
127.7
124.7
64.8
64.7
64.3
66.2
63.1
63.6
64.7
66.7
66.0
65.2
64.7
65.8
67.5
66.4
66.5
65.4
65.9
64.4
66.0
72.5
73.9
74.2
66.9
67.2
72.1
66.4
68.0
67.8
65.4
65.6
65.3
65.6
65.6
64.7
63.2
63.4
62.7
73.5
66.4
66.9
66.4
65.9
63.7
64.0
64.2
63.1
62.6
65.3
65.6
66.1
66.2
65.4
66.0
65.7
66.0
64.8
65.0
65.3
64.1
67.1
66.3
66.8
65.9
66.1
67.5
66.8
63.1
61.4
61.9
64.9
66.3
57.4
38.9
41.3
72.9
72.4
72.0
70.8
76.6
76.0
77.2
73.6
73.1
72.6
71.2
67.9
68.3
70.2
70.8
69.0
69.6
70.4
70.7
72.5
71.9
71.5
69.2
70.8
67.7
67.2
66.7
66.6
66.7
70.1
68.9
68.4
70.6
70.8
76.8
73.3
71.0
70.3
69.0
69.3
81.8
87.1
87.8
90.1
77.1
72.8
72.4
74.4
73.6
72.7
73.2
72.6
77.7
75.8
73.6
70.1
70.3
67.8
66.9
69.4
69.8
69.5
71.5
72.2
78.7
76.3
78.1
74.1
77.3
75.1
74.7
73.8
70.4
73.3
72.8
73.5
78.3
72.4
73.4
70.0
70.0
71.3
71.8
70.7
68.8
70.5
85.6
72.6
72.7
71.2
72.0
71.3
71.3
73.4
74.5
181.9
165.4
69.6
66.6
66.0
63.1
61.0
58.1
58.8
55.6
55.8
54.8
54.6
57.8
59.8
61.0
60.3
63.5
64.0
64.2
68.0
71.5
70.3
70.3
72.7
72.4
73.7
72.1
72.2
71.1
67.4
67.9
67.6
99.3
68.4
68.9
67.2
67.5
67.7
65.5
62.4
61.3
61.5
60.8
64.3
66.6
67.6
69.6
86.1
78.8
79.5
82.6
80.8
78.6
83.8
73.2
70.3
252.3
283.6
273.3
130.3
71.1
72.3
76.4
75.2
77.3
76.6
70.9
72.6
73.2
71.7
69.6
67.8
64.9
64.8
66.2
63.2
63.7
62.9
61.8
61.9
60.8
63.3
65.1
59.4
60.0
60.6
60.3
63.3
61.2
61.4
59.7
60.5
61.5
58.4
59.2
60.1
61.8
61.2
60.2
58.6
60.2
63.8
63.9
60.8
62.5
61.3
62.7
68.8
67.9
67.0
68.5
69.8
78.5
75.4
73.8
72.6
69.6
63.4
60.5
56.5
56.4
53.2
53.6
52.1
52.9
52.9
53.1
56.1
59.3
58.4
57.5
57.1
57.7
57.4
57.4
57.3
56.5
55.5
54.4
55.2
57.9
58.2
57.5
56.2
55.9
56.3
55.9
54.5
55.5
56.3
57.5
58.7
58.3
57.6
56.7
56.1
54.6
55.1
57.7
65.2
61.5
61.8
62.1
61.3
59.1
58.2
56.1
55.7
55.1
53.3
54.5
51.7
54.0
53.7
51.8
55.7
55.0
56.0
54.4
54.7
53.3
54.8
54.3
54.1
54.6
59.8
58.9
60.9
62.8
60.9
59.6
59.9
58.2
58.9
62.3
65.2
65.3
68.7
67.3
68.7
69.6
70.6
65.8
67.0
68.3
67.3
67.6
66.3
65.7
64.4
61.3
58.7
59.4
55.7
56.3
57.4
58.0
56.1
57.7
57.0
57.8
58.0
57.6
56.9
56.4
58.1
56.5
57.8
58.4
195.5
157.6
65.6
63.6
64.8
64.4
65.3
63.4
62.3
62.9
64.1
63.1
63.0
63.8
64.4
63.5
62.7
62.8
63.8
63.8
63.5
63.4
63.8
63.2
64.1
62.6
62.7
62.5
61.3
63.6
63.8
67.7
86.2
65.5
70.6
69.1
73.0
77.3
80.7
86.1
92.8
89.1
87.2
82.1
76.7
76.6
74.2
73.2
79.2
75.5
74.0
99.5
87.8
83.1
75.1
77.3
81.6
85.6
83.6
85.6
87.6
80.7
79.2
79.7
81.0
91.1
94.3
85.2
91.4
87.9
85.1
81.1
77.1
73.0
73.9
75.6
81.2
76.2
75.2
76.0
79.6
80.6
72.8
71.2
68.0
69.9
66.2
67.5
69.6
68.8
68.3
68.5
70.1
68.0
69.5
69.4
68.9
68.6
68.2
70.0
73.3
70.0
71.6
72.4
68.5
71.3
72.9
74.5
69.9
71.5
75.8
74.4
75.3
73.0
71.2
69.6
66.2
69.1
67.9
66.3
66.5
65.3
67.4
67.3
67.8
68.4
71.1
70.2
69.0
66.6
66.7
66.7
66.8
71.1
70.4
71.7
74.4
76.4
74.4
72.8
71.8
75.0
71.9
73.0
71.9
77.0
72.9
74.0
75.8
86.8
87.8
83.4
79.7
79.5
78.7
75.5
73.9
72.6
69.7
71.3
70.7
68.6
73.7
71.8
74.7
74.9
76.6
75.2
75.4
73.8
71.2
69.0
66.4
65.9
66.0
66.8
65.7
67.0
69.7
72.2
69.8
68.6
66.9
65.2
65.4
64.9
66.5
67.0
67.9
66.7
66.9
64.8
64.8
67.3
68.4
67.7
70.1
72.3
87.2
84.6
78.9
76.5
79.8
82.7
86.7
83.7
82.9
78.5
75.8
76.5
76.8
77.5
87.1
82.2
75.4
72.3
71.3
72.4
69.7
69.8
71.3
70.7
69.5
68.3
70.1
70.3
70.2
73.1
76.0
82.7
80.6
72.7
73.4
75.3
76.4
73.1
73.6
73.4
78.3
80.4
88.8
82.6
82.5
79.7
79.4
78.7
81.1
79.1
76.4
75.0
74.9
78.5
77.9
80.2
79.2
75.0
75.0
71.4
71.7
72.3
73.4
69.4
71.6
69.4
72.2
80.9
102.8
88.7
73.2
70.4
70.8
74.8
77.8
75.9
78.7
77.8
76.4
74.2
72.8
69.6
69.4
68.2
67.3
67.7
69.5
66.3
71.2
70.7
70.7
76.0
72.4
75.4
73.0
71.3
71.5
75.9
74.9
72.8
71.7
70.2
71.9
71.6
70.0
71.2
75.0
73.4
70.2
71.0
67.2
69.9
70.8
70.2
73.4
71.0
67.4
72.4
79.1
86.3
82.6
82.6
80.0
79.8
89.0
87.8
87.8
88.1
85.7
90.7
102.4
104.4
103.6
102.0
101.2
99.6
94.1
90.3
85.9
81.5
77.1
74.0
76.7
76.1
74.8
75.0
75.9
73.0
77.7
41.8
5.8999999999999915
48.375
51.662499999999994
54.949999999999996
58.2375
61.52499999999999
64.8125
68.1
80.6
79.5
82.5
68.1
66.0
65.3
72.3
69.6
67.7
68.4
67.6
68.7
68.3
66.9
63.1
63.2
70.3
71.4
71.2
70.2
67.2
68.4
68.5
66.5
67.9
67.4
65.6
67.9
68.4
70.2
66.6
67.3
67.4
71.5
67.3
67.7
68.1
67.1
64.4
127.9
66.5
67.6
67.8
66.3
66.9
67.7
69.4
65.9
64.8
63.1
64.6
65.0
64.7
67.0
68.3
71.4
73.9
74.4
76.3
74.8
72.5
69.7
68.5
66.2
68.3
69.0
66.1
67.1
66.1
65.2
63.1
66.3
63.6
65.6
63.7
65.1
62.2
63.9
64.1
65.5
64.1
64.0
64.7
63.0
66.3
64.7
68.5
71.8
74.4
76.2
75.2
73.2
70.6
66.1
68.5
68.7
68.7
69.9
68.6
70.2
72.5
71.9
68.5
70.0
70.7
68.9
69.8
54.5
39.2
38.9
31.1
23.3
15.5
48.6
79.8
79.2
79.7
77.9
79.8
81.2
82.3
78.6
75.4
73.4
74.4
71.2
74.7
78.9
81.5
81.0
76.6
73.4
73.9
74.4
74.5
74.1
78.5
80.4
81.1
82.5
80.1
78.5
76.6
76.4
76.5
77.4
78.4
77.3
78.8
79.6
77.1
79.0
78.1
76.3
76.9
77.6
82.9
88.2
91.6
92.7
93.5
90.7
88.1
83.5
81.1
78.9
77.0
75.6
71.4
68.5
72.2
73.6
74.0
80.3
76.6
75.4
76.6
73.5
73.8
77.6
78.5
76.8
74.7
76.6
76.8
74.0
78.2
73.7
75.4
75.2
76.3
74.5
73.7
72.4
71.9
76.0
76.2
75.3
74.1
72.3
75.3
72.2
74.0
76.5
75.8
75.7
79.5
79.5
80.5
82.3
81.6
81.9
79.9
80.0
80.8
78.4
79.0
79.2
77.1
75.1
78.1
76.4
80.3
76.4
79.2
77.3
76.3
84.3
82.9
80.3
81.0
81.1
82.3
80.1
79.4
82.1
86.1
94.0
99.1
100.1
100.1
102.8
101.2
99.5
101.5
102.0
105.2
106.5
116.6
114.6
98.0
93.7
96.9
95.1
92.7
93.1
90.8
92.1
91.2
87.9
84.2
79.6
76.3
71.9
68.4
67.3
63.2
65.9
61.8
61.2
67.2
67.1
70.6
69.3
70.1
70.8
69.3
68.0
66.7
68.2
67.2
76.2
79.1
84.7
87.1
83.0
80.4
76.4
75.7
72.7
69.4
67.4
67.0
66.3
69.7
70.4
69.3
69.7
70.6
69.6
68.6
66.3
64.3
64.6
66.9
67.0
67.6
66.3
66.4
67.1
67.3
65.4
64.1
65.4
65.7
66.0
67.9
66.2
68.2
67.5
68.5
66.7
64.6
65.3
69.9
78.3
82.1
88.3
88.6
91.4
87.8
84.9
87.9
84.4
82.3
80.5
78.7
77.5
75.7
77.1
73.1
79.5
80.4
83.0
90.6
85.8
88.0
94.0
96.5
86.9
85.1
86.3
84.6
82.9
80.2
77.7
76.1
73.9
72.1
71.3
73.0
72.1
74.5
77.4
78.6
81.9
85.5
86.1
90.1
91.0
88.0
91.6
93.4
104.5
108.3
106.6
104.1
100.7
94.7
89.0
86.2
79.1
78.1
84.0
81.5
78.6
74.0
72.0
72.6
78.2
75.9
78.0
75.4
82.6
83.4
93.5
94.4
100.4
106.9
113.2
117.7
119.5
101.4
103.0
100.7
96.8
91.0
87.3
80.4
75.7
70.8
68.2
64.3
61.6
60.8
60.3
59.3
60.7
59.3
60.4
61.0
61.5
63.3
64.0
63.3
65.9
64.2
64.6
65.4
65.2
65.6
67.3
64.9
66.1
65.6
64.9
64.2
62.2
63.2
64.7
66.2
64.7
66.4
71.6
82.6
86.9
86.8
82.2
77.0
71.3
68.0
66.7
63.8
64.5
63.1
61.9
63.0
63.6
61.9
63.4
63.8
62.6
63.0
63.6
61.6
63.1
64.2
65.1
64.5
65.5
70.4
70.7
69.9
57.0
46.1
67.0
66.4
65.2
64.9
65.6
66.4
65.6
65.5
67.3
67.5
68.1
68.5
68.9
68.7
69.1
68.6
69.0
68.3
67.8
69.5
71.2
70.7
70.6
71.9
71.0
70.8
70.8
72.4
74.3
75.8
74.2
75.3
74.7
73.8
74.9
73.7
73.7
72.7
71.3
72.9
71.8
72.0
73.4
75.3
73.3
73.2
74.2
73.1
72.2
74.1
74.4
75.4
74.5
76.6
84.2
82.2
80.9
78.4
74.1
74.4
73.2
72.2
72.5
72.0
72.5
73.3
74.1
73.3
73.5
73.5
71.7
72.5
73.8
72.8
75.4
73.4
82.3
131.4
75.0
74.5
73.1
74.3
75.0
75.0
75.6
74.8
76.0
75.2
75.2
76.0
75.2
74.5
75.3
75.1
74.7
73.2
74.7
74.0
75.4
79.0
80.7
80.9
80.8
79.2
77.8
77.8
77.2
76.0
75.2
74.8
75.6
75.0
75.5
75.6
74.9
74.4
73.0
74.0
75.0
74.3
73.9
73.7
73.8
74.6
75.0
76.0
75.6
73.6
75.5
74.1
74.5
74.8
75.3
74.1
73.7
73.4
73.9
74.6
76.7
76.3
76.7
75.9
73.4
75.6
75.3
72.7
72.9
74.3
73.7
70.8
71.0
69.8
70.2
71.9
74.5
80.8
82.8
85.2
89.7
84.3
83.9
82.0
80.3
79.4
76.2
74.3
70.2
69.5
68.4
67.7
63.5
60.5
60.6
61.5
61.8
60.3
61.3
61.5
61.0
60.0
58.4
58.6
61.2
61.4
62.0
59.8
61.5
60.3
63.0
64.4
64.4
64.4
64.5
64.9
64.6
64.2
66.7
65.8
67.1
67.0
65.0
66.7
67.5
67.1
66.7
67.4
68.6
68.2
68.8
67.5
67.4
67.9
67.4
68.2
65.5
67.6
67.3
68.6
68.0
69.0
67.9
67.4
66.5
66.5
66.9
65.1
65.1
65.6
65.5
65.3
65.8
66.0
65.8
67.1
135.4
96.5
89.0
73.7
78.4
80.8
77.6
72.0
69.7
66.5
64.5
62.6
62.5
60.9
62.0
62.5
62.5
62.3
63.2
62.9
63.1
64.2
64.0
62.9
64.4
62.2
63.3
63.8
64.2
65.5
64.8
65.5
65.3
64.5
64.6
64.9
64.7
65.5
64.2
64.4
64.7
63.8
64.0
64.6
64.9
64.6
64.1
64.7
64.7
65.6
66.4
69.1
68.1
71.9
72.4
72.1
70.9
70.3
70.3
69.1
69.3
68.4
68.9
69.4
69.1
68.2
69.0
68.8
69.1
68.5
68.3
66.5
64.8
60.2
58.9
60.8
59.7
61.2
64.9
64.9
65.4
67.2
68.1
67.9
67.5
67.2
66.2
65.2
68.6
69.1
68.4
68.2
67.9
68.0
69.6
69.5
70.8
76.4
77.4
79.0
80.7
81.1
80.5
77.8
77.1
76.3
73.1
72.4
71.8
72.2
71.9
70.3
70.4
69.2
71.0
69.6
68.2
67.8
68.2
66.4
67.4
67.1
67.3
66.7
68.4
67.5
67.0
67.1
67.3
73.4
70.2
74.5
74.3
73.6
74.5
74.4
72.1
71.1
71.3
68.9
69.0
67.4
67.5
68.0
69.7
70.3
73.1
74.0
73.8
73.6
74.2
74.0
72.4
71.9
70.5
68.0
68.5
68.4
67.5
68.0
66.9
68.1
66.9
68.2
66.9
67.1
66.6
67.6
66.7
67.4
67.9
68.7
69.7
70.0
70.7
71.0
73.5
75.8
78.8
81.7
83.1
84.0
86.2
86.3
83.8
85.2
83.2
79.8
78.3
77.6
78.0
85.1
84.1
88.2
94.4
93.4
95.7
95.9
92.6
93.4
89.9
86.7
85.2
91.5
91.7
88.4
84.2
80.1
76.9
72.7
71.0
68.8
67.6
67.5
68.5
67.3
66.5
67.5
66.1
64.9
63.7
86.3
75.2
75.2
78.1
76.6
75.5
72.1
68.7
74.0
75.4
80.7
79.6
79.0
76.1
72.2
68.4
64.2
61.6
63.3
62.3
62.5
62.4
61.6
60.6
60.7
61.9
61.8
189.7
205.5
139.6
62.9
62.2
62.0
61.1
62.0
61.1
60.5
60.1
62.0
61.5
61.4
61.7
61.0
61.2
60.9
57.9
53.3
54.9
61.1
64.4
63.3
58.7
59.5
59.8
57.1
61.2
62.5
65.9
62.8
62.1
62.2
62.0
64.3
65.1
64.9
65.2
64.9
61.9
62.0
62.0
63.3
63.5
63.7
64.1
64.4
64.0
64.1
64.4
63.8
65.7
66.1
65.7
65.3
67.0
65.7
65.7
65.8
66.5
65.2
65.3
65.3
66.9
68.0
69.8
68.7
70.8
72.8
71.9
71.1
71.9
70.8
70.9
72.0
71.9
72.7
82.7
78.5
81.3
81.8
80.2
79.2
77.1
75.6
71.6
68.6
65.1
63.8
62.6
62.0
64.3
66.6
69.2
70.1
68.6
68.2
67.3
68.2
69.7
71.0
71.7
73.6
73.7
73.5
72.8
72.9
72.7
77.5
80.8
79.3
81.3
83.2
83.6
85.1
85.4
82.7
82.5
79.3
76.8
76.2
74.5
74.0
71.4
69.7
68.4
69.2
68.9
68.0
67.7
67.4
68.0
67.5
66.2
67.9
66.5
66.7
65.9
66.7
67.4
67.8
66.5
68.0
68.1
66.9
68.0
67.7
68.3
69.0
68.0
68.6
68.7
68.6
69.1
68.8
68.6
69.5
67.7
68.0
68.6
68.5
67.2
69.5
70.4
70.5
69.6
67.6
71.3
72.0
72.1
72.6
73.1
74.4
76.0
74.7
74.8
76.0
76.6
77.4
78.1
78.0
75.1
74.5
67.3
63.9
65.7
65.5
68.7
75.0
77.2
75.0
78.2
75.9
73.7
78.6
77.4
82.3
81.9
81.9
85.8
84.8
82.4
80.6
81.8
81.7
82.8
82.8
81.5
81.0
81.4
85.1
88.4
88.6
86.9
86.7
85.7
84.0
83.8
83.6
82.7
82.9
83.7
82.3
82.2
81.8
81.5
81.5
82.2
82.0
82.4
82.0
80.8
82.9
86.3
89.1
89.0
87.9
89.2
90.1
89.3
88.8
86.8
87.9
86.9
86.1
85.7
83.6
83.5
83.8
85.8
85.7
85.8
85.4
84.0
83.6
84.4
83.0
83.0
81.5
80.8
84.8
85.6
85.3
86.4
86.5
86.6
87.3
88.0
87.7
87.5
87.9
86.8
87.7
88.9
87.4
83.7
82.0
82.3
83.6
82.5
83.1
83.6
82.6
83.5
85.1
83.9
83.1
83.9
82.9
82.8
82.1
79.1
81.6
86.3
87.2
87.6
87.4
84.3
82.5
82.1
79.7
79.1
78.4
77.9
78.6
77.8
80.1
79.4
79.8
79.1
79.4
78.6
80.2
79.6
78.9
80.3
83.3
83.9
84.8
84.8
83.7
84.7
83.5
83.1
81.5
80.1
79.8
79.5
80.4
83.9
78.4
82.8
83.3
78.5
77.7
77.7
80.4
82.7
82.3
81.9
80.9
81.0
72.2
71.9
69.1
74.5
73.8
75.2
94.2
101.6
118.7
103.9
84.1
80.3
79.2
77.4
74.9
73.3
117.1
111.8
74.5
70.7
69.9
67.5
69.9
68.6
70.9
70.4
71.0
71.3
70.8
69.3
70.7
71.4
72.6
73.8
72.6
72.9
73.5
72.7
72.1
71.3
69.0
66.2
67.4
65.1
61.5
76.1
81.9
89.5
92.9
90.3
90.3
86.8
78.6
73.1
69.5
66.0
65.3
66.4
67.1
67.4
67.8
70.0
70.7
70.9
69.9
66.9
68.0
75.2
76.8
79.1
78.8
76.2
75.5
72.4
71.8
71.9
72.4
73.0
74.9
73.7
70.7
73.2
72.5
77.1
79.2
80.7
80.5
80.0
78.3
74.9
77.8
79.0
77.4
76.8
75.5
77.4
75.7
77.5
75.7
76.4
74.8
73.4
73.3
75.1
72.9
75.1
76.0
78.4
77.2
78.2
76.8
76.3
101.6
86.7
74.1
74.0
73.4
73.0
74.9
73.0
74.9
74.5
71.8
71.9
72.0
73.3
71.2
73.0
73.6
75.1
75.6
72.6
75.9
73.6
73.0
71.3
72.1
73.6
74.1
75.0
76.3
74.9
75.5
73.1
74.7
73.4
71.6
73.2
74.9
75.1
73.3
72.7
72.3
66.8
67.9
66.8
65.4
70.2
69.2
68.8
70.1
70.7
71.5
73.6
73.3
75.4
71.5
71.6
75.4
75.2
76.3
73.9
78.0
78.3
77.1
75.6
71.3
70.1
70.3
69.9
69.3
70.4
70.6
72.3
73.5
72.3
72.3
73.3
71.4
69.0
72.7
72.9
72.8
72.7
72.1
70.5
71.6
71.9
73.3
75.0
72.1
72.1
67.8
67.7
68.5
68.1
70.1
70.8
70.1
70.5
71.8
71.2
72.7
71.3
71.1
71.8
73.8
75.0
74.1
75.8
74.9
74.1
75.7
75.9
78.3
77.7
76.9
76.2
77.0
76.1
77.7
78.9
78.8
78.3
77.8
77.6
78.0
78.0
78.6
80.2
79.0
79.2
78.2
79.4
78.8
79.6
79.2
78.7
78.8
76.3
81.8
105.7
107.4
103.0
101.4
97.3
98.9
97.8
95.3
91.7
89.5
89.1
87.9
86.9
85.9
85.2
84.3
85.2
84.8
82.0
83.1
83.9
83.7
82.8
83.2
82.9
82.3
81.4
81.0
80.6
80.6317880794702
80.4476821192053
80.2635761589404
80.0794701986755
79.8953642384106
79.71125827814569
79.52715231788079
79.34304635761589
79.15894039735099
78.97483443708609
78.79072847682119
78.60662251655629
78.42251655629138
78.23841059602648
78.0543046357616
77.8701986754967
77.6860927152318
77.5019867549669
77.31788079470199
77.13377483443709
76.94966887417219
76.76556291390729
76.58145695364239
76.39735099337749
76.21324503311259
76.02913907284768
75.84503311258278
75.66092715231788
75.47682119205298
75.29271523178808
75.10860927152318
74.92450331125828
74.74039735099338
74.55629139072848
74.37218543046357
74.18807947019867
74.00397350993377
73.81986754966887
73.63576158940397
73.45165562913907
73.26754966887417
73.08344370860927
72.89933774834438
72.71523178807948
72.53112582781458
72.34701986754968
72.16291390728477
71.97880794701987
71.79470198675497
71.61059602649007
71.42649006622517
71.24238410596027
71.05827814569537
70.87417218543047
70.69006622516557
70.50596026490066
70.32185430463576
70.13774834437086
69.95364238410596
69.76953642384106
69.58543046357616
69.40132450331126
69.21721854304636
69.03311258278146
68.84900662251655
68.66490066225165
68.48079470198675
68.29668874172185
68.11258278145695
67.92847682119205
67.74437086092715
67.56026490066225
67.37615894039735
67.19205298013244
67.00794701986754
66.82384105960264
66.63973509933776
66.45562913907285
66.27152317880795
66.08741721854305
65.90331125827815
65.71920529801325
65.53509933774835
65.35099337748345
65.16688741721855
64.98278145695365
64.79867549668874
64.61456953642384
64.43046357615894
64.24635761589404
64.06225165562914
63.87814569536424
63.69403973509934
63.50993377483444
63.325827814569536
63.141721854304635
62.95761589403973
62.77350993377483
62.58940397350993
62.40529801324503
62.221192052980136
62.037086092715235
61.852980132450334
61.66887417218543
61.48476821192053
61.30066225165563
61.11655629139073
60.93245033112583
60.748344370860934
60.56423841059603
60.38013245033113
60.19602649006623
60.01192052980133
59.82781456953643
59.64370860927153
59.45960264900663
59.275496688741725
59.091390728476824
58.90728476821192
58.72317880794702
58.53907284768212
58.35496688741722
58.17086092715232
57.98675496688742
57.80264900662252
57.618543046357615
57.434437086092714
57.25033112582781
57.06622516556291
56.88211920529801
56.69801324503312
56.513907284768216
56.329801324503315
56.145695364238414
55.96158940397351
55.77748344370861
55.59337748344371
55.40927152317881
55.225165562913915
55.041059602649014
54.85695364238411
54.67284768211921
54.48874172185431
54.30463576158941
54.12052980132451
53.93642384105961
53.752317880794706
53.568211920529805
53.384105960264904
53.2
64.9
63.9
63.8
81.6
90.5
71.7
64.8
65.9
68.7
69.7
67.0
65.3
61.8
64.2
62.6
64.8
62.1
64.2
62.2
60.6
62.3
64.5
63.4
61.9
62.3
67.7
67.2
66.1
67.4
66.9
65.9
62.7
63.0
61.7
65.1
63.9
64.9
65.8
66.3
66.8
69.7
68.4
69.0
68.6
68.8
68.0
67.1
62.5
62.1
61.1
62.0
61.2
63.3
63.6
63.4
62.0
63.2
64.5
64.1
64.6
67.3
68.2
66.8
65.9
64.7
65.4
64.1
60.1
61.1
61.2
59.6
60.3
61.5
61.3
62.5
62.7
62.6
61.7
63.1
62.5
61.6
63.3
64.3
63.8
65.1
61.7
62.8
63.4
63.8
63.6
63.5
63.2
64.0
64.4
66.4
67.8
68.4
67.8
70.1
68.9
68.4
69.4
69.0
69.6
70.3
69.9
70.7
69.1
64.0
60.9
59.4
59.3
61.5
62.4
61.8
65.8
66.6
70.3
86.1
73.4
73.0
72.2
73.8
79.6
73.8
67.8
70.9
74.1
77.3
78.4
76.6
72.6
70.4
70.2
70.7
72.2
84.4
87.2
80.1
66.6
64.6
65.1
61.4
62.5
62.5
66.7
77.4
82.5
69.8
67.9
66.2
65.9
66.2
67.0
66.3
66.7
65.8
65.7
67.2
65.5
64.9
64.2
64.6
65.3
64.7
62.5
63.4
63.3
63.9
64.2
65.3
66.4
65.7
66.9
64.7
66.4
66.4
63.4
64.4
63.3
66.8
66.2
65.1
67.1
67.4
68.2
67.4
65.5
64.5
66.1
64.6
64.5
65.7
66.1
64.2
66.1
66.5
66.0
65.8
67.6
69.9
69.6
69.9
67.9
70.2
70.3
72.2
72.0
71.6
71.9
72.0
71.5
71.0
70.5
70.0
70.8
70.4
71.4
68.9
68.8
70.6
72.2
76.5
79.5
81.2
82.3
79.9
78.4
78.9
77.5
75.3
89.6
113.3
108.1
109.5
63.6
67.8
67.2
68.3
67.1
65.8
64.5
64.0
65.0
64.9
65.2
64.3
63.8
65.2
65.8
65.8
65.4
66.3
65.9
69.5
68.2
68.5
67.4
67.7
66.2
68.0
67.3
66.3
67.4
67.7
67.3
67.3
68.8
69.4
69.4
69.9
70.8
70.2
70.1
70.2
69.8
68.3
63.1
69.0
71.8
75.0
83.3
156.1
160.1
132.9
76.6
75.4
75.2
72.5
72.7
74.2
71.8
69.9
70.2
69.1
67.3
66.8
65.5
64.5
62.8
60.9
61.2
61.2
60.7
62.1
62.1
62.9
62.7
62.0
63.1
62.0
61.0
63.1
65.0
65.7
65.5
62.3
65.1
63.0
62.6
64.5
64.2
64.5
64.0
63.7
61.3
63.4
63.5
63.3
63.2
65.1
64.1
63.0
63.3
65.1
65.0
66.3
74.3
74.9
74.0
76.1
76.7
75.7
73.5
73.4
72.9
73.1
72.6
70.8
72.3
73.1
73.1
72.9
74.6
73.6
77.1
91.0
87.5
91.7
90.9
88.8
87.2
84.8
82.6
80.6
78.1
76.0
75.3
76.6
79.2
81.5
84.1
83.4
83.6
82.7
80.9
82.4
90.9
92.3
94.7
92.3
91.4
90.5
88.2
85.8
85.3
81.9
81.2
80.4
80.2
79.8
77.3
77.2
75.4
74.9
75.3
76.4
74.1
74.2
73.7
71.4
74.8
74.5
71.7
75.1
73.7
73.0
72.7
67.1
64.6
73.2
72.6
71.6
73.1
70.9
71.4
70.7
72.5
72.0
69.8
72.7
70.2
69.9
69.3
72.4
72.6
71.7
72.7
72.9
71.9
68.6
72.8
73.7
73.0
73.3
71.7
71.0
68.1
73.8
75.1
76.4
75.8
75.8
74.7
74.5
73.8
75.4
72.1
69.4
71.3
70.4
72.0
73.9
76.9
77.8
75.6
74.9
75.9
74.2
73.2
71.9
77.0
78.7
78.6
81.4
78.5
80.8
81.0
79.3
78.6
77.8
76.1
77.8
80.4
79.6
82.3
78.3
79.6
82.0
81.2
80.3
80.3
82.2
82.6
78.1
77.1
73.6
77.7
79.0
78.3
77.1
78.6
80.3
80.7
80.2
82.2
81.0
80.9
82.7
85.9
89.7
86.7
86.3
91.5
92.2
88.5
90.4
88.6
88.0
86.5
89.1
88.5
85.6
80.8
79.0
85.0
88.1
85.8
86.5
87.4
85.9
98.3
90.1
97.4
93.0
88.7
84.4
74.85
67.925
61.0
89.0
87.1
91.2
92.5
91.4
90.2
92.0
94.3
92.4
90.7
91.8
90.5
85.1
86.7
88.3
86.3
86.9
87.0
81.7
85.0
83.7
86.5
88.6
88.4
88.0
86.2
87.2
87.1
86.2
83.7
83.9
84.7
86.1
85.0
85.4
83.5
84.3
83.0
82.4
83.7
83.0
82.6
82.0
81.6
82.8
82.5
83.2
82.3
82.5
83.7
83.6
83.6
85.9
87.9
90.2
88.9
88.3
85.3
88.7
87.6
85.3
85.3
86.5
84.9
81.5
87.5
85.8
83.8
78.4
78.5
78.3
78.0
73.6
80.7
80.9
79.5
79.5
79.0
79.6
76.6
77.6
77.0
74.5
73.7
74.4
74.3
74.6
73.7
74.3
75.3
76.2
77.0
76.9
78.7
77.4
75.9
76.5
75.4
76.2
77.6
77.5
77.1
77.5
77.2
77.5
77.3
76.5
77.7
79.1
78.9
79.4
78.8
79.4
78.4
79.4
78.4
76.3
79.8
78.5
84.5
85.1
84.9
80.9
82.1
81.4
83.8
82.9
82.4
80.7
77.5
159.5
215.9
227.5
176.7
132.0
77.6
76.5
74.8
74.1
73.4
73.2
71.6
71.1
70.8
70.3
71.0
71.4
70.9
69.2
68.3
68.5
69.9
70.8
71.5
71.2
70.4
69.7
70.8
69.5
70.0
69.9
70.3
71.2
70.8
68.4
67.0
65.4
65.1
68.4
69.8
69.4
67.2
66.9
65.6
71.4
72.8
68.3
70.0
68.8
68.2
68.3
66.5
73.3
73.2
70.6
72.4
75.4
78.9
78.4
78.4
76.8
76.6
75.8
76.5
80.5
80.7
82.4
80.9
81.1
80.9
81.4
82.1
82.3
82.1
82.1
81.4
79.8
82.1
81.0
79.7
79.7
78.6
79.4
78.6
79.1
77.4
72.4
76.9
78.0
77.4
78.1
83.8
79.2
81.7
83.7
82.0
95.6
88.6
95.2
91.2
88.6
85.6
84.4
82.1
81.4
79.0
77.0
76.2
75.0
73.8
74.5
74.2
73.1
72.7
72.3
72.7
93.2
79.7
76.8
75.1
75.4
75.9
77.0
76.0
76.8
77.2
75.9
75.9
73.6
76.5
76.7
75.9
76.0
77.6
76.6
75.3
74.5
75.0
75.5
76.7
76.5
76.0
75.3
75.5
75.3
76.5
77.8
77.1
76.8
76.2
74.6
75.6
74.8
74.6
70.1
69.9
69.4
71.3
74.8
78.4
78.8
80.0
80.5
81.3
79.6
79.9
79.9
77.6
79.5
78.7
78.1
79.4
79.5
77.7
77.3
78.0
80.0
78.6
77.2
76.0
77.0
76.7
76.9
78.0
77.9
73.5
75.7
83.1
82.6
81.9
83.2
83.3
89.0
89.6
84.6
85.1
86.3
85.9
85.3
86.0
87.5
92.6
90.0
92.5
89.5
80.9
92.7
94.9
91.3
89.2
91.1
93.3
95.0
101.4
99.2
99.0
98.9
96.7
94.4
93.1
93.1
97.0
98.2
97.7
98.5
99.9
99.7
97.6
97.5
98.2
98.3
96.0
95.7
96.9
97.7
98.1
98.3
98.8
101.6
101.1
99.0
99.0
99.7
96.8
98.7
99.6
100.1
101.5
101.9
102.8
98.9
107.3
104.1
104.1
100.9
101.0
101.7
103.2
102.3
99.3
100.2
105.3
104.1
101.4
101.4
102.5
102.3
101.1
100.9
104.4
112.9
121.5
123.2
128.8
128.7
126.8
125.8
122.0
119.3
117.3
112.7
110.6
109.1
107.4
104.7
104.7
102.7
101.9
100.3
100.9
104.3
104.9
101.4
100.6
103.1
103.5
106.8
112.1
111.0
108.5
111.4
111.8
110.5
108.9
111.8
107.3
107.0
115.4
115.9
117.5
116.8
118.2
114.0
112.2
110.5
107.6
103.4
97.4
93.4
91.9
95.5
96.1
95.5
98.1
100.8
98.8
95.7
94.8
91.4
91.4
85.6
86.0
89.4
94.2
106.7
104.1
92.2
92.1
90.3
90.2
90.5
86.0
86.8
89.2
91.7
101.4
111.5
114.0
118.6
133.9
133.4
134.4
128.6
124.9
124.5
123.0
122.5
117.4
112.7
108.7
108.7
111.9
115.7
117.0
117.3
119.3
118.1
118.1
118.1
123.4
120.4
117.0
111.2
107.1
108.1
105.8
102.6
102.5
100.3
97.2
99.4
98.2
101.2
99.1
102.4
104.1
109.2
104.8
106.8
106.4
109.8
108.9
108.6
107.8
98.9
99.8
100.4
97.0
97.2
96.1
97.9
98.8
102.9
104.6
113.5
116.1
108.8
106.9
103.9
100.9
101.8
100.7
103.9
99.2
93.2
89.8
98.2
108.6
93.6
102.6
105.1
108.5
109.6
104.1
94.2
90.7
86.2
87.0
86.9
83.5
84.4
87.7
91.2
97.6
100.1
104.9
102.6
102.7
100.6
104.3
135.6
113.2
88.5
84.4
85.7
103.4
89.6
85.9
90.6
84.0
78.8
79.6
78.5
75.7
74.6
78.2
76.9
74.6
75.2
79.6
93.7
90.9
72.3
87.9
83.3
85.9
87.8
88.5
92.5
90.7
87.9
79.5
79.6
80.2
72.6
79.1
77.2
77.4
75.7
75.5
82.6
81.1
79.7
80.6
77.9
79.7
79.0
76.9
75.1
72.2
89.9
67.7
70.0
69.0
68.3
67.4
68.7
67.5
66.9
68.5
67.7
69.3
70.2
70.5
70.8
71.7
67.2
69.1
69.7
68.5
74.1
71.8
73.5
78.3
78.0
78.9
81.9
77.2
74.0
78.3
74.3
70.1
64.1
62.3
61.8
59.4
57.3
62.8
60.5
59.9
62.1
64.1
64.1
63.3
64.3
65.6
66.2
68.4
69.3
67.8
68.6
67.9
68.5
104.6
73.6
66.3
67.9
65.9
65.2
65.5
62.1
69.7
73.1
72.7
76.2
75.5
74.8
74.5
70.2
68.4
69.0
74.3
75.3
76.4
79.9
95.1
98.3
96.8
89.4
84.7
79.9
74.7
72.2
65.0
62.7
60.1
58.4
57.3
57.8
59.5
61.2
59.266666666666666
59.15
59.03333333333333
58.916666666666664
58.8
60.1
59.4
62.8
63.2
65.2
62.1
58.8
61.6
62.5
63.1
65.3
68.6
65.6
65.4
66.4
66.0
68.5
68.9
67.9
75.7
77.9
79.4
87.4
95.5
103.3
86.0
90.3
87.6
82.2
75.7
72.9
69.1
67.2
64.6
64.4
64.0
64.3
63.1
64.1
64.1
65.6
62.7
111.4
56.3
65.2
64.4
59.0
60.8
68.5
65.3
68.9
78.3
86.7
89.4
96.1
93.8
84.3
85.3
81.5
78.1
77.1
75.0
71.7
71.4
70.5
69.1
67.8
67.1
72.8
72.3
73.5
77.1
77.9
77.4
78.6
77.1
75.9
77.9
81.1
83.5
80.8
78.8
76.5
75.1
90.3
97.8
89.3
79.0
74.2
70.8
71.6
76.8
81.1
85.8
67.2
24.5
-18.200000000000003
49.36666666666666
61.8
92.4
92.4
89.5
89.9
87.7
87.5
91.5
92.5
84.2
80.1
79.8
77.3
73.5
72.1
68.7
67.6
66.4
66.5
68.6
80.5
86.9
81.7
76.9
70.9
69.8
68.2
66.7
63.3
64.8
64.0
59.7
58.8
61.8
65.1
65.9
65.2
69.0
73.4
71.9
69.4
64.3
65.8
65.0
62.6
64.1
64.9
65.8
64.6
65.1
63.9
63.4
63.5
61.3
61.4
58.6
53.8
53.3
53.1
55.6
56.5
60.8
65.0
64.2
64.5
58.0
56.0
55.1
52.3
51.7
54.0
53.9
58.3
59.9
59.4
59.0
56.4
56.1
57.9
58.7
58.9
61.8
60.5
76.3
62.4
64.4
63.7
69.2
69.0
63.5
68.1
64.5
64.5
64.3
57.6
55.1
53.5
52.2
52.6
54.6
55.1
55.9
57.0
57.4
59.3
60.8
58.1
59.9
60.2
57.7
56.9
58.6
53.0
61.8
72.0
71.5
70.7
64.6
60.7
64.5
63.4
59.3
61.2
60.5
61.7
57.0
59.2
55.2
59.2
40.7
28.0
30.0
30.0
30.0
29.9
29.0
29.0
29.0
29.0
33.7
67.9
110.3
105.1
104.1
102.6
101.1
100.0
96.7
90.7
91.8
92.2
92.5
90.2
88.5
83.3
85.1
82.7
87.8
82.7
85.1
85.7
97.5
98.7
90.2
90.2
90.9
89.7
87.0
87.1
85.3
78.7
81.3
82.7
85.2
85.4
83.9
81.6
80.3
80.1
79.9
81.2
81.1
81.3
81.7
73.9
68.5
71.0
72.4
72.9
74.2
86.8
95.6
95.6
71.2
74.7
75.9
76.1
76.4
74.7
74.8
75.8
75.7
74.7
72.2
74.9
80.0
76.7
78.5
74.8
73.8
72.2
72.2
69.9
70.2
75.7
78.0
79.6
80.5
78.0
76.1
73.1
71.1
71.7
69.5
67.9
68.2
69.4
70.0
71.7
72.7
70.8
68.7
66.2
66.8
67.1
69.4
66.2
71.1
70.2
70.6
64.1
68.3
65.5
67.4
66.5
66.6
67.4
68.20000000000002
66.6
67.4
67.2
71.3
73.2
73.9
75.1
76.4
75.8
75.6
76.6
75.3
75.4
78.0
77.2
76.8
72.5
75.4
74.2
68.6
72.8
76.8
78.5
75.0
75.8
72.3
71.0
69.8
70.6
69.1
69.2
68.5
70.4
69.4
72.3
76.2
78.8
79.0
79.2
76.4
81.6
81.1
77.4
75.3
73.5
74.2
72.9
73.1
72.8
74.2
73.2
72.2
74.1
74.0
74.7
75.0
74.7
71.6
67.6
72.0
76.7
69.6
70.8
67.6
70.1
69.6
67.7
68.3
68.1
68.0
70.6
65.9
64.5
67.4
66.9
67.7
69.2
69.4
68.1
71.1
71.7
71.9
73.5
72.8
74.0
74.2
73.9
74.8
73.5
66.9
74.9
74.7
74.6
76.1
70.7
74.2
74.2
75.4
74.1
76.5
78.4
74.8
77.5
75.6
75.0
82.6
91.2
88.4
84.6
91.9
118.4
66.5
70.9
69.5
69.1
70.7
69.5
70.8
72.3
71.1
71.5
75.9
77.0
73.6
72.4
71.1
78.3
82.3
80.5
80.7
86.0
88.9
87.5
86.0
83.8
82.7
81.4
79.3
78.6
73.3
74.1
74.9
74.2
73.7
73.5
73.1
73.0
73.2
71.0
70.7
70.4
76.0
75.6
74.3
73.2
76.7
82.3
74.7
77.5
81.7
85.6
78.5
78.9
77.1
77.3
80.1
77.7
76.8
75.8
73.5
71.9
69.0
72.2
71.3
69.3
70.7
72.7
70.6
73.5
77.9
76.2
74.3
73.5
77.3
76.4
76.8
75.2
73.5
72.3
78.6
81.8
82.2
80.4
78.1
77.9
77.9
88.9
92.9
90.1
83.6
78.6
79.5
78.6
71.4
72.6
71.9
69.1
68.0
67.4
67.3
65.7
69.9
91.5
93.1
93.0
88.2
84.5
79.5
78.6
78.6
73.5
72.0
68.1
67.5
65.4
70.8
75.3
73.3
70.2
70.9
70.6
70.0
68.0
65.8
65.8
63.5
101.5
68.5
58.0
64.7
66.9
65.1
66.0
61.1
61.3
64.6
64.8
69.1
67.7
75.8
72.9
74.0
73.2
78.0
93.0
108.0
106.7
108.0
103.9
100.1
93.2
85.7
80.0
75.5
70.3
68.6
65.1
63.8
62.4
62.1
59.2
58.3
58.1
54.1
54.8
55.0
55.4
55.3
56.5
57.5
58.1
58.6
61.9
61.1
61.7
67.3
68.1
66.9
65.8
62.2
59.1
57.1
57.1
54.1
53.8
57.2
55.4
57.7
59.2
58.4
60.5
62.5
60.7
58.0
63.4
57.7
62.1
60.4
59.8
59.3
56.9
60.2
61.5
59.2
60.6
65.6
73.9
71.4
69.8
68.3
67.0
64.3
64.0
62.5
62.4
59.5
60.4
62.0
65.9
66.5
67.7
77.2
75.3
77.1
77.3
72.3
67.8
64.7
62.1
62.4
59.0
58.0
57.9
58.1
59.4
59.7
59.3
62.7
63.0
62.2
62.3
63.3
61.6
64.4
64.8
62.5
62.0
62.6
63.8
63.0
62.5
61.9
63.2
65.0
62.6
63.4
62.9
62.2
63.3
62.4
63.4
62.7
63.5
64.2
67.0
66.7
66.3
64.8
65.6
66.1
68.9
67.2
70.1
72.6
70.5
65.0
64.9
64.9
64.1
63.1
64.4
62.3
64.3
61.1
62.9
57.7
63.6
70.1
68.9
68.2
66.5
64.3
64.5
65.9
66.9
68.4
67.5
66.6
65.7
69.2
69.1
67.0
67.5
69.2
68.9
69.6
88.5
128.8
78.0
68.7
69.5
68.0
65.9
67.9
67.5
68.5
68.2
67.1
70.0
64.6
62.8
65.8
74.3
70.7
72.2
69.8
70.9
72.3
72.7
73.4
71.9
73.6
71.5
69.2
68.2
68.8
69.1
68.5
69.1
70.2
68.9
74.1
71.5
70.8
73.6
73.5
68.2
68.4
70.0
70.0
68.0
66.7
70.7
69.5
72.0
69.2
67.2
71.1
76.2
75.4
75.6
71.7
76.8
70.6
78.3
75.3
70.5
78.4
80.3
81.8
81.4
80.1
76.9
75.4
75.1
71.4
74.4
75.5
76.8
79.3
79.0
83.4
78.9
77.7
75.2
78.0
78.5
78.1
74.8
71.3
76.0
69.8
71.5
63.9
70.1
68.6
69.0
66.7
66.0
69.2
71.4
70.0
70.5
69.0
68.7
69.8
67.5
68.1
68.9
66.4
80.4
72.1
83.0
87.4
87.3
87.6
86.6
85.6
82.6
80.8
78.8
82.8
79.6
76.9
76.7
78.5
77.4
78.3
76.7
75.7
74.3
71.4
68.6
72.6
76.2
77.4
78.1
75.9
74.0
77.3
75.4
72.5
72.6
67.6
68.5
70.6
72.5
75.2
73.0
71.6
57.2
57.8
56.3
57.7
60.7
56.8
59.2
53.3
57.7
53.6
55.8
59.4
57.2
60.4
60.3
59.9
65.5
66.6
70.3
65.3
72.1
68.8
73.4
68.8
68.4
71.5
71.0
71.1
69.3
67.6
69.1
70.4
70.1
69.7
69.2
67.0
68.5
68.4
70.0
68.5
68.7
68.0
69.3
67.3
70.0
68.9
71.6
68.9
68.9
69.8
72.0
71.0
73.0
72.8
71.9
71.0
73.2
75.4
74.9
75.6
74.2
71.5
75.6
77.6
77.3
78.1
75.9
77.0
74.9
75.9
76.1
78.4
78.0
79.0
75.7
79.5
80.4
81.7
80.7
80.7
80.0
79.8
81.6
80.9
83.5
82.5
82.0
83.0
81.4
80.6
83.6
84.0
81.5
83.6
83.3
80.7
79.3
75.2
86.3
91.3
89.1
88.3
89.4
88.9
94.7
96.6
93.7
86.0
91.1
96.9
95.9
94.3
94.5
94.9
96.9
95.9
97.2
88.3
90.0
85.7
83.6
90.8
93.6
89.7
86.9
85.7
82.2
81.3
82.7
84.9
88.1
87.9
90.0
86.2
84.8
88.0
92.2
95.0
87.8
82.8
87.8
87.4
81.0
87.1
90.8
84.2
87.1
92.5
88.7
86.5
81.3
81.0
77.2
82.5
81.9
81.8
78.6
78.9
75.6
79.5
80.9
79.2
82.6
82.9
85.0
73.7
81.7
86.9
89.5
88.9
87.8
89.8
89.0
86.3
83.5
84.4
78.4
84.1
85.4
83.3
83.1
82.7
86.5
77.7
76.4
80.1
81.2
77.0
72.6
77.8
78.9
76.4
81.2
79.3
81.6
26.5
13.5
14.0
14.0
14.0
14.0
4.9
73.6
97.9
91.6
85.0
80.0
78.0
75.8
75.0
83.7
97.6
100.4
91.4
86.6
83.1
81.7
79.5
78.5
76.1
80.3
74.9
77.5
76.5
75.6
75.2
71.0
73.5
72.7
76.8
74.0
73.7
76.4
74.9
74.2
73.8
71.8
73.0
73.6
72.7
79.9
78.3
80.3
77.6
76.7
72.8
71.7
72.5
70.6
71.4
74.4
77.7
74.0
77.7
76.9
72.9
74.4
78.8
76.7
75.9
79.5
78.0
74.0
73.0
70.7
75.3
77.6
78.7
76.5
74.3
80.6
78.3
81.8
75.7
80.3
75.5
81.5
76.0
74.3
72.8
77.0
81.2
83.6
79.6
80.5
78.4
79.5
80.3
82.4
80.0
82.2
80.7
82.0
80.8
81.9
83.3
86.1
84.9
79.4
77.1
75.8
82.1
82.6
81.1
78.5
74.9
75.4
77.2
77.7
77.2
78.4
74.3
82.8
83.2
86.3
68.2
75.1
75.6
73.5
72.0
71.6
71.9
72.3
73.0
76.0
81.0
76.1
78.6
70.5
72.7
63.0
69.4
65.5
71.9
70.5
70.4
72.6
70.9
70.6
69.9
71.8
71.8
74.8
78.0
74.1
77.3
80.2
81.0
80.4
79.8
81.2
80.9
82.0
80.5
80.1
81.6
80.1
75.9
80.3
79.9
80.4
77.2
79.2
76.7
78.7
79.1
79.9
80.7
80.8
81.5
80.8
81.5
79.8
79.1
80.2
77.9
77.3
73.5
74.9
74.7
78.2
68.3
66.7
67.8
74.5
75.6
72.1
68.9
73.2
71.1
71.6
71.0
68.8
67.6
84.5
80.6
78.8
71.6
70.8
72.6
73.3
71.8
72.6
74.0
74.0
74.8
71.2
69.7
71.3
71.1
73.9
74.5
76.1
74.9
71.4
77.3
77.8
79.1
76.4
74.1
76.7
72.9
70.4
73.5
68.1
73.5
74.3
72.9
71.5
70.8
72.9
73.1
74.7
76.5
78.5
76.1
75.3
76.0
75.8
75.5
76.8
78.3
76.7
78.4
76.2
76.5
78.4
77.7
82.1
82.7
82.9
82.3
79.4
77.6
75.6
76.1
77.8
75.5
78.3
75.8
81.7
80.6
79.1
75.3
71.6
71.8
70.4
80.9
83.8
75.6
78.0
77.9
74.4
75.1
74.1
71.0
68.5
70.2
68.7
66.5
71.5
71.4
67.7
73.6
73.2
71.8
72.0
72.9
70.7
72.3
73.3
69.7
70.1
71.8
73.6
73.5
69.1
73.8
74.3
72.3
73.3
72.4
72.5
76.3
73.8
73.1
71.5
69.1
66.2
66.1
67.8
68.3
69.4
67.4
69.8
72.2
72.3
71.5
69.8
72.3
73.0
69.5
72.5
74.7
76.3
75.8
75.7
73.2
74.5
75.1
75.8
73.3
70.4
64.9
67.5
70.7
76.1
15.7
-44.69999999999999
18.146153846153844
19.369230769230768
20.592307692307692
21.815384615384616
23.03846153846154
24.26153846153846
25.484615384615385
26.70769230769231
27.93076923076923
29.153846153846153
30.376923076923077
31.6
32.823076923076925
34.04615384615384
35.269230769230774
36.49230769230769
37.71538461538462
38.93846153846154
40.16153846153846
41.38461538461539
42.607692307692304
43.830769230769235
45.05384615384615
46.27692307692308
47.5
65.7
67.8
64.9
67.3
72.9
79.2
85.5
80.7
75.5
72.4
71.9
69.2
68.5
74.0
72.9
74.4
73.3
73.4
75.8
81.3
78.0
79.0
78.4
87.0
85.7
80.7
79.4
74.9
74.8
72.4
77.3
76.4
76.0
76.5
79.2
76.3
76.5
79.9
80.5
77.6
73.2
84.9
83.1
90.0
94.4
95.4
90.2
85.6
83.2
79.1
77.2
77.1
75.3
79.7
89.0
93.9
82.9
81.9
78.4
76.9
75.0
75.4
75.2
72.4
77.9
76.7
75.9
76.0
74.8
75.5
77.9
77.6
77.3
77.3
77.6
78.5
76.3
78.3
80.4
76.2
77.5
70.1
71.5
73.4
70.8
94.8
85.8
76.3
75.4
75.6
73.6
73.1
71.1
70.8
70.7
66.7
66.3
68.3
69.8
68.2
66.8
69.5
68.8
68.4
70.9
71.6
70.4
71.9
71.8
65.8
69.1
70.7
71.2
68.8
71.1
70.6
72.5
73.0
75.1
76.0
75.2
80.4
81.4
78.4
78.8
79.7
75.6
76.3
76.9
75.1
77.3
76.7
74.6
77.3
71.7
73.4
73.1
72.6
73.1
71.7
72.4
72.9
73.0
74.6
72.4
74.0
71.9
70.5
70.5
65.6
64.2
69.9
69.7
73.6
73.8
76.9
74.6
81.2
78.0
80.1
80.4
80.7
77.4
78.6
78.8
77.2
74.2
72.8
73.1
72.2
77.8
68.4
70.5
69.6
69.7
65.9
65.5
69.1
64.2
67.9
69.8
67.0
67.6
67.6
63.1
66.2
69.3
69.5
69.3
68.9
71.0
67.8
67.0
69.8
60.1
57.9
65.9
70.8
65.4
64.9
66.4
70.9
71.5
70.9
69.6
70.5
78.5
73.1
75.2
74.0
65.6
72.1
70.8
67.6
68.8
68.2
68.8
69.2
69.0
68.7
71.1
69.4
67.5
72.4
62.5
59.3
61.2
60.6
60.1
60.5
60.5
61.9
61.8
65.0
63.1
59.4
62.4
65.6
63.0
67.1
63.1
62.8
64.0
63.7
65.1
64.7
64.5
64.7
66.2
66.1
67.2
66.1
67.2
65.1
63.5
75.2
103.8
134.1
60.9
66.8
67.9
64.5
62.8
63.1
62.3
62.3
60.7
64.2
58.9
62.8
60.8
64.1
63.2
66.1
61.3
63.8
67.6
70.2
71.9
67.2
64.0
65.2
63.8
63.5
64.2
66.3
61.9
68.8
64.3
64.4
74.7
71.9
65.6
64.2
89.1
89.5
97.6
86.2
72.3
86.2
77.2
81.0
81.4
95.6
85.2
82.8
87.3
88.6
95.3
118.1
120.0
83.5
82.7
82.7
114.3
107.6
89.2
90.0
91.5
93.9
93.2
91.9
82.7
79.9
80.6
79.3
79.7
80.1
87.0
80.9
84.6
82.1
76.2
76.8
78.5
82.9
81.8
75.1
89.0
93.4
92.8
91.2
91.3
81.3
75.8
74.5
72.6
70.7
72.1
80.4
79.9
79.4
73.1
76.9
73.8
73.4
79.7
77.3
76.3
78.1
76.6
77.1
76.1
69.6
75.0
77.9
79.5
80.3
124.2
113.3
106.7
65.5
67.4
69.0
65.5
60.7
61.0
60.5
60.9
61.5
64.1
63.0
62.1
61.8
60.4
61.1
62.0
63.8
65.3
61.1
59.7
58.9
60.5
64.7
66.9
68.3
64.1
64.8
63.8
63.3
64.2
64.9
65.0
64.7
68.4
67.4
66.7
68.4
69.0
66.0
68.7
62.0
68.7
71.3
86.6
127.1
73.1
70.7
71.9
71.1
70.0
68.8
68.9
64.1
66.2
63.3
60.7
63.9
62.5
67.0
66.6
64.6
89.7
129.6
101.3
71.3
69.0
65.8
67.6
68.3
66.3
64.8
67.2
64.2
64.4
63.8
65.3
65.4
65.4
66.1
65.0
68.2
67.6
66.3
67.4
67.7
67.1
66.8
64.1
66.3
75.6
71.6
75.5
74.5
70.5
69.1
65.5
67.7
68.0
67.6
69.1
67.0
64.7
65.6
65.3
70.6
68.6
67.6
65.1
70.1
69.9
69.2
68.3
69.1
69.6
67.8
67.6
73.9
67.3
67.1
68.1
68.7
70.8
70.7
70.2
72.3
72.6
73.4
72.5
71.6
76.4
76.9
79.3
74.3
75.4
75.4
72.5
72.3
74.4
68.8
67.9
67.4
69.3
72.4
72.9
103.1
94.4
75.9
76.0
74.6
73.8
76.0
72.1
72.2
72.2
73.5
70.3
70.5
69.6
71.1
68.4
69.7
68.9
71.8
70.1
74.5
71.2
69.9
68.6
69.4
67.6
70.0
68.3
66.9
68.8
68.0
66.5
69.9
69.0
68.8
71.5
72.3
72.0
70.7
73.9
73.5
73.2
72.8
73.4
73.5
71.2
73.1
73.2
72.0
69.2
69.8
70.1
69.6
68.2
68.9
67.9
67.8
73.7
73.5
70.2
71.5
72.8
72.9
72.1
69.4
67.7
68.1
68.0
62.1
72.2
71.9
71.9
76.0
64.8
72.0
82.4
81.1
81.7
78.4
75.8
74.2
74.2
71.0
70.6
70.8
70.1
70.9
65.8
67.1
67.4
66.9
68.0
69.0
74.0
77.8
153.4
71.9
69.0
73.6
71.8
68.4
68.5
66.3
71.2
69.9
66.8
71.1
108.2
68.9
71.0
72.1
75.8
76.7
74.0
75.7
71.2
70.8
70.9
73.2
71.9
69.6
67.6
65.0
64.6
65.3
66.7
69.4
67.2
63.6
65.2
70.0
73.5
72.9
70.8
67.8
71.2
70.5
70.2
69.9
73.3
70.3
69.9
70.5
73.5
72.0
74.5
73.8
78.0
74.1
73.4
73.4
75.0
72.2
72.7
71.9
75.1
73.5
76.0
71.4
73.1
71.8
75.4
75.0
74.2
77.3
75.0
78.2
75.5
75.7
71.8
72.3
72.6
73.0
75.7
72.7
71.0
70.6
69.5
71.2
71.6
71.9
73.9
72.5
74.0
73.3
76.4
75.3
76.7
79.4
79.9
73.0
77.7
71.5
76.2
76.6
77.7
76.0
78.2
77.5
76.1
76.3
76.5
78.9
79.0
74.2
75.4
74.9
76.7
77.6
72.3
77.8
73.1
78.1
78.4
76.3
76.4
77.4
74.1
74.6
75.5
76.5
74.9
77.9
77.0
78.3
80.4
76.4
76.8
77.1
75.6
72.1
77.6
79.0
79.3
76.9
73.3
72.4
75.9
72.4
68.9
70.3
71.5
69.9
70.9
72.1
71.3
72.2
71.5
73.7
71.5
70.5
71.5
68.9
70.4
70.7
70.6
69.7
69.2
70.0
69.2
65.0
127.1
173.0
173.0
175.2
170.6
167.1
166.2
124.1
75.5
77.3
71.2
74.7
72.0
71.1
68.4
73.8
74.7
68.3
70.9
80.4
77.5
79.0
81.3
79.9
77.5
75.5
75.9
73.8
73.6
72.8
74.4
78.4
67.9
68.8
67.6
101.4
65.9
66.9
70.8
73.4
75.1
74.1
74.8
73.2
67.8
73.5
86.9
76.0
79.7
78.2
79.5
71.2
75.0
73.4
180.8
347.7
262.3
73.5
75.7
74.6
75.2
74.4
74.4
72.8
75.6
76.6
76.1
77.4
81.0
84.8
85.3
82.2
88.1
87.8
82.6
74.7
67.7
74.3
78.7
77.0
76.6
74.0
73.6
75.8
73.2
68.3
71.9
79.5
78.4
75.4
76.8
77.9
77.3
82.3
83.5
81.2
81.2
80.7
80.9
81.7
85.7
83.5
84.4
83.1
83.6
81.1
73.0
74.8
72.8
79.7
80.0
79.9
80.3
84.1
84.5
80.3
85.3
83.7
83.9
83.0
85.2
78.2
84.8
84.9
73.5
74.8
75.4
76.9
77.8
79.7
77.5
80.9
81.1
78.5
77.0
82.0
77.3
83.6
81.3
82.2
81.9
76.1
81.8
80.7
86.5
86.8
91.7
91.1
89.1
89.5
86.6
86.9
86.3
85.7
80.9
81.2
83.1
80.3
84.1
79.0
72.8
60.6
60.5
64.0
68.0
72.5
71.4
70.1
72.1
74.2
78.6
67.8
78.1
75.3
76.5
76.9
72.8
66.0
67.1
71.3
78.1
75.0
73.0
73.9
71.6
73.4
72.9
77.7
77.1
74.3
77.2
80.1
80.7
79.9
73.6
79.0
81.2
78.0
69.6
77.6
80.7
79.3
78.9
83.8
77.4
85.0
83.4
83.9
83.7
86.7
81.0
82.9
85.4
81.8
80.4
83.9
83.2
85.5
85.7
79.5
83.3
85.5
81.7
81.1
81.5
81.6
82.0
84.1
82.2
82.9
83.6
84.0
82.4
78.2
82.8
83.1
81.8
84.0
86.1
83.0
79.8
82.5
78.8
78.6
81.8
81.9
77.5
84.3
86.8
83.5
78.7
75.4
74.8
78.2
78.5
78.0
73.5
83.5
82.2
78.5
81.1
81.6
81.9
78.9
82.6
77.5
82.9
83.6
85.1
84.5
84.9
87.1
86.4
87.3
85.8
84.1
85.6
83.5
85.0
82.4
83.1
83.0
85.3
82.6
83.9
87.5
86.1
82.5
86.0
83.2
81.2
79.2
84.7
86.4
82.9
83.1
71.9
101.4
125.0
70.0
69.1
65.2
66.5
65.1
59.8
61.1
65.2
65.7
65.2
65.9
60.6
58.4
62.8
61.6
59.2
59.9
59.3
56.9
56.5
59.9
60.1
64.6
62.8
53.8
60.1
64.4
63.9
63.2
66.2
70.3
68.5
65.2
62.7
63.2
64.2
58.3
70.4
63.6
61.8
66.2
66.6
68.1
63.0
67.3
62.7
62.2
60.9
59.7
61.6
61.9
61.6
60.4
59.2
59.1
64.5
59.8
64.1
67.2
67.3
69.3
64.3
58.5
63.9
60.3
59.1
58.6
59.3
55.3
59.2
60.3
61.2
61.5
61.7
62.3
61.2
64.6
61.0
63.0
56.2
61.4
53.6
59.6
59.8
58.9
58.1
59.9
59.1
59.8
57.8
59.8
59.0
58.5
59.1
55.0
57.9
56.1
50.7
56.3
57.7
57.8
76.5
100.3
68.1
64.9
64.9
64.3
67.3
71.1
75.1
64.1
58.3
67.7
69.0
68.9
65.2
63.7
67.0
69.0
67.6
68.5
66.2
61.7
71.6
77.3
79.2
83.7
86.6
84.9
89.1
86.6
85.1
87.8
84.0
83.8
87.8
87.2
88.2
90.3
86.7
95.6
90.7
90.0
90.7
91.5
94.9
92.7
87.1
87.5
85.3
84.2
85.8
87.8
89.5
91.2
84.9
83.5
84.3
84.1
82.3
77.5
77.5
80.2
82.9
79.30625
78.859375
78.41250000000001
77.965625
77.51875
77.071875
76.625
76.17812500000001
75.73125
75.284375
74.8375
74.390625
73.94375000000001
73.496875
73.05
72.603125
72.15625
71.70937500000001
71.2625
70.815625
70.36875
69.921875
69.475
69.028125
68.58125
68.134375
67.6875
67.240625
66.79375
66.346875
65.9
65.453125
65.00625
64.559375
64.1125
63.665625000000006
63.21875
62.771875
62.325
61.878125
61.431250000000006
60.984375
60.5375
60.090625
59.64375
59.196875000000006
58.75
58.303125
57.85625
57.409375
56.962500000000006
56.515625
56.06875
55.621875
55.175
54.728125000000006
54.28125
53.834375
53.3875
52.940625
52.493750000000006
52.046875
51.6
57.6
62.0
64.9
66.0
68.4
56.8
65.9
66.6
113.5
70.3
70.8
72.8
73.1
73.0
72.0
73.7
71.5
74.9
76.0
76.1
72.4
75.3
75.4
73.3
71.4
70.2
72.8
73.1
70.8
72.3
69.8
72.4
73.3
74.1
74.9
77.1
71.0
73.2
73.7
70.1
79.2
81.3
81.6
80.5
81.3
80.4
81.6
81.6
81.0
82.8
81.3
79.0
81.1
82.4
82.2
69.7
76.1
79.8
81.5
79.9
78.3
78.6
79.7
81.9
82.4
74.1
78.5
78.5
80.8
82.5
83.7
84.4
79.0
76.4
82.0
81.8
82.2
81.4
81.3
80.3
82.7
83.0
80.2
83.0
84.1
82.6
81.3
83.5
83.5
82.6
82.0
79.5
82.3
82.5
78.5
81.8
79.9
81.2
79.2
80.7
80.7
78.8
80.4
81.8
80.7
82.0
80.7
85.9
83.9
85.6
86.1
84.8
81.0
81.0
81.2
81.5
80.4
80.9
81.7
83.0
84.8
83.2
80.0
79.4
78.7
79.4
78.5
78.4
78.1
79.1
79.7
78.6
69.5
62.9
63.6
58.1
75.5
58.2
57.0
57.0
64.4
59.9
62.2
58.1
55.6
57.3
60.5
65.3
69.2
67.4
67.2
68.6
69.8
72.6
74.1
74.7
70.5
74.3
74.3
72.1
73.6
69.6
75.5
73.9
67.3
71.8
72.6
72.3
66.6
67.4
67.3
68.0
69.4
71.1
71.4
67.8
70.0
71.8
67.4
67.1
64.7
67.1
67.8
66.1
66.0
69.4
70.2
74.6
73.1
71.4
65.3
65.3
65.4
70.7
71.4
73.2
72.1
74.3
72.8
72.9
70.8
69.9
69.9
70.8
72.2
69.3
66.5
70.1
70.0
68.0
67.8
65.5
129.3
88.2
63.6
64.7
69.0
68.6
65.1
67.7
60.1
60.5
61.1
60.7
62.2
64.8
59.6
57.1
59.2
60.2
61.9
83.2
108.5
109.8
110.5
81.3
81.7
85.4
93.6
93.3
94.1
81.5
81.1
81.7
82.9
78.7
78.5
75.9
74.2
74.7
71.1
69.3
69.3
73.0
69.8
68.7
67.8
69.9
79.3
73.5
73.9
77.2
79.0
74.9
73.8
75.9
73.8
72.3
73.7
71.0
73.4
76.9
73.7
70.0
74.8
74.9
74.4
73.0
71.5
70.5
68.8
72.5
74.6
70.4
73.1
74.6
76.2
73.6
70.8
77.8
75.5
72.5
68.2
67.2
63.4
63.5
67.7
66.7
68.3
68.2
69.2
65.9
66.2
70.3
67.6
72.2
71.8
74.7
77.1
78.1
71.4
75.2
76.9
76.3
72.8
71.9
70.5
66.8
71.5
69.9
68.1
65.9
67.6
68.3
68.1
66.8
70.4
70.1
67.9
70.8
68.4
71.2
72.0
71.1
70.3
72.7
72.5
69.8
79.3
77.0
77.9
75.8
76.7
76.0
73.4
73.9
71.7
74.1
73.6
77.8
72.8
72.7
70.1
65.5
65.8
70.8
67.5
67.3
68.4
66.5
62.7
61.7
66.3
66.9
68.9
69.8
68.3
69.0
67.5
66.1
69.5
70.0
71.4
70.6
70.1
67.5
65.4
64.8
66.9
64.4
67.6
63.4
67.2
67.4
63.7
64.6
63.0
64.2
67.3
65.7
67.6
67.4
68.6
67.6
66.6
65.6
67.7
66.6
66.6
65.9
62.9
62.7
63.9
66.0
65.0
66.1
65.4
65.0
64.5
66.8
65.9
67.4
66.4
66.6
66.6
68.4
68.6
72.0
71.0
69.7
66.5
68.6
70.6
70.7
69.9
70.8
71.1
72.0
74.0
71.3
72.8
76.5
75.5
75.2
75.2
76.9
80.0
77.6
79.3
78.7
80.6
80.7
78.0
77.5
72.9
72.9
71.6
72.9
72.6
72.8
72.5
68.1
70.0
71.0
72.0
71.7
71.0
72.2
73.0
72.5
70.4
70.4
74.1
76.2
76.9
75.5
77.8
77.8
75.3
76.1
75.0
75.2
74.1
75.8
71.6
72.5
74.1
73.0
69.3
68.9
67.8
67.9
65.4
69.6
67.4
68.3
70.8
70.9
69.6
69.9
71.2
71.5
73.9
72.6
74.0
73.8
71.2
72.0
71.0
70.6
72.6
72.8
73.9
72.5
73.0
75.0
75.8
73.7
74.0
72.8
73.7
71.5
72.3
74.8
74.8
72.2
71.5
68.7
67.4
71.8
71.7
70.0
69.0
73.3
73.3
76.1
74.1
78.2
73.4
74.6
73.5
75.6
73.2
71.6
70.3
74.5
74.5
76.7
77.8
78.8
78.4
77.5
79.1
81.1
79.7
77.4
75.1
77.1
78.7
78.3
81.5
80.1
76.8
74.4
74.8
75.7
76.0
73.6
78.2
75.5
77.2
77.0
75.1
78.1
77.7
78.2
76.8
75.5
73.2
77.2
75.3
76.2
75.7
76.6
78.2
77.1
74.9
75.0
75.6
75.4
76.4
75.0
77.3
78.9
73.6
72.6
76.2
78.1
87.1
83.3
44.0
10.0
10.0
10.0
27.5
79.3
77.4
77.1
75.4
72.0
70.9
66.8
68.3
68.1
87.1
70.6
68.7
71.5
76.9
75.7
72.4
71.6
68.0
66.3
63.5
61.4
59.1
58.0
58.4
60.8
60.6
59.0
55.0
58.8
62.1
62.9
64.4
64.1
65.2
66.3
64.2
68.6
69.0
65.6
64.7
66.4
65.9
68.3
66.9
65.3
65.1
65.2
61.2
62.2
67.5
69.0
72.6
70.1
71.1
71.6
65.0
66.9
66.8
67.1
67.9
68.2
69.0
66.8
65.2
65.4
67.4
65.4
68.1
70.2
67.0
67.3
67.4
68.8
67.8
69.4
66.4
67.5
69.5
72.3
73.7
73.5
72.4
71.7
68.8
73.4
78.6
73.6
75.2
74.9
71.1
71.7
68.0
142.7
251.3
264.4
203.9
66.5
67.6
66.9
65.4
68.2
69.3
69.4
67.3
69.1
75.2
70.8
76.2
71.4
76.0
73.2
75.8
84.4
86.4
95.7
92.8
90.2
99.7
95.7
100.6
95.1
103.3
97.7
95.7
87.7
84.0
89.2
92.0
85.9
84.7
84.2
80.9
80.8
80.6
82.3
85.8
83.5
84.8
79.8
76.8
75.1
70.9
74.0
79.0
77.5
73.7
73.3
79.0
78.4
77.6
76.8
78.5
73.3
71.9
73.8
80.3
83.8
85.4
82.4
79.7
77.7
76.2
75.6
75.0
75.1
71.8
72.0
70.4
70.3
68.1
69.8
69.4
69.3
68.0
69.3
66.8
67.9
66.6
72.3
71.6
70.5
71.1
69.7
69.8
69.9
70.5
72.8
72.2
75.2
76.2
82.8
85.9
83.9
81.8
83.2
81.8
82.8
76.6
82.3
81.5
82.8
81.1
83.6
78.4
87.0
88.6
82.1
81.8
86.1
88.2
86.1
82.2
79.3
76.6
78.1
78.4
76.2
75.7
77.4
78.0
74.1
70.9
72.7
75.7
76.4
77.1
77.7
75.8
78.9
82.5
86.2
93.9
85.1
95.4
93.8
91.4
83.2
85.4
75.8
77.9
79.9
79.7
81.3
82.4
83.5
71.9
72.7
72.4
73.7
73.1
74.6
77.5
72.6
74.7
77.3
73.5
71.2
71.2
75.0
73.6
81.2
79.1
80.3
77.5
84.8
83.3
81.8
84.0
83.7
82.0
79.3
80.6
80.9
83.2
88.0
81.3
82.5
81.1
78.9
77.7
77.5
79.3
78.7
80.5
81.1
78.7
80.9
81.8
82.5
81.9
82.1
83.1
83.1
79.5
81.2
74.3
75.9
84.7
81.6
82.4
80.7
82.1
80.7
80.7
85.8
85.3
85.9
84.5
83.8
84.9
84.0
82.8
87.1
87.1
87.5
89.0
85.6
86.6
88.4
87.7
84.7
86.3
87.9
86.2
150.4
254.7
253.0
253.0
253.0
252.0
238.8
212.0
222.9
137.8
186.4
216.2
138.6
101.0
76.1
77.0
74.8
78.0
77.2
75.8
78.8
78.5
78.2
78.6
78.7
80.5
77.6
78.7
80.4
82.1
80.1
80.1
80.3
80.7
80.0
82.0
77.5
78.8
80.9
79.7
77.6
79.4
80.8
80.2
81.2
78.9
76.4
77.3
81.4
79.9
77.9
79.9
81.2
76.8
80.0
78.2
77.8
77.9
79.0
79.1
77.7
79.8
79.1
78.1
76.9
78.0
76.8
79.3
76.8
77.0
73.4
80.0
75.9
76.9
74.3
77.2
75.4
74.5
71.6
74.7
74.0
77.6
82.3
83.2
82.0
83.8
83.1
80.1
79.5
79.7
77.5
80.8
78.4
75.2
76.0
71.7
77.5
79.8
74.4
78.7
79.6
80.8
77.1
82.3
79.2
76.6
75.3
74.3
73.7
74.1
74.4
75.6
75.2
74.2
69.6
73.4
97.3
153.8
231.6
223.4
219.0
229.1
230.7
216.8
163.8
141.2
92.4
73.8
71.2
70.5
71.8
71.5
70.8
70.1
68.3
70.3
69.3
67.8
65.8
67.0
67.2
68.6
66.8
68.2
68.7
63.6
61.5
92.7
66.7
69.6
68.4
68.4
70.9
70.1
73.8
72.3
71.2
71.1
70.6
73.4
71.6
70.9
74.7
75.1
74.8
76.8
76.6
75.9
76.2
77.3
76.4
77.0
83.1
84.2
91.2
94.7
94.1
94.4
91.8
88.3
89.2
93.2
97.1
91.0
89.1
87.9
84.3
83.4
83.1
81.9
80.6
79.9
79.7
79.9
79.6
78.7
79.8
80.4
80.6
79.7
83.0
80.5
83.3
86.4
84.5
80.5
83.9
86.5
82.7
81.9
83.7
82.8
83.4
82.3
82.8
83.0
78.9
84.3
82.1
82.3
83.0
83.3
82.8
89.0
89.9
90.1
88.6
88.2
85.0
87.3
85.8
87.0
85.1
84.6
86.8
83.4
84.6
84.4
85.1
84.4
82.7
82.1
82.2
84.9
83.4
82.5
82.6
82.2
82.7
79.6
81.8
78.1
82.7
88.5
89.9
86.0
92.5
91.8
91.1
95.3
95.6
92.7
91.8
93.0
90.5
89.6
89.0
89.2
87.7
86.1
88.1
87.5
86.8
87.9
85.7
88.4
90.5
88.6
92.8
91.2
87.5
90.8
90.3
89.9
90.8
89.5
86.6
87.7
86.4
86.4
87.3
87.3
89.2
89.7
87.9
88.3
92.1
90.8
89.3
94.8
97.4
97.6
95.7
96.3
93.4
95.9
93.0
100.0
103.9
110.0
105.4
97.1
98.9
92.9
90.8
92.4
93.3
89.9
88.5
91.8
90.3
93.6
90.7
99.4
96.4
104.1
99.0
99.2
100.6
97.7
99.5
99.1
102.0
100.4
102.8
103.3
101.0
105.8
101.7
98.2
101.6
108.4
106.4
104.4
110.3
111.1
110.9
108.4
109.5
105.1
102.6
100.5
97.7
97.7
93.0
94.5
98.3
100.1
99.7
101.2
96.9
98.0
101.1
100.1
96.9
95.3
92.7
87.0
95.9
94.5
96.0
97.8
98.6
95.8
94.4
88.8
91.8
92.3
86.8
89.4
91.3
91.3
90.0
92.9
92.5
88.9
87.8
86.7
88.2
90.0
94.0
103.6
104.6
122.9
84.0
45.099999999999994
