121.95
152.3
92.3
99.0
95.9
97.9
95.5
95.8
95.0
94.4
91.8
92.5
92.3
93.1
93.6
93.6
95.2
95.3
97.4
94.8
94.8
94.8
92.9
92.2
90.4
89.4
92.6
99.9
99.6
102.5
102.5
103.8
101.2
98.0
97.1
97.6
95.7
98.0
95.7
95.7
94.7
97.0
95.7
92.8
95.8
92.9
106.1
109.4
102.7
99.3
97.3
96.6
99.8
97.2
98.8
103.3
104.6
104.4
104.0
103.3
104.9
102.4
99.5
101.4
101.1
102.5
100.1
101.1
102.0
101.4
100.5
98.3
98.7
96.8
96.9
98.6
97.9
96.7
94.7
100.0
98.7
96.9
97.1
95.2
94.3
97.1
96.4
94.5
95.4
97.1
90.2
89.2
86.5
87.1
84.1
84.3
85.2
84.4
95.5
94.4
94.9
94.0
95.0
96.4
94.2
94.2
95.7
95.8
94.9
93.3
93.0
92.0
90.1
84.7
94.2
92.1
90.2
86.4
85.1
84.1
84.0
82.7
81.3
82.3
81.5
81.2
81.8
82.4
85.0
82.1
79.0
82.4
81.9
82.9
84.2
84.8
82.7
79.0
79.1
78.5
76.5
75.8
75.0
74.0
72.6
139.8
190.2
151.5
76.4
74.7
75.6
76.1
73.4
72.7
73.2
73.0
73.2
74.6
71.5
73.7
76.0
74.5
73.5
73.5
73.4
71.0
75.1
74.2
72.2
69.8
71.6
72.2
70.6
71.9
71.8
73.5
72.3
72.0
71.5
70.7
70.3
70.2
71.0
70.9
70.9
69.7
68.5
73.9
70.9
78.6
83.5
80.0
77.7
76.6
76.4
76.2
81.5
83.2
81.0
79.6
79.3
78.8
91.0
134.7
79.3
80.1
77.9
80.3
78.0
76.9
75.5
72.7
71.7
75.9
73.4
72.3
71.1
70.4
69.4
69.6
68.5
68.8
68.4
69.1
67.9
69.6
66.7
66.3
66.6
65.7
66.7
67.3
66.4
65.8
70.9
74.0
73.2
73.9
72.0
70.6
85.3
193.5
345.4
275.3
67.8
68.6
68.3
72.3
76.0
74.2
73.6
124.6
76.5
132.5
72.6
65.2
65.5
202.4
64.8
66.1
64.1
63.0
74.3
203.2
334.6
112.9
88.7
99.8
110.5
76.5
70.3
92.1
69.9
71.0
74.9
75.2
72.4
67.8
68.2
70.6
71.5
77.3
79.1
78.2
76.1
76.3
78.9
79.5
78.5
77.9
76.9
77.8
77.1
78.2
78.1
77.5
78.5
78.4
77.8
77.7
75.4
78.0
76.5
75.3
77.4
78.4
100.2
116.6
315.8
342.4
218.6
153.9
82.5
81.4
81.2
80.6
78.6
78.3
77.2
77.8
76.5
77.1
75.5
76.4
79.3
81.1
117.4
130.9
81.9
78.9
76.4
72.2
73.0
73.9
71.1
69.0
71.3
71.6
72.1
71.5
71.3
71.1
71.3
71.7
73.8
75.0
77.7
79.6
82.4
79.0
78.7
77.5
80.1
77.0
81.2
79.7
72.8
71.1
71.5
70.2
68.5
66.5
68.4
66.9
68.3
67.9
70.4
74.1
77.8
75.2
74.5
76.5
72.8
72.9
113.2
74.3
72.9
71.1
81.7
87.5
123.1
199.1
330.8
337.3
338.9
238.4
101.1
86.8
81.9
81.7
78.2
78.8
77.9
78.5
77.5
76.7
77.0
77.8
80.3
82.3
83.1
79.3
72.4
69.8
69.0
67.1
69.8
71.4
72.0
71.5
75.3
83.5
90.2
72.3
69.1
68.2
67.2
68.0
69.0
70.1
70.0
71.5
74.2
74.6
73.8
71.1
68.6
71.1
72.1
73.5
74.7
73.1
72.8
73.2
75.4
70.1
66.1
66.7
66.0
71.8
72.9
78.5
90.4
71.5
73.6
179.0
67.0
68.0
66.7
66.7
67.7
66.9
67.3
68.9
67.8
67.4
67.7
67.3
68.8
69.9
73.5
80.1
80.8
80.1
78.9
76.3
75.3
73.7
78.2
225.2
248.4
80.4
74.9
76.7
75.3
71.7
73.6
77.3
75.8
72.8
73.6
75.2
80.5
77.3
78.3
77.1
77.9
79.0
80.9
82.5
84.5
86.7
88.2
86.9
178.6
237.4
199.6
138.6
85.5
75.3
69.4
69.9
71.2
70.0
68.0
68.8
69.2
71.6
70.8
73.3
71.6
68.3
71.9
72.3
71.5
70.3
69.7
69.8
71.8
71.1
72.5
70.9
70.9
71.0
70.3
69.8
70.5
68.0
69.2
71.1
69.1
67.9
70.4
73.1
79.9
79.8
75.9
74.9
75.5
79.1
74.3
74.0
79.7
82.1
74.3
75.1
71.3
73.0
72.5
72.0
71.3
71.1
71.7
78.6
79.6
80.8
78.8
77.9
77.2
75.2
77.8
76.1
79.1
83.7
76.4
75.9
134.5
152.7
170.89999999999998
94.1
64.8
71.2
72.5
73.4
71.2
71.0
69.2
70.3
68.5
70.9
72.2
70.8
76.0
75.1
73.7
75.0
78.0
70.1
73.6
72.3
71.5
71.6
70.0
70.9
71.1
72.0
72.0
72.5
71.2
69.6
73.2
72.8
72.0
73.7
72.9
75.2
75.5
74.0
74.5
76.1
74.9
73.9
74.3
74.7
73.1
73.7
74.9
72.3
73.9
73.1
71.3
71.5
71.0
69.7
71.0
71.2
72.7
71.0
72.0
70.4
71.3
71.1
72.9
71.8
70.9
70.0
70.1
69.5
71.6
69.9
70.7
72.1
70.2
69.2
67.6
68.0
71.6
71.9
74.0
71.2
71.9
73.5
77.2
79.3
80.6
78.8
78.1
78.2
75.8
73.3
73.5
70.9
71.7
69.5
69.4
70.9
69.9
70.3
71.2
71.7
72.9
77.0
74.1
75.7
76.4
75.5
75.4
74.8
77.9
73.0
70.8
70.0
68.7
71.1
72.0
72.8
72.8
70.0
70.3
71.3
70.6
69.9
71.1
71.8
71.0
73.2
80.0
82.0
78.5
75.2
75.8
79.6
79.4
74.7
75.1
76.3
71.5
70.3
77.3
77.8
75.5
71.5
70.4
70.2
71.9
71.6
71.7
69.4
69.0
69.5
70.1
71.2
69.2
69.9
69.1
70.3
68.7
69.6
73.6
73.8
72.8
71.0
71.1
69.5
71.9
73.6
70.7
70.9
70.3
69.8
68.7
68.9
69.1
70.4
71.0
71.2
71.3
70.8
71.9
71.1
72.6
73.0
73.3
70.9
71.7
72.5
71.9
70.7
72.9
75.3
74.2
76.0
75.0
73.1
75.3
75.3
75.0
76.5
76.4
73.9
73.2
74.3
74.5
76.2
76.0
73.6
75.5
73.6
74.6
77.2
76.2
73.9
71.4
71.3
70.3
70.4
71.3
77.3
79.8
76.9
78.2
76.3
78.9
77.4
75.9
75.4
76.6
75.5
72.8
75.1
74.0
73.5
76.6
100.8
77.1
76.9
75.2
73.4
74.2
75.3
75.2
76.5
77.7
75.3
74.0
73.0
70.2
71.7
71.0
76.6
79.9
78.2
76.2
81.8
81.8
93.4
79.7
96.7
73.8
73.2
74.8
73.7
74.5
74.5
76.4
76.0
74.1
75.1
76.4
76.5
74.4
77.0
74.8
74.9
75.5
76.0
74.9
75.8
77.2
76.2
77.0
77.3
74.8
77.4
76.1
78.1
78.2
78.0
77.8
80.0
79.5
74.8
80.3
79.1
84.7
84.7
85.9
80.5
77.2
81.1
80.1
79.8
81.9
78.4
77.6
78.4
78.5
79.8
78.4
78.2
77.5
76.9
72.9
76.1
75.5
74.3
76.9
73.3
78.7
75.2
75.8
75.6
73.7
75.3
82.8
81.6
79.2
80.1
80.0
78.0
74.6
77.3
75.5
75.4
78.1
82.0
81.0
79.6
79.6
79.8
78.5
80.7
79.8
81.3
78.9
77.6
75.4
76.2
76.6
76.6
77.3
76.4
77.1
77.5
78.0
79.4
79.4
79.2
80.6
79.8
79.2
79.2
77.0
77.0
76.6
77.8
78.4
76.1
76.0
76.5
75.8
76.1
74.0
74.9
74.9
78.6
76.3
74.0
76.2
74.1
74.6
73.6
77.3
75.4
75.8
76.4
76.4
76.1
76.0
140.7
120.6
77.1
75.4
77.2
76.2
77.4
77.6
79.2
78.6
76.2
75.4
75.2
75.3
76.7
75.6
76.9
74.0
75.9
76.7
77.3
76.1
74.7
76.5
75.5
75.5
78.6
75.1
76.8
73.8
73.1
71.6
73.5
73.4
77.0
76.8
77.6
76.4
78.3
79.5
80.8
82.6
80.4
81.4
81.5
78.9
81.9
79.8
82.5
80.5
75.0
78.1
74.6
75.7
77.1
75.0
76.2
78.8
76.0
75.9
75.5
75.1
71.1
72.6
71.5
72.0
70.2
69.7
70.9
74.5
72.9
72.6
71.2
73.0
75.4
74.6
74.2
74.3
73.0
72.3
75.1
75.2
75.6
75.0
75.8
77.6
76.2
76.4
75.7
76.6
77.4
77.7
79.8
80.1
77.6
77.7
77.5
77.6
77.6
75.5
76.2
80.8
88.1
125.3
77.7
79.1
76.5
75.1
74.1
74.2
76.2
74.3
74.7
76.1
77.8
80.3
76.6
77.7
76.4
81.1
84.2
77.0
77.4
75.3
76.6
76.2
76.4
75.4
73.8
74.9
76.3
74.2
74.8
78.4
80.0
79.9
79.6
78.2
76.9
75.4
75.3
75.2
74.6
74.4
76.4
78.0
80.1
81.0
83.6
80.5
82.1
80.6
79.0
78.8
81.1
81.6
81.9
79.6
77.8
76.2
75.9
75.5
78.1
76.2
76.1
75.9
74.5
77.3
80.2
83.5
84.5
81.7
81.8
79.3
82.3
81.2
82.2
81.3
79.9
79.4
79.6
81.0
80.0
79.5
80.4
77.3
78.7
75.9
80.6
83.7
86.4
89.2
93.2
90.6
88.0
85.3
84.9
81.4
79.2
84.5
83.9
93.4
99.7
98.0
100.2
97.0
98.2
95.8
91.7
89.7
92.1
98.3
95.5
94.5
96.9
97.5
89.5
86.1
86.1
83.8
81.2
79.8
79.6
80.4
79.0
76.9
79.5
78.0
76.0
78.5
77.4
80.9
79.2
80.0
75.9
75.7
72.0
75.1
76.7
78.2
79.5
80.5
76.8
76.6
74.1
76.3
75.5
77.1
76.8
78.2
83.6
83.1
82.0
82.5
83.3
80.7
79.2
79.0
79.6
79.4
79.0
80.6
80.4
83.9
81.0
79.1
79.1
80.0
82.1
82.0
78.3
74.9
73.4
76.2
79.2
78.1
76.9
79.0
79.8
81.9
87.5
79.6
80.6
87.0
87.3
87.9
88.2
91.3
88.6
89.3
86.4
91.4
88.1
89.0
90.7
86.5
85.3
77.5
75.1
74.1
78.5
82.6
86.6
83.9
86.1
84.4
87.7
82.5
83.3
79.6
79.7
76.7
75.8
76.3
78.7
76.4
78.9
78.3
80.4
79.7
79.6
79.3
79.6
81.7
81.0
76.2
79.2
75.3
74.9
81.2
83.7
83.1
84.0
81.3
83.6
82.0
81.5
83.0
80.6
77.0
77.3
80.6
79.5
74.4
78.0
78.2
78.8
74.2
78.0
81.0
80.0
81.0
84.8
86.5
82.0
79.8
80.1
81.9
78.4
79.8
79.6
78.5
77.2
78.4
79.0
80.7
83.2
81.7
82.2
82.1
80.5
78.8
79.4
77.5
81.8
83.2
81.4
80.2
80.7
81.2
79.0
77.4
77.4
77.4
76.2
79.1
77.3
77.4
77.0
78.5
79.6
78.2
79.8
81.8
91.9
89.1
86.2
84.9
82.1
81.8
79.0
79.0
79.4
78.6
79.4
79.0
79.6
78.9
79.6
77.8
77.5
76.6
77.7
77.2
77.7
79.4
79.4
78.7
80.0
82.8
81.9
79.3
79.5
78.0
75.6
76.6
77.2
79.9
81.0
81.4
93.9
82.6
76.4
76.1
77.1
74.5
77.1
78.5
77.2
76.7
76.1
75.4
78.4
79.0
78.2
75.5
74.2
74.4
73.1
71.1
73.5
73.6
73.8
73.0
73.4
72.8
71.7
73.1
71.7
72.2
73.3
73.5
73.7
74.8
74.5
72.9
75.8
76.7
78.4
86.5
90.0
85.5
85.6
81.8
80.7
80.1
83.4
74.7
73.6
72.8
76.4
76.6
76.8
83.8
81.6
81.8
79.5
78.5
77.8
78.9
77.4
133.6
103.9
77.6
77.6
75.2
74.0
72.5
72.8
73.7
73.1
69.9
70.5
71.1
71.3
71.2
70.1
74.3
73.4
72.8
73.0
72.1
71.9
71.1
70.1
70.3
71.6
72.3
72.8
73.7
71.7
73.8
72.7
71.1
73.0
73.9
72.9
80.1
116.0
78.4
76.7
76.6
75.8
74.6
74.3
72.7
73.6
74.6
74.5
71.5
71.1
73.9
73.6
74.4
81.3
76.4
72.2
75.2
77.3
75.4
77.5
79.5
77.2
73.9
72.5
76.1
76.4
75.8
74.0
75.0
73.1
72.3
72.1
73.8
72.2
73.5
73.4
71.9
74.1
74.0
74.4
73.8
73.5
73.3
72.4
72.8
75.0
75.0
80.0
155.5
163.2
136.3
78.1
76.6
76.2
75.3
74.1
73.3
72.7
71.6
71.2
72.3
74.9
73.5
71.3
70.7
70.6
71.2
71.6
70.1
72.9
73.2
74.0
80.3
77.9
75.5
74.1
74.7
75.0
74.7
73.1
73.6
75.6
74.4
75.8
74.8
74.6
73.1
74.1
75.5
75.2
76.0
76.8
79.0
83.2
76.7
76.4
76.8
75.8
76.3
75.4
74.7
73.5
74.1
73.6
72.4
72.9
72.7
74.1
74.0
74.3
74.1
73.1
74.1
75.4
76.3
81.9
80.0
77.5
74.9
76.3
74.2
74.5
73.7
73.6
74.2
76.6
76.5
75.0
76.1
76.5
76.1
77.4
82.2
82.0
79.0
76.9
74.1
73.4
75.5
76.8
77.4
75.4
74.9
74.3
75.8
81.1
80.7
84.7
87.6
86.1
78.3
72.1
70.0
72.8
73.9
71.4
72.6
73.3
72.6
70.8
71.7
70.0
71.5
73.1
75.7
77.1
73.0
70.4
68.2
68.8
69.8
71.3
70.4
70.5
75.0
97.8
156.3
184.2
213.6
76.2
86.2
106.1
81.8
78.2
76.0
75.4
75.2
76.3
81.6
80.2
76.5
74.8
74.2
74.0
77.4
83.1
86.5
79.1
75.2
72.5
70.5
72.4
71.5
69.2
69.9
69.9
70.1
70.5
74.1
71.9
70.9
71.1
69.9
70.2
73.5
71.6
70.6
70.3
71.7
72.9
76.6
78.4
76.4
73.8
73.4
73.4
76.0
81.7
81.8
95.9
97.5
150.0
98.0
159.8
228.7
226.1
102.1
79.4
79.7
77.8
78.3
78.5
150.4
226.4
227.1
228.0
228.0
228.0
228.0
228.0
228.0
228.0
228.0
228.0
228.0
228.0
228.0
228.0
228.0
158.3
82.3
81.0
77.8
75.7
74.2
73.4
73.3
73.0
76.1
76.5
74.5
73.7
72.7
72.7
72.3
71.6
73.0
71.5
71.5
71.2
71.5
73.8
71.8
72.3
74.4
74.0
73.9
73.6
73.3
72.3
73.2
73.9
77.2
80.2
80.7
77.6
74.5
75.1
75.6
81.3
80.7
165.9
222.6
224.0
224.0
224.0
224.0
224.0
224.0
224.0
224.6
224.8
225.0
225.0
225.0
225.0
225.0
225.0
225.0
225.0
225.0
225.0
224.6
197.9
84.8
87.4
131.0
175.9
223.1
224.0
224.0
224.0
201.9
223.8
223.8
97.1
76.3
75.3
95.6
145.5
133.5
87.6
117.5
125.4
109.5
85.0
81.4
77.8
76.3
72.9
73.9
77.2
83.9
89.1
92.2
86.9
79.6
75.5
74.4
73.2
72.8
74.1
76.3
75.7
75.1
77.6
81.4
80.0
76.5
74.1
73.4
72.4
73.5
73.9
73.4
75.1
75.5
76.2
77.4
76.2
75.8
75.7
77.0
74.8
77.1
74.4
74.0
74.7
75.3
75.7
74.5
75.9
73.7
73.2
75.6
73.8
76.2
78.4
80.3
80.9
77.7
77.1
74.2
75.1
75.1
74.6
72.0
71.8
72.9
73.3
74.9
81.5
83.1
82.8
187.5
216.8
217.5
218.0
218.0
218.0
218.0
218.0
218.0
218.0
218.0
162.6
82.4
165.4
126.5
77.8
148.3
80.7
82.2
77.3
80.8
81.2
80.3
84.4
80.7
80.8
81.1
78.5
76.5
85.4
137.2
140.5
185.7
81.9
79.2
79.1
78.2
75.6
77.5
76.7
74.8
72.7
73.0
73.4
74.5
75.8
74.8
74.9
76.3
74.5
75.1
75.8
75.1
74.5
75.1
74.7
73.9
72.0
75.8
75.1
73.8
74.0
73.5
71.6
74.5
73.4
73.3
71.5
71.9
72.8
75.0
75.2
72.2
70.6
68.8
66.1
65.2
65.2
66.4
69.0
65.7
65.6
65.6
65.1
65.5
65.2
65.7
67.2
67.5
66.7
66.2
65.7
66.1
66.4
67.2
66.8
66.3
67.0
66.6
66.9
69.2
78.6
82.6
81.9
80.5
79.4
77.4
74.6
73.2
73.6
75.7
77.80000000000001
75.48196721311476
75.37295081967213
75.26393442622951
75.15491803278688
75.04590163934427
74.93688524590164
74.82786885245902
74.71885245901639
74.60983606557377
74.50081967213114
74.39180327868853
74.2827868852459
74.17377049180328
74.06475409836065
73.95573770491804
73.8467213114754
73.73770491803279
73.62868852459016
73.51967213114754
73.41065573770491
73.3016393442623
73.19262295081967
73.08360655737705
72.97459016393442
72.8655737704918
72.75655737704918
72.64754098360656
72.53852459016393
72.42950819672132
72.32049180327868
72.21147540983607
72.10245901639344
71.99344262295082
71.8844262295082
71.77540983606558
71.66639344262295
71.55737704918033
71.4483606557377
71.33934426229509
71.23032786885246
71.12131147540984
71.01229508196721
70.9032786885246
70.79426229508196
70.68524590163935
70.57622950819672
70.4672131147541
70.35819672131147
70.24918032786886
70.14016393442623
70.03114754098361
69.92213114754098
69.81311475409836
69.70409836065573
69.59508196721312
69.48606557377049
69.37704918032787
69.26803278688524
69.15901639344263
69.05
68.94098360655738
68.83196721311475
68.72295081967214
68.6139344262295
68.50491803278689
68.39590163934426
68.28688524590164
68.17786885245901
68.0688524590164
67.95983606557377
67.85081967213115
67.74180327868852
67.6327868852459
67.52377049180328
67.41475409836066
67.30573770491803
67.19672131147541
67.08770491803278
66.97868852459017
66.86967213114754
66.76065573770492
66.65163934426229
66.54262295081968
66.43360655737705
66.32459016393443
66.2155737704918
66.10655737704919
65.99754098360656
65.88852459016394
65.77950819672131
65.6704918032787
65.56147540983606
65.45245901639345
65.34344262295082
65.2344262295082
65.12540983606557
65.01639344262296
64.90737704918033
64.79836065573771
64.68934426229508
64.58032786885246
64.47131147540983
64.36229508196722
64.25327868852459
64.14426229508197
64.03524590163934
63.92622950819672
63.8172131147541
63.708196721311474
63.59918032786885
63.49016393442623
63.381147540983605
63.27213114754098
63.16311475409836
63.054098360655736
62.94508196721311
62.83606557377049
62.72704918032787
62.618032786885244
62.50901639344262
62.4
89.5
101.0
85.4
90.3
91.2
89.2
91.7
91.3
89.3
89.1
90.5
90.5
90.4
91.0
90.4
90.3
92.5
94.1
91.8
92.7
92.4
96.6
95.0
94.9
93.7
94.2
93.8
94.6
94.4
96.7
96.7
96.6
94.0
178.0
142.5
92.5
90.1
91.3
92.6
91.3
93.6
94.8
93.8
93.1
95.7
94.5
95.1
93.3
93.3
97.4
97.6
96.8
98.9
95.1
99.0
102.4
96.6
95.5
91.2
91.7
90.6
90.1
91.4
89.3
90.8
91.2
91.2
92.5
91.8
87.8
87.8
88.7
90.3
90.3
91.2
91.1
89.6
89.2
88.4
89.6
90.2
90.2
92.5
90.1
91.1
92.6
92.4
91.9
92.0
91.2
90.4
93.1
97.0
96.7
95.5
92.3
93.0
93.4
94.9
93.9
91.5
95.5
94.0
94.0
95.7
94.8
94.8
93.8
90.5
92.9
92.7
91.3
90.3
90.3
90.6
90.5
93.3
91.7
90.6
91.1
89.2
88.6
88.2
88.8
89.2
89.4
87.5
87.4
87.7
87.7
87.0
87.7
87.1
87.1
87.0
87.8
87.5
87.5
87.2
86.5
86.3
86.2
86.7
86.6
87.5
87.0
86.9
87.4
89.3
87.6
87.5
88.3
88.6
86.9
88.2
91.0
101.2
98.5
100.4
98.3
96.6
96.2
94.4
96.3
91.7
94.3
95.6
92.6
95.2
98.1
93.8
96.1
95.1
