114.4
111.6
106.2
104.4
110.6
108.3
99.2
99.3
105.0
106.7
102.6
106.5
108.4
106.9
105.9
107.4
108.7
111.4
115.2
119.9
120.7
117.5
111.1
109.6
107.8
110.9
110.6
111.5
115.3
113.9
114.3
112.9
115.1
111.5
112.2
113.9
240.2
134.4
140.4
145.1
137.4
135.0
127.7
117.6
112.5
111.2
108.8
115.1
115.7
114.9
110.7
110.1
112.6
110.8
113.5
113.9
110.4
109.7
114.3
116.1
115.4
120.8
125.1
120.1
116.1
121.8
120.9
120.5
121.3
120.7
118.1
122.1
123.1
122.3
122.1
121.8
126.6
126.2
125.0
123.9
122.6
123.5
122.2
121.8
121.1
121.8
123.3
124.4
122.2
123.8
123.6
122.6
122.6
124.0
124.8
126.2
113.0
90.5
111.7
108.8
104.6
101.8
105.3
108.8
108.2
106.2
107.8
108.8
105.8
105.3
105.4
105.2
104.1
103.5
108.5
108.7
104.4
106.4
108.5
107.0
104.9
106.5
107.6
106.6
104.3
108.2
108.5
109.6
109.3
109.0
107.6
107.0
111.6
110.9
107.6
105.7
108.0
105.7
106.2
106.2
108.8
106.2
106.6
107.3
105.6
107.1
105.8
109.3
106.8
103.1
113.0
109.4
103.9
103.1
103.9
104.5
102.2
101.6
99.0
103.8
101.0
99.5
104.0
106.7
104.1
100.9
100.5
100.5
101.0
106.1
101.9
100.4
103.0
103.0
99.2
100.5
100.2
98.9
103.6
103.7
103.3
103.8
102.7
103.1
101.8
100.2
101.0
100.7
100.4
99.1
98.8
100.4
103.0
103.8
101.1
103.0
104.8
101.2
103.0
101.7
101.2
100.9
101.6
100.8
101.6
103.5
103.3
103.5
103.2
101.5
102.8
102.6
101.1
103.3
103.2
103.5
102.1
108.2
108.0
103.0
100.9
100.1
101.6
100.6
102.9
102.7
102.5
103.0
103.4
102.0
105.7
104.4
102.0
104.2
103.2
102.9
102.0
102.9
105.9
104.8
102.7
103.4
105.0
105.0
103.6
113.5
112.5
106.5
104.0
103.1
103.5
103.2
102.0
101.5
101.0
102.7
104.2
101.3
107.1
102.7
103.0
104.3
103.9
101.4
104.1
110.8
105.6
102.8
100.2
105.1
103.2
101.6
101.3
103.0
101.2
103.7
110.8
106.4
103.5
103.7
105.9
106.5
105.3
98.5
98.3
100.0
102.2
101.6
100.6
100.6
105.5
105.4
100.0
105.6
127.0
132.0
127.2
127.1
124.6
113.5
102.9
111.6
111.1
124.6
126.5
116.9
113.0
108.2
108.2
107.1
106.4
104.7
101.1
99.5
102.0
103.6
100.4
101.2
108.0
106.9
102.2
102.7
99.5
99.0
102.3
100.4
98.7
108.6
103.8
101.1
100.8
98.6
101.0
104.9
102.7
101.1
99.4
93.4
129.1
177.9
95.9
93.7
95.9
94.6
96.4
95.7
97.5
97.3
96.1
92.6
96.5
96.8
96.8
97.3
96.6
97.0
96.5
96.2
95.7
109.7
112.7
108.0
102.2
100.3
100.1
99.0
97.3
97.0
96.7
96.8
96.2
94.1
95.7
94.8
94.2
95.6
93.1
94.3
94.3
96.1
96.8
94.7
93.4
93.6
94.9
93.8
94.1
93.8
95.1
95.5
113.0
116.5
109.2
106.2
105.2
105.1
105.6
103.8
104.6
103.6
105.2
103.7
102.9
106.6
105.5
104.2
104.2
106.3
100.4
107.6
114.6
120.4
118.4
113.2
109.8
110.9
114.5
113.3
112.6
113.2
114.3
111.9
113.4
113.1
115.9
112.3
112.7
114.4
116.3
115.9
112.3
116.5
118.0
114.1
118.9
123.0
123.0
121.2
116.1
114.3
113.2
116.2
114.9
117.7
116.9
119.5
117.4
117.7
116.6
117.9
120.2
118.0
117.4
118.8
118.4
118.1
113.8
115.0
116.8
118.1
115.4
112.7
118.5
123.6
117.6
123.6
116.0
119.0
115.7
116.3
119.5
114.9
115.8
109.6
103.9
112.1
106.1
108.8
106.3
109.0
111.3
112.1
104.2
111.9
106.0
100.4
108.5
107.7
104.5
111.1
101.1
98.2
113.4
106.7
104.4
106.3
97.2
110.3
108.1
101.9
110.9
110.2
108.9
107.4
106.0
100.2
102.1
109.0
102.5
104.6
102.3
111.9
108.2
103.3
99.5
113.3
110.0
107.5
99.3
97.8
113.1
108.5
100.5
99.4
105.1
107.4
106.2
100.2
111.9
104.5
102.9
114.5
104.8
100.1
111.9
104.0
94.8
106.3
115.5
98.6
96.5
113.3
107.2
94.7
109.5
108.8
98.4
101.7
111.5
106.3
98.5
106.2
102.4
95.8
107.1
105.0
98.3
108.5
105.6
98.1
106.5
94.4
113.6
107.7
95.2
102.7
92.0
107.9
103.5
94.8
101.3
111.4
107.8
103.1
104.1
97.3
105.8
111.8
109.7
104.5
107.4
109.7
100.3
101.1
98.3
98.4
105.5
99.0
94.3
87.4
90.2
93.1
90.6
90.7
89.7
89.3
88.2
86.5
85.6
84.9
87.0
85.9
81.8
171.6
102.1
89.4
99.0
104.9
93.0
89.7
101.1
105.3
102.6
97.0
93.6
89.5
87.4
85.7
85.8
84.7
86.8
91.0
89.5
86.4
86.6
89.4
90.7
88.0
92.7
111.7
115.1
98.8
93.3
94.2
93.4
90.1
90.3
88.9
88.7
95.8
91.0
89.0
89.4
89.3
87.5
98.4
92.2
90.3
89.4
117.4
113.7
99.4
88.2
88.4
88.3
88.4
88.3
86.4
87.0
87.6
87.6
101.3
97.2
92.1
89.2
88.0
88.5
89.4
88.6
87.2
88.0
86.5
86.7
86.7
85.1
85.2
84.2
84.7
86.5
86.7
86.3
86.6
85.7
87.7
87.8
87.1
87.3
88.5
91.2
87.7
88.0
86.6
87.6
88.5
87.4
86.9
86.8
86.2
87.2
87.5
86.7
85.6
88.8
88.8
88.6
87.7
86.9
86.7
86.2
100.0
105.4
107.8
100.5
95.2
93.8
93.1
94.6
97.1
96.5
94.8
95.5
96.7
95.1
95.6
94.3
94.8
95.5
94.0
92.9
94.5
95.5
98.4
95.6
94.6
94.6
93.2
94.4
94.9
94.6
95.9
95.4
93.3
91.9
91.5
91.9
93.0
92.4
92.0
97.0
93.8
93.3
93.3
95.2
93.6
92.8
92.6
93.0
94.3
93.2
93.1
92.5
93.9
94.1
93.6
97.8
95.4
96.1
94.7
94.1
94.6
95.0
98.0
96.1
95.1
96.3
97.0
118.0
124.6
116.3
111.8
104.8
101.7
102.9
101.4
104.8
103.1
100.1
101.2
99.3
98.6
98.4
100.2
101.9
103.5
99.0
98.2
98.4
97.2
97.3
98.0
103.9
102.8
103.2
106.3
105.2
99.9
106.5
106.2
105.3
100.7
99.4
104.0
104.1
100.8
104.7
108.4
110.9
112.3
110.8
111.0
108.1
108.5
106.6
105.3
109.0
106.7
112.8
113.4
112.7
109.8
107.6
110.2
111.5
110.2
108.8
110.3
113.7
122.8
132.0
125.5
117.5
111.0
107.4
106.3
107.6
105.5
106.4
108.4
110.6
108.2
106.1
107.6
110.4
136.7
111.6
111.5
78.9
92.9
105.5
106.6
107.6
108.2
106.9
106.9
106.7
105.7
109.9
110.5
109.9
105.8
105.6
104.8
106.4
105.0
110.7
112.4
106.6
105.7
103.8
106.7
106.0
106.5
105.0
105.7
102.8
105.0
101.9
100.9
103.5
101.6
101.9
100.2
101.2
101.8
98.9
103.0
116.5
127.9
131.6
131.2
134.1
131.8
124.7
119.3
114.3
112.5
109.0
106.4
103.9
103.4
102.9
104.1
105.4
107.1
106.3
106.4
104.9
104.6
104.2
103.4
103.9
105.0
102.6
104.5
104.2
102.8
104.5
105.7
107.0
105.8
103.9
103.4
104.7
104.0
106.0
105.2
104.7
107.1
106.7
105.6
101.5
103.7
108.1
105.6
103.4
107.7
109.0
108.6
106.5
104.6
103.4
103.2
104.6
107.1
108.0
106.4
103.9
104.3
105.7
104.2
107.7
105.3
110.1
110.4
109.5
108.8
106.0
103.5
104.3
102.8
106.6
105.8
105.3
110.6
108.1
107.5
106.6
106.3
104.7
105.2
106.7
105.8
102.4
105.9
106.0
104.5
108.4
105.6
108.9
110.3
107.7
107.4
112.9
108.8
106.6
105.8
107.7
106.4
111.6
112.5
108.3
107.4
106.9
105.5
109.8
112.6
108.1
105.3
108.6
106.8
108.0
107.4
114.0
110.7
107.4
107.7
108.9
106.1
110.9
123.8
116.6
111.0
104.3
107.3
103.2
105.9
101.7
106.6
106.7
99.3
104.0
100.3
103.7
101.4
108.3
118.5
113.2
119.2
118.6
116.2
107.6
100.9
94.3
93.1
103.3
105.4
103.0
100.9
102.6
99.4
99.8
99.4
96.6
95.0
95.2
94.8
92.0
93.3
96.6
96.7
95.2
92.6
87.4
83.2
94.0
95.8
94.5
89.9
87.5
83.4
88.2
97.2
98.0
93.3
85.5
90.7
92.4
85.7
84.1
85.5
89.2
87.9
79.5
82.6
82.1
98.6
115.1
98.78795180722891
98.88192771084337
98.97590361445782
99.06987951807228
99.16385542168675
99.2578313253012
99.35180722891566
99.44578313253011
99.53975903614457
99.63373493975904
99.72771084337349
99.82168674698795
99.9156626506024
100.00963855421686
100.10361445783133
100.19759036144578
100.29156626506024
100.38554216867469
100.47951807228915
100.57349397590362
100.66746987951807
100.76144578313253
100.85542168674698
100.94939759036144
101.0433734939759
101.13734939759036
101.23132530120482
101.32530120481927
101.41927710843373
101.5132530120482
101.60722891566265
101.70120481927711
101.79518072289156
101.88915662650602
101.98313253012049
102.07710843373494
102.1710843373494
102.26506024096386
102.35903614457831
102.45301204819278
102.54698795180722
102.64096385542169
102.73493975903614
102.8289156626506
102.92289156626506
103.01686746987951
103.11084337349398
103.20481927710844
103.29879518072289
103.39277108433735
103.4867469879518
103.58072289156627
103.67469879518073
103.76867469879518
103.86265060240964
103.9566265060241
104.05060240963856
104.14457831325302
104.23855421686747
104.33253012048193
104.42650602409638
104.52048192771085
104.61445783132531
104.70843373493976
104.80240963855422
104.89638554216867
104.99036144578314
105.0843373493976
105.17831325301205
105.27228915662651
105.36626506024096
105.46024096385543
105.55421686746989
105.64819277108434
105.7421686746988
105.83614457831325
105.93012048192772
106.02409638554218
106.11807228915663
106.21204819277109
106.30602409638554
106.4
111.3
101.2
106.4
115.0
115.8
113.4
118.2
112.3
109.0
106.0
106.3
113.3
111.6
126.1
109.2
110.3
110.0
104.1
104.3
103.0
113.8
108.1
103.6
104.6
108.6
107.3
108.7
104.0
111.0
103.4
108.5
103.2
108.0
108.1
104.2
105.7
105.2
101.0
102.9
100.1
100.0
100.2
98.8
97.5
97.7
99.1
98.6
96.4
95.7
98.5
96.0
96.9
97.0
95.1
94.4
94.4
95.5
93.8
93.4
94.1
95.0
93.9
92.4
92.2
93.3
101.0
96.6
97.1
95.6
95.2
94.9
95.3
94.4
94.8
93.0
97.9
95.9
99.1
98.9
96.7
95.5
102.7
106.2
103.5
104.7
107.5
101.7
102.7
127.1
127.9
127.1
134.9
128.5
125.4
119.8
114.9
112.3
109.4
108.9
108.4
104.0
104.5
105.1
105.8
104.2
106.2
104.5
106.0
107.2
103.9
106.9
106.3
105.7
107.0
106.3
106.5
110.7
115.7
126.5
120.4
116.8
112.2
108.4
106.3
106.6
105.6
108.9
107.1
106.7
107.7
105.1
107.3
108.9
105.6
106.5
108.4
106.4
109.5
106.4
106.4
106.0
110.3
106.1
106.4
106.6
108.7
107.2
108.4
107.1
105.6
105.3
106.9
106.1
110.7
109.4
113.4
112.9
109.1
109.2
109.0
109.0
105.9
110.8
109.7
108.7
109.6
115.1
114.4
111.9
110.2
109.7
109.9
108.2
108.9
108.2
108.0
109.8
110.3
109.5
109.8
110.6
110.6
110.1
110.3
109.6
109.8
109.2
110.7
110.6
111.8
112.0
113.4
114.9
115.1
113.7
111.9
111.4
112.1
113.1
114.0
113.2
112.3
112.7
112.8
113.5
114.4
113.4
115.6
113.3
113.8
112.9
113.3
112.8
113.4
113.5
113.0
114.3
112.6
112.5
112.0
112.2
114.3
115.1
117.9
118.6
114.7
116.3
115.3
115.6
117.0
115.6
113.5
114.9
113.0
112.8
116.0
113.3
113.6
113.1
112.1
113.2
115.0
114.5
113.1
115.7
121.7
131.4
126.3
124.8
119.1
122.2
119.5
116.4
115.5
115.6
114.8
116.3
115.5
117.0
118.0
117.5
116.8
116.0
118.0
121.0
137.1
136.1
135.6
129.4
127.4
120.7
121.4
116.0
115.3
115.9
117.9
115.5
115.1
111.8
117.2
118.9
117.0
118.7
115.9
111.6
111.4
106.9
105.1
103.3
103.1
100.5
99.4
99.6
102.4
98.7
96.2
96.3
95.6
94.3
95.8
94.8
95.4
95.4
93.9
91.2
95.4
97.4
93.8
91.9
92.7
94.2
92.2
92.8
99.5
96.2
92.5
89.7
93.3
97.0
91.5
90.6
89.5
88.4
94.4
99.3
95.4
93.8
93.4
94.4
93.5
93.2
94.5
91.0
93.9
95.6
89.5
92.5
95.7
92.6
90.7
87.1
91.0
91.6
95.6
94.5
92.9
93.4
92.0
86.5
85.3
88.5
90.8
89.7
92.3
90.2
87.0
100.1
97.8
90.1
85.1
93.8
94.5
91.7
84.4
80.9
89.5
95.3
94.8
92.5
91.2
86.5
85.6
91.5
89.4
85.0
87.8
92.9
90.0
86.8
92.1
93.5
86.8
86.4
99.1
99.2
96.2
89.9
86.3
94.7
88.9
96.0
116.1
119.4
112.7
104.5
98.8
94.0
89.9
86.4
86.3
87.2
96.8
92.9
88.5
89.6
90.5
90.3
97.5
90.6
89.1
88.9
92.4
94.1
108.4
106.7
102.3
96.0
92.3
90.7
88.5
88.0
88.8
93.8
93.8
91.0
89.5
90.6
89.1
89.8
89.9
89.0
91.1
90.0
87.9
87.8
89.8
92.7
90.0
92.4
92.5
91.6
89.4
88.8
90.2
89.9
90.0
89.5
90.8
90.0
88.8
91.8
89.6
88.7
88.7
88.2
87.4
90.7
89.3
87.7
89.2
92.1
91.8
88.8
90.0
90.9
91.6
93.1
90.2
102.6
104.5
104.2
98.8
96.2
96.1
91.9
93.0
97.9
94.6
93.9
101.7
96.1
101.0
98.3
98.9
98.2
97.0
97.4
96.2
99.5
96.4
104.1
97.9
102.4
100.7
98.6
103.8
97.7
98.1
99.5
99.5
102.7
100.2
97.1
98.4
106.0
101.5
102.7
100.3
103.1
103.7
106.0
104.1
101.1
103.0
105.5
100.3
104.7
105.9
104.0
103.0
107.2
107.2
102.8
108.1
106.3
105.2
103.6
104.5
104.2
106.5
110.1
108.2
107.0
107.7
107.4
107.2
104.6
106.5
107.9
106.5
108.5
107.9
107.9
108.0
106.6
107.1
110.0
108.7
109.7
108.5
109.6
110.1
109.7
109.8
109.4
110.1
109.4
110.5
108.9
109.9
109.4
110.7
111.2
109.8
111.2
111.4
111.1
110.6
112.9
114.2
113.0
110.4
110.5
109.5
108.4
111.9
110.2
110.0
110.3
111.5
112.9
112.7
112.8
111.5
111.8
110.9
111.1
109.8
108.1
110.4
108.0
108.9
111.7
111.7
110.3
111.8
110.6
110.8
114.8
113.6
112.5
110.3
112.6
112.1
112.9
114.5
116.4
112.9
111.7
111.2
112.7
113.4
114.10000000000001
106.6
108.8
111.0
108.4
110.1
111.4
110.4
110.4
108.7
111.1
110.7
112.0
111.8
111.1
113.1
113.2
111.2
112.0
111.5
111.6
111.7
108.7
111.7
110.1
111.6
111.6
108.9
105.4
107.6
110.8
118.1
113.7
106.0
105.0
114.0
111.2
107.4
104.6
114.4
127.9
144.5
145.2
143.8
128.4
119.8
114.4
106.3
105.1
106.9
106.6
106.1
104.1
105.1
107.4
107.8
106.0
106.8
108.5
110.3
109.4
108.3
106.6
106.0
108.3
106.6
104.8
106.1
105.8
106.7
107.5
108.9
121.5
121.9
123.3
118.3
112.0
108.0
106.7
107.8
106.1
104.5
104.3
105.5
107.1
106.9
107.8
107.6
107.0
100.9
106.2
108.0
107.4
105.2
105.6
101.0
104.3
100.9
102.9
112.0
133.6
125.8
130.5
126.7
123.6
130.4
124.2
117.3
115.6
112.1
107.6
124.9
129.7
129.6
125.5
120.9
119.2
111.7
105.6
108.5
108.5
107.7
106.7
108.4
108.2
109.8
106.5
111.7
110.2
111.5
109.8
110.7
110.6
110.5
109.4
106.4
109.7
109.9
112.7
111.4
107.9
111.5
112.6
112.0
108.1
113.3
113.4
114.0
114.0
113.3
114.9
114.0
113.7
111.1
112.4
113.7
114.3
111.8
109.9
110.4
109.2
108.9
109.2
113.8
112.9
114.7
114.3
115.3
115.2
112.0
113.6
114.0
114.0
114.2
116.7
116.2
116.5
117.5
113.4
116.0
117.4
118.2
117.0
115.8
115.0
111.1
112.5
117.3
118.4
117.2
118.7
119.1
119.5
119.7
118.0
114.4
118.8
117.2
119.0
117.5
119.9
117.9
117.9
124.1
125.2
123.0
118.5
119.1
120.0
120.7
117.6
118.3
114.6
117.6
117.1
116.8
116.4
119.6
122.1
124.2
120.9
121.1
122.2
124.4
123.9
119.6
118.7
116.8
113.3
111.6
111.1
109.4
112.2
110.9
109.4
107.9
106.3
107.0
108.3
109.2
107.3
106.2
105.8
108.5
110.5
109.8
105.9
104.6
108.1
107.4
106.2
105.2
103.9
104.2
104.7
104.8
105.5
101.6
104.4
104.0
104.4
101.3
98.6
99.9
100.2
98.1
97.2
99.6
101.3
97.7
92.3
89.8
89.8
87.9
87.2
87.0
87.5
96.5
98.8
100.8
95.7
99.2
90.9
87.6
84.4
89.3
97.6
104.0
109.4
110.5
107.2
100.0
97.0
96.2
93.2
96.8
99.8
101.2
99.6
98.3
92.4
93.5
93.1
108.7
108.2
104.7
106.6
102.1
112.3
105.4
98.2
98.6
95.2
94.0
83.4
85.4
85.5
112.2
109.4
100.3
91.7
90.6
93.7
89.1
158.6
120.1
96.2
88.4
90.9
89.2
89.6
87.9
89.2
90.3
89.4
88.4
90.8
90.0
89.9
88.6
86.9
88.8
89.4
87.0
87.9
90.9
88.5
87.7
88.6
87.4
93.0
90.0
93.1
92.5
92.3
89.2
91.8
89.8
92.0
89.7
89.2
94.8
91.6
90.0
100.5
108.6
111.5
108.6
105.2
97.8
98.3
101.0
98.6
97.9
95.1
96.0
97.4
96.4
97.4
95.1
95.8
95.9
95.7
96.9
98.5
98.7
97.5
99.3
96.6
97.9
100.5
100.3
100.9
99.0
101.6
102.6
100.9
103.4
102.7
99.7
100.1
103.8
101.2
100.9
105.0
104.2
98.6
102.4
105.1
101.5
104.4
97.1
105.4
100.1
103.5
98.6
101.5
108.2
104.6
104.3
102.7
101.1
102.8
106.7
104.2
108.9
106.3
105.3
103.1
110.4
106.5
106.6
107.6
113.1
110.6
108.8
109.8
108.9
109.3
111.8
108.7
110.0
111.9
111.2
112.5
109.7
110.0
111.3
110.8
110.7
112.5
111.8
114.4
110.7
115.2
111.1
112.9
118.6
119.0
116.8
116.0
118.0
115.5
113.9
115.2
111.8
109.2
112.5
112.2
98.8
108.3
118.1
116.6
115.1
115.9
116.1
117.4
116.8
115.9
114.5
115.1
115.5
116.1
118.0
116.9
117.2
117.6
121.4
121.1
119.7
116.1
115.0
112.6
117.1
132.7
127.9
127.0
128.0
143.1
174.3
179.7
155.0
141.1
136.1
127.5
123.3
122.3
120.2
119.7
119.3
119.2
122.2
121.2
120.1
116.4
115.2
117.7
122.7
124.2
122.2
111.2
101.5
98.8
95.3
97.0
95.3
95.6
93.7
95.0
93.9
93.1
92.7
90.8
91.1
93.3
91.8
92.8
93.5
95.7
93.9
91.8
94.4
95.3
98.0
98.5
99.7
99.0
98.8
100.1
101.0
103.7
103.3
105.1
103.3
104.6
103.8
102.2
100.9
99.6
100.1
100.6
97.3
97.4
95.2
96.8
94.8
94.5
92.7
90.1
93.2
96.1
97.5
99.6
98.5
99.0
97.0
95.5
93.3
94.0
94.4
95.0
94.0
96.0
96.9
94.4
94.9
95.0
97.2
99.5
97.6
101.0
100.5
98.8
98.0
98.4
99.2
101.7
102.4
102.8
102.5
102.6
102.8
100.2
100.9
103.2
105.9
105.8
110.5
120.4
120.7
112.8
110.4
107.8
109.5
105.1
100.7
100.1
100.7
100.1
99.0
100.4
99.6
98.3
94.4
96.8
97.9
97.9
99.3
96.8
96.9
96.1
96.7
98.9
99.4
95.9
95.4
96.7
97.4
100.2
100.0
95.7
95.0
94.9
96.5
104.1
101.8
96.3
91.5
90.3
88.5
92.8
91.6
91.2
92.1
95.3
92.5
96.9
97.6
96.5
93.9
99.7
95.4
102.2
122.4
130.6
115.6
117.0
105.4
117.6
139.4
141.4
146.6
113.6
108.5
108.6
107.3
105.8
104.7
99.7
114.5
125.4
117.1
105.3
102.6
97.7
95.1
94.3
94.3
94.8
94.5
93.9
92.6
93.3
95.6
94.9
92.3
91.7
91.3
92.7
93.6
91.3
90.2
90.8
90.3
90.8
91.4
91.3
91.8
93.1
96.0
94.4
94.5
96.2
104.7
93.0
97.1
96.1
96.4
95.5
94.2
92.0
91.9
91.4
90.7
88.6
89.8
88.1
88.6
89.4
86.8
87.5
87.1
85.5
86.7
85.5
86.4
88.7
87.9
88.4
87.7
88.8
90.9
90.8
89.2
87.7
90.3
88.8
88.7
89.3
91.7
93.9
91.3
90.4
91.6
90.1
91.4
89.2
91.1
91.2
92.1
90.6
92.0
87.8
91.6
92.3
90.4
90.3
93.0
87.9
90.9
88.6
93.6
90.9
90.0
95.2
94.8
95.3
90.8
88.8
93.1
88.2
94.6
92.7
90.9
91.6
94.0
91.3
92.7
94.8
94.7
94.9
91.5
94.6
95.7
91.9
92.6
93.8
94.6
93.3
94.0
93.9
95.0
94.7
95.2
96.3
96.9
95.3
94.7
95.4
98.0
96.7
96.3
95.8
99.4
97.8
96.19999999999999
98.56981132075471
98.95471698113207
99.33962264150944
99.72452830188679
100.10943396226415
100.4943396226415
100.87924528301886
101.26415094339623
101.64905660377359
102.03396226415094
102.4188679245283
102.80377358490566
103.18867924528301
103.57358490566037
103.95849056603774
104.3433962264151
104.72830188679245
105.11320754716981
105.49811320754716
105.88301886792453
106.26792452830189
106.65283018867925
107.0377358490566
107.42264150943396
107.80754716981131
108.19245283018867
108.57735849056604
108.9622641509434
109.34716981132075
109.73207547169811
110.11698113207547
110.50188679245284
110.88679245283019
111.27169811320755
111.6566037735849
112.04150943396226
112.42641509433962
112.81132075471697
113.19622641509434
113.5811320754717
113.96603773584906
114.35094339622641
114.73584905660377
115.12075471698114
115.5056603773585
115.89056603773585
116.27547169811321
116.66037735849056
117.04528301886793
117.43018867924528
117.81509433962265
118.2
109.4
101.8
107.2
116.9
114.4
108.7
109.7
111.7
116.4
114.6
118.2
118.9
111.7
112.4
116.6
114.1
112.2
112.9
115.3
118.2
115.3
110.4
112.8
114.7
112.9
112.6
108.4
111.8
113.6
122.8
113.9
110.2
113.9
114.2
109.5
107.6
102.8
104.9
105.4
102.0
106.3
102.6
100.8
102.1
102.4
102.6
102.8
100.5
102.5
105.9
107.7
108.3
98.3
103.4
102.9
104.8
103.5
105.4
98.2
101.3
100.2
101.2
95.0
99.8
99.6
98.4
100.5
99.2
100.5
97.9
98.0
100.5
96.6
101.2
99.6
98.9
97.9
97.3
98.4
96.7
100.6
101.8
101.8
102.8
98.7
100.9
102.1
100.9
99.3
97.3
102.3
102.0
98.5
94.9
99.4
102.3
100.5
99.0
100.5
101.8
100.9
98.7
99.5
83.5
87.7
105.4
105.4
103.1
99.1
101.0
99.9
101.8
102.2
102.3
103.9
100.6
101.2
102.4
101.9
104.7
109.8
111.6
110.7
106.1
105.3
106.5
105.4
106.0
108.2
107.0
106.4
107.0
109.1
108.1
107.3
104.7
105.0
107.0
105.5
106.2
107.4
107.8
106.3
105.5
106.9
107.5
104.4
105.3
108.5
105.1
102.9
103.6
104.5
105.1
104.0
104.1
106.9
107.5
106.2
105.3
105.2
106.0
104.3
104.0
109.2
107.2
104.8
104.7
107.6
106.1
106.8
106.5
104.9
104.9
105.9
107.9
104.7
104.8
102.8
102.3
105.5
106.4
103.6
101.9
101.9
101.5
104.5
104.6
102.4
107.4
112.8
111.5
107.4
108.4
111.2
112.5
112.1
116.4
115.7
117.0
118.7
118.1
118.2
118.7
104.6
102.0
102.7
107.2
106.3
105.7
103.7
105.0
104.3
102.5
106.1
104.3
103.8
102.7
101.5
101.5
101.7
102.6
102.8
102.4
102.8
102.9
104.2
102.8
105.7
107.7
103.5
104.5
104.9
107.4
106.8
105.2
105.8
107.2
104.4
111.3
109.0
107.4
108.3
109.7
111.0
114.1
117.0
114.5
113.9
114.8
112.8
112.6
114.2
113.6
114.3
112.7
113.1
114.5
113.9
111.3
110.4
110.9
110.6
111.2
110.5
111.9
111.1
110.6
110.2
112.7
111.0
110.9
113.4
110.3
109.2
109.2
107.2
106.5
109.3
108.3
110.1
109.0
108.9
108.1
109.9
108.8
110.0
108.9
109.3
110.3
111.1
117.1
114.5
113.8
117.0
117.3
114.6
114.7
112.8
111.9
111.8
110.9
111.2
112.1
113.7
112.6
111.0
112.0
112.4
112.4
114.9
112.9
111.9
110.8
111.1
110.9
111.6
110.9
111.4
112.7
112.4
112.1
114.0
114.7
110.6
109.1
109.0
110.1
111.4
115.7
116.9
115.3
114.1
114.0
112.7
112.5
113.7
118.0
114.1
114.2
114.0
114.7
113.8
112.4
112.4
114.6
113.2
114.3
113.5
111.6
112.9
113.2
112.8
129.6
132.5
128.4
121.4
114.7
112.3
108.7
107.1
106.8
112.1
109.8
105.5
106.0
103.9
104.9
102.6
106.3
109.7
104.6
102.3
102.0
101.3
103.9
103.1
102.8
102.7
101.6
100.8
101.0
99.6
101.9
103.2
104.1
104.3
101.7
106.6
111.8
110.2
106.6
103.9
102.6
102.1
101.0
99.3
98.7
99.4
100.3
98.9
99.6
98.4
98.8
99.0
99.1
98.9
100.9
101.2
100.7
101.4
100.8
100.5
99.7
98.2
99.1
98.3
98.7
100.1
100.9
102.2
102.0
99.0
98.0
99.6
98.8
97.8
96.8
99.2
102.4
103.4
100.5
101.5
105.0
106.5
105.1
106.7
104.8
107.1
104.8
107.3
104.8
105.7
105.5
106.7
106.8
104.6
105.0
104.9
106.1
104.9
105.1
106.4
107.1
107.1
107.8
108.5
108.8
110.6
109.1
110.0
110.2
109.4
108.9
108.6
109.0
109.1
110.6
108.9
109.3
109.2
110.2
112.9
113.4
112.2
112.1
110.2
110.6
110.5
111.7
111.2
111.3
111.3
112.0
111.1
110.9
110.7
109.5
108.7
109.2
107.9
108.7
108.3
107.6
110.0
110.8
109.3
109.5
112.9
105.5
98.9
101.0
105.3
103.1
124.2
119.7
115.7
109.0
104.8
102.0
99.5
96.5
94.9
94.0
93.1
92.2
90.2
89.7
87.6
87.3
86.2
86.5
85.9
84.9
84.1
83.3
83.9
82.1
81.5
81.5
80.8
79.9
78.9
79.2
78.5
78.7
78.3
76.5
78.2
77.9
76.1
75.8
75.7
75.6
74.0
74.1
74.1
73.9
73.9
74.4
73.2
73.7
72.3
71.9
71.7
71.0
72.0
72.2
70.9
71.2
70.8
69.8
70.3
69.6
71.5
69.8
70.2
69.7
69.6
69.6
69.2
70.1
69.1
69.4
69.6
68.8
68.7
68.8
69.2
69.4
69.3
70.0
70.3
69.6
69.6
71.0
70.8
70.0
69.8
70.8
72.5
82.4
82.9
80.6
77.0
76.1
76.3
74.5
75.1
75.6
75.7
75.4
75.6
75.3
74.6
74.0
74.1
73.6
72.8
72.0
72.6
72.9
72.4
70.4
71.6
74.1
73.2
71.7
71.9
71.2
70.6
71.7
72.2
73.3
73.7
74.4
71.2
70.5
71.2
71.9
72.3
72.4
73.7
76.2
77.2
75.6
74.7
74.2
74.8
73.7
79.5
77.8
81.9
77.1
81.4
78.1
79.6
78.8
77.8
78.1
77.3
76.9
76.7
76.6
76.9
76.5
76.0
81.7
82.8
82.5
85.8
79.8
79.3
78.1
79.2
86.5
85.3
83.2
80.0
84.8
81.3
80.1
84.9
81.9
82.3
79.7
80.6
81.2
79.7
81.0
80.3
80.4
80.1
79.8
80.0
81.8
80.9
80.3
82.6
81.4
82.5
89.8
83.3
89.5
87.9
82.2
84.1
92.7
93.6
94.6
93.8
95.0
91.3
93.5
93.8
91.0
93.3
93.2
92.8
93.8
92.2
94.5
92.0
93.2
92.4
94.1
94.2
94.0
94.3
93.9
95.0
95.5
95.7
95.9
95.2
96.0
95.2
94.1
96.5
96.1
93.8
93.2
93.7
92.5
94.0
92.4
93.7
93.5
95.0
92.3
94.1
91.9
96.7
94.5
95.8
96.2
95.2
98.5
94.5
94.8
95.7
96.2
93.8
94.8
94.2
94.4
94.2
95.9
93.7
93.3
94.7
94.5
93.2
95.0
95.3
93.4
93.9
91.4
94.0
95.5
96.1
97.5
95.5
95.1
95.7
94.8
95.9
94.0
92.8
93.8
94.7
96.0
98.1
96.2
96.7
97.7
95.0
96.2
95.7
97.9
95.7
96.2
99.2
97.8
98.5
94.8
97.8
99.6
95.9
94.8
94.7
92.7
95.5
94.9
96.5
96.0
95.2
94.2
92.9
91.8
93.5
100.3
94.2
93.2
97.9
102.1
93.6
94.9
106.8
104.6
95.3
92.7
91.1
93.0
93.7
90.4
89.0
90.1
88.4
89.2
87.5
86.3
88.5
87.2
89.0
90.6
87.6
88.3
87.3
86.7
85.1
85.8
90.6
88.8
86.8
88.5
98.3
92.0
90.9
92.6
88.9
87.2
86.9
88.4
86.5
87.3
88.7
164.9
93.0
86.8
99.2
99.6
91.7
91.3
93.4
101.8
102.3
109.6
112.8
109.3
110.5
106.6
109.3
105.1
109.9
98.4
103.1
106.1
103.5
102.7
109.7
110.5
108.4
104.7
113.8
110.1
115.4
108.4
105.0
96.8
98.6
103.0
115.4
114.1
110.1
107.9
106.6
105.6
102.7
101.7
100.5
100.9
102.4
102.9
100.8
101.3
101.7
99.7
99.6
100.2
99.4
99.0
98.7
100.1
101.2
98.2
99.5
98.2
103.5
100.3
97.9
96.8
95.6
93.7
96.4
97.6
96.9
94.5
92.4
95.5
95.7
93.4
92.8
92.5
91.8
91.2
90.1
88.9
88.5
86.5
85.7
84.0
85.4
83.4
82.3
82.5
81.7
83.5
82.8
81.3
82.3
80.0
82.8
81.8
80.2
79.7
79.8
79.5
80.4
80.9
82.4
82.8
82.7
82.4
81.3
79.6
80.4
80.6
81.8
81.3
81.0
81.9
82.2
82.4
82.4
87.5
86.0
83.5
85.1
88.7
89.4
89.0
84.9
83.7
85.2
85.5
85.5
84.9
84.3
85.1
85.9
84.3
84.1
83.8
85.8
84.5
84.2
85.0
83.8
84.1
84.5
84.4
84.3
85.6
83.9
85.2
83.2
84.6
84.6
90.3
100.2
98.4
97.0
90.8
92.2
88.3
84.2
85.6
83.8
88.6
89.2
90.8
93.0
86.3
94.4
96.1
87.5
85.5
87.6
86.5
85.0
89.8
87.5
95.2
88.2
89.5
92.5
93.2
88.4
87.1
88.4
88.3
90.2
84.8
88.3
86.2
93.2
87.6
88.1
86.9
86.0
85.6
89.5
92.6
88.8
107.0
109.7
106.8
105.0
100.4
98.1
95.4
94.3
92.3
97.8
108.6
108.7
105.1
102.5
99.9
98.0
98.1
97.0
97.1
94.8
96.2
95.7
94.5
94.1
94.3
95.0
92.4
93.7
92.7
95.7
94.1
93.0
98.7
102.3
100.7
100.5
96.7
96.9
95.4
100.7
106.3
113.0
116.6
119.6
118.7
124.3
118.8
114.5
109.9
106.9
102.1
99.1
95.6
95.9
96.6
94.9
94.4
95.2
96.6
95.5
96.0
94.6
94.2
93.2
92.6
92.1
91.3
89.3
88.4
89.6
90.1
91.4
91.6
89.7
90.0
91.0
89.8
89.4
88.4
89.3
90.1
88.5
87.2
88.3
89.9
89.2
89.1
85.5
85.6
85.0
85.7
83.4
84.9
85.9
84.0
83.9
84.0
84.6
89.0
89.4
87.5
91.5
89.7
86.8
89.2
89.1
87.4
89.2
87.7
87.0
91.6
90.9
87.8
87.3
88.3
88.6
87.6
87.2
89.5
88.9
88.4
87.9
90.7
89.6
90.6
90.6
89.6
93.4
92.0
96.8
94.0
92.6
93.2
99.5
96.5
96.6
93.2
95.5
92.6
95.7
96.0
95.1
95.9
92.6
94.9
96.3
96.1
97.8
100.6
100.3
101.2
103.0
102.6
101.5
100.4
100.6
99.6
100.0
99.6
99.6
100.5
99.0
98.8
99.3
98.8
97.9
97.2
96.9
99.5
99.1
99.4
99.9
99.2
99.6
101.0
98.7
99.5
100.2
100.6
102.2
101.2
102.4
101.1
101.6
101.9
103.0
102.1
101.6
103.5
101.9
101.5
103.2
102.5
103.2
101.5
101.3
102.2
102.3
103.3
103.9
104.2
104.4
104.2
103.3
103.3
103.2
104.2
104.8
104.5
105.9
105.7
104.4
105.4
106.1
89.0
103.4
105.8
104.9
105.2
105.7
106.6
105.5
106.3
105.9
106.1
104.6
104.4
103.5
103.2
103.7
104.2
103.0
102.5
101.6
101.1
101.5
100.6
99.6
100.7
100.5
102.3
100.5
100.8
100.7
100.6
103.0
100.1
108.9
113.7
113.4
111.3
110.5
109.7
108.7
107.6
107.6
106.1
107.0
106.5
106.3
105.9
107.3
107.4
106.3
107.5
125.8
117.4
113.4
114.2
115.1
113.9
113.5
115.2
116.1
114.3
114.9
113.8
115.8
113.8
114.0
113.5
111.2
114.3
113.8
111.1
113.9
114.3
113.7
113.3
114.8
116.5
116.1
116.0
116.4
116.4
117.6
118.6
118.0
117.2
117.8
117.0
116.4
116.5
114.0
117.4
115.9
115.7
113.4
114.7
114.5
115.4
116.2
117.7
116.6
118.0
116.3
117.6
118.1
117.9
117.6
118.5
119.6
121.3
120.6
120.6
121.5
119.7
119.8
119.1
120.5
121.0
121.4
121.3
120.1
121.1
123.2
123.1
122.1
122.0
121.8
121.4
121.0
121.6
121.4
121.9
121.5
121.1
118.6
121.2
118.7
121.8
119.6
120.1
120.1
121.8
120.8
120.4
122.2
122.6
123.7
123.4
119.2
113.8
117.1
114.1
114.4
111.5
111.6
111.7
111.8
111.1
111.6
111.8
112.4
113.1
113.2
113.0
113.5
113.1
114.4
117.0
115.6
115.3
115.3
113.6
115.2
115.9
116.5
115.2
117.4
118.8
117.4
117.8
116.9
117.5
115.1
117.9
118.5
119.2
116.9
115.6
115.7
114.9
111.7
116.0
115.8
114.5
114.6
114.1
114.4
113.1
112.5
112.5
110.9
111.5
111.6
113.8
112.1
110.6
110.4
109.1
107.4
107.8
106.8
105.8
106.3
105.8
104.2
104.2
105.2
104.7
104.4
103.2
104.2
102.9
103.2
101.2
102.8
100.8
101.4
101.6
101.7
100.9
99.6
99.8
98.6
98.0
97.8
99.1
99.1
98.8
99.9
98.8
99.0
98.0
98.5
97.5
97.7
97.7
96.2
95.8
96.7
97.5
97.0
96.0
98.3
98.3
98.7
98.1
97.2
97.3
96.7
97.6
97.5
95.8
89.7
92.7
77.9
82.7
81.5
81.5
77.0
78.0
79.2
78.2
76.4
75.0
74.6
72.9
74.8
73.4
73.3
72.1
73.4
72.1
71.8
73.0
73.0
72.4
70.6
71.1
71.3
71.0
70.2
70.7
71.0
71.4
69.6
70.4
71.2
70.2
71.0
71.5
71.8
71.9
70.5
69.3
68.7
70.7
69.1
69.5
71.2
71.8
70.6
72.4
71.5
73.7
69.3
69.4
69.9
72.4
70.5
71.3
70.6
69.4
70.3
72.7
73.6
73.0
72.7
70.9
71.3
74.2
74.3
72.9
72.0
73.1
73.3
72.3
73.2
74.8
72.9
73.1
72.6
76.1
89.9
90.4
94.3
95.0
94.2
91.5
89.7
85.6
85.1
85.0
84.4
84.0
82.7
83.3
84.5
84.5
84.4
84.6
86.2
85.3
85.3
85.1
86.1
85.2
84.1
85.4
86.3
86.5
86.8
85.9
86.0
87.2
87.5
86.3
86.4
86.8
86.9
88.1
86.9
87.1
88.3
88.4
87.2
88.0
87.6
84.7
85.8
87.6
86.9
86.4
87.2
86.2
86.1
86.6
87.1
86.9
87.5
86.2
86.8
87.3
88.3
88.2
87.5
86.7
87.9
92.8
94.6
93.5
91.7
93.9
95.4
97.7
96.2
96.7
99.3
97.9
90.7
94.6
93.0
94.5
97.0
96.0
97.1
98.2
93.6
95.1
93.4
97.4
96.6
98.8
97.1
98.1
95.5
94.8
94.8
94.9
96.2
95.0
95.0
96.2
95.2
91.6
89.0
90.4
95.1
97.6
95.8
96.1
98.3
96.7
97.2
94.9
95.9
96.9
96.3
94.0
94.1
95.5
95.9
98.2
96.0
98.0
96.8
99.2
97.6
98.4
96.0
96.9
97.5
96.9
98.1
97.0
97.1
97.0
97.7
97.5
95.2
95.2
93.5
91.5
89.6
90.7
90.8
91.3
92.2
91.1
90.1
91.6
98.0
98.9
98.8
97.0
96.9
98.5
98.3
97.8
97.7
96.9
110.8
112.2
112.2
109.2
106.9
104.1
101.6
100.0
99.7
99.8
99.6
98.4
97.3
98.2
97.4
98.1
99.0
100.0
100.1
100.1
101.3
102.4
100.7
102.1
99.5
97.9
99.1
99.5
99.2
99.0
98.6
96.5
97.3
98.0
96.9
100.5
100.9
101.2
99.5
100.1
99.6
100.5
100.5
100.2
101.6
99.5
98.9
98.3
100.3
99.4
98.6
98.2
97.3
97.8
98.6
98.8
99.0
98.5
99.5
99.0
99.9
99.8
100.2
98.0
99.1
98.4
97.8
98.9
100.0
99.5
101.8
100.7
100.6
101.3
101.6
101.4
101.0
101.6
99.0
99.2
100.0
101.9
102.1
103.2
102.8
101.7
100.0
101.8
102.7
101.8
102.0
103.7
102.3
102.2
102.1
102.9
101.8
100.3
102.6
103.5
103.7
102.8
101.9
103.4
102.4
102.0
101.7
100.2
100.9
101.3
101.5
102.7
104.1
103.1
103.1
101.2
104.0
106.5
104.6
104.5
103.9
105.7
104.3
104.3
103.9
105.0
105.5
106.4
106.6
106.6
105.6
105.2
104.2
106.0
103.2
104.0
105.3
104.5
103.9
104.9
105.4
105.8
105.5
105.3
107.0
106.6
108.2
108.6
111.4
110.6
109.1
109.2
108.1
106.1
107.6
108.0
106.6
104.9
106.2
105.3
105.2
105.5
106.0
106.3
106.7
105.7
106.7
108.1
108.0
107.0
106.7
107.9
108.0
106.2
108.2
107.6
107.4
106.5
106.1
106.1
104.8
106.3
117.2
117.7
117.1
114.5
113.5
112.8
111.3
109.3
107.8
106.7
106.9
108.5
116.2
114.8
114.6
112.9
113.4
111.1
109.4
109.2
107.4
105.4
105.4
105.0
104.2
104.9
104.5
104.2
105.2
104.6
104.7
104.3
104.0
107.5
105.9
106.3
105.2
105.0
105.0
106.1
104.5
105.1
106.0
106.5
106.8
105.4
104.8
104.8
99.5
96.1
97.2
93.0
107.2
97.2
99.6
99.7
97.3
94.9
92.5
91.9
90.4
89.1
87.0
84.9
87.1
85.5
85.9
85.6
84.2
81.1
80.8
81.3
79.3
77.8
79.1
76.4
75.0
75.7
74.3
74.7
74.6
74.3
74.0
74.0
73.7
72.5
74.7
74.7
73.7
74.0
73.0
73.4
74.4
74.1
73.9
73.4
74.5
74.2
75.3
74.7
76.2
78.4
76.2
79.5
79.0
77.1
75.8
80.0
83.7
89.1
90.8
89.5
88.7
87.1
84.2
81.6
82.5
80.8
79.7
79.4
79.3
78.7
79.7
80.4
80.1
79.8
79.3
80.4
80.4
82.0
81.7
80.2
82.1
82.1
80.3
79.6
82.0
81.8
81.7
82.6
81.3
80.9
80.8
81.3
81.3
82.2
83.0
83.2
82.8
81.1
81.9
81.3
82.0
81.8
82.0
82.3
81.2
83.9
82.3
98.3
106.6
104.6
103.3
98.1
98.9
96.0
92.5
90.7
91.0
92.1
91.0
90.7
87.7
88.9
89.4
88.8
87.7
87.4
88.6
89.4
87.7
90.5
90.2
90.1
88.7
88.5
88.2
88.4
87.2
89.5
89.5
95.3
94.1
94.1
93.0
91.6
89.9
90.5
92.6
93.1
91.9
91.5
91.0
91.2
91.6
91.8
89.2
88.6
89.4
90.6
90.7
87.9
87.5
87.9
87.7
86.4
90.0
91.2
92.9
94.3
94.7
96.1
95.6
94.7
93.8
94.5
93.6
94.0
94.7
95.8
100.5
98.1
97.0
95.7
96.9
95.6
95.0
94.1
92.7
93.5
95.5
93.3
94.5
95.7
96.1
95.8
95.9
96.7
98.2
97.0
98.1
98.1
98.0
99.1
98.4
97.0
95.3
94.3
93.3
95.4
93.8
94.0
93.7
92.7
92.4
93.8
96.5
97.6
98.7
104.0
104.2
102.7
101.5
100.5
98.5
99.2
96.9
98.5
97.7
103.5
103.8
104.8
102.4
102.1
101.1
99.6
98.9
98.4
98.8
98.3
98.6
99.6
101.3
101.8
106.2
103.4
105.3
99.3
97.0
94.3
93.0
94.1
93.4
97.1
94.6
94.0
92.1
95.6
106.1
106.6
109.6
108.8
109.6
107.1
104.8
103.3
100.6
102.6
102.9
102.4
100.7
100.6
98.6
97.6
97.4
97.6
94.8
95.5
95.2
98.8
96.8
97.8
98.1
96.8
96.3
100.0
96.7
97.8
93.0
94.1
97.5
98.8
100.6
100.9
100.2
98.6
97.8
96.0
93.4
92.3
92.0
92.4
93.0
91.8
91.0
90.9
91.4
93.1
91.6
94.1
99.1
100.0
98.4
97.4
95.9
95.8
95.1
94.8
96.8
97.7
98.7
101.3
103.4
100.7
114.0
121.2
92.8
91.7
92.7
89.6
91.6
89.3
93.2
99.6
95.2
101.6
100.6
107.2
105.5
101.1
96.9
96.4
95.6
102.2
105.4
105.0
112.1
112.0
110.1
110.0
107.3
105.8
107.0
106.1
107.8
106.8
101.3
99.0
104.1
102.7
100.8
103.8
102.8
99.0
98.3
99.7
97.0
97.0
97.9
100.0
99.8
103.2
100.5
97.6
97.3
97.1
96.2
97.4
99.1
96.4
97.5
97.9
97.1
98.5
97.3
98.0
97.8
99.8
97.1
95.2
96.9
94.6
94.9
98.1
96.3
94.6
99.0
97.0
94.7
92.7
93.1
93.6
95.0
96.0
91.6
92.9
97.7
96.3
95.7
99.2
105.3
116.0
114.6
107.3
105.5
101.5
97.7
98.4
100.9
98.9
101.2
99.2
102.2
102.8
102.3
100.8
101.5
101.3
100.0
100.8
99.7
100.3
101.3
102.9
99.5
102.3
100.3
104.0
103.3
104.7
108.3
104.7
106.1
104.7
106.8
103.3
106.2
104.5
107.2
105.0
104.7
102.7
105.7
105.8
106.9
108.2
110.2
109.3
112.1
111.6
113.0
112.8
112.3
112.2
112.2
112.5
113.3
113.1
110.9
112.2
112.0
112.2
111.2
111.2
108.4
109.9
119.6
125.6
124.4
124.8
123.2
114.0
113.0
106.7
103.0
99.5
98.5
99.3
101.0
98.3
96.4
96.4
94.4
94.6
93.0
94.9
95.1
94.6
93.4
95.3
95.2
95.4
94.3
94.7
100.8
97.5
96.5
97.4
97.8
98.5
101.4
98.3
102.3
97.1
93.1
91.7
90.3
93.6
96.5
99.0
105.5
103.0
100.2
97.3
92.6
93.0
91.2
90.5
90.7
92.4
94.9
91.9
105.5
107.0
107.4
106.3
105.3
105.0
104.3
101.8
98.4
95.6
93.0
92.0
93.3
90.5
90.9
100.0
108.2
106.1
105.7
104.6
101.9
102.4
102.7
96.0
95.2
96.3
98.3
96.0
94.7
91.4
96.7
94.7
100.2
100.9
104.1
100.6
99.8
97.1
94.9
95.2
94.3
95.0
96.2
106.2
107.2
105.6
104.3
103.4
102.0
105.4
99.2
102.7
102.6
102.2
100.9
102.9
105.4
98.6
101.9
97.8
101.6
98.1
103.6
96.7
100.8
99.8
97.1
103.5
98.4
100.6
103.9
99.7
103.7
99.1
103.5
98.8
96.8
96.3
96.4
96.1
99.9
96.8
96.7
96.0
95.7
96.2
100.2
97.2
95.7
99.1
97.2
95.6
98.3
101.2
97.5
101.5
97.7
98.0
97.1
102.8
109.9
108.6
109.5
110.4
110.0
109.3
108.2
104.9
105.2
102.8
106.2
106.6
108.1
108.9
111.1
112.5
113.4
112.8
110.1
109.1
111.2
109.1
107.5
107.5
107.9
109.4
110.3
108.7
108.4
105.8
105.8
105.6
105.4
104.5
106.3
109.9
108.9
109.3
107.3
106.1
109.5
110.8
108.3
106.8
109.5
108.8
108.9
110.7
112.0
111.0
110.4
109.1
106.6
106.1
106.1
107.5
110.0
111.1
111.3
111.0
109.7
107.9
109.5
109.0
114.0
113.4
112.2
113.8
113.6
113.6
114.1
114.4
114.6
112.9
115.4
114.4
115.7
121.8
121.4
113.6
107.0
119.3
98.4
94.1
97.7
106.1
116.4
121.9
125.5
122.9
120.1
116.6
117.0
115.6
116.3
116.5
116.1
113.6
109.8
108.6
110.4
107.9
100.3
105.9
101.8
110.2
100.2
92.2
92.2
98.6
99.4
99.5
93.5
93.5
92.3
93.0
92.9
93.8
92.2
94.8
92.2
90.0
91.1
93.0
94.5
91.1
91.6
87.8
92.6
89.9
88.0
91.2
85.8
92.2
88.9
87.8
94.0
88.9
88.3
87.7
86.8
84.6
94.1
92.6
86.6
90.3
89.1
92.1
95.2
93.0
93.8
96.4
94.8
93.6
95.3
94.5
89.5
89.5
94.1
92.7
96.7
89.8
92.0
96.4
95.3
93.4
99.0
100.5
102.8
105.2
112.5
109.7
108.9
108.2
107.0
104.6
103.5
106.2
106.5
105.3
104.9
102.6
103.0
102.2
103.0
103.3
107.8
106.9
107.0
104.1
105.4
105.6
106.0
107.4
104.4
105.9
103.1
103.5
106.4
110.5
112.4
110.6
111.7
107.2
106.2
103.3
103.4
102.2
103.5
103.1
104.2
101.9
102.8
101.8
103.3
102.3
101.3
100.9
98.9
96.6
95.5
95.5
96.3
96.5
93.8
93.2
91.3
92.9
93.6
91.9
91.9
90.1
90.9
87.0
108.0
107.9
111.3
105.1
99.0
111.6
112.1
129.0
128.3
122.7
115.3
112.4
109.4
107.5
104.7
102.3
102.4
104.7
102.3
100.2
99.2
105.1
109.2
101.9
99.5
97.0
96.9
97.6
96.0
95.9
93.5
93.8
92.5
93.0
90.7
91.8
90.2
90.5
90.4
89.1
89.9
89.9
88.2
88.8
92.5
110.7
112.8
111.2
108.3
104.0
96.7
95.4
93.8
102.2
95.0
94.6
93.0
91.6
91.5
90.2
90.7
88.5
91.9
91.0
90.3
95.6
92.1
90.8
94.3
91.8
93.4
93.0
92.1
91.9
91.8
93.4
94.2
92.0
95.0
94.0
92.8
95.2
94.0
94.1
94.7
96.2
94.8
94.0
94.7
93.0
93.5
97.7
94.7
96.5
94.0
92.9
94.7
97.9
100.4
100.4
105.9
107.1
107.5
106.8
104.0
101.7
96.7
95.8
93.7
93.4
93.0
95.3
93.8
94.7
95.6
95.3
94.5
93.8
95.3
95.0
94.3
94.7
96.5
108.0
115.4
115.5
117.9
117.8
117.5
116.7
116.4
115.3
114.0
111.0
111.6
111.2
111.8
110.6
110.7
109.7
111.1
111.6
112.9
115.0
115.8
117.6
115.0
114.7
111.7
110.3
109.0
108.1
108.2
110.8
110.2
108.5
112.2
116.3
119.6
118.6
122.9
116.5
119.3
115.8
111.9
109.9
108.3
108.7
108.2
107.3
108.2
108.3
107.8
106.9
109.7
111.6
110.6
108.7
108.7
109.3
108.4
108.2
107.9
108.7
108.6
106.9
108.2
106.2
105.6
107.1
106.1
108.2
107.6
109.4
109.9
110.3
110.8
108.8
111.7
111.8
111.7
110.5
108.6
112.8
111.5
112.3
112.1
113.9
111.2
110.7
113.8
112.6
111.8
111.0
112.6
114.0
117.0
114.9
112.7
112.3
115.3
115.7
116.7
113.7
113.2
114.7
114.3
114.7
115.2
115.7
116.9
116.1
116.2
114.0
113.3
111.4
112.4
111.2
111.4
112.3
111.8
112.9
112.9
116.8
122.7
125.0
137.9
143.9
141.1
137.9
134.2
138.9
140.3
139.3
138.3
136.9
137.6
137.9
138.6
139.1
132.2
136.1
142.1
144.5
131.9
91.8
139.6
147.8
149.4
145.8
138.0
138.5
139.8
139.5
139.5
139.8
137.0
132.3
130.2
126.8
120.8
127.3
125.9
124.3
123.1
120.4
117.8
114.7
114.5
112.4
110.7
109.1
107.8
106.5
104.6
100.6
99.9
100.2
99.9
100.9
99.5
97.5
96.1
95.4
96.0
93.6
87.4
84.9
82.9
82.4
82.2
82.0
81.9
80.2
81.2
81.1
79.8
79.4
81.1
80.0
78.9
80.1
81.9
81.0
80.2
82.1
80.7
82.9
81.8
83.3
82.4
82.0
81.8
81.1
81.6
80.8
79.2
77.0
76.5
75.8
73.8
79.8
82.6
82.9
83.20000000000002
