102.9
102.3
105.1
104.9
101.6
100.3
96.3
100.9
99.4
99.5
98.6
98.0
96.8
98.0
100.0
99.3
101.0
99.7
96.1
102.5
102.1
99.9
100.5
100.2
100.0
103.5
97.0
99.4
99.9
99.9
99.8
101.7
100.4
100.2
99.8
100.5
99.2
102.3
101.9
100.4
101.3
100.5
102.1
99.1
101.6
102.6
103.3
101.3
98.8
102.9
100.6
102.0
101.3
99.8
102.3
102.6
101.3
103.4
103.1
104.7
104.6
103.0
101.4
103.2
102.2
102.4
98.9
100.4
100.4
100.2
98.6
98.2
98.6
97.2
96.8
91.3
94.9
93.8
94.5
93.5
94.7
93.5
94.7
94.0
91.8
94.1
91.0
93.4
92.7
92.6
96.2
88.5
95.2
97.1
95.8
93.6
92.0
93.3
93.5
89.7
90.4
91.8
91.1
92.5
91.8
90.1
93.6
90.2
92.0
93.3
88.5
91.1
91.0
93.8
93.8
95.8
95.3
93.9
95.4
95.3
94.8
93.2
95.3
94.6
97.5
96.5
97.3
95.3
95.1
95.1
96.7
95.6
95.8
96.7
94.6
94.1
94.4
96.2
94.2
97.2
97.5
96.2
95.0
92.5
91.8
90.3
90.8
89.7
88.4
86.5
86.5
87.1
91.7
95.2
96.0
96.1
95.2
94.4
94.9
95.8
96.9
95.3
92.5
90.8
89.1
88.6
87.5
86.8
88.0
87.6
88.6
88.0
87.1
86.6
87.5
87.1
87.9
87.9
87.9
88.7
89.4
89.7
90.3
90.2
89.9
89.0
89.3
88.7
89.9
98.4
99.1
103.7
102.8
103.8
101.8
103.6
98.0
105.0
102.3
96.7
102.3
104.0
101.9
103.3
98.7
99.7
101.1
102.1
97.7
98.0
94.7
85.1
100.3
104.9
102.4
101.1
101.9
102.0
99.0
99.3
98.7
95.7
97.3
97.8
96.9
92.5
82.8
78.1
71.8
78.3
83.2
88.7
89.1
88.4
89.5
91.1
94.2
91.5
95.3
95.6
97.4
95.8
98.2
96.8
98.3
95.5
96.6
92.1
93.6
95.2
93.8
98.5
97.4
92.7
95.3
95.8
94.7
95.8
89.3
89.2
92.8
91.8
91.2
92.7
94.9
92.9
89.3
92.1
89.6
90.7
88.9
88.5
89.9
91.7
93.6
91.6
92.9
90.4
96.6
96.4
95.2
90.0
90.5
94.7
91.4
91.6
95.5
93.5
92.0
93.1
92.2
88.4
88.1
89.4
86.7
86.1
88.0
86.1
87.8
83.8
87.9
87.0
88.7
91.2
90.0
91.5
92.8
94.0
94.9
94.6
95.9
92.4
92.5
92.1
94.5
94.0
99.3
99.7
97.5
97.3
99.3
96.6
97.8
99.9
94.6
93.5
92.1
94.1
96.9
97.3
91.0
91.9
92.1
93.9
91.8
92.1
91.9
94.0
91.2
91.1
91.4
91.5
89.2
90.0
89.4
87.8
86.3
86.8
88.8
87.0
89.6
90.0
89.7
88.6
90.5
90.1
91.2
91.8
94.4
95.0
92.9
93.7
91.7
91.2
92.1
88.8
93.9
93.3
91.2
89.4
91.7
91.6
93.1
92.7
92.6
92.4
91.1
92.3
93.3
93.6
93.9
95.3
92.5
94.4
97.9
97.8
96.1
95.7
92.4
95.7
96.8
95.7
96.4
93.1
95.1
94.5
95.3
94.7
94.3
96.7
94.8
92.6
91.0
93.9
93.8
91.5
91.5
93.0
95.3
94.5
94.9
98.8
96.9
93.5
91.5
92.1
91.9
89.0
91.9
89.5
92.1
91.1
90.1
92.6
87.0
87.9
88.9
89.5
91.4
94.1
94.9
93.0
94.3
92.8
93.3
92.5
91.7
91.5
90.4
88.2
88.3
86.5
86.2
86.6
89.7
90.1
88.7
87.4
87.7
88.0
88.9
88.6
87.1
87.6
85.0
82.8
83.1
84.1
82.7
85.1
83.8
87.2
87.5
85.6
87.3
85.2
85.1
86.2
88.9
88.1
85.7
90.9
91.3
93.2
93.2
91.0
91.7
91.9
91.8
89.2
95.1
94.3
95.1
93.9
92.9
91.7
91.6
92.4
92.9
93.4
89.0
89.9
92.4
91.1
93.8
94.7
96.0
93.9
95.7
96.6
98.7
100.4
101.6
105.7
105.1
103.7
102.7
104.7
103.1
102.9
99.6
104.0
99.9
102.7
103.7
99.9
98.3
99.6
97.8
96.7
97.3
97.1
97.3
97.0
96.2
98.1
98.7
99.8
93.2
95.8
96.9
101.3
101.2
101.7
98.8
99.9
101.4
101.0
99.3
98.1
97.8
96.4
96.9
101.4
105.5
105.6
103.9
108.0
112.1
107.3
107.2
103.4
104.3
102.0
102.3
100.2
103.3
104.2
103.2
103.1
100.4
103.5
102.6
101.4
99.2
99.9
101.6
102.3
101.3
103.3
101.3
99.8
101.2
101.9
103.4
104.2
105.4
102.9
99.5
100.8
98.7
100.7
97.9
95.8
96.8
97.2
94.5
97.6
96.4
97.0
95.9
97.3
97.8
98.5
98.8
96.0
93.9
90.9
93.4
96.9
96.7
97.2
99.6
99.9
99.8
100.4
96.3
95.2
90.6
90.5
94.6
93.8
94.8
95.2
96.2
96.9
95.8
96.0
96.4
98.2
99.8
101.0
98.4
97.7
95.4
93.3
98.4
98.8
99.9
99.7
100.4
99.7
96.4
93.5
94.3
94.6
95.6
97.0
90.2
91.4
92.3
92.4
94.0
95.7
94.5
96.7
95.9
93.6
94.2
99.4
97.9
95.4
95.6
96.0
96.1
96.1
95.2
92.6
90.1
96.2
95.9
96.6
95.0
92.4
98.7
96.4
97.2
97.5
97.9
97.8
96.3
94.4
92.2
91.8
88.5
87.3
86.7
87.3
86.9
88.8
88.5
88.2
88.7
88.8
88.4
89.0
104.0
106.1
107.8
107.2
102.8
99.7
103.0
99.4
98.1
94.4
91.5
89.5
88.1
87.9
87.8
88.5
87.0
85.9
86.3
86.0
93.5
97.2
97.3
97.8
97.9
96.9
94.9
94.0
92.0
97.6
97.5
98.7
98.7
99.3
99.0
96.0
92.8
95.1
96.2
98.1
97.8
97.0
98.3
97.0
98.2
100.3
97.5
99.0
101.0
98.7
98.9
99.9
99.6
99.6
100.3
99.5
101.0
101.3
96.4
100.8
99.1
100.2
100.1
103.1
102.4
103.0
104.1
103.5
102.0
102.3
103.2
102.6
102.9
103.0
104.3
104.5
102.8
104.0
104.2
104.3
102.2
102.6
104.0
103.5
101.8
103.8
103.8
105.1
103.9
102.2
102.0
103.1
104.5
102.4
102.3
102.0
102.8
103.5
104.0
104.9
106.6
107.1
106.3
104.8
106.3
106.1
105.5
104.2
105.8
107.8
106.6
107.7
104.7
107.0
105.6
106.7
106.4
105.1
102.9
104.2
103.5
102.6
102.4
104.0
103.4
101.2
101.7
99.1
96.8
99.6
97.6
100.3
98.3
97.2
98.1
96.0
94.7
94.8
93.8
95.8
93.9
93.3
92.6
96.0
99.9
101.6
105.5
103.3
98.9
99.1
100.1
104.6
103.7
99.9
98.6
96.3
100.3
96.4
94.8
95.3
96.3
97.7
97.7
102.7
107.5
103.0
99.8
99.0
94.7
93.7
94.3
95.4
93.5
93.5
96.9
96.2
96.4
94.3
93.2
96.3
95.4
93.4
93.1
92.5
92.3
94.6
101.2
100.3
101.2
101.6
100.9
101.0
100.6
98.8
97.8
98.6
99.9
99.0
99.3
98.0
98.5
97.6
98.0
99.2
99.3
100.2
100.5
98.5
98.7
98.4
97.5
99.3
98.8
98.1
98.3
97.0
98.5
100.8
99.8
98.4
100.4
100.7
99.0
97.6
97.3
97.1
99.3
99.1
103.2
101.1
99.9
94.8
94.7
92.0
92.5
98.0
95.8
93.7
93.4
91.5
93.9
95.8
94.1
92.7
94.7
91.6
91.4
91.0
91.9
91.0
90.9
94.9
94.9
94.6
95.9
95.9
94.1
96.3
101.5
93.9
94.1
93.0
90.6
92.4
90.7
92.4
91.8
92.0
88.0
88.9
88.9
91.8
91.5
89.5
88.8
87.6
88.4
91.1
90.7
93.7
93.1
95.6
95.1
95.1
96.6
96.5
97.3
96.0
98.0
95.6
92.5
95.3
96.6
97.7
95.2
95.4
96.9
99.2
100.5
99.9
101.4
95.9
96.4
97.6
96.2
98.6
96.4
97.6
97.4
97.7
99.0
98.6
99.2
98.9
101.0
101.1
101.6
100.5
100.9
101.4
100.2
101.1
101.1
101.3
99.1
89.5
91.2
86.0
90.0
91.6
92.2
93.0
93.3
92.0
92.2
89.4
90.2
82.6
87.2
87.1
90.0
91.7
91.8
94.3
95.1
94.6
92.9
94.0
95.2
96.4
97.1
97.7
98.3
97.9
95.0
92.8
95.2
96.9
97.4
94.4
97.6
98.2
95.4
91.7
86.8
88.4
86.2
87.1
87.2
91.6
91.4
93.2
93.5
95.2
92.0
92.7
91.1
91.1
89.4
89.5
91.9
92.5
97.4
98.0
99.2
96.5
96.9
97.3
98.0
95.3
93.3
93.6
93.5
94.0
94.4
96.4
96.0
97.2
95.5
97.8
99.5
98.1
95.8
96.7
96.7
98.5
92.9
95.4
97.5
98.0
100.4
98.4
99.1
98.0
97.7
99.3
98.2
98.2
97.9
97.8
95.8
93.6
98.9
97.5
99.6
99.6
98.5
97.0
94.7
96.5
98.8
99.4
100.6
100.7
102.0
102.6
99.3
101.2
96.3
99.5
97.8
98.7
97.6
98.3
97.9
98.4
98.7
98.8
97.2
100.1
99.6
99.3
97.7
95.2
95.8
94.1
97.5
96.0
97.7
95.6
94.3
98.5
94.5
88.0
87.2
90.5
91.7
93.8
95.4
97.7
97.4
101.7
100.2
98.7
101.0
104.7
101.7
103.1
98.6
99.3
100.5
100.1
100.9
102.0
94.0
96.7
97.4
96.5
98.5
100.8
96.9
98.3
99.9
97.9
100.0
96.9
97.5
99.1
97.0
96.1
99.6
104.5
99.6
98.4
100.1
100.7
101.2
94.7
98.1
98.3
102.8
101.1
101.7
100.6
102.3
102.8
101.2
99.9
99.3
98.8
100.0
100.3
98.1
97.2
98.2
100.6
98.4
96.3
97.1
94.5
93.2
98.1
97.8
99.7
98.6
97.1
95.8
96.6
96.3
97.3
97.3
96.5
96.5
94.9
96.8
96.0
93.9
99.5
99.5
97.5
100.1
99.2
96.3
96.7
94.5
93.1
95.9
97.1
96.5
95.7
97.4
97.5
98.2
99.2
101.5
100.3
101.4
99.7
98.8
97.9
98.5
97.9
98.6
99.4
101.4
99.6
98.4
99.7
100.1
101.0
100.7
101.9
100.7
99.3
98.6
99.2
98.8
98.8
99.3
99.7
98.2
98.9
100.9
98.7
98.5
99.6
99.9
99.3
98.4
97.8
98.2
100.2
100.9
100.7
101.7
100.9
102.3
101.3
100.5
101.6
100.7
101.4
100.7
99.8
95.7
95.4
98.2
97.8
100.3
99.6
94.9
95.4
94.1
97.1
96.8
95.6
96.6
94.2
95.6
96.2
96.4
92.9
95.4
94.1
94.5
93.8
93.9
95.6
96.6
97.0
98.1
98.1
98.2
96.0
92.3
95.2
96.2
97.6
96.4
91.9
97.2
98.7
99.8
98.3
97.1
99.0
98.9
96.7
98.6
99.0
96.7
99.6
96.4
96.3
99.9
98.2
98.6
96.0
96.1
93.7
94.4
96.3
95.9
96.2
97.4
98.0
98.9
98.0
97.6
98.1
97.6
97.5
96.6
96.4
98.8
97.8
98.1
99.4
99.4
97.0
94.8
99.1
98.4
97.8
97.3
102.6
100.5
100.7
100.8
101.6
102.9
103.3
101.0
100.0
104.3
100.1
102.7
100.9
98.6
101.4
102.0
100.7
99.5
102.6
101.0
100.6
98.8
101.1
102.2
101.3
101.1
102.6
98.8
96.2
94.5
95.6
97.5
97.0
95.2
97.3
99.5
100.5
98.1
97.5
94.6
95.9
97.2
96.5
96.6
98.3
98.7
101.0
99.1
98.8
100.3
100.1
97.5
97.1
98.6
98.3
98.9
99.5
100.1
99.2
101.2
98.1
98.3
99.4
98.6
96.9
97.1
98.6
97.2
98.4
98.1
98.2
96.7
98.1
98.5
97.4
96.4
95.1
98.3
95.4
96.4
96.8
97.3
97.8
98.5
96.3
94.9
95.6
94.3
93.5
94.2
93.6
97.3
92.1
97.2
95.6
94.2
95.9
96.9
95.7
95.9
96.9
96.1
92.0
92.8
94.2
92.4
92.6
91.8
97.1
94.3
98.3
97.8
95.0
96.5
96.1
94.3
96.8
96.0
98.0
97.7
97.2
94.8
97.1
98.7
99.5
98.3
99.3
99.4
98.6
99.0
99.1
99.7
99.0
99.6
98.6
99.2
98.8
98.7
99.7
101.0
101.5
100.3
98.8
97.9
99.5
100.2
99.0
98.1
98.0
98.8
96.6
98.0
98.1
100.2
100.7
99.8
99.0
96.6
98.1
97.2
96.7
97.1
96.5
97.0
98.5
97.5
97.5
97.0
100.0
99.6
100.3
101.8
100.8
101.3
98.1
100.8
99.5
99.0
101.8
101.1
99.2
100.7
100.4
98.9
100.2
101.9
102.3
99.8
100.0
100.6
102.1
100.8
101.1
96.1
96.9
97.8
98.0
99.5
98.3
99.8
101.1
99.7
99.0
98.0
98.4
