97.5
97.4
97.0
96.3
95.8
95.9
95.9
96.1
95.6
95.4
90.9
99.4
100.3
99.1
97.8
99.9
99.2
98.1
97.8
97.9
97.4
97.5
96.0
98.2
99.3
100.8
99.6
98.3
97.9
97.1
96.8
96.0
96.5
96.0
96.3
96.5
95.8
95.9
96.5
96.0
96.2
96.3
96.2
95.5
95.6
94.8
94.8
95.4
94.5
93.8
94.7
96.6
95.5
93.5
93.4
92.9
92.5
92.3
91.7
91.8
91.8
91.8
91.3
90.8
90.4
90.3
90.6
89.9
88.9
88.0
88.7
88.1
87.9
87.1
87.2
87.6
87.0
87.5
88.2
88.7
89.2
90.8
91.6
90.5
101.1
103.5
102.7
100.0
98.0
96.8
95.7
95.9
95.5
107.6
106.3
102.4
99.4
97.8
97.9
96.8
96.8
96.3
96.8
95.1
98.8
98.5
100.0
100.4
98.6
98.4
96.8
97.5
97.4
97.0
97.1
96.7
96.7
92.1
99.8
104.5
108.4
108.4
104.7
101.4
99.4
97.9
98.1
98.1
99.8
102.1
104.6
103.6
102.6
101.4
107.6
109.1
109.5
108.7
104.9
103.4
102.2
101.2
101.9
101.7
106.5
114.3
116.9
114.3
111.5
117.8
111.6
107.6
104.8
102.0
99.6
98.5
98.2
97.5
96.4
96.2
95.0
94.5
93.9
93.4
93.8
93.4
94.1
94.8
95.3
95.0
95.2
95.5
95.8
95.6
95.8
94.7
94.2
93.9
93.6
94.5
95.0
95.4
94.9
97.3
96.0
94.9
95.0
96.0
94.3
96.2
101.2
100.9
103.7
102.9
100.2
98.0
96.4
95.4
94.4
93.5
92.8
92.2
93.2
93.7
93.7
93.0
92.9
92.6
92.2
92.9
93.9
94.1
93.2
93.6
93.8
90.0
96.9
106.4
105.4
102.1
99.3
97.0
98.6
102.5
102.9
100.5
97.6
97.4
97.6
100.7
102.2
102.3
100.5
98.0
93.8
91.9
91.2
90.8
89.8
89.6
89.3
89.3
89.5
89.3
89.5
90.4
90.1
89.8
92.0
92.3
93.5
92.9
92.1
91.7
92.1
92.7
92.1
91.9
93.0
92.8
93.6
93.9
93.4
92.9
93.5
93.9
93.6
93.1
92.2
92.6
93.1
94.6
95.2
95.7
94.9
93.3
93.3
94.3
92.8
92.4
92.7
91.8
91.7
89.7
87.6
86.1
86.4
89.0
90.1
90.5
89.9
90.8
90.5
90.6
90.4
90.3
89.6
89.3
89.4
90.3
89.9
90.5
88.6
88.8
88.7
87.5
88.3
88.8
87.9
87.4
87.1
86.3
85.8
84.9
84.9
85.7
85.8
86.3
86.5
87.1
86.9
85.7
85.2
85.4
85.3
85.1
85.3
83.6
84.6
84.6
87.0
89.1
87.4
95.6
101.1
103.9
101.2
98.4
95.9
95.9
95.1
94.7
94.4
93.9
93.4
93.0
94.7
97.3
100.2
101.8
101.8
101.8
99.5
97.8
96.8
97.2
97.3
97.1
96.7
97.6
97.8
97.4
97.7
97.6
97.3
97.5
96.9
97.0
97.3
97.3
97.6
98.1
98.3
98.5
97.3
97.1
97.0
96.3
95.6
94.7
94.4
94.7
93.8
93.9
92.9
92.5
91.4
91.4
91.1
95.0
94.9
94.9
93.8
92.7
91.6
93.1
92.5
91.7
90.5
89.9
89.9
88.9
88.7
88.1
88.2
87.5
87.7
87.3
87.2
87.4
86.8
87.3
87.1
86.4
86.1
85.7
85.5
85.3
85.4
86.0
86.4
85.7
84.6
85.0
85.2
85.3
85.8
85.0
84.4
84.7
84.8
84.5
84.6
85.6
85.1
85.2
85.8
86.3
86.2
87.0
87.7
87.0
85.9
85.7
85.7
85.7
87.0
86.3
86.1
85.9
85.8
85.8
86.0
86.9
87.5
87.1
86.6
87.0
86.9
87.4
87.3
86.8
87.6
88.0
87.3
87.6
87.7
87.5
87.2
87.3
86.6
86.5
88.0
87.2
86.4
85.4
85.2
85.1
85.7
86.0
86.4
85.9
84.5
84.8
85.7
86.7
85.3
84.6
83.7
84.2
84.6
83.9
83.1
83.0
82.4
82.3
82.9
83.3
83.0
83.0
82.8
80.9
81.6
83.8
83.5
84.1
84.1
83.0
83.8
84.3
84.6
84.7
83.6
83.5
83.3
83.6
83.8
83.5
83.9
83.7
84.0
83.8
84.5
84.4
83.5
83.5
84.9
83.1
84.0
82.9
84.1
82.5
83.5
82.2
82.9
82.9
82.9
82.2
82.6
83.0
81.4
81.8
81.7
81.6
81.8
81.1
80.6
80.5
80.6
80.2
79.7
80.0
79.4
81.5
82.3
80.7
79.6
79.1
79.4
79.6
79.4
79.7
79.0
79.4
79.1
79.0
79.1
82.7
83.8
88.8
92.9
92.6
91.4
90.6
91.6
92.9
95.8
97.4
93.7
118.1
201.7
113.0
99.0
88.8
88.3
74.2
80.8
88.9
90.3
91.2
91.4
95.4
97.1
95.1
93.6
92.2
93.5
92.0
121.5
7.9
-105.69999999999999
41.65
58.525
75.4
126.3
95.4
95.4
96.0
97.0
96.2
100.5
97.1
94.3
91.9
90.9
90.8
90.3
90.5
89.5
89.5
89.7
89.9
90.7
90.9
90.6
91.2
95.8
97.7
98.0
104.2
102.0
98.5
94.5
91.7
90.1
88.6
88.8
89.0
88.7
88.8
88.5
88.9
89.0
88.6
88.8
89.4
89.1
91.0
90.7
89.2
88.3
87.7
87.6
87.8
87.3
86.7
86.0
85.6
87.7
88.8
90.6
91.2
90.8
89.4
89.4
88.9
89.6
89.4
88.8
88.9
88.8
88.8
87.7
94.0
96.0
94.8
94.0
92.6
93.4
93.0
93.5
92.4
92.7
93.0
92.6
92.5
92.8
92.8
93.9
94.4
94.8
95.1
95.9
95.3
96.6
96.0
96.2
95.6
95.1
94.6
94.2
94.4
94.5
94.0
93.6
94.4
94.3
95.7
95.9
95.7
96.2
96.0
96.0
95.7
95.2
94.6
94.7
93.9
94.0
93.9
93.6
94.1
93.4
93.0
93.0
93.5
93.4
93.9
93.8
92.7
93.0
92.4
92.4
92.7
92.6
93.1
92.0
91.1
91.7
91.2
91.6
91.7
92.1
91.4
91.7
92.9
93.9
93.1
92.0
92.2
91.0
90.6
91.4
92.7
93.2
93.4
93.0
91.9
92.5
91.0
91.7
91.5
93.3
93.5
93.8
94.3
95.3
94.7
92.3
95.0
94.5
96.6
99.4
99.0
97.1
95.8
96.5
96.4
96.1
96.5
96.8
101.2
104.3
108.0
108.5
110.1
107.4
106.9
105.6
104.7
103.1
102.2
102.0
100.8
100.0
97.7
106.2
108.8
108.5
105.2
102.8
100.9
99.2
100.9
102.5
101.1
99.9
98.9
99.5
99.7
98.9
99.1
99.0
98.9
98.6
98.7
98.4
99.4
99.2
99.9
102.9
104.1
101.9
106.4
104.9
104.2
102.2
101.4
101.8
101.3
99.8
99.5
100.2
100.2
100.1
99.5
98.6
98.7
98.3
96.9
96.0
94.7
94.3
94.3
94.9
95.5
95.8
95.4
96.3
96.7
97.1
96.1
96.2
95.5
95.3
94.4
95.6
95.8
95.8
96.6
96.0
96.2
95.5
95.5
95.0
93.2
95.0
94.4
98.1
108.9
110.5
109.0
104.4
101.9
100.7
100.6
101.7
106.1
108.9
108.1
104.8
99.5
98.5
101.4
102.0
102.3
100.6
99.9
100.2
100.6
100.2
99.5
98.9
98.1
97.9
98.2
99.2
100.4
99.7
98.9
94.5
90.8
97.0
101.5
102.0
108.1
108.7
111.3
110.8
110.4
108.7
106.8
105.3
104.4
104.3
104.8
103.6
104.2
102.1
99.9
98.9
98.8
98.2
98.5
98.7
98.1
97.6
97.6
97.4
97.5
97.2
97.5
98.0
97.2
97.0
97.1
98.0
98.4
98.7
98.7
98.4
98.9
99.0
99.0
97.8
96.7
96.6
96.3
96.7
97.1
96.5
97.9
98.1
99.6
99.6
100.5
100.3
100.9
99.4
99.0
99.3
98.7
98.6
97.4
97.1
96.8
95.9
96.2
96.1
96.2
97.3
97.9
97.6
95.9
97.2
97.5
97.8
96.7
97.0
98.0
98.0
97.8
97.7
97.9
97.0
96.9
96.4
96.7
97.5
97.3
97.2
96.2
97.3
106.7
105.8
104.0
100.4
99.0
96.3
95.1
94.6
94.8
95.3
96.5
97.5
98.5
98.3
97.8
97.5
98.4
98.5
97.3
98.6
102.0
86.3
95.1
94.0
92.2
92.1
92.1
92.0
91.9
91.3
91.8
92.8
92.0
92.8
93.0
94.6
96.1
97.2
96.1
95.6
95.4
95.1
96.2
94.1
93.5
93.0
95.3
96.7
96.2
95.1
93.9
92.6
91.8
91.5
91.9
91.7
91.8
92.3
91.6
92.2
92.2
92.9
92.2
92.6
92.0
92.3
91.7
92.9
93.4
93.3
93.0
92.8
91.7
91.8
90.6
90.8
90.7
90.6
90.6
91.3
91.4
92.1
92.4
91.9
90.9
91.2
88.6
88.5
89.0
91.4
91.1
91.1
89.9
90.2
89.5
90.2
90.6
92.4
92.1
92.6
92.7
92.7
93.2
92.9
92.4
92.6
92.8
93.0
92.5
92.0
91.6
90.2
90.1
90.4
90.4
90.3
89.6
89.3
89.9
90.1
89.1
90.0
90.1
89.9
90.4
90.4
90.7
89.5
89.7
90.1
89.0
90.0
90.7
94.9
99.1
101.3
100.5
96.6
93.8
93.3
91.8
90.4
91.8
96.2
103.1
107.1
109.1
108.6
110.0
97.0
86.2
86.6
85.2
84.5
84.0
83.7
84.0
84.5
84.1
84.4
84.2
83.9
83.9
83.4
83.3
83.0
83.0
83.4
83.0
83.6
83.5
84.1
86.0
86.2
86.3
85.2
84.7
83.1
82.5
82.3
82.2
82.7
83.3
83.1
84.3
84.7
84.6
84.3
83.7
82.8
82.9
82.7
82.2
82.3
82.4
81.6
81.3
80.6
79.5
80.7
80.7
80.8
80.0
80.3
79.3
78.0
79.1
78.5
79.2
78.7
79.0
78.8
78.4
78.5
79.2
79.0
78.7
78.2
77.6
78.1
78.6
78.7
80.3
79.0
79.8
80.5
80.3
80.1
80.6
80.5
80.4
80.3
80.4
81.7
83.3
82.6
87.3
87.1
85.4
83.8
82.2
82.6
81.7
81.6
81.7
81.8
81.4
80.8
80.4
80.5
80.7
79.9
79.7
80.5
79.9
71.4
72.7
83.9
83.3
83.6
82.5
82.3
81.2
80.5
79.7
79.6
79.6
79.2
79.6
79.4
79.4
80.5
81.7
83.1
83.5
83.2
82.6
82.0
81.4
80.7
81.2
80.9
81.0
80.5
79.6
79.3
78.7
78.7
78.4
79.4
79.2
80.7
80.2
81.1
80.8
79.5
80.5
81.3
80.5
79.7
80.3
80.0
80.2
80.9
80.3
81.3
80.2
80.7
79.4
79.2
78.1
79.2
79.2
78.6
78.0
78.3
78.6
77.8
77.5
76.5
77.0
78.7
78.2
77.6
77.9
78.9
79.1
80.4
80.5
80.1
80.3
80.5
80.8
81.1
80.9
81.6
80.2
80.6
79.4
79.1
76.7
81.7
87.5
91.4
103.6
102.5
106.0
103.8
103.0
102.2
100.2
98.7
100.2
97.3
97.0
97.8
99.0
96.1
97.7
97.4
97.5
94.6
95.3
95.6
93.1
91.7
91.2
90.4
91.4
91.9
92.8
96.4
97.3
94.4
91.7
91.2
91.9
91.3
90.7
90.6
90.4
90.0
89.8
89.1
89.2
88.9
89.4
88.5
89.4
91.8
90.6
88.5
87.0
86.7
88.3
88.8
88.5
88.1
88.2
87.5
86.7
86.8
87.8
87.6
96.0
98.2
97.2
94.1
92.2
90.0
88.7
89.2
89.1
88.7
88.5
88.0
88.2
88.7
89.1
88.8
88.8
89.1
89.7
89.4
90.3
90.1
94.0
93.5
91.8
90.2
89.3
88.0
88.0
87.5
88.6
87.8
87.7
87.5
87.6
87.9
88.0
88.5
88.5
88.8
88.7
88.2
88.3
88.8
88.9
88.8
90.1
89.6
88.2
87.6
87.2
87.2
86.6
86.4
86.5
86.2
85.3
93.2
98.6
96.3
92.5
89.8
87.4
87.6
88.0
87.6
86.3
85.8
85.3
85.1
85.0
84.6
86.6
96.1
100.8
98.7
93.9
90.6
88.3
88.1
89.1
90.1
89.3
88.2
88.6
87.4
87.7
87.6
87.5
87.8
88.1
87.7
88.1
88.2
87.5
87.7
88.5
88.3
89.0
87.9
88.0
87.2
87.4
87.8
87.2
86.7
86.9
86.7
86.4
87.1
86.7
87.1
86.4
86.2
86.7
86.6
85.8
86.5
86.8
88.2
87.7
88.0
87.0
86.1
85.4
84.7
84.8
87.9
87.1
90.0
90.6
88.7
87.3
86.7
86.1
85.0
85.1
84.7
84.0
83.6
84.4
83.9
84.4
84.7
85.5
86.2
85.9
85.3
83.5
83.5
83.6
84.3
82.5
83.5
83.9
85.0
84.8
83.9
84.0
85.3
86.0
86.0
87.2
86.4
86.4
84.2
84.3
83.8
83.8
87.5
94.9
98.0
99.0
96.9
95.5
90.2
88.9
86.6
83.4
81.7
83.1
85.7
90.6
89.6
87.7
102.5
103.9
103.8
98.8
84.7
80.3
87.6
88.3
85.7
83.9
86.7
85.2
83.5
84.3
84.8
86.5
85.8
86.6
87.3
88.0
90.4
93.8
93.5
90.4
92.5
105.2
112.2
112.1
95.3
87.7
84.7
83.9
83.5
85.2
87.4
89.8
91.7
92.7
91.9
92.0
91.8
93.2
93.0
91.8
91.1
91.2
90.6
90.3
90.1
90.1
90.1
89.9
89.9
90.2
90.0
89.1
88.9
89.0
88.9
88.7
88.6
88.3
89.3
91.1
99.0
102.8
100.0
96.0
92.6
90.2
89.6
89.7
89.6
89.5
89.3
91.6
91.5
90.3
89.7
88.2
88.0
88.3
88.4
89.3
89.8
89.1
89.3
89.8
89.6
89.8
89.9
89.2
88.5
89.2
89.6
89.0
88.2
88.8
89.0
88.0
86.3
86.5
85.8
86.1
87.3
88.5
88.6
88.9
89.2
90.3
92.5
92.4
94.7
93.4
92.2
91.2
90.2
90.4
92.1
91.8
91.2
88.6
88.5
88.5
88.5
87.3
87.0
86.4
86.2
86.7
86.6
86.3
86.5
86.6
87.9
88.1
88.4
88.3
88.6
88.4
88.8
88.4
87.8
86.5
87.2
86.9
87.8
87.0
86.4
85.1
87.4
88.4
87.6
89.8
90.2
89.3
90.0
89.4
87.5
87.1
86.5
86.2
86.5
84.9
85.0
85.0
84.6
84.3
84.4
83.0
84.5
85.1
87.2
87.4
86.6
87.5
86.1
84.8
83.7
83.0
81.2
80.9
81.2
83.8
83.7
83.3
83.4
84.0
83.6
83.9
84.2
84.2
84.5
83.6
83.5
82.7
83.3
83.2
82.7
83.1
82.6
83.3
83.8
82.3
82.4
82.2
82.2
81.9
82.7
82.3
82.2
82.5
82.1
81.3
80.5
80.2
80.2
79.4
79.6
79.8
79.2
79.0
78.8
79.2
79.5
79.9
79.8
79.1
80.0
80.2
79.4
79.6
80.6
81.9
82.5
83.2
87.5
91.9
90.0
86.5
84.6
83.4
82.4
82.2
80.7
80.3
79.2
78.6
78.4
78.6
80.3
80.0
79.0
79.7
80.3
78.6
77.2
76.0
75.5
75.5
76.0
75.8
76.3
75.9
76.0
74.9
75.0
75.2
76.2
76.6
76.9
76.6
75.1
76.6
75.5
76.8
77.0
77.6
77.1
77.6
77.8
77.1
76.3
78.9
81.1
84.0
89.5
88.1
84.3
81.1
80.6
80.8
80.9
80.1
80.0
80.3
80.2
80.8
81.4
81.6
83.4
82.9
82.1
83.9
89.1
96.5
97.0
92.8
87.3
85.7
88.5
98.1
97.2
93.3
92.0
92.7
91.9
89.2
88.9
88.5
87.0
85.5
85.4
84.7
84.1
83.8
82.9
83.8
83.9
82.6
82.1
81.4
79.9
80.0
79.9
80.1
79.7
78.8
79.5
79.9
80.0
79.9
80.0
79.7
78.7
78.1
77.9
77.3
77.1
77.8
77.9
77.9
77.8
77.1
77.5
78.2
78.1
78.5
78.3
78.7
79.4
78.0
78.6
79.4
79.4
77.6
76.1
75.7
74.9
74.6
74.5
74.3
73.8
73.4
74.1
73.6
74.8
74.5
75.0
74.0
74.0
74.0
74.2
74.8
75.7
75.5
75.2
74.8
74.0
72.9
72.7
73.3
73.3
73.3
73.1
73.1
74.0
74.0
73.7
72.9
73.9
74.1
73.4
73.6
73.1
72.3
72.2
71.9
74.2
76.0
78.4
82.9
81.1
78.2
76.7
76.4
77.0
75.5
218.6
185.2
77.8
75.0
74.0
73.3
75.8
76.1
76.4
76.5
76.0
76.0
76.0
75.3
74.3
74.0
75.0
78.4
82.2
85.6
85.7
81.7
82.8
84.7
85.0
83.6
87.0
89.3
91.1
91.4
93.2
95.6
97.99999999999999
