94.3
87.9
87.1
84.3
83.8
83.5
83.9
83.2
83.2
82.3
81.2
82.2
82.7
85.0
85.3
85.0
83.5
84.0
84.9
86.4
86.8
90.0
91.6
89.6
86.7
83.0
83.0
81.5
80.3
80.5
77.8
78.1
78.9
79.8
76.6
76.2
76.5
74.3
74.1
74.7
75.0
74.9
75.6
75.8
75.5
76.2
76.6
77.9
76.5
75.3
74.0
74.7
74.5
75.2
75.3
75.0
74.1
73.7
74.5
75.4
75.4
75.0
76.0
76.8
76.6
75.0
74.5
73.7
73.9
73.6
73.1
72.8
73.0
72.8
72.6
74.1
73.7
74.3
72.6
73.1
73.9
76.0
78.0
81.1
81.1
84.9
87.0
86.8
86.7
85.5
84.2
82.6
80.9
80.4
78.9
77.5
77.7
79.0
78.6
78.7
77.7
77.9
78.7
78.5
79.0
78.0
77.9
77.5
77.0
76.8
77.0
77.7
76.6
75.4
77.2
77.1
76.9
76.4
77.0
77.0
77.4
78.0
77.4
77.9
78.3
79.6
78.1
79.0
78.8
77.1
81.0
77.8
75.5
74.8
74.1
75.1
75.3
76.4
75.7
75.9
75.6
76.1
75.8
76.0
75.4
76.3
76.4
76.6
76.2
76.5
77.2
77.1
77.1
76.7
76.8
77.7
77.9
77.3
76.9
76.5
76.6
77.2
76.4
76.4
76.5
75.1
75.7
74.6
73.1
76.7
76.3
78.3
76.5
77.6
77.1
76.8
75.4
75.1
74.8
74.4
73.5
74.4
75.3
76.0
76.4
77.5
77.2
78.2
77.2
77.2
78.6
77.2
77.5
76.5
75.8
76.2
75.3
77.0
77.4
77.5
78.0
78.5
79.0
78.7
77.7
78.6
78.0
77.3
64.1
52.6
75.5
75.5
75.8
75.6
75.0
75.3
75.8
76.0
85.1
89.1
76.3
75.2
75.4
73.2
74.8
74.9
72.2
72.4
70.3
70.4
70.4
71.4
67.2
69.2
74.7
77.6
77.8
79.3
77.2
74.3
73.5
73.8
74.0
72.1
72.0
72.3
71.9
72.0
71.1
70.5
70.4
71.5
72.1
72.9
72.1
73.1
73.1
72.9
73.8
74.6
74.4
73.3
74.0
72.9
73.2
73.8
74.5
74.8
74.5
75.5
74.5
75.4
75.6
74.5
74.9
74.1
73.0
73.7
73.9
74.4
74.5
72.7
71.4
72.0
72.3
72.4
73.0
73.2
73.6
74.6
74.9
74.5
75.0
73.1
75.7
73.1
72.6
73.2
73.2
74.4
74.0
74.3
73.6
72.5
72.2
71.7
71.0
71.0
71.0
70.7
68.1
68.4
68.3
69.6
70.4
73.6
73.4
72.0
70.6
69.8
69.6
71.5
71.8
71.9
70.5
70.4
69.6
72.5
72.4
71.1
70.6
68.6
68.4
70.1
69.8
68.6
68.6
68.1
68.3
68.4
68.4
68.2
67.0
66.1
67.1
67.1
67.0
68.4
68.7
69.4
69.4
71.3
74.3
77.6
76.3
70.5
69.2
72.0
70.4
73.6
72.0
74.5
74.6
71.0
69.6
65.8
64.6
63.4
62.5
63.0
62.5
62.3
63.4
62.7
62.0
62.4
64.5
66.3
67.9
68.5
69.5
69.4
69.0
68.1
67.5
67.1
67.2
66.9
67.6
67.4
66.6
67.1
67.5
68.4
67.4
67.0
67.4
67.2
68.4
67.6
67.4
67.2
66.4
66.5
66.3
66.4
66.9
67.3
66.6
62.6
66.9
66.6
77.2
89.3
82.2
72.7
66.4
63.3
60.6
58.3
62.3
59.1
57.2
56.9
62.7
70.6
73.7
77.9
74.9
74.1
72.2
72.5
71.1
70.0
69.8
73.2
70.9
68.6
67.1
64.7
64.4
65.1
65.2
66.3
66.4
66.8
67.1
67.2
67.1
67.3
68.3
68.1
67.8
68.0
66.8
67.7
67.3
67.3
66.9
66.9
66.8
67.3
67.5
67.0
67.2
66.6
67.0
67.6
67.7
67.8
67.8
67.9
67.5
67.8
67.8
68.0
66.8
66.9
67.3
67.8
67.9
67.6
67.1
67.0
67.3
68.1
68.7
68.6
70.2
69.0
69.1
70.0
69.9
69.7
69.7
69.1
69.4
68.3
67.6
68.1
66.8
66.1
67.2
66.1
65.5
66.0
66.0
67.5
68.0
67.2
68.1
67.7
69.0
68.6
67.5
66.2
67.2
67.4
66.9
66.6
66.7
66.8
68.2
66.8
66.8
66.9
66.5
66.0
67.4
66.7
66.8
67.0
67.3
67.3
68.0
68.0
69.7
66.5
69.5
69.2
69.9
73.5
68.0
66.9
64.5
66.4
65.5
69.0
69.3
69.0
68.9
72.5
75.9
78.1
73.6
75.3
71.6
76.8
75.3
75.4
74.6
78.0
75.5
77.1
74.8
72.6
72.2
69.9
70.4
69.4
67.0
65.1
64.2
68.3
73.0
69.4
70.4
74.9
73.0
69.8
66.9
65.4
64.7
68.8
88.1
65.7
65.1
65.9
63.8
63.5
63.3
65.3
65.2
65.3
65.8
65.6
64.7
65.2
65.5
65.5
65.0
64.8
64.7
64.5
64.4
63.7
63.2
62.6
62.2
63.4
63.8
63.8
64.1
64.7
64.5
64.6
64.3
64.4
63.5
63.6
62.3
61.9
60.8
61.2
60.9
61.0
60.6
60.0
60.2
60.3
60.8
61.1
60.2
60.7
60.6
60.4
59.9
60.3
60.2
59.6
59.8
59.5
58.7
59.6
59.8
59.8
60.6
61.2
61.7
61.8
61.2
61.7
62.0
60.4
60.1
60.3
59.9
59.4
58.9
65.93333333333334
69.2
68.9
69.4
70.3
70.6
70.5
70.8
70.2
70.0
69.8
69.4
68.9
69.5
68.3
69.2
69.9
68.6
69.5
69.0
69.7
69.6
69.9
69.4
69.9
70.4
69.3
69.7
69.5
70.1
70.6
70.0
70.4
69.2
69.4
69.0
70.0
69.1
69.1
69.0
69.7
68.3
68.3
69.1
71.2
73.6
76.0
76.6
75.3
72.4
69.1
67.6
67.8
72.7
75.7
72.9
70.3
69.5
69.7
70.9
69.8
69.3
69.5
71.5
71.2
74.4
74.5
76.1
78.4
75.3
72.6
72.7
70.6
72.4
75.0
73.3
71.5
70.9
70.3
72.0
71.3
70.4
70.2
69.3
72.9
71.4
70.7
71.9
72.1
71.2
72.0
71.9
73.0
71.9
71.1
71.6
72.3
74.7
73.6
74.5
75.5
74.9
73.6
72.9
72.5
72.8
72.9
75.4
72.2
72.8
72.5
70.6
75.4
78.9
77.3
80.2
75.6
74.5
74.9
72.4
111.3
129.8
73.1
74.8
78.6
77.0
73.0
70.2
68.4
66.0
64.5
64.8
65.7
65.8
66.6
67.2
68.2
69.5
69.0
69.3
69.7
69.6
69.8
68.7
68.1
68.2
68.7
68.0
67.0
66.8
66.7
67.2
68.7
68.0
68.8
69.6
70.0
70.6
71.2
71.7
71.7
70.8
70.1
70.0
72.8
71.3
71.9
69.2
67.9
67.0
67.3
67.6
71.7
72.5
72.6
71.8
70.9
72.4
72.3
71.6
72.3
72.2
70.8
73.3
69.8
67.6
69.6
68.4
70.0
75.4
73.1
70.9
72.0
70.3
70.3
68.7
71.1
70.1
72.2
71.3
71.1
70.2
70.7
70.4
71.2
70.5
70.2
73.1
69.6
68.9
69.2
70.3
70.2
68.6
68.5
71.3
70.5
69.5
69.0
70.7
70.9
70.1
73.9
73.5
76.2
77.4
77.2
73.9
75.0
70.4
69.9
70.3
71.2
70.5
71.2
70.7
71.3
71.8
71.7
72.0
72.4
75.0
73.0
72.5
72.1
72.4
73.0
77.7
72.0
72.7
72.9
70.7
70.4
70.6
72.7
71.0
71.4
70.1
70.9
72.0
71.5
72.5
70.6
71.4
72.0
71.2
72.2
71.5
71.1
71.5
73.5
71.3
71.3
71.4
71.6
71.8
71.0
72.4
75.9
72.3
71.4
71.1
70.7
70.2
70.8
70.6
71.2
73.1
71.4
70.7
72.9
69.6
69.9
69.9
69.2
70.0
70.4
70.2
69.8
70.6
70.8
70.4
70.7
71.5
70.6
71.0
71.2
72.6
70.4
72.6
72.9
74.5
70.5
70.3
72.6
67.9
47.9
72.9
72.0
68.9
68.9
69.8
72.1
73.1
71.6
69.2
67.3
68.7
67.5
69.4
71.1
69.8
68.5
69.6
68.9
69.4
68.0
68.6
68.2
68.2
68.5
68.0
69.7
69.0
69.1
68.4
68.1
68.4
67.7
67.9
68.6
69.2
69.4
69.2
68.6
72.0
69.6
67.9
68.0
68.2
67.9
67.3
67.8
69.0
68.5
69.2
69.1
69.8
70.3
69.2
71.1
69.2
70.3
74.1
121.5
110.4
77.9
76.1
74.9
71.0
70.9
72.7
71.8
72.4
71.6
70.5
70.6
70.0
69.9
70.1
70.7
70.6
69.1
69.8
73.4
74.4
72.8
69.9
70.0
69.0
70.5
74.0
76.5
77.4
74.3
69.1
69.1
68.2
67.2
65.4
65.7
66.6
67.6
67.4
70.3
70.0
72.3
72.0
70.5
71.8
69.7
69.9
68.3
68.5
67.4
67.2
66.9
67.5
66.7
66.3
67.0
68.0
68.3
67.5
75.3
77.8
74.7
73.1
71.3
70.0
69.7
67.7
64.9
63.0
62.5
62.5
61.8
61.2
62.0
62.4
63.8
67.1
66.4
66.2
66.5
65.0
64.3
64.7
65.0
64.1
64.1
63.4
64.8
63.3
63.5
66.6
64.4
67.7
68.4
66.9
65.0
65.3
65.2
71.5
75.7
74.8
71.9
70.3
66.5
66.2
62.9
63.9
64.3
64.2
64.1
63.3
63.5
63.5
64.2
65.9
65.8
66.5
66.2
66.9
66.3
64.7
65.1
65.6
65.5
69.0
66.0
65.1
67.0
66.3
68.9
67.5
68.1
66.4
64.3
69.4
69.5
71.1
71.9
71.0
68.6
67.9
66.4
65.9
64.6
64.4
64.8
64.2
63.3
64.0
65.0
72.6
69.6
75.2
71.4
69.5
67.6
69.1
67.6
66.0
65.8
62.8
63.4
63.6
62.4
65.2
64.8
66.9
66.3
66.7
66.6
68.6
66.4
67.2
66.2
67.0
66.2
64.8
64.7
64.9
65.3
64.6
65.5
67.9
68.4
73.0
79.2
77.3
75.1
71.7
71.8
70.5
68.1
65.5
66.2
65.9
65.7
65.8
67.7
68.5
68.7
69.3
69.6
70.1
70.5
72.1
70.0
70.0
70.2
71.6
72.0
70.3
81.1
101.8
71.2
73.3
73.1
69.1
68.5
67.2
66.8
69.5
67.2
68.1
72.7
70.3
70.4
70.4
72.7
69.6
69.5
67.6
67.9
68.9
66.6
67.1
68.1
68.0
69.3
69.5
72.4
77.2
78.0
77.5
76.8
76.1
75.5
74.5
76.8
77.4
76.0
77.9
76.3
74.1
73.7
74.7
73.8
74.2
73.3
73.3
73.0
73.4
72.0
70.6
72.0
72.0
71.8
69.1
69.7
67.9
68.9
68.5
69.5
69.6
69.1
70.6
70.9
71.8
71.7
73.3
71.0
69.5
70.4
71.6
70.9
69.7
70.6
70.2
70.2
69.2
68.3
73.2
72.4
72.5
71.2
68.8
71.4
70.1
70.0
68.7
67.9
68.0
68.4
68.0
67.0
67.0
68.1
68.0
69.8
69.3
67.8
68.1
67.5
69.1
67.3
67.9
67.1
68.7
68.0
67.1
69.3
67.4
67.1
68.2
68.7
73.7
75.6
75.7
75.3
74.4
73.8
70.7
68.8
68.8
69.8
69.3
68.6
64.7
67.3
64.0
62.4
62.0
64.8
64.0
65.7
64.6
63.2
63.5
64.4
63.4
64.2
65.6
65.1
65.7
63.9
66.0
64.6
64.4
65.4
65.9
66.2
66.2
65.0
63.8
63.6
62.9
62.7
62.6
62.6
62.6
62.8
63.0
62.9
63.0
62.8
63.5
63.3
64.0
63.1
63.8
63.0
63.3
63.7
63.3
63.7
63.9
63.1
62.9
62.8
63.4
63.4
63.5
62.6
63.5
63.4
63.8
62.3
62.1
62.6
62.7
63.1
65.8
63.7
68.4
66.5
64.4
61.1
60.1
59.3
58.7
57.8
74.5
60.6
60.2
63.7
60.4
61.3
61.2
61.4
59.9
60.8
60.7
61.1
59.2
59.6
60.4
59.3
60.0
59.8
60.0
60.2
59.9
60.3
60.5
61.3
61.3
61.1
61.3
62.1
61.0
61.8
62.6
61.9
62.8
61.9
62.7
62.6
60.7
61.3
61.7
62.6
61.0
61.5
61.5
61.1
61.0
61.8
61.8
61.5
63.0
62.5
63.1
63.9
63.0
62.9
63.1
63.9
64.1
63.9
64.6
63.9
64.2
64.0
64.9
64.4
64.6
65.6
64.1
63.6
64.1
64.3
66.9
65.7
64.9
64.7
64.5
64.7
65.3
65.5
65.1
66.6
63.8
63.9
64.1
64.4
63.5
64.1
64.2
63.7
64.3
63.9
64.2
64.5
65.0
64.5
64.5
64.7
65.2
64.9
64.3
64.1
65.6
64.4
65.4
65.6
64.9
64.9
65.0
64.8
63.5
63.9
64.0
64.6
64.3
65.0
65.9
64.8
64.3
64.9
65.2
67.8
93.0
81.5
66.0
66.0
65.3
63.9
64.2
64.0
64.4
64.9
64.8
65.0
64.5
80.4
83.7
67.4
65.9
65.2
68.4
67.4
67.8
67.3
67.2
66.4
66.6
67.3
66.3
66.6
66.9
67.4
67.5
67.4
67.1
66.6
66.5
66.7
66.4
65.8
67.6
85.1
94.2
72.9
74.7
70.0
85.2
80.3
81.8
80.2
79.0
76.8
75.5
76.1
73.1
71.6
71.1
69.5
68.6
67.9
68.5
66.6
65.7
64.7
67.6
68.5
68.2
69.5
68.5
68.5
66.2
62.0
64.6
66.9
64.1
65.0
67.4
65.6
66.9
65.6
63.2
63.0
62.0
62.1
62.0
64.1
64.2
67.2
68.1
67.3
70.3
70.7
74.6
72.2
70.3
68.7
69.3
67.3
67.3
67.3
66.2
67.5
66.0
66.9
66.1
66.9
68.1
67.3
66.8
67.0
67.3
63.2
63.0
62.1
62.9
62.0
62.0
61.5
62.2
62.7
61.4
61.5
61.8
62.4
61.7
62.2
61.6
61.0
62.6
61.0
61.9
61.8
61.3
60.9
60.3
61.1
60.5
60.2
60.4
59.5
59.5
60.1
59.6
59.8
59.9
60.1
59.6
60.3
60.6
59.8
60.7
60.1
60.3
59.7
59.1
59.7
60.5
60.2
59.5
59.1
58.6
59.3
59.8
61.2
60.5
60.3
60.7
60.2
60.5
60.8
60.1
60.4
61.2
61.9
62.4
60.4
62.0
61.5
60.3
61.5
62.1
61.4
61.8
61.7
61.1
61.8
60.2
61.1
60.4
61.4
61.6
61.8
60.3
60.7
61.8
61.3
60.6
61.8
61.4
61.0
61.7
67.5
61.9
62.2
64.3
94.8
85.4
72.5
72.6
65.0
62.6
61.9
62.1
61.4
59.9
60.6
60.7
63.3
83.1
81.8
58.8
59.1
60.0
60.0
60.1
59.5
59.9
58.7
59.0
58.3
57.2
57.8
57.7
57.8
58.6
58.6
58.1
58.5
58.6
58.6
59.4
60.2
60.3
57.9
58.5
58.9
59.6
58.6
59.1
58.0
59.4
58.8
58.6
58.6
58.1
58.5
59.8
57.7
58.0
58.2
58.1
57.3
58.0
58.4
57.1
57.8
58.0
57.2
58.3
58.2
58.4
57.5
58.1
58.9
58.1
58.1
58.7
59.1
59.4
58.7
57.9
58.1
57.8
58.8
57.8
57.8
58.9
59.7
62.0
63.5
60.9
59.7
60.0
60.1
61.1
59.2
60.9
61.6
61.6
62.0
62.0
60.5
63.0
63.4
63.5
65.6
66.4
67.0
55.5
58.7
51.0
84.7
46.0
50.5
47.0
48.4
48.9
48.3
47.9
47.1
47.7
45.7
47.0
51.7
48.1
46.4
49.8
48.1
48.8
47.6
49.3
48.2
49.2
48.0
49.1
51.1
50.4
51.0
50.5
50.9
51.8
51.2
51.1
51.8
50.9
51.1
51.3
50.2
50.6
49.4
50.3
50.8
51.8
50.0
52.0
51.2
51.5
49.9
50.7
51.2
50.3
50.1
50.3
50.3
50.0
50.8
49.8
49.9
50.2
50.3
49.3
49.4
50.6
49.6
49.8
50.6
49.3
51.0
49.1
50.2
50.1
50.5
51.0
50.9
50.7
50.3
50.3
50.5
49.8
50.0
51.2
48.9
50.2
50.9
49.8
49.9
49.8
50.1
49.5
50.5
50.7
50.4
51.0
51.1
50.4
50.2
50.8
51.5
51.9
50.8
51.7
52.6
52.1
50.6
51.9
50.8
52.5
57.4
56.3
56.3
57.3
59.8
57.3
57.1
56.900000000000006
35.019999999999996
23.979999999999997
12.939999999999998
1.9
48.0
56.3
57.9
57.2
55.2
55.3
55.7
55.6
56.1
56.3
58.9
58.5
58.6
60.2
58.0
58.9
58.8
58.3
57.9
61.5
63.7
63.6
61.9
61.0
64.7
61.8
63.2
62.4
61.9
61.6
60.2
60.0
61.4
17.3
62.7
63.3
65.7
62.7
64.1
61.5
62.1
66.8
66.2
66.5
67.0
71.7
63.4
67.5
68.7
67.6
68.8
65.9
66.0
64.1
64.9
66.2
63.6
64.6
64.7
64.7
62.7
63.0
60.2
61.0
67.3
59.8
54.5
53.7
52.7
52.3
51.7
52.7
52.7
50.3
26.5
38.1
51.0
59.4
59.6
59.9
60.8
62.3
60.3
59.7
60.4
58.0
58.0
58.4
57.7
58.0
59.5
59.5
60.4
60.8
61.1
62.3
61.4
60.7
60.1
59.7
59.5
59.5
59.1
59.3
58.9
58.0
58.8
58.8
59.2
60.4
60.9
60.8
60.7
61.5
61.5
60.3
60.2
99.0
64.3
60.7
60.0
60.6
60.8
60.7
59.6
60.8
61.0
60.8
60.2
60.7
61.4
62.5
61.0
62.4
60.8
61.5
60.4
61.1
60.0
60.9
60.3
60.3
61.0
60.6
61.4
60.9
62.5
62.6
60.8
61.5
60.8
61.2
60.9
61.1
61.3
62.2
61.6
61.9
62.1
61.1
62.1
60.8
61.4
60.8
62.0
60.5
62.3
62.3
62.7
62.4
63.1
62.8
61.8
63.1
61.8
62.8
63.0
62.4
61.6
62.6
61.0
61.6
62.0
62.2
62.8
61.9
62.0
63.0
63.2
62.6
68.3
63.5
65.4
65.1
67.7
64.2
66.0
64.0
64.1
63.9
63.1
62.6
61.7
63.1
62.3
60.2
59.8
60.3
58.5
59.3
60.3
59.3
61.0
62.3
61.3
87.9
62.2
61.0
61.2
62.5
62.0
62.1
61.5
61.0
61.5
61.2
63.6
63.0
62.7
63.3
62.5
62.9
63.2
63.2
62.8
61.6
61.8
65.6
67.2
72.6
74.9
74.3
75.7
75.6
74.3
77.1
74.5
74.7
72.2
72.7
70.8
70.2
69.0
68.4
70.4
71.5
70.2
68.4
67.8
66.9
66.6
64.5
64.6
64.6
64.4
63.7
64.3
100.7
66.8
65.7
65.0
64.4
64.1
63.9
63.8
63.0
61.7
62.4
62.6
63.4
63.8
63.7
64.5
64.6
63.3
63.5
62.5
64.1
62.9
62.3
62.0
62.5
61.9
61.6
62.0
62.6
62.6
63.9
61.9
63.5
63.3
62.1
61.3
63.1
61.2
63.0
62.4
63.1
63.5
62.5
61.6
62.1
61.4
60.9
61.7
61.9
60.5
61.9
61.2
64.0
103.9
94.2
63.3
62.6
61.4
62.4
62.4
61.9
61.5
62.2
62.1
62.8
63.2
62.5
61.9
63.1
61.0
62.0
63.0
62.2
62.5
63.6
61.8
62.7
62.2
62.5
64.6
63.0
63.7
62.3
62.5
61.7
63.2
62.2
63.2
62.3
61.9
62.6
62.9
62.7
63.4
63.0
62.6
62.3
59.7
61.2
58.4
62.6
59.1
62.6
65.8
61.3
58.4
56.4
57.3
56.9
58.0
57.9
59.7
60.9
63.2
62.3
66.0
69.9
69.1
66.5
64.6
63.6
62.5
61.3
60.2
59.9
59.3
59.8
59.0
60.4
60.5
60.0
59.0
59.7
60.5
61.5
62.8
62.8
61.5
61.5
60.8
61.4
61.0
60.8
60.1
59.6
60.0
60.7
60.6
60.0
61.3
60.3
61.2
61.0
60.9
62.1
61.5
61.8
62.2
61.3
59.7
60.8
60.5
61.0
59.7
60.6
61.0
60.5
60.5
60.5
62.6
60.4
61.9
62.4
62.1
60.9
59.7
61.7
61.5
66.9
67.6
64.8
62.3
60.3
61.7
59.8
60.4
60.0
61.3
60.8
59.8
59.8
60.5
60.3
61.0
62.2
62.9
62.8
63.6
63.9
63.7
67.9
72.8
67.6
67.6
65.1
66.9
67.5
67.5
66.2
65.0
63.2
61.5
60.4
62.5
61.0
60.2
63.7
65.8
65.4
66.5
66.3
65.0
65.1
63.3
62.4
62.2
63.0
63.6
62.3
62.9
61.9
63.4
62.1
63.6
63.1
62.0
63.0
63.0
62.1
62.0
62.3
61.6
60.8
60.5
60.4
60.9
60.4
60.6
61.1
60.2
63.3
61.4
60.3
60.9
60.3
61.8
61.4
59.4
59.4
59.8
62.0
60.6
61.0
65.1
65.9
63.8
63.0
62.7
62.5
72.4
67.9
63.7
66.1
66.1
65.6
64.5
64.4
63.5
78.1
83.2
79.0
76.2
79.7
85.9
90.5
87.8
86.5
85.1
81.9
79.7
77.7
76.4
76.0
76.0
75.5
76.6
75.9
75.7
74.2
74.4
75.5
75.3
74.6
75.1
76.8
74.4
75.7
78.2
76.3
75.1
74.9
75.0
75.7
74.6
76.7
72.9
72.7
71.8
71.8
78.0
83.0
81.4
79.6
78.0
77.8
76.9
75.7
73.9
72.2
70.6
71.1
69.6
69.7
70.8
71.0
72.1
71.5
72.5
74.0
73.9
78.5
83.3
84.8
78.6
81.6
82.7
79.6
79.7
80.3
77.4
77.5
76.3
77.1
76.6
74.4
72.8
72.5
73.8
73.2
73.3
74.7
75.7
75.6
76.8
77.0
77.0
74.8
74.3
73.9
73.3
73.2
72.1
73.9
71.8
71.1
72.0
73.0
73.6
72.4
74.5
74.6
73.8
73.7
72.2
71.5
70.6
73.1
70.9
71.3
73.7
77.6
75.0
74.7
71.5
71.5
70.7
72.2
70.9
73.9
73.9
73.8
72.8
73.2
73.2
72.1
72.2
71.9
74.2
72.8
73.6
79.3
77.8
74.3
72.6
71.4
70.3
69.0
70.1
67.7
68.0
67.5
67.2
68.8
69.3
69.8
70.2
70.2
71.3
71.6
70.9
69.8
69.9
70.8
69.4
68.5
68.2
67.9
68.6
69.5
69.9
76.9
76.5
73.5
75.4
74.3
74.1
74.0
73.0
71.1
71.8
73.7
78.1
79.3
74.8
79.3
80.9
77.7
79.9
80.8
78.5
80.0
77.5
79.1
79.2
79.9
78.5
79.4
77.4
76.7
77.9
77.3
77.0
75.7
74.0
78.6
80.1
86.0
77.9
79.6
82.3
81.3
80.3
77.1
75.6
74.2
73.9
74.9
74.1
75.6
73.9
73.4
74.5
72.8
72.6
72.9
72.2
73.5
72.2
73.7
71.0
73.8
72.0
70.8
70.2
70.6
70.9
72.7
74.1
75.2
75.4
74.5
73.6
80.6
76.6
73.9
72.5
72.0
71.0
69.9
69.6
68.8
70.1
70.6
71.7
73.5
73.4
73.5
72.9
72.2
71.6
71.6
71.0
72.1
71.7
71.1
73.3
72.2
73.2
71.4
69.9
71.1
72.9
73.5
77.1
73.5
74.1
73.9
73.2
74.5
73.9
72.8
71.5
71.2
72.3
74.6
73.5
79.0
74.5
72.9
74.7
73.0
73.5
71.8
70.5
71.3
70.3
69.3
71.3
69.7
74.9
74.0
74.8
73.9
72.9
72.2
70.3
70.9
68.1
68.1
67.0
67.4
68.3
69.4
69.4
69.6
71.2
72.4
71.7
72.9
72.0
74.6
73.6
76.1
78.8
75.1
78.7
82.8
79.3
78.4
90.5
100.5
89.8
88.2
87.5
86.0
84.3
82.5
82.2
81.2
77.9
78.0
77.6
76.8
75.7
74.8
76.3
80.7
81.9
80.5
78.1
78.1
77.0
76.7
77.7
75.5
76.4
77.4
76.5
75.4
74.7
75.6
75.8
76.0
77.2
77.7
76.9
78.3
77.1
76.3
75.7
76.0
75.5
74.7
74.7
74.5
73.7
74.0
74.6
73.2
75.5
75.2
74.1
73.9
76.3
76.3
75.9
75.2
75.9
74.7
74.9
73.0
74.2
72.6
71.4
71.5
73.4
74.6
76.0
76.4
76.7
76.2
77.3
77.0
76.0
76.8
77.4
76.1
90.8
62.8
75.7
75.7
75.4
75.5
83.3
81.9
79.2
80.2
78.8
76.9
75.2
76.2
74.6
74.6
72.7
74.3
74.6
74.4
75.4
74.4
75.3
75.4
78.0
79.1
78.5
77.4
77.0
75.7
73.5
74.2
72.4
73.1
73.0
75.5
76.1
79.2
83.6
74.3
77.1
82.8
77.5
84.8
85.7
84.6
82.4
82.3
79.9
62.2
107.2
97.9
78.9
76.6
77.0
81.1
79.5
76.3
76.0
75.6
74.5
71.7
68.9
67.3
64.5
63.1
62.8
62.5
61.4
61.6
63.0
61.6
62.2
60.5
61.1
62.4
64.3
64.4
65.1
64.3
64.4
68.2
69.1
70.3
69.6
69.4
71.1
72.8
71.5
71.8
76.2
74.3
75.6
73.8
73.5
73.2
71.3
72.9
71.0
70.3
69.6
70.0
71.4
71.7
69.6
69.6
69.5
69.2
70.7
70.2
70.6
69.5
70.7
71.6
74.2
71.2
70.2
70.3
72.6
72.0
72.7
69.1
69.6
70.9
69.6
69.9
74.5
80.0
77.6
80.7
77.2
79.9
81.7
77.2
79.9
76.3
77.4
77.1
73.8
75.1
75.3
73.7
72.5
73.8
66.1
75.6
72.2
73.5
78.5
78.6
76.5
75.9
76.2
77.7
76.6
74.3
73.8
77.5
75.1
75.9
73.9
75.7
73.7
72.3
73.1
75.3
73.7
74.2
71.6
71.2
72.5
71.4
71.3
71.6
71.1
72.5
72.0
72.8
73.4
72.3
72.8
74.0
75.1
74.1
71.6
72.1
69.7
70.2
71.6
74.3
72.0
72.7
72.9
73.0
73.1
72.8
71.6
72.5
72.9
71.2
69.7
68.5
67.6
64.3
65.7
67.6
71.4
72.9
72.2
69.7
68.4
69.0
68.4
68.5
68.8
67.8
69.7
70.2
70.9
69.5
69.7
68.6
69.7
72.5
68.6
68.5
73.2
73.9
67.3
67.4
67.1
67.5
66.5
67.3
67.4
68.0
67.5
66.8
67.2
67.1
66.5
66.1
66.2
66.5
67.7
67.2
83.5
81.0
75.8
73.7
78.8
73.3
69.8
67.7
68.8
67.3
68.1
71.2
72.7
66.1
65.0
63.7
58.1
57.4
70.2
66.5
70.2
69.1
69.3
72.5
69.6
69.0
71.1
79.1
76.7
84.1
81.3
74.6
68.8
67.6
65.9
66.5
67.0
64.7
65.8
64.5
64.5
64.0
64.6
64.3
64.2
64.6
63.3
62.6
62.6
63.3
61.9
62.7
61.6
62.5
62.0
61.3
61.2
60.1
61.3
60.7
60.0
61.2
60.5
60.0
60.1
61.3
60.6
60.9
61.0
61.4
61.1
61.7
61.5
62.5
62.0
62.2
62.3
63.4
62.8
62.8
62.4
62.9
63.2
63.6
62.9
62.9
63.8
62.9
63.6
62.9
63.4
64.0
64.1
65.4
64.7
64.1
63.6
64.3
63.2
62.7
63.1
63.3
62.5
62.8
62.6
61.8
61.2
60.7
62.5
61.7
60.6
61.1
61.2
60.3
60.3
60.3
59.8
60.3
60.3
60.8
60.2
60.7
61.1
60.6
60.7
61.2
60.7
60.9
61.6
59.9
60.0
61.1
62.4
60.1
61.8
60.9
61.0
61.4
61.7
64.1
61.9
63.4
62.1
62.9
63.7
64.1
62.9
63.5
63.3
63.4
62.3
63.1
62.5
62.9
62.4
62.9
62.1
61.1
61.8
64.0
62.5
63.6
61.8
62.4
62.2
62.0
61.7
62.3
62.5
62.2
62.7
62.4
62.1
62.8
63.5
63.3
64.3
63.2
64.5
65.2
64.5
64.5
64.7
65.1
91.9
79.5
65.0
64.6
64.4
65.7
66.9
69.9
69.3
67.3
65.5
71.5
70.7
65.7
66.1
64.8
67.8
68.3
66.7
66.8
63.9
65.1
64.6
62.3
63.6
60.7
61.6
61.0
62.4
61.4
62.1
63.3
62.1
62.5
61.9
61.9
61.8
62.3
62.4
62.4
62.2
61.0
61.9
60.9
61.6
62.5
61.5
63.1
61.7
61.0
61.4
62.4
61.7
62.4
61.2
61.4
62.1
67.8
65.4
67.7
66.7
66.3
65.7
64.3
64.6
65.1
64.8
64.6
64.6
64.0
63.8
64.9
64.4
64.7
65.0
64.3
64.1
62.2
63.6
62.3
61.5
64.5
65.7
63.2
62.6
63.8
62.5
63.3
60.2
63.1
63.5
61.7
62.8
62.8
65.8
64.4
61.9
62.7
62.2
62.0
62.1
63.2
63.1
63.2
63.3
61.4
62.9
62.7
63.6
62.2
62.2
62.0
62.8
62.1
62.4
62.1
61.0
62.1
60.3
60.7
61.9
62.2
59.9
61.1
59.3
60.9
60.1
60.1
61.5
61.1
61.5
61.3
61.5
61.0
61.1
61.0
62.2
61.4
61.7
61.5
63.0
63.0
62.4
62.2
61.6
62.2
69.5
137.0
113.1
67.3
66.4
66.1
66.7
65.7
65.2
65.4
63.5
63.1
64.6
64.2
63.8
62.5
64.0
65.2
66.2
64.4
64.8
63.9
62.9
63.3
61.2
61.1
60.6
60.8
59.9
59.4
59.5
58.2
57.3
57.0
59.5
61.3
61.2
60.8
62.5
61.9
61.5
60.3
59.6
60.2
59.9
59.1
60.3
60.3
60.7
62.1
61.2
60.5
59.1
60.8
59.9
60.2
60.5
60.2
60.2
60.9
60.2
58.8
60.4
59.6
60.2
59.8
59.7
59.9
59.7
59.8
60.8
61.2
60.5
61.3
61.7
62.4
61.2
61.4
61.7
60.5
60.4
60.1
61.0
60.2
59.4
60.2
70.7
63.4
62.1
64.5
65.4
66.5
68.2
68.9
70.2
69.8
69.6
68.4
69.6
66.9
69.2
68.3
68.1
68.0
66.5
64.9
63.7
65.9
65.4
64.7
65.6
63.7
63.3
62.0
66.1
66.0
64.4
65.4
64.3
64.3
65.6
64.4
64.0
64.3
61.7
64.7
65.6
67.1
63.8
63.2
82.5
123.6
86.4
65.7
65.7
67.5
68.4
63.7
63.5
64.9
68.4
69.6
68.5
69.8
67.7
27.0
47.1
93.0
64.2
99.7
66.3
64.3
62.7
63.1
65.3
66.8
66.5
81.0
88.4
89.3
107.4
105.3
66.0
61.9
60.0
60.7
87.3
82.5
60.7
60.4
60.6
61.4
62.4
66.2
69.9
70.3
69.6
70.2
69.8
69.2
68.5
67.5
66.2
67.0
66.9
66.4
112.7
112.7
70.5
61.2
58.6
59.6
60.7
61.3
61.4
70.7
67.6
69.0
69.3
69.6
70.9
70.9
69.9
67.6
65.6
65.9
64.0
62.1
62.1
61.7
60.1
60.0
58.8
59.0
58.6
58.5
58.5
58.8
59.0
58.0
58.9
58.3
58.7
59.5
60.7
60.7
62.0
60.4
61.3
60.8
61.7
65.0
61.8
61.2
63.0
63.0
66.9
66.1
64.5
64.8
64.1
69.0
60.8
61.5
61.3
60.8
60.3
60.0
60.2
60.0
59.7
60.0
60.0
60.3
59.4
59.5
60.3
59.9
60.4
60.0
59.5
60.1
59.4
58.3
59.6
59.8
60.6
77.4
82.8
64.1
68.1
74.9
67.0
66.4
61.3
62.5
63.5
63.5
61.2
65.4
65.3
63.7
64.4
63.3
64.1
63.9
65.9
65.7
64.7
67.1
67.6
65.9
65.2
63.6
64.0
64.0
62.6
63.5
63.8
64.8
64.5
64.5
64.8
64.7
64.8
64.6
71.5
68.4
71.6
74.9
74.9
73.5
74.3
73.0
73.1
74.6
74.3
71.5
74.6
75.7
76.0
74.3
74.4
72.1
72.3
74.2
75.7
74.0
73.9
72.1
69.9
65.5
64.2
66.5
66.9
67.3
66.7
66.2
65.1
64.8
65.1
63.4
63.4
62.1
62.0
66.9
69.3
68.8
67.7
67.3
66.4
62.1
68.1
74.1
