54.1
54.3
52.7
52.6
53.4
54.4
55.6
57.6
57.6
60.5
69.4
73.0
67.1
63.6
64.4
61.7
62.3
61.9
58.4
63.9
63.8
63.5
65.1
67.0
66.0
68.5
68.4
65.3
62.4
61.6
62.2
59.1
59.8
57.9
59.5
60.7
65.2
62.5
63.1
63.2
61.5
60.4
59.5
67.6
63.4
62.5
61.4
61.2
60.3
58.9
58.4
58.6
57.9
58.8
58.2
58.3
57.7
57.7
56.8
56.3
56.9
57.3
60.7
60.5
59.0
58.7
58.5
58.3
57.6
56.8
56.1
56.7
56.7
56.6
56.7
56.2
56.1
55.9
56.6
55.7
55.5
56.2
55.7
56.0
55.2
56.0
56.4
55.8
55.1
56.2
56.3
56.6
55.7
55.8
56.1
56.2
56.5
55.2
55.0
55.3
55.2
54.8
54.5
53.9
53.9
54.2
54.6
53.7
54.8
53.8
63.6
59.0
54.8
54.4
54.3
55.1
54.4
55.2
55.5
54.5
54.5
55.3
54.9
55.0
54.6
54.2
54.0
55.9
55.3
53.9
55.5
54.9
54.7
54.7
53.3
53.9
56.4
55.5
53.7
55.2
54.5
54.7
54.0
54.4
55.2
54.6
54.7
53.4
54.1
54.1
52.5
53.3
52.9
53.7
53.7
54.6
52.4
52.4
53.7
52.3
52.4
52.9
52.3
52.8
51.7
53.7
54.5
53.2
54.1
53.5
50.7
49.5
50.6
49.5
49.5
47.8
47.1
47.7
49.0
48.5
48.6
48.9
51.2
46.8
46.7
48.7
49.0
48.2
48.3
49.4
49.2
50.6
60.1
51.0
48.1
47.6
49.3
49.4
50.0
48.9
49.5
50.1
50.3
49.8
50.5
50.9
49.9
50.6
52.2
50.3
50.0
50.4
50.7
50.5
50.3
51.2
50.2
49.5
51.5
52.1
51.1
49.9
51.0
51.0
50.3
51.1
50.3
50.7
50.5
50.7
51.1
51.7
50.3
49.5
47.6
48.2
48.4
48.0
48.7
47.8
49.1
49.8
49.0
50.0
49.1
49.3
48.2
49.5
48.4
50.4
47.7
49.4
50.1
49.1
48.2
49.7
49.4
48.9
49.2
50.1
50.3
50.6
50.2
53.2
75.3
68.0
59.2
56.2
52.7
48.4
48.5
49.4
48.6
49.9
48.6
49.9
48.9
48.5
48.7
49.1
49.4
49.1
50.0
50.6
50.8
51.7
51.8
51.2
52.0
51.1
51.3
50.7
51.1
53.5
51.6
53.2
52.7
61.0
72.0
85.6
80.6
76.1
71.6
75.75248226950355
75.57872340425531
75.40496453900708
75.23120567375886
75.05744680851063
74.8836879432624
74.70992907801418
74.53617021276595
74.36241134751772
74.1886524822695
74.01489361702127
73.84113475177304
73.66737588652482
73.49361702127659
73.31985815602836
73.14609929078014
72.97234042553191
72.79858156028368
72.62482269503546
72.45106382978723
72.277304964539
72.10354609929078
71.92978723404255
71.75602836879432
71.5822695035461
71.40851063829787
71.23475177304964
71.06099290780142
70.88723404255319
70.71347517730496
70.53971631205674
70.36595744680851
70.19219858156028
70.01843971631206
69.84468085106383
69.6709219858156
69.49716312056738
69.32340425531915
69.14964539007092
68.9758865248227
68.80212765957447
68.62836879432624
68.454609929078
68.28085106382979
68.10709219858155
67.93333333333334
67.7595744680851
67.58581560283687
67.41205673758864
67.23829787234042
67.0645390070922
66.89078014184398
66.71702127659574
66.54326241134751
66.36950354609928
66.19574468085106
66.02198581560283
65.84822695035461
65.67446808510638
65.50070921985815
65.32695035460992
65.1531914893617
64.97943262411347
64.80567375886525
64.63191489361702
64.45815602836879
64.28439716312056
64.11063829787234
63.93687943262411
63.763120567375886
63.58936170212766
63.41560283687943
63.241843971631205
63.06808510638298
62.89432624113475
62.720567375886525
62.5468085106383
62.37304964539007
62.199290780141844
62.02553191489362
61.85177304964539
61.67801418439716
61.50425531914894
61.33049645390071
61.15673758865248
60.98297872340426
60.80921985815603
60.6354609929078
60.46170212765958
60.287943262411346
60.11418439716312
59.9404255319149
59.766666666666666
59.592907801418434
59.41914893617022
59.245390070921985
59.071631205673754
58.897872340425536
58.724113475177305
58.55035460992907
58.376595744680856
58.202836879432624
58.02907801418439
57.855319148936175
57.68156028368794
57.50780141843971
57.334042553191495
57.16028368794326
56.98652482269503
56.812765957446814
56.63900709219858
56.46524822695035
56.29148936170213
56.1177304964539
55.94397163120567
55.770212765957446
55.59645390070922
55.42269503546099
55.248936170212765
55.07517730496454
54.90141843971631
54.727659574468085
54.55390070921986
54.38014184397163
54.206382978723404
54.03262411347518
53.85886524822695
53.685106382978724
53.5113475177305
53.33758865248227
53.16382978723404
52.99007092198582
52.81631205673759
52.64255319148936
52.46879432624114
52.29503546099291
52.12127659574468
51.94751773049646
51.773758865248226
51.6
50.8
57.3
49.5
47.8
56.4
63.7
66.8
65.7
58.7
57.8
55.2
51.5
52.1
50.6
49.6
53.2
54.0
56.3
53.8
56.6
64.3
76.5
67.3
59.2
55.0
50.3
49.2
50.2
50.6
50.3
50.2
50.6
49.8
49.3
49.7
49.2
48.0
48.9
48.5
48.7
48.9
48.3
47.9
48.1
48.2
47.9
48.0
47.9
47.8
49.8
48.5
49.4
48.7
48.3
48.3
49.1
49.2
49.1
50.0
50.1
50.7
50.7
50.1
50.7
51.3
51.7
51.4
51.9
51.7
52.2
51.9
54.1
52.0
51.9
51.8
52.0
51.5
52.0
51.7
51.5
52.0
51.6
51.8
51.9
51.6
51.7
51.6
51.9
51.8
51.8
51.9
52.0
51.8
51.8
51.7
51.5
51.5
51.7
51.7
51.8
51.8
51.8
52.0
52.3
51.5
52.0
51.8
51.8
51.9
51.6
51.8
51.6
51.7
52.0
52.1
54.5
55.0
54.5
53.8
53.7
53.0
52.7
53.0
52.6
52.6
52.3
52.5
53.1
52.7
52.6
52.9
52.9
52.9
53.2
52.3
52.8
52.4
53.3
52.5
52.7
52.6
52.4
52.4
52.7
53.0
52.6
52.6
53.3
52.4
52.3
52.6
51.9
52.2
52.7
51.9
53.8
53.1
53.3
53.2
52.1
52.1
51.8
51.7
52.5
52.3
51.9
52.3
55.3
52.6
50.6
51.6
51.5
51.2
51.7
52.2
52.6
52.4
53.4
53.0
52.1
52.0
51.0
51.7
53.6
51.2
51.0
51.8
51.0
51.1
51.4
50.7
50.6
50.7
50.6
51.4
51.8
51.8
50.8
50.5
50.7
51.1
51.6
51.4
51.6
51.2
51.5
51.9
51.2
51.1
51.9
51.5
51.6
51.3
51.4
51.4
51.2
51.3
52.0
51.7
52.4
66.2
60.2
66.8
61.3
54.6
49.9
48.2
61.6
57.2
56.4
67.2
55.4
52.1
52.5
52.2
52.4
52.5
53.3
54.8
54.6
51.5
51.0
52.5
52.5
52.9
53.5
53.4
53.2
53.8
55.0
55.0
53.7
53.0
73.1
77.1
73.1
70.7
66.6
61.6
56.5
55.6
55.6
57.5
53.8
55.9
56.3
58.2
56.8
56.5
77.7
78.3
74.5
71.5
68.1
63.7
58.6
58.1
57.2
56.1
55.1
55.1
53.8
53.6
54.3
55.1
54.6
54.9
55.0
52.9
54.5
52.7
53.1
56.0
54.1
53.3
52.8
55.0
53.7
54.4
52.6
53.0
53.6
54.9
52.8
53.0
53.0
52.3
53.1
52.2
52.9
53.1
51.6
53.3
53.0
53.1
54.6
55.1
51.8
51.3
52.3
52.3
52.7
53.3
53.4
53.6
53.5
53.0
53.5
52.9
53.7
53.5
54.2
53.2
54.0
53.9
54.0
53.7
52.6
52.3
51.9
52.9
52.9
53.1
54.1
52.4
53.9
52.0
52.4
52.2
53.1
53.1
52.5
52.3
54.0
53.4
52.0
53.2
52.6
53.3
52.2
52.8
54.1
54.5
52.7
52.6
52.0
52.5
52.7
52.6
52.7
52.7
52.7
52.8
52.8
52.8
53.0
53.0
53.0
53.0
52.6
52.7
52.9
52.6
53.2
53.0
52.8
53.2
53.3
53.9
53.3
53.5
54.0
53.8
53.0
53.1
53.1
53.5
54.0
53.6
54.1
55.2
55.4
55.8
56.5
54.5
53.4
53.7
52.1
52.8
53.8
53.5
56.4
56.3
54.2
55.0
55.9
57.4
54.2
58.5
59.5
58.4
58.0
54.6
55.6
53.6
56.4
55.3
56.3
54.3
53.1
51.6
54.4
53.9
56.3
54.9
55.0
54.5
53.1
54.9
55.6
53.2
54.6
56.0
55.6
57.3
57.3
57.6
54.7
56.5
56.0
55.5
55.2
55.4
56.8
55.3
54.7
53.9
53.6
54.5
55.2
53.9
53.9
54.8
53.8
53.3
53.4
53.3
52.4
52.5
53.4
52.8
53.4
53.8
53.5
53.6
53.9
53.7
53.9
65.9
76.4
76.7
65.9
54.7
57.6
56.7
57.8
54.7
59.0
60.9
58.8
57.0
57.4
57.9
55.6
55.6
55.1
55.0
56.6
54.7
53.8
52.5
52.0
51.5
52.5
52.4
53.2
53.2
53.5
54.0
54.0
56.2
56.2
55.1
55.7
54.9
54.7
53.3
53.7
51.9
51.4
53.6
52.9
53.0
53.7
53.5
53.7
53.6
53.7
53.4
53.4
54.6
53.2
53.2
53.1
53.6
54.5
53.5
53.7
53.3
52.6
53.1
52.4
53.6
53.7
53.2
53.3
52.9
51.8
53.5
51.8
51.7
51.8
53.0
52.7
52.8
53.0
53.8
52.7
53.1
53.0
53.0
53.1
54.7
52.5
52.7
53.0
53.0
53.2
53.5
53.2
53.0
53.1
53.1
55.7
72.1
81.2
85.7
80.9
78.4
79.8
83.3
79.4
77.7
77.9
78.4
79.1
79.3
82.1
78.5
79.6
68.7
72.3
74.8
67.8
64.7
63.0
63.6
67.9
69.4
65.3
65.0
62.0
59.8
60.9
61.4
59.9
61.2
61.4
62.4
65.5
62.8
66.3
65.9
60.8
60.0
59.7
61.2
61.5
59.7
66.1
62.3
64.9
62.2
63.5
66.0
60.9
61.3
63.8
68.0
72.1
67.8
66.3
64.4
61.3
60.6
64.4
60.7
62.9
63.3
61.2
59.5
58.5
59.7
59.3
58.4
55.6
55.6
59.4
57.4
57.8
56.6
54.9
57.6
54.3
55.6
54.7
54.2
55.9
56.6
57.5
57.3
57.3
58.9
59.3
59.9
61.8
60.9
59.7
58.7
59.3
59.8
59.4
58.9
58.2
59.4
58.6
61.0
59.3
60.5
59.2
60.5
63.4
60.2
59.7
61.1
61.3
61.2
60.2
63.3
62.0
65.0
60.4
59.4
60.9
59.2
60.6
59.9
60.8
59.2
60.3
60.6
60.7
59.2
60.2
60.0
59.4
58.6
58.6
58.9
59.0
58.6
58.8
57.1
59.3
59.3
57.2
58.6
58.3
57.6
58.2
57.6
59.1
58.4
58.0
57.5
57.8
58.2
57.7
56.7
57.3
57.4
56.8
56.1
57.5
57.3
56.8
57.0
56.6
57.4
57.1
57.8
57.6
58.1
56.8
57.5
57.7
57.9
58.0
57.9
56.5
56.3
56.7
58.5
56.4
57.1
57.5
58.6
57.2
58.1
57.3
60.2
58.6
57.1
58.8
60.7
57.5
58.4
57.2
59.0
59.0
59.7
58.6
60.0
58.5
58.9
57.8
60.1
58.6
58.7
59.6
58.9
59.3
65.3
64.0
61.7
58.3
56.3
59.8
64.9
69.2
76.0
73.4
71.2
71.6
71.4
71.2
70.8
71.8
71.8
71.2
71.6
71.5
70.8
70.9
70.6
71.1
71.2
72.5
72.5
72.9
72.2
72.2
71.7
71.0
71.6
71.6
71.7
71.6
71.0
71.1
70.0
70.2
69.9
69.8
69.6
71.2
70.9
69.9
69.8
69.4
69.5
69.2
70.4
70.5
70.7
71.0
70.9
73.1
84.3
80.9
78.5
75.3
75.1
74.9
73.8
73.4
73.5
72.8
72.8
72.2
72.6
72.7
72.1
72.5
71.5
71.4
71.1
71.2
70.5
70.2
70.2
70.8
70.1
71.1
70.5
71.7
70.7
71.9
71.4
71.4
71.3
71.3
72.3
71.9
72.2
71.6
70.5
71.4
71.0
71.3
71.6
71.6
71.9
73.1
73.3
71.2
73.5
71.8
71.6
73.2
77.9
78.5
78.8
78.3
77.7
76.0
75.6
74.5
74.4
73.1
72.4
71.7
71.3
71.4
70.8
69.9
70.6
70.0
70.5
70.2
70.8
70.2
70.2
70.1
70.2
70.1
69.9
69.1
69.5
69.4
70.1
69.6
68.9
69.5
70.2
70.9
68.8
69.2
72.1
70.0
71.4
71.1
73.6
72.9
72.9
72.0
72.1
72.1
71.3
71.2
70.5
70.5
71.5
71.8
71.7
71.8
73.5
77.1
76.9
77.2
77.9
76.6
75.7
76.8
77.5
81.1
79.8
80.9
80.5
81.9
80.7
78.6
77.6
76.8
75.0
74.4
73.9
72.7
72.2
71.8
71.8
71.9
72.2
71.5
71.7
72.0
72.0
72.5
79.0
74.8
73.7
73.2
72.9
72.3
72.0
71.6
70.9
70.3
70.8
69.3
69.7
69.3
68.8
68.1
68.3
68.0
67.2
67.9
68.3
68.1
67.7
68.0
68.0
68.4
74.2
74.5
76.0
75.2
75.4
75.1
74.2
74.4
73.3
73.0
72.2
72.3
71.4
71.5
71.6
73.6
72.4
75.6
75.6
73.6
75.2
76.6
74.9
75.5
76.0
76.6
79.5
78.7
82.2
80.2
81.8
79.4
78.2
78.7
77.5
76.3
76.4
75.9
75.1
73.9
73.9
72.7
73.1
71.9
70.6
71.7
72.3
71.5
71.2
70.9
70.4
69.4
69.6
68.7
68.9
69.0
70.8
71.2
71.0
75.3
78.8
79.5
80.2
82.0
85.1
87.2
87.2
88.2
87.5
87.6
89.0
87.8
87.7
85.3
84.7
86.9
85.5
85.7
84.7
83.0
84.4
83.0
84.3
84.7
86.7
84.8
83.8
79.6
78.7
81.4
79.0
79.2
79.9
79.4
79.0
79.9
77.6
77.1
74.9
74.3
73.6
71.6
71.1
71.8
69.4
70.1
71.0
70.2
70.3
71.8
70.8
70.3
71.6
70.5
70.2
70.9
69.6
70.2
71.8
78.0
79.2
77.0
75.7
75.8
76.3
74.4
75.3
73.8
73.5
74.1
73.5
72.4
72.7
73.1
72.1
73.2
72.5
71.9
72.5
71.4
71.3
72.2
72.6
72.7
72.9
73.9
76.3
76.9
74.1
72.8
73.3
72.7
74.3
80.2
76.6
74.1
72.5
71.1
73.4
72.8
73.9
70.9
76.6
82.5
81.5
78.2
79.6
77.8
75.7
77.0
73.5
72.2
72.4
71.4
70.9
70.6
70.4
70.3
69.5
68.9
68.5
67.7
67.8
68.4
68.2
67.6
67.6
76.8
77.0
73.9
72.1
71.2
69.9
69.1
69.7
68.9
69.1
68.4
68.4
68.3
68.1
68.0
68.8
68.6
70.5
67.9
68.7
68.9
68.6
70.1
68.8
67.4
69.2
66.4
66.7
67.5
66.7
67.2
67.2
67.7
68.0
67.6
67.2
68.4
67.3
66.8
67.7
67.1
67.7
67.5
68.0
67.9
67.1
68.1
67.3
67.8
67.5
67.1
66.7
67.1
67.3
67.0
67.3
67.3
66.7
66.8
67.1
66.7
65.7
66.4
66.3
66.4
66.7
66.2
66.9
66.9
66.7
67.0
66.8
67.2
67.4
66.1
66.5
66.7
66.2
65.7
65.9
66.3
72.3
75.9
71.0
69.9
67.3
67.3
68.0
66.8
69.8
68.1
66.9
69.2
67.1
68.2
70.1
69.0
69.8
73.4
69.2
69.4
70.1
71.6
71.2
69.9
69.7
70.9
70.6
70.4
71.5
73.1
73.6
70.8
71.6
72.6
70.1
73.6
73.4
75.6
75.4
75.0
76.8
77.1
74.9
75.5
75.3
73.0
72.7
71.8
70.1
72.8
73.2
73.1
75.4
78.6
75.5
73.7
74.5
77.7
77.3
77.1
75.9
75.4
74.1
72.8
72.7
71.9
70.6
70.8
70.3
71.6
71.8
75.3
74.4
72.5
72.9
71.5
71.3
69.5
70.1
70.7
69.5
68.6
69.0
69.2
72.2
76.8
78.2
76.0
75.5
73.3
72.4
71.6
70.7
70.5
70.9
70.6
70.2
70.1
69.1
69.5
70.2
70.1
69.6
69.3
68.9
69.7
68.4
69.7
68.2
68.3
67.1
68.0
67.2
66.7
65.4
65.3
65.4
65.1
64.9
65.0
64.6
65.1
65.9
68.8
66.8
66.9
65.3
68.4
65.9
64.3
64.4
62.5
62.3
63.1
61.2
61.4
62.4
61.9
60.1
60.9
60.3
60.5
58.1
58.3
59.4
56.5
57.0
58.3
59.3
57.9
65.1
65.7
61.7
62.9
70.0
76.9
75.5
77.7
78.7
76.2
74.3
75.3
72.6
75.2
77.1
77.4
83.9
82.1
78.7
77.6
79.0
78.3
77.4
77.2
76.0
76.7
76.8
80.1
79.3
78.9
80.8
81.0
83.5
81.9
82.4
81.4
80.0
80.8
78.6
78.1
77.3
76.8
75.7
77.8
78.2
79.6
80.9
81.2
81.9
82.2
81.9
81.6
82.0
82.2
81.5
82.7
83.7
82.2
83.6
84.2
82.6
84.3
86.2
84.7
83.7
82.3
82.1
79.9
79.7
80.7
79.4
78.6
78.0
78.3
77.4
76.8
76.2
76.6
76.9
77.3
78.1
77.5
77.3
77.9
76.8
76.4
75.8
76.9
76.0
75.5
76.4
75.2
75.5
75.4
75.4
76.1
77.8
79.0
76.7
75.6
75.2
78.0
76.1
75.3
74.1
72.5
73.3
72.8
73.1
73.5
73.8
75.5
74.4
77.5
76.8
76.3
76.8
77.5
77.6
77.1
77.2
78.1
78.2
77.7
78.0
77.6
78.7
77.7
78.7
78.3
79.3
80.5
80.4
81.0
80.7
80.7
81.3
81.6
81.4
81.4
80.4
81.5
79.7
79.4
80.5
79.5
78.4
79.2
79.2
78.5
76.7
76.3
77.8
78.0
78.6
79.9
79.7
80.1
79.2
79.5
78.8
81.4
80.9
82.0
81.8
84.2
83.2
83.0
81.8
82.8
83.1
84.0
83.9
82.9
83.1
81.5
81.8
81.8
81.3
81.9
81.1
81.4
81.7
80.9
81.7
83.0
81.7
81.9
84.2
85.4
84.5
83.7
84.6
84.5
84.0
83.3
82.8
83.2
81.6
80.6
81.8
82.1
80.4
79.5
79.6
79.7
79.6
77.7
77.9
78.4
79.3
80.1
80.3
80.1
80.2
81.4
79.7
79.7
80.1
79.6
79.3
80.2
78.6
80.9
80.3
79.8
80.3
81.0
81.9
81.4
81.7
81.9
83.8
82.8
83.9
89.0
89.6
90.6
94.4
88.8
90.0
90.3
88.4
88.0
86.0
85.2
85.5
83.8
84.4
83.9
83.9
83.9
84.2
83.5
82.9
82.6
82.7
81.8
83.2
81.1
81.6
81.7
80.5
80.6
82.4
81.5
80.3
81.4
79.4
79.3
80.9
81.0
79.4
80.0
81.3
82.2
81.5
81.1
80.2
82.5
80.6
80.2
79.7
78.9
79.8
79.2
78.8
78.2
78.1
76.3
76.5
77.9
77.2
79.2
80.6
79.8
79.3
80.6
80.2
79.7
81.8
81.4
80.6
80.7
80.8
80.7
79.8
78.7
80.8
80.8
81.4
79.7
79.6
81.3
81.3
80.4
77.9
78.3
79.4
77.9
79.2
79.2
78.8
78.1
80.2
78.3
78.3
78.4
78.4
79.9
78.8
78.8
79.9
79.9
78.5
78.6
77.9
76.8
77.4
77.3
78.6
76.6
78.9
77.9
80.1
78.9
80.3
80.1
80.4
78.6
79.3
77.6
79.9
78.6
79.5
77.8
80.8
79.1
78.3
80.3
80.1
79.1
81.0
79.7
80.1
81.3
80.2
79.6
78.8
78.7
78.5
78.8
78.5
80.0
78.1
79.8
80.2
81.6
80.2
81.6
82.2
82.6
83.3
86.1
86.2
87.1
88.1
89.3
90.1
90.3
90.4
92.8
90.4
90.1
89.6
88.0
88.3
88.4
87.8
87.6
88.0
88.2
87.8
84.5
85.4
85.3
86.4
87.2
87.6
87.4
86.0
85.1
86.1
84.7
85.8
84.8
83.9
85.7
84.0
86.1
83.9
84.7
83.7
84.2
85.6
84.8
84.4
84.5
85.5
85.3
85.0
85.8
85.2
86.3
87.4
87.1
86.8
84.4
85.5
83.4
84.3
83.5
85.1
83.3
83.8
82.2
83.8
83.3
82.0
83.1
80.7
81.3
82.0
82.1
81.7
82.8
82.3
84.0
84.1
85.3
84.9
82.9
86.7
85.4
86.5
85.2
84.3
84.8
84.5
84.6
84.8
86.6
87.4
88.2
89.0
88.8
88.8
88.2
87.2
89.0
88.8
89.1
87.7
88.8
90.9
90.6
89.1
88.5
88.9
86.3
84.6
84.7
82.9
84.6
82.5
83.6
82.9
82.9
82.1
83.7
83.0
82.3
84.0
83.7
82.5
84.4
86.7
85.6
85.4
84.7
84.0
84.7
84.3
85.8
85.1
87.4
87.7
93.6
96.1
97.1
99.5
100.4
99.8
98.0
94.1
94.7
94.2
93.0
91.7
91.7
91.1
91.2
89.4
88.3
85.7
87.2
85.8
85.9
86.0
86.5
86.6
87.2
86.3
85.2
84.7
85.8
86.0
86.0
86.8
86.7
87.2
87.1
87.5
92.5
89.7
90.3
90.0
90.1
89.6
89.3
88.6
88.4
87.4
87.1
87.7
88.0
88.3
87.2
88.5
84.9
88.1
87.2
86.0
86.2
87.3
87.2
88.7
89.3
87.7
88.6
88.8
88.0
87.6
86.4
86.4
85.8
86.5
87.6
87.8
88.4
89.7
89.0
92.2
92.8
91.8
91.9
90.3
91.0
90.3
89.9
90.2
88.7
89.3
88.8
88.9
89.7
93.5
93.1
95.3
95.3
95.4
96.3
95.9
94.5
93.1
92.8
94.8
95.2
93.8
92.6
92.4
93.0
91.9
89.8
90.4
94.3
94.0
94.7
95.0
95.9
97.2
96.7
95.6
99.7
97.7
99.6
97.0
100.5
100.0
98.4
98.4
100.3
101.8
101.8
101.4
104.0
105.4
108.6
110.1
109.9
106.9
106.8
105.8
104.9
105.7
104.6
103.1
104.5
104.1
103.3
102.9
101.3
100.6
99.6
97.7
97.3
96.8
95.4
96.8
95.0
93.5
93.4
95.0
93.0
92.1
95.2
93.3
92.6
94.3
92.5
91.7
91.6
90.6
91.6
90.3
90.9
89.6
90.7
90.9
90.7
92.5
92.7
91.7
99.4
99.3
100.2
96.1
95.9
94.3
92.8
92.0
90.0
89.3
88.7
87.4
87.9
88.3
87.1
86.4
86.1
85.1
85.5
85.5
85.0
86.1
84.9
85.3
85.0
85.8
84.9
84.8
84.4
84.8
84.7
84.3
84.5
86.8
86.2
84.9
85.9
86.8
86.5
86.7
85.3
83.3
84.3
86.4
85.2
86.3
84.1
85.2
85.3
86.7
85.4
84.8
83.5
84.2
83.2
83.5
83.8
85.0
83.6
83.4
84.8
85.1
85.2
83.6
85.1
85.4
85.3
83.5
84.1
85.7
84.8
85.5
85.8
86.1
88.9
88.7
88.4
88.2
88.1
88.2
89.4
87.8
89.5
87.9
89.4
88.9
89.6
88.3
87.0
89.5
89.3
90.3
89.8
89.2
88.3
88.1
88.4
88.8
90.9
89.6
88.6
87.8
88.8
88.8
88.0
87.7
87.8
88.2
87.4
87.0
88.9
88.9
88.2
88.9
90.1
89.9
89.8
89.8
89.7
89.9
90.4
91.1
89.8
91.0
92.1
91.3
91.7
89.0
90.6
93.2
92.0
91.1
90.4
90.4
90.7
92.7
95.2
92.2
91.6
91.6
90.9
90.4
90.3
90.4
91.2
90.3
91.2
90.6
90.4
92.2
91.9
91.9
91.7
91.8
92.9
93.3
91.0
97.4
95.3
93.8
95.0
95.5
96.4
97.3
98.5
98.2
97.7
98.3
100.9
100.3
101.5
101.3
99.8
99.8
100.3
100.3
101.6
100.6
99.6
99.7
99.0
99.3
100.1
101.1
101.0
100.8
102.8
103.2
103.1
103.3
102.8
101.6
102.1
102.3
102.2
103.7
104.7
105.5
103.2
104.0
106.8
105.4
103.0
105.6
105.9
102.8
101.3
101.2
100.4
101.2
101.6
100.5
100.4
101.0
101.3
102.2
101.4
103.3
101.7
100.7
101.7
101.0
100.9
100.4
100.3
100.1
100.4
99.6
100.0
99.4
100.3
103.4
101.4
101.6
101.3
100.7
101.8
101.5
100.4
99.9
100.7
102.0
102.1
100.6
100.2
100.0
100.0
99.8
100.0
100.6
100.4
100.2
100.2
100.3
100.2
100.2
99.5
99.7
100.2
99.8
100.2
100.2
99.9
99.3
99.6
99.2
99.0
99.7
99.2
101.4
99.4
98.3
98.5
97.6
98.2
98.8
98.9
99.6
97.5
96.8
96.0
95.8
95.3
96.8
98.7
98.7
100.5
100.9
99.8
101.2
101.1
100.5
99.6
99.0
99.6
99.1
98.2
96.4
96.0
95.8
95.5
97.4
96.2
98.2
98.5
99.5
99.6
100.8
101.9
101.0
100.9
99.8
99.4
101.7
100.1
100.7
100.6
101.0
100.2
99.3
100.0
99.0
99.0
99.3
98.3
98.7
98.4
98.2
98.5
99.7
98.4
98.9
98.3
98.7
98.7
99.2
99.5
99.6
99.7
100.3
100.7
104.2
102.8
102.2
100.7
101.5
100.5
100.2
99.8
99.6
99.3
99.4
99.7
99.1
99.3
99.3
99.3
98.5
99.1
101.4
103.6
104.9
101.7
100.8
102.1
101.9
100.7
100.8
100.1
100.1
99.6
99.5
99.2
99.0
98.7
98.8
99.4
99.8
99.9
99.8
100.2
100.2
101.4
100.8
100.7
101.0
101.3
101.5
100.2
100.8
101.2
101.5
101.8
101.6
100.0
100.0
100.0
99.1
100.4
102.0
100.4
99.3
99.6
99.9
98.8
99.3
98.6
99.4
98.2
98.8
98.1
99.2
98.5
98.7
98.1
98.4
98.2
99.3
99.0
99.5
100.2
100.2
100.3
100.0
100.0
100.1
99.3
99.5
100.3
100.6
100.9
101.8
103.0
101.7
102.4
103.0
103.9
102.9
103.9
102.9
102.3
102.9
103.1
104.6
104.8
103.1
103.4
104.8
104.6
103.2
101.7
100.4
102.0
100.0
101.0
102.4
103.3
105.6
107.3
104.9
102.50000000000001
106.23333333333333
106.9
106.9
108.8
109.3
109.8
106.3
104.8
105.7
105.9
106.3
106.69999999999999
106.7
107.7
108.2
109.0
110.6
111.9
109.0
108.9
108.0
107.0
106.6
104.7
105.1
105.6
105.8
106.1
106.5
107.8
106.5
105.9
106.8
106.5
105.8
105.3
105.5
103.8
104.6
106.0
104.9
107.7
106.7
106.3
105.6
106.2
106.2
105.1
106.3
105.5
105.6
106.7
107.2
110.4
108.2
108.7
108.3
107.5
106.4
106.0
107.9
106.2
105.2
104.7
105.1
105.2
105.8
106.6
105.0
104.1
103.5
103.9
103.7
103.1
104.0
103.5
104.1
104.0
104.8
104.2
104.2
104.6
105.6
104.6
104.0
104.4
108.3
106.1
104.5
104.6
105.0
104.9
104.6
104.3
104.0
104.1
104.7
104.6
103.7
104.2
103.9
104.0
104.4
104.9
105.1
104.7
105.6
108.3
105.9
105.1
105.3
105.7
106.0
106.5
107.0
106.5
105.8
105.9
104.5
107.8
107.4
105.3
105.0
105.6
105.5
105.5
104.6
106.6
107.1
109.4
109.6
109.0
109.2
112.5
111.5
109.8
110.1
111.7
111.6
110.6
109.3
109.1
110.8
109.0
109.5
110.2
107.5
107.4
106.7
106.3
105.3
105.0
107.5
105.9
106.5
106.3
107.2
106.6
108.1
107.8
107.8
108.0
108.2
109.2
108.1
110.1
111.5
109.8
109.3
109.5
109.5
109.1
109.2
108.5
110.1
108.5
108.1
107.8
108.4
108.0
107.7
108.5
107.5
107.7
106.9
106.6
107.7
106.1
105.7
106.0
105.7
105.3
106.6
105.3
105.2
104.6
105.0
104.7
103.5
104.3
104.6
103.2
102.6
102.4
101.8
101.1
101.0
102.2
101.4
101.2
100.8
99.3
99.4
98.2
97.5
96.8
96.83333333333333
96.5
96.3
96.4
96.9
96.6
96.29999999999998
97.0
96.1
95.4
96.3
97.1
96.2
96.3
95.4
95.0
96.2
95.5
94.1
94.9
94.8
95.7
94.4
93.6
93.7
93.7
94.6
93.8
93.2
93.4
92.8
92.4
91.7
91.7
91.9
91.0
91.2
92.5
92.2
90.1
90.1
93.6
91.4
91.0
91.6
90.2
90.0
89.8
89.4
89.2
89.0
88.3
88.2
87.8
88.3
87.3
87.8
88.8
86.9
87.8
88.7
87.8
87.5
90.2
87.6
88.5
87.9
88.7
88.5
86.3
85.5
87.5
87.4
85.0
85.8
87.1
85.5
84.3
84.3
85.3
86.6
85.9
86.0
87.0
87.6
87.2
87.2
86.4
88.0
86.4
87.4
86.1
85.3
85.2
85.1
84.4
84.5
84.7
85.8
85.3
84.0
83.8
83.4
83.1
84.2
83.5
83.9
83.6
84.4
83.2
82.6
82.5
82.2
82.4
81.7
81.9
82.3
84.1
84.5
82.5
82.5
83.3
83.4
82.2
81.3
81.4
83.2
82.4
82.2
83.1
83.3
83.2
83.6
83.4
82.1
82.7
82.2
81.8
82.6
83.4
83.0
84.3
82.1
82.7
82.3
81.6
84.2
82.7
81.9
80.8
81.5
81.2
80.2
82.5
85.2
84.0
82.8
82.2
84.6
86.3
82.9
82.9
82.9
82.5
82.5
82.5
81.8
83.6
83.1
83.2
82.1
82.2
82.2
83.3
83.4
84.0
83.0
83.2
82.7
83.1
84.1
83.0
83.6
82.5
82.3
82.7
82.4
82.6
82.6
84.0
82.3
81.9
81.8
83.0
83.3
82.4
82.1
82.1
82.3
83.4
83.1
82.1
81.5
81.6
82.6
81.4
81.8
82.6
82.1
83.3
82.9
82.8
84.0
82.6
82.2
84.7
83.4
82.8
83.0
81.5
82.0
82.2
82.7
83.6
82.9
83.9
82.7
82.3
82.1
81.7
81.3
82.1
82.5
81.5
81.2
82.0
82.1
81.2
82.4
81.7
81.9
83.1
81.7
81.6
82.0
80.8
81.6
82.4
83.2
81.5
82.7
84.7
84.4
83.3
82.8
83.4
83.2
83.0
83.2
82.3
83.6
83.6
83.0
82.2
83.5
85.7
88.1
86.4
87.8
89.1
90.0
88.0
88.0
87.6
87.0
85.8
86.5
88.0
86.8
85.2
86.3
85.5
85.9
85.3
84.8
87.0
86.1
87.2
86.4
86.8
86.1
85.1
85.3
86.0
85.6
85.9
85.9
86.3
85.9
87.1
87.8
87.9
87.2
86.5
86.7
87.8
89.7
91.0
89.3
88.9
89.7
90.2
91.3
90.4
92.8
91.8
90.9
91.2
90.8
90.5
91.2
92.1
92.0
93.1
93.0
94.0
94.7
94.6
96.8
95.2
95.0
94.4
94.3
93.7
94.1
94.7
94.8
94.0
94.3
94.9
93.8
93.5
93.6
92.7
92.4
93.7
92.3
92.5
93.8
94.8
93.5
94.2
94.0
95.8
94.5
95.0
93.6
93.5
93.7
93.9
93.3
93.1
92.6
92.2
93.0
92.2
92.3
91.8
92.0
91.1
91.8
91.2
91.4
91.9
92.0
91.9
92.3
92.0
92.5
92.5
91.9
92.7
92.9
92.1
91.5
91.2
93.5
93.5
93.7
93.7
92.6
92.5
91.3
91.8
92.4
92.1
91.2
91.0
91.1
90.4
91.7
90.4
90.1
89.6
90.9
90.2
90.1
90.0
89.9
89.8
89.7
90.0
89.9
89.9
90.1
91.1
88.5
88.9
89.8
93.5
91.6
92.3
91.2
90.1
89.8
89.2
90.7
90.5
89.2
90.0
89.7
89.8
89.0
88.7
90.1
89.3
89.6
91.4
89.4
90.5
90.7
91.4
90.3
90.9
91.3
91.0
91.2
91.6
92.0
90.7
90.1
90.9
91.1
90.6
92.3
92.4
91.5
91.6
91.0
92.4
91.6
91.8
90.5
91.0
91.0
91.7
91.8
90.9
90.4
93.4
92.4
92.3
91.4
92.4
92.6
92.6
89.6
90.1
90.7
88.4
89.2
88.9
90.5
88.3
91.6
87.9
89.5
89.3
89.6
89.8
90.1
90.0
89.9
90.0
89.4
89.0
89.1
89.2
89.6
88.5
89.1
90.0
89.5
89.4
89.4
88.8
89.2
89.4
89.0
89.4
91.4
91.7
90.5
89.2
89.3
89.2
89.2
89.1
89.2
88.8
88.2
89.7
87.8
88.0
88.1
88.5
89.4
90.8
92.9
92.1
90.5
89.1
89.1
88.8
88.5
88.1
87.9
87.5
87.1
86.6
86.6
86.2
86.4
85.9
86.0
85.6
85.4
85.1
85.5
85.5
85.6
85.6
86.0
88.7
85.2
85.8
85.8
85.8
85.4
85.1
85.2
85.3
85.5
85.5
86.2
89.5
89.8
88.7
87.3
87.0
87.0
86.5
85.8
85.1
84.8
84.5
84.5
84.9
84.3
84.1
84.1
84.1
84.1
84.1
83.9
83.8
84.1
83.3
83.8
83.4
83.5
83.6
83.8
84.2
83.2
83.1
83.6
83.9
83.9
84.2
84.6
85.6
87.0
85.3
85.3
85.4
85.3
85.0
84.8
84.3
84.5
84.4
84.3
84.6
84.8
89.4
90.5
89.1
88.4
91.4
91.4
90.0
89.4
91.8
95.8
97.0
101.7
101.4
98.4
97.2
96.3
95.2
94.7
93.9
93.6
92.6
91.2
91.7
90.9
91.5
90.8
89.4
91.0
90.7
90.9
90.4
89.5
90.9
89.7
89.3
91.6
92.4
93.4
94.3
92.5
93.0
92.8
92.5
93.1
92.4
92.1
94.4
93.4
94.4
93.9
93.2
93.6
93.6
94.8
95.4
96.8
95.3
96.4
95.2
94.9
96.0
94.6
96.6
94.3
94.5
93.7
94.1
93.9
95.0
95.9
97.4
94.9
94.9
97.3
98.7
100.6
96.5
96.6
94.5
93.2
93.9
96.1
94.6
93.3
93.2
92.9
91.3
91.0
91.8
92.9
94.6
94.0
92.8
91.8
90.7
90.6
91.2
90.3
90.7
89.9
89.0
89.5
90.2
89.2
88.7
88.5
87.8
86.9
86.9
85.8
86.5
86.2
87.4
86.6
85.8
86.1
87.1
87.3
87.3
86.5
86.6
86.3
85.6
85.0
84.8
86.6
84.7
85.3
84.2
85.0
85.0
84.0
85.9
85.9
86.2
85.7
86.2
87.3
87.7
87.5
87.4
87.8
86.8
88.2
88.2
88.1
88.8
91.7
90.6
89.1
87.4
87.7
88.3
86.6
85.3
85.6
85.8
84.0
84.4
83.8
85.7
84.3
87.1
87.3
85.6
88.1
85.3
84.5
84.6
83.2
82.1
81.7
81.7
81.1
80.6
80.7
80.3
81.0
80.5
80.6
80.1
79.6
79.8
80.2
79.9
80.2
80.4
80.4
80.1
80.2
80.1
80.2
80.4
80.2
80.4
80.2
80.4
80.7
80.7
80.1
80.1
80.2
79.6
79.9
80.3
80.0
80.1
80.1
80.3
80.3
80.0
80.0
79.9
79.6
80.0
79.8
79.4
79.6
79.6
79.7
80.1
79.4
79.3
79.3
79.5
79.1
78.8
78.9
79.5
78.9
81.8
81.4
81.5
83.2
82.0
81.3
80.5
80.5
80.7
80.3
79.7
80.0
80.0
79.9
79.8
80.3
79.7
79.7
81.0
81.1
84.2
85.4
87.1
87.5
89.4
86.8
87.6
87.5
87.2
87.0
85.8
86.1
86.2
85.9
86.4
86.4
87.4
86.6
90.0
90.2
88.5
88.1
87.5
87.5
87.2
86.8
87.7
88.5
88.8
92.0
95.5
91.9
92.5
90.4
90.0
87.7
86.7
87.6
87.7
86.8
85.1
85.0
84.9
84.3
85.2
86.7
89.4
85.7
86.3
87.8
85.1
85.7
82.9
83.9
87.2
84.2
87.1
88.8
85.5
85.8
85.3
84.9
84.4
86.7
83.8
83.0
81.8
79.8
85.5
86.0
85.3
82.6
85.6
86.4
86.1
87.3
92.2
90.7
95.0
91.3
91.7
90.8
89.8
88.3
86.1
84.9
83.8
84.0
84.2
84.8
83.1
83.9
88.8
85.8
83.9
88.7
88.7
87.8
87.7
87.4
89.0
87.2
86.8
87.5
85.0
89.3
89.7
87.0
84.0
82.1
81.7
80.8
79.8
79.0
79.1
78.9
81.3
81.2
79.8
79.1
79.0
78.5
78.3
77.9
78.8
78.2
78.1
78.7
78.7
79.4
79.0
78.6
78.5
78.3
78.4
78.4
78.3
78.5
78.1
78.0
78.3
78.3
78.3
79.3
78.5
78.4
78.8
78.4
77.6
78.6
78.3
78.2
78.3
78.3
78.4
79.3
78.5
78.0
78.1
78.4
78.4
77.9
77.6
77.8
78.5
78.4
77.9
77.5
78.6
79.4
80.3
78.7
79.8
79.8
79.8
79.5
79.4
79.6
79.2
79.3
80.5
80.5
80.7
81.2
81.2
81.2
81.2
81.4
81.0
81.6
84.7
88.8
88.9
90.6
89.5
92.0
89.2
90.2
90.4
91.5
90.2
86.8
87.1
84.2
81.6
80.2
81.9
81.4
80.0
80.6
83.7
80.4
79.1
78.7
79.0
78.4
78.0
78.1
78.4
78.7
78.5
78.2
77.6
78.5
78.4
78.1
78.1
78.5
77.4
77.7
78.2
77.7
77.0
77.5
77.6
77.0
76.9
77.2
77.0
76.5
76.2
76.7
77.2
77.5
76.6
77.8
76.9
76.7
78.5
78.1
78.3
78.3
78.3
78.8
78.2
78.9
77.1
78.0
77.6
77.9
77.5
77.6
77.9
82.6
85.5
81.4
79.2
78.0
78.1
77.1
77.7
78.0
80.4
92.0
91.0
91.3
92.3
92.2
97.2
96.8
93.5
96.3
100.6
101.0
99.2
96.5
94.0
92.6
90.3
89.6
87.5
88.4
88.3
92.8
92.5
92.3
93.7
92.0
90.7
90.7
92.0
88.8
90.0
91.6
90.4
90.9
88.8
85.3
83.6
83.0
82.8
82.1
81.7
82.0
86.4
82.1
81.4
81.7
80.8
79.8
80.3
80.7
80.1
80.7
80.1
80.5
80.8
80.2
81.0
81.2
79.9
79.6
80.7
79.8
80.4
80.0
80.6
80.8
80.1
79.5
79.3
77.9
78.5
80.1
79.8
79.7
79.7
79.8
79.5
80.0
79.7
79.4
80.9
81.6
80.0
79.2
82.5
79.6
80.5
86.0
98.3
93.3
92.4
93.5
88.9
91.8
99.9
92.6
87.9
85.1
83.5
81.9
81.1
80.6
80.2
80.1
80.4
79.7
79.1
79.4
79.6
79.6
79.8
80.4
80.9
79.9
80.2
79.5
78.7
79.7
79.0
79.4
79.3
78.8
78.9
78.6
78.1
78.4
78.7
77.3
78.2
78.3
78.7
78.7
79.9
79.1
79.9
79.7
83.7
89.1
81.6
87.9
82.7
84.6
87.1
83.3
85.5
84.0
83.1
83.4
85.5
86.7
87.9
94.2
90.9
90.5
92.4
89.1
86.0
85.4
83.9
83.0
82.3
81.1
81.9
80.5
80.7
80.2
78.9
79.1
79.2
79.8
78.8
79.1
79.3
79.6
79.3
78.5
79.4
79.8
79.9
79.0
79.2
78.7
78.2
78.9
78.3
79.1
79.1
78.2
79.1
78.2
78.9
78.4
78.6
78.4
78.6
79.0
79.1
78.4
80.8
83.1
82.4
83.2
81.3
84.9
85.1
91.3
98.8
96.2
96.8
95.8
98.6
103.0
107.5
104.9
103.7
103.4
101.0
97.0
97.9
94.3
91.3
90.3
88.3
88.2
87.4
86.9
87.1
87.2
86.8
92.3
94.3
96.8
96.3
95.3
93.4
94.0
92.1
94.9
92.3
93.0
92.2
92.3
91.7
94.4
98.5
98.3
96.0
94.8
92.5
88.8
87.4
85.7
85.6
84.0
84.2
83.8
84.2
83.4
83.3
82.8
82.8
82.4
82.0
81.5
81.9
82.0
81.1
82.5
81.9
82.3
81.9
81.7
81.7
81.5
86.0
92.5
94.0
94.1
95.8
101.3
98.5
97.9
98.5
98.0
98.1
96.1
96.5
96.1
95.0
94.8
93.7
91.9
92.1
95.1
95.3
96.9
95.6
93.8
95.7
95.0
95.2
96.1
95.1
100.2
100.6
99.3
98.5
98.7
98.7
100.2
100.6
101.4
101.6
101.0
103.2
102.4
101.4
101.3
101.1
102.9
100.4
100.6
102.4
100.0
98.6
98.5
97.2
94.2
94.8
94.4
93.6
93.8
94.3
93.4
93.9
93.5
92.8
92.7
93.3
93.6
92.6
94.4
94.9
93.2
92.7
92.1
90.9
90.1
91.0
92.0
92.2
90.9
91.8
92.1
92.1
92.2
92.4
90.6
91.6
91.2
88.0
90.3
90.1
90.3
89.5
88.9
88.6
88.3
88.1
88.2
86.6
87.0
88.2
86.8
87.1
87.2
85.6
86.4
87.2
85.9
86.6
87.2
87.2
86.7
87.7
88.0
87.7
87.6
87.0
88.9
91.7
90.4
89.3
88.5
88.5
87.2
87.0
87.9
88.8
87.9
88.8
86.5
87.4
86.3
84.7
83.6
82.9
84.1
83.8
84.1
83.7
88.3
86.0
81.6
77.9
76.4
75.9
75.3
74.4
73.9
75.8
80.8
80.6
82.5
84.3
83.2
82.4
81.0
80.6
81.0
81.4
86.0
83.9
82.6
82.3
81.4
81.8
80.9
82.6
81.2
81.8
81.5
81.5
82.1
81.4
82.6
80.9
81.2
80.8
81.0
80.2
80.9
81.2
80.4
78.9
80.2
79.9
79.4
76.8
76.6
75.8
74.5
78.2
78.9
76.7
80.5
79.1
79.9
80.7
79.5
76.6
75.1
74.4
75.0
73.7
72.7
71.7
72.2
72.3
72.2
74.8
75.7
79.0
79.1
79.3
79.6
79.4
79.4
79.4
79.6
78.8
78.9
79.8
80.7
78.3
79.8
80.0
81.3
82.9
83.8
83.9
84.0
82.9
83.5
83.1
83.7
83.1
83.1
83.6
83.5
82.7
82.4
81.9
82.6
81.9
81.4
82.0
82.4
82.5
83.1
86.5
83.3
84.0
82.9
83.8
83.1
83.9
82.1
86.0
83.8
84.0
82.7
84.9
84.4
83.6
83.8
83.4
83.3
83.2
82.5
82.2
82.1
81.8
80.9
82.1
83.0
82.0
82.6
83.7
83.2
82.3
82.0
81.3
82.4
81.5
82.2
83.3
83.1
84.3
83.1
84.4
82.5
83.0
83.5
87.6
85.7
84.0
83.4
82.4
83.8
85.3
83.8
85.0
83.9
85.4
84.6
85.8
85.7
86.2
87.1
84.6
86.3
85.9
88.2
86.5
86.1
86.7
87.1
86.5
87.4
86.6
87.3
87.4
87.5
87.6
87.6
84.5
86.1
88.2
87.1
86.5
85.9
85.3
85.6
85.7
87.0
88.0
87.5
85.8
88.3
89.3
89.6
87.9
90.7
90.2
91.2
92.5
95.1
94.4
93.6
93.2
93.4
92.5
92.4
92.4
92.9
93.4
93.5
92.8
93.4
94.0
94.0
94.8
93.1
92.0
90.7
92.6
90.8
90.4
90.4
90.7
90.2
90.3
90.9
90.8
89.4
88.3
88.4
90.0
88.8
88.8
87.6
87.7
86.3
86.0
85.8
85.3
86.4
85.5
86.0
87.7
87.5
86.5
88.9
88.6
88.4
88.1
88.9
88.3
88.1
87.3
87.4
88.0
87.5
89.0
89.7
89.9
90.2
90.5
90.8
91.4
89.6
92.4
92.7
93.8
93.1
91.5
91.4
91.0
90.5
92.1
93.69999999999999
