115.1
115.7
114.8
112.6
117.8
116.5
117.6
112.8
108.9
114.8
110.3
107.7
114.7
112.1
111.5
111.7
112.3
116.1
106.9
105.6
99.2
109.2
112.0
113.0
117.7
114.9
109.3
111.8
110.2
110.8
107.5
99.7
91.3
102.6
110.8
107.4
110.6
100.0
102.7
108.0
106.8
107.5
113.2
114.0
112.5
111.1
112.6
106.0
105.5
111.0
110.4
109.3
113.9
113.7
114.7
110.0
107.9
108.6
109.8
105.1
111.1
114.5
111.0
107.8
110.8
110.5
109.4
111.7
109.5
99.1
100.3
110.4
108.8
104.6
108.5
109.1
113.4
108.1
103.9
106.7
103.9
103.9
104.6
107.4
107.2
105.1
106.4
107.4
105.2
104.2
105.7
104.1
101.1
105.0
100.0
104.4
107.3
101.1
104.1
102.4
99.6
104.4
102.5
105.3
95.3
95.4
93.5
92.3
95.4
96.7
99.8
99.7
99.6
98.6
102.4
105.8
105.8
102.6
107.5
102.5
109.6
105.6
102.2
104.6
108.2
106.0
101.8
108.6
104.9
106.6
106.1
107.6
104.5
106.7
101.2
103.8
104.0
107.4
102.1
105.2
105.2
104.5
107.8
106.5
103.7
102.3
105.3
104.7
110.7
106.5
104.5
113.8
105.3
109.2
116.2
108.2
113.3
112.5
108.2
109.8
106.0
114.3
110.6
113.4
111.1
107.3
111.4
109.3
110.6
108.8
111.3
112.6
115.4
117.9
115.2
111.8
112.8
109.8
108.6
109.1
111.4
102.8
107.3
105.1
105.9
99.6
110.2
103.3
109.3
106.1
107.8
107.8
107.3
106.4
113.5
112.2
102.1
108.4
112.3
112.3
109.2
106.4
104.5
111.5
107.4
114.6
111.7
106.5
100.6
108.3
101.3
108.9
113.2
108.0
109.2
102.8
107.2
109.4
104.6
107.2
109.0
105.6
106.6
95.2
97.4
102.0
113.7
115.2
111.8
119.5
109.5
106.6
104.6
107.8
101.7
106.6
105.5
105.3
101.9
103.5
108.5
105.0
105.3
103.1
111.8
107.1
103.9
101.8
104.8
113.7
111.9
111.3
104.6
102.2
105.6
113.8
106.8
107.1
108.0
103.4
107.4
108.8
108.4
106.0
107.7
115.3
109.6
108.2
113.2
105.4
108.3
105.9
108.2
110.1
107.7
109.8
109.1
113.3
111.9
104.0
109.4
104.1
111.2
109.7
105.0
105.6
107.5
105.3
102.5
102.7
103.2
111.8
107.5
104.1
103.4
110.6
96.3
95.9
102.5
104.5
107.6
100.2
99.8
107.2
105.6
108.2
109.3
113.2
108.9
113.3
114.3
104.8
111.4
107.3
103.7
103.5
101.1
106.0
104.4
101.0
101.2
101.0
100.0
104.6
104.3
100.8
103.3
103.5
101.9
99.0
101.4
101.9
100.5
100.1
93.8
99.6
99.8
105.2
101.9
101.2
99.3
105.9
104.0
102.6
103.3
106.4
104.8
111.7
112.8
115.4
107.6
108.6
108.9
108.4
112.4
109.0
109.9
105.7
106.8
107.9
110.5
109.5
109.2
112.6
106.3
103.9
108.7
105.5
100.1
98.2
97.6
106.2
107.2
104.2
104.4
107.6
108.5
111.9
107.9
104.6
110.5
108.9
108.4
109.3
111.5
111.2
106.5
108.4
112.2
109.8
111.6
108.6
112.7
116.3
112.7
110.5
108.7
111.1
103.7
103.8
107.0
103.8
109.7
110.4
106.8
110.1
109.8
109.0
112.5
108.5
111.7
108.6
107.0
112.6
109.6
111.6
110.6
114.5
113.3
112.7
112.6
114.1
113.4
110.2
109.6
111.5
119.1
116.6
116.2
122.6
116.8
119.1
119.7
117.0
121.3
122.4
119.7
114.7
124.2
110.6
112.6
105.5
105.3
107.1
106.9
101.4
98.5
99.8
105.9
98.9
106.0
100.2
100.7
103.2
102.6
102.4
102.3
102.1
99.2
99.5
100.4
99.1
99.9
97.0
97.2
100.9
99.0
99.6
99.0
100.4
96.7
99.9
97.8
99.2
97.6
97.6
97.2
98.9
101.0
100.8
99.9
96.6
98.0
99.7
102.2
98.9
99.3
100.4
100.0
99.4
101.0
100.2
102.2
101.6
100.9
99.3
99.7
97.3
99.6
99.6
94.3
98.7
96.5
97.0
96.4
97.9
96.6
94.1
96.7
94.4
97.4
95.4
91.4
94.0
97.6
96.8
93.9
96.4
98.3
96.5
96.1
95.9
96.8
95.1
95.3
97.8
96.9
99.7
94.8
94.9
94.0
96.7
97.7
99.0
99.6
102.3
95.3
95.4
96.7
94.6
94.1
93.4
96.2
99.2
99.2
95.8
95.9
101.1
101.4
91.5
95.8
95.9
100.9
102.6
101.9
104.6
104.5
106.0
107.1
104.8
106.9
105.8
106.1
105.6
103.6
104.3
104.2
103.5
104.6
103.2
104.5
106.9
105.5
107.3
103.8
106.4
106.9
109.2
104.0
110.0
109.6
108.2
108.8
105.4
106.3
116.8
105.1
107.6
109.2
107.6
108.2
110.9
111.6
110.5
116.9
114.7
110.7
109.7
111.6
108.6
112.1
108.6
113.6
109.0
111.9
107.4
112.4
112.3
109.7
112.5
110.2
111.0
108.6
109.0
109.9
111.3
114.1
115.1
113.1
108.5
110.0
107.3
107.5
106.7
110.3
104.1
107.0
105.7
104.9
105.9
104.4
104.7
102.9
100.0
99.9
99.1
97.5
100.4
98.9
99.8
99.7
101.4
99.3
100.4
101.6
98.0
99.3
100.3
100.2
100.3
101.2
101.2
101.1
103.1
108.6
107.1
100.9
99.2
105.6
99.7
99.5
99.6
99.5
98.4
98.7
98.1
104.1
99.5
95.7
100.8
97.6
95.7
98.1
98.4
95.3
96.8
98.5
98.9
99.6
97.1
98.9
98.9
99.5
96.5
96.6
96.4
96.4
98.1
99.9
94.8
94.6
99.1
99.3
99.9
98.1
100.3
98.8
95.7
94.3
96.2
94.9
96.8
97.2
94.3
93.3
94.1
95.0
96.3
95.4
97.2
93.8
95.9
96.0
95.5
94.2
95.7
96.9
96.4
90.2
94.4
92.3
93.5
95.0
92.6
92.1
94.1
94.7
94.4
92.8
92.5
94.0
93.6
95.1
94.4
93.8
93.3
96.4
93.8
92.8
94.1
94.0
92.9
94.8
98.2
93.7
93.6
96.4
95.9
97.4
95.5
95.4
97.8
95.6
97.9
96.7
93.7
95.0
95.5
95.3
93.6
98.9
95.2
93.5
95.5
100.1
96.6
94.9
95.8
97.4
98.2
91.4
93.7
91.4
96.0
93.0
95.0
91.8
92.6
92.3
94.3
93.3
93.9
93.0
94.6
93.5
92.3
95.3
93.8
94.2
93.6
94.4
93.0
93.6
94.2
95.5
97.3
93.7
96.9
95.1
96.3
95.7
93.6
94.8
93.3
91.2
92.1
94.3
92.3
92.0
92.9
95.3
94.3
94.4
93.6
96.6
98.3
101.3
99.2
102.9
95.0
96.1
97.8
95.0
96.4
99.1
97.2
92.8
96.2
95.2
93.1
95.1
94.0
94.4
95.2
93.0
93.9
95.9
94.2
92.9
94.6
98.2
96.4
98.5
100.6
101.1
97.8
95.9
96.5
95.3
94.1
93.7
98.7
93.5
92.8
93.8
93.8
92.9
94.9
91.9
93.1
94.1
94.5
94.8
93.9
95.8
94.8
91.9
92.6
96.0
94.4
92.2
93.4
96.3
94.4
97.3
94.3
92.3
94.3
93.6
93.2
93.5
93.0
89.9
92.0
96.9
97.5
94.6
98.8
92.3
90.0
92.3
96.5
96.7
102.2
105.3
104.2
104.6
104.6
107.4
106.7
107.7
110.3
110.2
116.3
116.2
118.8
116.1
119.2
118.3
119.6
122.2
114.8
120.9
133.1
122.4
123.2
116.0
122.8
124.1
116.8
118.4
124.3
119.1
129.4
123.5
124.1
122.3
121.3
122.5
122.3
123.3
121.0
124.6
126.0
126.7
125.7
127.9
123.1
123.5
122.4
118.8
122.7
122.4
123.1
120.4
117.6
123.2
121.0
121.1
120.8
119.2
123.0
116.5
110.6
117.6
116.0
118.4
116.6
113.3
113.6
118.8
115.9
115.7
118.4
118.1
119.6
117.4
113.5
116.2
124.6
116.3
116.1
116.0
110.9
109.8
111.9
116.0
113.5
111.1
111.2
107.6
110.7
118.8
108.0
106.0
108.6
107.6
104.6
103.8
107.5
108.2
110.2
105.5
109.0
103.4
105.4
106.2
106.9
104.0
109.9
107.2
106.8
104.7
102.1
103.9
103.6
105.9
102.8
100.2
104.0
104.9
100.7
101.7
107.1
102.5
103.9
99.4
104.8
102.6
100.0
102.2
98.8
100.4
101.9
101.3
106.1
99.0
97.6
103.4
99.0
97.3
101.8
95.5
100.2
102.4
101.3
101.1
99.4
98.4
99.0
96.4
101.6
103.3
100.7
101.6
99.8
98.1
100.1
101.0
105.3
100.6
98.9
96.6
97.9
94.8
96.6
96.5
99.3
99.7
95.7
98.0
95.7
96.8
96.3
97.4
98.7
94.9
98.6
102.2
102.0
95.6
96.9
102.0
100.1
100.3
98.6
96.5
100.1
100.9
102.4
105.0
95.9
96.2
93.9
98.5
95.4
97.2
96.0
98.5
96.2
102.4
100.6
96.4
95.8
100.6
97.4
98.7
96.8
97.8
95.7
92.6
94.5
95.8
95.4
95.4
99.3
96.3
95.8
96.3
100.1
97.6
101.3
101.1
102.7
105.2
106.9
105.1
108.2
109.2
106.2
107.7
110.0
111.1
109.6
111.3
112.1
110.6
111.1
113.5
113.3
113.7
114.6
113.8
112.7
115.1
111.2
114.1
112.3
113.5
113.2
112.9
110.8
112.2
116.1
113.1
113.4
112.1
113.3
113.1
114.4
114.3
111.6
113.7
110.8
111.8
109.4
111.7
113.2
112.2
113.2
112.1
113.6
113.8
114.5
113.2
108.1
111.6
111.7
113.2
113.0
107.3
109.0
116.1
112.2
113.3
110.4
110.6
111.3
111.9
109.1
113.4
111.8
114.0
113.0
117.8
117.9
112.2
116.9
112.7
113.2
115.9
111.9
115.9
111.5
108.8
115.6
112.2
109.8
108.4
111.3
111.3
109.2
106.4
109.4
109.1
109.5
107.7
105.2
105.9
103.2
104.7
106.6
105.6
105.6
105.4
111.2
102.0
103.7
106.6
105.8
107.7
104.4
110.0
108.7
108.4
104.2
108.2
100.8
105.4
103.7
104.4
106.0
105.2
103.0
103.2
105.5
105.8
106.4
104.2
108.2
104.3
102.6
105.6
105.6
106.1
108.0
109.0
111.6
105.3
107.9
106.9
102.6
103.5
101.4
104.2
101.7
100.7
106.7
108.1
103.3
104.6
106.0
104.7
101.2
99.8
96.2
97.6
100.8
96.6
103.3
101.5
100.1
104.3
99.3
104.5
105.5
104.9
101.9
101.4
105.9
102.5
101.7
100.4
106.0
101.0
100.4
103.2
102.7
96.7
97.2
97.2
100.3
95.4
97.8
97.3
97.9
100.4
96.3
96.6
96.5
101.5
98.2
97.9
101.3
97.0
100.1
95.6
94.5
100.2
93.7
97.2
95.2
95.0
97.2
97.9
94.0
93.4
97.9
95.2
96.0
95.8
99.5
95.5
95.0
94.5
94.4
97.3
94.6
96.1
96.6
95.3
92.5
93.2
94.1
92.8
99.5
93.3
93.6
93.0
92.0
93.8
93.9
95.6
93.4
90.5
93.1
91.6
92.0
93.6
91.2
93.8
92.7
92.0
89.7
92.9
95.8
94.8
95.1
94.5
91.9
95.7
97.6
95.3
95.1
96.7
98.9
101.1
104.2
98.0
107.3
104.2
106.9
108.9
107.5
109.0
112.4
104.5
111.2
107.7
111.5
112.6
106.4
107.2
109.6
108.9
114.6
108.8
109.5
109.0
111.9
109.1
110.4
105.9
106.1
107.9
111.3
110.8
105.2
106.4
103.0
104.6
100.2
103.1
103.0
102.3
107.7
106.8
103.1
108.7
109.1
103.9
106.9
103.1
103.2
106.0
104.2
103.5
104.5
103.7
105.0
105.4
106.7
106.3
101.5
102.7
108.4
104.7
103.0
101.5
104.2
104.2
107.4
102.5
104.7
105.6
104.4
101.8
101.9
101.4
98.6
101.4
101.9
99.9
102.5
101.9
100.1
101.0
102.1
102.5
103.6
102.3
101.1
100.7
101.3
98.9
98.5
103.2
100.0
98.8
100.2
100.5
100.2
96.8
96.8
94.5
100.3
97.9
97.6
100.8
99.4
100.0
100.5
99.5
99.9
99.5
101.9
99.9
98.0
101.6
101.1
101.0
102.5
101.2
99.9
100.9
99.9
99.9
98.9
99.7
101.8
99.2
99.2
98.4
98.3
96.5
95.7
97.7
97.4
96.4
96.3
96.2
96.9
96.0
95.5
94.2
98.0
97.9
100.0
100.7
102.9
98.1
100.0
102.6
97.7
99.2
98.3
99.5
99.3
100.2
99.8
100.1
101.2
100.3
99.5
100.3
97.7
100.6
102.1
101.1
98.6
99.2
99.5
100.0
99.8
101.9
104.1
103.7
100.5
100.1
100.4
100.3
100.4
99.2
99.2
99.6
98.7
99.7
100.8
100.1
99.4
99.1
98.9
96.8
97.3
98.7
99.3
98.4
97.2
97.4
97.4
98.9
97.1
101.5
97.8
100.3
97.7
97.0
100.0
99.7
100.3
96.8
98.6
93.6
94.3
95.5
95.7
94.9
93.7
98.0
98.5
96.0
97.8
97.7
97.7
97.4
94.9
95.3
98.2
95.9
98.7
98.0
96.0
98.3
97.6
93.2
94.9
95.4
95.5
93.7
96.5
96.5
97.2
96.4
96.0
94.4
96.4
94.0
96.7
95.0
94.9
94.9
95.6
93.8
95.4
93.2
93.0
95.9
94.6
94.3
94.8
93.6
95.3
97.2
95.7
94.6
96.3
96.3
95.2
96.3
93.6
92.6
95.3
93.6
95.5
93.5
96.0
94.1
96.9
94.2
95.2
93.7
94.3
93.5
94.8
92.5
90.7
91.8
93.8
93.3
94.0
93.7
95.1
93.2
95.4
95.5
94.5
92.5
94.9
95.5
94.1
94.6
92.0
94.1
92.2
92.0
94.7
95.5
92.9
93.9
94.8
95.4
92.9
94.1
94.5
93.9
90.9
91.6
93.9
94.2
90.8
92.1
94.1
92.0
94.2
92.0
92.7
92.7
92.7
92.6
91.7
93.7
95.4
93.6
93.1
93.4
92.9
91.3
92.4
91.5
93.7
93.3
93.8
93.7
92.7
93.5
92.8
93.3
91.6
92.9
93.1
92.9
92.8
92.5
91.4
90.5
91.3
90.7
89.7
91.7
91.1
92.6
90.4
87.4
91.8
89.5
89.6
89.3
89.0
88.9
87.1
89.4
88.3
91.2
88.9
89.3
89.5
89.2
87.9
90.5
89.9
89.4
88.2
90.1
89.7
89.7
89.6
91.2
90.5
89.5
88.7
91.3
89.2
90.2
91.3
88.3
87.4
88.7
89.3
89.2
91.0
87.8
87.5
87.4
89.3
88.2
89.9
88.1
87.8
88.3
88.3
87.3
90.0
88.3
87.7
87.0
89.6
87.0
88.5
87.3
88.8
88.8
88.0
87.0
87.3
86.0
89.5
90.0
86.6
90.2
88.1
86.1
86.1
89.6
88.2
85.7
83.7
84.7
85.0
87.6
88.8
89.4
90.8
90.4
92.1
89.3
88.0
89.6
90.6
89.1
90.3
89.4
92.8
89.2
89.7
89.2
90.4
86.8
87.7
86.4
87.1
89.7
87.9
88.5
87.4
89.1
88.6
87.6
90.8
87.6
87.4
89.7
89.5
89.0
89.0
89.0
87.8
87.5
88.9
89.0
88.7
88.0
87.7
87.8
90.0
88.1
89.1
87.5
86.6
87.8
89.1
91.0
87.6
87.5
89.0
88.1
88.6
88.9
89.1
86.4
88.3
88.4
86.2
85.7
88.4
89.4
86.9
86.7
89.1
88.4
88.9
88.6
89.4
90.2
87.5
90.5
88.1
89.4
91.0
88.6
88.3
88.6
89.0
89.0
87.9
89.9
86.6
90.7
88.9
86.8
89.9
87.3
89.1
88.7
89.4
89.3
84.0
88.7
87.5
88.2
86.6
88.0
85.8
87.6
86.7
88.5
88.9
90.2
89.2
87.2
86.3
85.8
90.1
87.0
88.4
86.9
86.8
88.4
88.1
89.9
89.9
90.3
90.1
88.7
90.2
88.3
90.1
89.6
91.3
88.7
90.0
88.3
88.0
90.0
90.2
90.0
89.0
89.2
87.6
90.2
85.0
86.7
88.3
89.3
90.1
89.9
89.9
86.9
88.9
88.6
88.9
88.5
87.2
89.5
87.1
88.6
88.4
88.3
86.3
87.1
86.6
86.3
88.5
87.9
86.8
85.9
88.4
88.8
88.2
87.6
84.5
86.4
87.4
86.3
86.8
87.9
87.2
84.8
86.0
85.6
86.1
86.7
89.5
86.8
87.4
87.4
85.3
87.5
88.2
86.1
86.9
86.7
87.0
86.0
86.4
87.8
85.0
85.3
82.6
85.7
84.2
84.2
87.6
85.0
88.2
91.0
90.8
87.7
87.9
90.3
87.8
89.0
88.9
90.0
87.8
87.2
90.2
86.1
88.1
88.0
84.7
86.5
86.5
88.7
89.0
88.1
85.2
85.5
86.4
87.9
87.0
86.2
87.4
87.2
86.8
86.6
87.6
86.2
86.0
85.1
85.9
88.6
88.8
86.1
84.4
85.5
86.0
86.7
85.0
86.2
86.8
88.3
88.1
85.5
85.3
88.2
86.3
85.5
85.1
86.1
86.5
85.3
86.4
86.7
86.5
85.6
86.7
84.0
87.1
85.2
84.6
86.4
85.3
85.3
84.6
86.5
87.6
86.8
85.4
86.5
87.3
86.0
87.7
89.0
85.1
87.8
87.1
87.0
84.8
85.1
83.7
85.0
88.1
86.1
85.8
86.3
85.2
87.0
84.5
85.3
85.8
88.1
85.4
85.9
81.9
86.0
84.0
86.1
85.7
84.8
84.8
85.9
86.2
83.6
86.2
87.7
85.5
86.1
84.4
85.0
83.9
86.2
85.7
84.0
84.6
87.5
85.8
84.9
86.9
84.9
87.0
84.3
82.5
85.3
86.3
85.7
85.4
86.3
84.0
85.6
83.6
85.7
84.3
83.9
83.3
86.4
84.6
84.4
83.6
82.6
83.2
83.7
84.0
83.2
83.8
85.1
85.1
85.6
82.1
85.2
83.5
85.4
82.9
82.7
85.6
83.8
85.1
83.9
84.0
84.1
83.6
84.4
85.4
83.9
83.0
83.5
82.5
83.4
83.1
84.2
84.7
82.7
85.5
83.6
85.3
82.2
83.8
83.0
83.2
83.4
81.2
82.1
83.8
83.6
82.2
85.0
85.1
81.5
83.6
82.5
84.2
82.7
83.0
85.7
82.1
82.5
83.5
85.6
85.1
84.5
84.8
83.9
84.2
85.5
84.4
84.5
84.0
83.5
83.5
84.7
81.6
82.0
85.1
81.9
83.9
84.4
82.7
82.1
83.5
84.7
82.7
82.9
81.2
83.4
84.4
84.3
83.1
84.2
84.7
83.5
83.4
82.8
82.7
84.5
83.3
82.4
83.7
81.5
84.1
80.3
83.6
83.8
84.2
83.1
84.1
82.7
82.1
84.5
84.3
82.1
83.1
84.2
83.4
84.4
84.4
84.1
84.1
83.7
81.5
83.5
83.2
84.5
85.6
83.2
82.6
83.7
82.3
84.1
80.7
79.9
82.3
82.4
84.0
85.6
83.9
84.0
85.4
83.5
84.6
83.2
83.5
83.9
83.4
83.9
83.0
84.1
82.4
82.8
82.4
83.9
83.3
83.8
81.1
84.2
82.1
83.9
84.5
81.7
83.0
82.1
82.3
82.9
82.1
81.7
86.4
83.3
84.2
84.3
83.3
85.9
83.4
85.8
84.9
84.0
81.9
83.9
82.9
83.3
84.1
83.0
83.2
84.8
84.0
84.5
83.2
84.5
83.6
82.9
83.5
85.8
81.6
84.4
81.7
83.5
82.3
82.3
82.1
83.4
85.6
84.5
81.5
84.9
81.0
83.5
81.5
85.2
84.2
83.2
82.2
85.9
84.6
83.5
82.8
82.2
82.3
85.3
83.5
83.4
84.1
83.5
82.7
82.7
83.7
83.9
82.8
81.6
84.7
82.6
81.0
80.9
81.6
81.7
83.9
83.3
82.8
83.1
83.2
81.8
84.0
82.1
80.9
81.5
82.5
81.8
82.9
83.4
82.1
80.8
82.7
82.5
81.4
81.9
80.7
81.8
81.3
81.2
82.5
83.0
82.4
82.9
82.0
81.6
81.8
82.0
79.6
81.6
82.9
82.1
82.3
82.3
80.3
84.0
79.8
82.0
84.1
84.6
81.9
80.6
82.8
83.3
82.4
82.6
83.5
83.8
82.8
82.5
85.0
81.5
82.2
83.5
82.9
81.1
82.2
82.2
83.1
81.6
81.2
83.1
81.5
83.1
80.1
82.1
83.9
82.1
83.1
81.6
81.5
82.4
83.1
82.6
82.8
81.5
82.8
83.2
81.4
81.7
82.0
81.3
80.3
80.6
82.9
83.0
83.0
82.3
83.3
82.0
80.7
83.8
83.2
85.0
84.0
82.1
82.1
80.4
81.6
83.7
81.2
82.3
82.5
81.4
82.8
83.0
81.1
81.5
81.0
81.7
82.5
80.8
82.2
81.0
81.3
79.9
79.6
77.9
81.9
79.2
79.2
79.0
79.9
81.9
78.5
80.5
78.0
81.2
81.1
80.0
81.9
79.2
81.0
81.9
78.8
79.6
78.3
78.6
76.5
78.8
78.8
81.1
79.1
78.4
79.5
79.4
79.8
80.0
81.7
79.5
79.9
78.7
79.7
80.1
79.2
80.6
80.7
78.4
79.9
81.8
79.1
79.7
78.4
81.8
79.7
80.7
82.1
80.6
80.4
81.1
79.4
80.2
81.7
81.5
80.0
80.4
81.6
81.7
81.9
80.9
81.2
80.1
82.0
81.9
81.8
81.6
80.9
81.6
80.3
79.4
81.7
80.3
82.0
80.8
82.0
79.7
80.4
80.4
83.1
80.9
83.3
79.6
82.5
81.9
82.7
79.5
81.6
80.9
81.5
81.1
81.6
81.4
82.9
82.1
82.2
82.0
81.8
81.8
81.3
81.4
82.4
82.0
82.2
82.8
80.3
81.7
81.3
82.8
78.6
81.2
81.7
80.2
82.3
84.6
83.0
79.9
80.8
81.8
84.1
81.2
82.7
81.0
81.8
81.4
81.6
81.1
81.7
82.9
83.6
83.0
79.9
81.0
82.7
82.0
82.0
84.3
81.2
81.8
82.4
83.2
82.9
81.5
82.6
81.5
81.3
82.1
82.1
82.6
81.6
85.5
80.4
82.1
82.6
83.2
81.6
82.2
82.3
83.2
83.7
85.3
85.5
84.9
85.0
86.3
86.3
84.4
86.7
87.0
86.5
86.2
86.9
85.7
86.8
87.8
88.5
88.2
88.7
89.2
88.1
88.5
91.3
89.3
89.3
88.3
88.8
89.8
89.7
88.6
89.4
91.5
89.4
88.5
88.7
89.3
90.6
89.4
89.7
89.0
88.9
88.5
89.3
90.2
90.0
88.3
90.2
90.7
90.0
89.8
90.8
89.3
90.2
87.6
89.1
89.0
89.8
90.7
88.6
89.7
91.3
88.3
89.7
91.1
89.3
90.5
91.9
90.7
89.5
89.4
86.6
88.8
90.6
88.6
91.5
89.5
90.6
89.4
91.8
91.3
90.2
89.5
91.6
88.8
88.5
88.0
88.8
90.2
89.9
90.0
89.3
88.6
90.0
89.0
88.2
89.4
88.0
89.8
87.4
90.2
88.4
91.9
90.1
87.1
87.8
86.7
87.3
89.4
86.6
89.9
90.5
90.2
88.3
87.6
88.1
87.5
79.8
80.7
76.4
66.2
73.9
79.3
81.9
81.8
84.3
88.2
88.3
89.1
88.6
88.9
86.6
88.5
88.0
88.2
87.6
87.0
84.5
84.6
83.3
81.2
82.4
81.0
74.6
73.6
71.5
71.6
60.7
59.9
54.4
58.2
41.1
51.1
36.4
21.699999999999996
