103.9
103.6
102.5
103.5
103.5
104.0
104.5
103.9
103.30000000000001
103.9
103.9
103.9
103.9
103.9
103.9
103.9
103.9
103.9
103.9
103.9
104.2304347826087
104.39565217391305
104.5608695652174
104.72608695652174
104.8913043478261
105.05652173913045
105.22173913043478
105.38695652173914
105.55217391304349
105.71739130434783
105.88260869565218
106.04782608695652
106.21304347826087
106.37826086956522
106.54347826086956
106.70869565217392
106.87391304347827
107.0391304347826
107.20434782608696
107.36956521739131
107.53478260869565
107.7
109.5
108.6
107.5
109.1
109.4
107.1
105.8
104.5
104.7
103.6
102.4
102.0
101.7
102.3
102.2
102.4
102.4
102.6
103.5
102.3
101.8
102.8
105.5
108.7
110.2
112.4
111.7
109.2
108.1
107.8
108.1
106.8
104.4
103.6
104.6
105.1
106.4
106.7
105.7
105.8
105.1
105.2
105.8
105.5
105.8
106.7
107.1
106.6
105.4
106.5
107.7
108.0
108.0
108.3
109.8
110.4
109.8
109.3
108.8
108.4
108.2
107.5
107.7
107.5
107.4
107.4
106.7
106.1
106.8
106.8
108.4
109.2
109.5
108.7
109.0
109.0
109.8
110.5
110.4
109.9
109.8
110.2
110.9
110.8
111.3
112.2
112.6
112.2
112.3
113.1
112.6
112.2
111.7
110.9
110.7
111.8
112.3
112.0
111.8
112.2
111.9
111.4
110.6
109.5
111.5
112.7
113.2
112.8
113.4
113.4
112.8
114.5
117.2
118.9
121.3
123.7
122.1
122.0
123.7
123.3
120.0
117.3
116.7
114.6
113.7
114.6
113.9
112.9
112.4
112.3
112.4
111.7
111.4
111.1
110.9
110.9
110.2
109.5
109.6
110.1
109.5
109.2
109.5
109.6
110.4
108.6
109.4
111.2
114.6
114.6
112.8
112.4
111.1
111.8
113.1
112.3
112.1
111.5
110.0
110.0
109.9
114.5
119.1
119.3
117.3
116.4
115.1
115.4
117.1
118.3
117.0
118.3
118.2
114.7
113.7
112.4
106.8
108.9
120.8
122.4
126.9
130.3
131.4
128.9
124.1
125.9
125.4
123.5
121.4
119.0
116.9
116.5
120.9
120.6
121.1
120.7
121.4
120.1
116.9
115.4
115.1
114.6
114.2
114.8
115.3
115.9
115.4
116.0
115.9
116.0
114.7
115.0
114.4
115.0
114.9
114.8
115.4
115.2
114.7
116.0
114.9
114.8
114.5
116.4
118.1
116.0
116.3
117.4
117.8
117.5
117.0
113.8
110.8
112.7
115.0
111.7
101.6
103.6
107.0
112.4
115.4
117.8
116.6
116.4
117.8
120.1
123.7
122.0
121.6
120.9
120.7
122.7
122.8
121.0
119.5
119.9
119.4
118.3
117.5
120.1
116.7
119.0
121.0
118.7
116.7
114.6
114.3
115.3
113.5
114.8
115.6
119.7
119.9
121.4
120.6
119.3
118.7
117.8
117.3
118.5
118.7
117.5
119.3
119.0
119.1
118.7
118.4
119.3
120.0
121.3
122.3
122.5
121.5
122.9
122.3
121.3
121.0
122.8
123.7
123.3
122.9
121.9
122.3
121.7
123.0
122.7
122.2
123.3
123.2
121.8
123.3
123.8
123.2
124.3
124.0
123.0
124.3
123.1
124.2
123.6
123.2
122.5
122.0
120.8
120.8
120.8
121.0
120.3
119.6
120.3
119.6
119.9
118.8
118.0
120.1
119.8
118.7
118.1
118.2
117.9
118.1
118.1
118.2
118.4
118.4
117.3
116.4
115.7
117.0
117.2
115.6
117.5
116.4
116.6
116.7
116.9
115.7
115.2
115.0
114.7
115.7
116.4
116.7
116.7
116.3
116.2
116.4
117.6
116.0
115.1
114.7
115.1
114.7
114.9
115.4
116.2
115.6
112.9
114.2
114.6
114.2
114.5
114.1
113.2
113.7
113.0
115.2
114.9
116.2
113.5
113.2
113.9
112.7
113.2
114.2
112.9
111.5
112.2
110.7
109.3
108.9
111.6
111.4
111.1
112.7
110.7
112.1
111.9
110.9
110.2
109.0
109.7
110.0
109.3
108.8
108.0
107.5
108.5
110.8
110.8
111.0
113.4
113.1
111.9
112.1
111.8
109.6
109.0
109.1
111.7
110.1
110.4
111.0
109.8
109.6
110.4
110.1
110.2
109.5
109.6
110.7
111.1
109.6
108.4
109.1
110.1
108.5
111.6
111.6
108.9
107.6
108.4
108.8
109.6
109.1
109.0
108.7
109.3
110.6
110.1
109.8
109.4
110.2
111.7
113.1
113.8
113.5
113.9
113.7
114.0
114.0
111.5
111.6
111.2
110.7
111.3
111.8
111.1
111.2
111.6
111.4
112.5
114.8
116.4
117.0
117.6
120.0
121.3
122.4
122.8
122.7
122.7
123.2
123.5
123.8
123.7
122.3
120.6
120.5
121.1
119.6
120.3
120.5
120.2
118.7
117.7
117.2
117.7
119.0
118.2
121.6
128.9
131.3
130.3
126.1
123.1
122.8
122.9
123.2
124.0
124.3
124.7
125.2
125.5
125.9
126.0
126.3
126.9
127.3
126.8
126.2
125.3
126.1
124.2
124.4
123.6
125.5
126.6
127.7
128.6
128.3
130.8
130.7
131.5
130.6
131.4
130.9
130.4
131.6
131.2
131.1
130.8
124.1
127.6
130.8
131.2
130.5
129.1
128.9
129.4
127.3
127.5
129.1
127.5
130.1
130.4
134.3
136.0
136.7
136.3
135.8
135.3
135.0
134.7
133.9
133.0
132.1
132.0
130.8
128.3
126.0
124.1
123.3
123.2
123.2
124.5
126.4
127.4
125.9
126.1
126.0
126.6
126.9
127.0
127.0
126.7
126.8
126.1
126.4
126.5
126.6
126.1
125.9
126.0
126.7
126.8
126.8
126.4
126.7
126.7
126.4
126.6
126.2
126.3
126.4
127.0
127.1
127.0
127.0
126.2
126.0
126.6
127.0
127.0
127.0
129.7
130.0
128.6
128.2
129.6
129.0
128.9
131.2
132.9
132.9
131.6
130.29999999999998
132.1
132.3
132.0
130.0
129.1
128.5
128.3
128.3
128.2
128.1
127.8
127.7
127.6
127.6
128.4
128.7
129.4
130.0
130.0
129.6
129.2
129.2
128.6
129.1
128.7
129.0
128.2
129.6
129.3
127.2
127.2
128.1
128.3
128.1
126.8
125.3
122.7
121.3
120.3
118.6
118.1
117.8
116.9
116.3
116.7
115.7
115.3
115.2
114.7
114.8
114.6
114.7
115.1
118.2
116.3
113.3
111.3
109.4
108.1
107.2
106.5
105.9
105.6
105.29999999999998
105.07906976744185
104.81860465116279
104.55813953488372
104.29767441860464
104.03720930232558
103.7767441860465
103.51627906976744
103.25581395348837
102.99534883720929
102.73488372093023
102.47441860465116
102.21395348837208
101.95348837209302
101.69302325581396
101.43255813953488
101.17209302325581
100.91162790697673
100.65116279069767
100.3906976744186
100.13023255813953
99.86976744186046
99.6093023255814
99.34883720930232
99.08837209302325
98.82790697674417
98.56744186046511
98.30697674418604
98.04651162790697
97.7860465116279
97.52558139534884
97.26511627906976
97.0046511627907
96.74418604651163
96.48372093023255
96.22325581395349
95.96279069767441
95.70232558139534
95.44186046511628
95.1813953488372
94.92093023255813
94.66046511627907
94.39999999999999
94.13953488372093
93.87906976744185
93.61860465116278
93.35813953488372
93.09767441860464
92.83720930232558
92.57674418604651
92.31627906976743
92.05581395348837
91.7953488372093
91.53488372093022
91.27441860465116
91.0139534883721
90.75348837209302
90.49302325581395
90.23255813953487
89.97209302325581
89.71162790697674
89.45116279069767
89.1906976744186
88.93023255813952
88.66976744186046
88.4093023255814
88.14883720930231
87.88837209302325
87.62790697674419
87.3674418604651
87.10697674418604
86.84651162790698
86.5860465116279
86.32558139534883
86.06511627906977
85.80465116279069
85.54418604651163
85.28372093023255
85.02325581395348
84.7627906976744
84.50232558139534
84.24186046511628
83.9813953488372
83.72093023255813
83.46046511627907
83.19999999999999
82.93953488372092
82.67906976744186
82.41860465116278
82.15813953488372
81.89767441860465
81.63720930232557
81.37674418604651
81.11627906976744
80.85581395348837
80.5953488372093
80.33488372093024
80.07441860465116
79.81395348837209
79.55348837209301
79.29302325581395
79.03255813953487
78.7720930232558
78.51162790697674
78.25116279069766
77.9906976744186
77.73023255813953
77.46976744186045
77.20930232558139
76.94883720930233
76.68837209302325
76.42790697674418
76.16744186046512
75.90697674418604
75.64651162790697
75.38604651162791
75.12558139534883
74.86511627906977
74.60465116279069
74.34418604651162
74.08372093023254
73.82325581395348
73.56279069767442
73.30232558139534
73.04186046511627
72.78139534883721
72.52093023255813
72.26046511627906
72.0
71.73953488372092
71.47906976744186
71.21860465116279
70.95813953488371
70.69767441860465
70.43720930232558
70.1767441860465
69.91627906976743
69.65581395348838
69.3953488372093
69.13488372093022
68.87441860465115
68.61395348837209
68.35348837209301
68.09302325581395
67.83255813953488
67.5720930232558
67.31162790697674
67.05116279069767
66.7906976744186
66.53023255813953
66.26976744186047
66.00930232558139
65.74883720930232
65.48837209302326
65.22790697674418
64.9674418604651
64.70697674418605
64.44651162790697
64.1860465116279
63.92558139534883
63.665116279069764
63.40465116279069
63.14418604651162
62.883720930232556
62.623255813953485
62.36279069767441
62.10232558139534
61.84186046511628
61.581395348837205
61.32093023255813
61.06046511627906
60.8
63.2
63.2
67.2
69.3
69.9
68.6
67.0
68.6
65.7
66.1
65.3
66.0
66.2
67.4
68.9
69.7
70.4
71.9
71.0
72.7
70.6
70.3
70.0
69.5
67.6
66.9
66.1
66.9
67.4
67.3
68.2
68.6
68.8
69.9
70.0
68.6
69.3
69.9
70.0
69.0
68.5
72.4
70.1
70.4
65.5
68.6
69.3
70.6
70.0
71.0
71.0
69.7
69.7
70.1
71.1
71.4
71.8
70.6
68.7
69.2
68.6
68.8
69.2
69.4
70.9
71.4
72.1
71.2
70.4
69.4
69.0
69.1
68.3
69.8
67.8
70.7
69.8
69.4
70.1
69.6
69.9
69.3
68.6
68.2
68.6
68.9
69.0
70.1
69.1
70.1
66.1
48.5
60.3
61.1
70.8
76.4
75.8
71.9
68.2
66.3
64.4
63.5
62.7
62.9
67.1
69.1
69.1
68.7
68.8
69.0
68.3
67.9
66.3
66.8
67.6
67.1
65.3
59.5
55.1
52.8
52.8
55.0
55.7
57.2
59.1
59.4
60.7
60.8
61.9
62.6
64.0
66.0
66.8
66.6
66.5
65.3
65.2
64.6
64.5
65.4
64.7
64.8
66.9
64.9
65.3
64.1
64.3
65.1
64.9
66.1
65.4
65.6
66.0
67.5
66.3
67.4
67.5
68.5
68.5
69.3
69.6
69.3
69.6
69.4
64.6
52.8
56.8
61.9
61.9
65.6
67.2
65.0
66.5
66.7
67.6
68.2
67.8
67.8
67.8
67.6
67.9
67.6
66.9
66.3
66.3
65.5
64.6
61.2
55.0
52.6
53.5
52.5
55.7
75.7
123.9
92.9
104.3
84.1
80.9
76.5
74.8
72.5
71.6
71.4
70.0
68.8
68.2
68.2
68.1
68.5
68.2
68.1
68.3
68.3
68.9
68.3
68.4
69.1
68.6
68.1
68.2
67.4
67.7
67.6
68.4
67.4
67.4
67.6
66.4
66.1
66.2
66.4
66.4
65.9
65.6
65.2
65.2
65.3
65.4
64.8
64.9
64.6
64.6
64.9
65.3
64.3
63.8
64.0
64.1
64.0
63.9
63.3
63.8
63.3
63.1
64.0
63.9
63.4
63.2
64.0
63.9
63.6
63.5
62.8
62.4
62.5
62.6
62.0
62.6
62.6
62.3
62.8
62.8
62.6
62.7
62.8
63.5
63.0
63.4
63.0
62.6
62.2
62.1
62.1
62.1
62.0
63.7
62.6
62.0
62.9
62.9
62.7
62.3
62.7
63.4
63.4
63.3
63.2
64.4
64.2
61.3
62.7
62.9
62.5
61.4
62.6
64.1
62.7
63.9
63.9
63.5
63.9
63.5
62.9
64.2
63.8
64.1
64.4
63.9
64.3
64.8
64.9
65.0
65.1
65.0
65.3
65.4
66.1
64.7
64.9
64.8
64.3
65.7
65.8
65.8
65.1
65.0
65.8
64.9
65.1
63.9
64.7
64.8
65.2
64.3
61.2
62.6
63.5
63.8
64.3
64.0
64.6
64.6
65.0
64.0
65.0
65.4
63.9
64.0
64.0
64.5
65.0
65.0
65.2
64.7
65.1
64.2
65.0
64.7
64.6
64.7
65.2
65.2
66.7
68.4
68.7
68.6
67.3
65.1
64.6
65.1
65.1
64.9
64.7
64.9
65.3
64.9
64.4
64.7
64.7
65.2
64.7
64.1
64.0
63.8
64.2
63.4
63.2
64.2
63.7
64.1
65.9
66.3
64.9
64.5
67.1
72.8
74.7
75.7
77.4
77.6
77.5
75.9
75.8
74.0
74.6
75.7
79.3
82.7
84.4
84.2
83.0
83.1
82.1
82.0
79.6
77.2
76.7
75.8
77.9
77.3
77.8
78.5
78.4
78.6
76.2
75.5
74.6
75.1
75.1
72.6
71.6
71.2
70.0
70.8
70.1
70.2
70.3
69.8
70.2
71.7
71.7
72.6
71.5
70.6
69.1
69.1
69.1
68.2
68.3
67.9
67.9
73.1
69.2
67.4
67.5
67.5
67.6
66.9
66.9
67.3
67.3
67.3
67.0
65.9
66.2
66.7
66.6
66.5
66.3
66.6
66.6
66.7
65.9
65.3
66.4
67.0
66.6
66.2
66.3
66.9
66.7
66.6
66.5
66.5
65.3
66.7
66.1
64.8
65.7
66.3
66.3
65.9
65.7
65.8
65.3
65.3
65.6
65.6
65.2
65.0
65.1
65.5
65.2
63.8
64.4
64.7
65.4
65.2
65.1
65.5
64.9
65.0
65.1
64.9
64.7
64.5
64.6
63.6
63.3
64.0
64.1
64.6
64.0
64.0
63.8
63.4
63.3
63.3
62.7
63.1
63.0
62.6
62.5
62.7
63.1
63.4
63.3
61.9
62.9
62.6
62.1
61.9
62.6
62.2
61.9
63.2
61.8
61.1
61.8
61.8
61.2
66.6
62.0
61.5
61.9
62.3
61.8
61.4
61.3
61.2
61.3
60.8
61.5
61.6
61.5
62.3
62.0
62.3
61.4
62.4
61.9
62.5
61.9
61.9
61.6
61.7
62.0
65.3
63.7
59.1
58.9
59.9
60.5
60.1
62.2
60.9
61.1
61.9
61.9
62.4
61.8
62.2
61.5
61.5
61.4
61.5
61.0
66.8
61.8
62.2
63.9
65.0
65.2
65.9
65.2
65.2
64.9
65.0
64.8
64.1
63.9
64.5
64.4
63.6
63.9
64.1
64.1
64.8
64.5
64.9
64.1
65.3
66.0
67.8
67.4
69.6
72.3
71.9
71.7
71.6
72.4
71.9
71.8
71.0
72.1
72.4
72.8
72.8
72.7
72.9
72.9
72.4
72.9
73.1
71.8
72.7
72.3
72.7
73.3
73.1
72.7
72.6
73.0
73.4
72.8
75.3
70.8
70.4
70.8
70.2
70.7
66.6
68.5
69.1
68.9
68.7
68.0
67.3
68.6
69.0
66.2
64.9
66.3
64.8
65.6
64.6
64.1
65.2
64.8
62.9
63.6
64.0
63.1
63.4
65.7
62.2
63.8
64.0
63.4
63.3
63.3
63.4
62.4
61.8
62.4
62.3
62.8
62.4
62.5
62.0
62.8
63.3
62.3
62.1
62.2
61.4
62.8
62.3
62.6
62.3
62.9
63.3
63.3
62.5
62.8
62.3
62.2
62.8
65.8
60.9
62.6
62.2
63.1
62.7
62.4
62.5
63.2
62.6
61.3
63.3
63.5
63.2
64.7
65.2
66.5
64.8
62.8
64.3
65.6
63.1
63.7
66.4
62.9
63.4
64.9
65.6
62.7
66.0
65.5
63.9
67.2
66.0
64.5
63.9
66.2
64.2
63.1
65.9
64.1
66.5
65.4
67.6
68.2
66.3
66.4
63.0
67.9
63.0
66.2
66.1
64.8
66.3
64.4
67.2
63.9
66.4
67.8
66.8
68.8
69.3
71.5
63.9
68.4
66.1
68.5
70.0
70.4
66.2
67.3
66.2
68.4
67.4
67.7
69.1
68.6
66.2
68.1
61.9
66.5
64.3
64.1
65.4
67.5
70.0
72.3
72.2
72.5
70.8
70.5
69.2
68.1
67.8
62.1
68.2
62.6
64.7
66.9
67.3
64.2
67.2
65.6
66.6
67.4
68.0
63.6
65.0
67.0
66.8
69.1
67.8
67.0
68.9
66.6
69.8
67.0
67.9
68.7
68.9
70.3
66.8
68.9
66.3
69.3
67.1
70.8
65.4
71.6
67.2
70.2
70.6
72.1
72.4
69.9
70.3
70.8
73.7
72.7
72.5
69.3
71.0
70.4
70.6
73.5
73.5
73.5
74.1
73.8
72.3
72.7
71.9
67.5
68.8
68.8
68.1
69.3
70.2
68.3
72.3
74.2
72.4
74.0
73.8
71.8
72.4
70.9
68.4
70.3
69.7
73.5
75.0
76.4
75.3
73.2
73.0
70.7
72.9
71.9
72.9
73.2
74.4
73.7
73.1
73.0
71.9
71.6
71.6
69.2
70.5
66.6
69.1
70.9
68.4
70.0
69.1
68.6
69.6
66.7
70.9
66.9
72.6
62.3
69.3
66.7
71.6
70.0
69.6
66.0
71.5
70.2
64.2
73.2
69.3
72.2
65.0
70.0
68.1
72.5
66.9
72.8
67.1
77.8
67.1
62.8
71.1
70.9
66.9
73.8
66.2
69.3
70.4
70.5
72.8
67.1
70.8
69.5
74.3
66.8
71.6
71.0
69.7
67.6
71.0
72.1
69.1
63.8
72.8
71.4
67.8
73.4
69.5
70.8
70.7
71.4
72.4
72.5
73.0
74.4
72.8
73.2
71.0
75.5
75.1
73.0
73.8
72.3
75.8
74.7
74.3
74.2
75.6
75.2
72.1
75.2
74.5
72.7
71.7
74.3
73.1
73.4
73.9
74.3
72.2
75.3
74.8
74.8
75.7
76.6
76.5
76.3
75.7
77.3
76.6
77.4
76.7
77.2
78.0
78.3
78.2
78.7
78.2
77.3
78.1
76.4
77.9
78.5
79.0
78.7
76.6
76.8
78.7
78.1
77.6
75.7
74.1
75.4
77.8
78.6
78.3
78.6
77.4
76.0
78.2
78.5
77.4
78.3
76.6
77.5
76.7
76.1
75.9
76.7
77.2
77.6
76.6
76.5
72.5
72.9
73.9
76.0
73.3
74.6
66.1
74.3
73.9
66.6
65.4
76.3
72.5
72.9
74.5
74.9
74.4
72.9
65.1
71.8
74.9
66.0
65.2
64.8
64.5
75.8
78.7
80.9
75.9
67.8
67.1
65.2
69.4
76.6
74.8
77.6
74.5
71.6
76.8
75.1
71.8
65.8
73.8
77.1
77.0
67.4
68.6
70.6
71.7
71.6
74.4
76.9
78.1
70.5
70.1
74.8
76.5
74.7
73.9
74.3
74.3
74.6
75.2
74.6
74.9
75.0
73.3
74.6
73.8
72.3
72.5
73.1
71.2
72.4
72.8
66.5
69.3
73.2
71.4
72.3
72.3
72.4
71.8
73.8
75.0
76.1
76.2
76.2
80.8
76.2
77.4
76.7
76.8
76.6
76.9
76.3
76.8
75.8
76.3
75.7
76.2
76.0
76.9
76.5
76.5
76.1
76.0
76.7
76.4
75.6
74.5
75.5
75.2
74.4
73.4
72.2
71.6
72.3
72.8
72.8
72.3
71.7
73.2
72.5
73.1
71.0
72.8
72.1
71.2
68.8
71.9
71.3
70.7
69.9
72.7
72.2
72.1
72.9
71.9
71.8
72.0
72.3
72.4
71.1
72.2
71.9
72.6
70.7
72.7
70.4
72.6
72.5
73.4
72.9
73.2
72.7
72.0
68.8
66.4
70.3
70.7
70.9
68.3
68.6
61.3
62.1
62.0
64.4
66.5
74.3
65.5
67.5
73.7
72.9
62.9
67.9
73.0
65.2
63.8
70.4
70.0
70.6
73.3
73.2
69.4
71.7
68.1
71.5
73.3
72.7
62.1
63.8
65.2
71.9
71.7
70.4
64.9
64.0
71.7
73.0
68.9
62.7
71.4
72.6
63.6
69.0
72.8
67.7
70.1
73.2
71.3
71.0
69.6
70.4
74.6
69.9
71.8
73.6
76.1
71.5
64.8
69.0
74.1
70.6
71.3
71.6
72.4
68.6
72.4
72.3
70.9
72.2
72.9
76.8
73.6
70.3
76.5
69.9
72.4
73.6
73.3
74.6
77.0
73.1
70.8
71.9
72.8
74.1
70.9
73.8
74.1
74.8
76.0
75.8
75.6
75.6
76.8
76.1
76.6
76.0
76.1
76.0
76.5
76.6
78.5
78.2
79.1
79.6
80.0
80.0
80.0
79.7
79.3
78.6
78.1
77.9
78.2
78.8
78.3
78.5
78.3
77.1
77.3
76.0
76.6
76.5
76.5
76.5
76.6
76.3
76.1
77.5
78.5
79.4
79.4
80.0
79.9
80.2
79.6
79.1
77.5
72.8
75.0
76.9
76.2
76.5
73.5
72.3
72.4
72.5
73.5
75.0
76.5
75.9
78.1
78.4
79.7
79.5
79.6
79.9
80.5
80.1
79.6
79.5
79.2
79.2
79.4
80.1
80.4
79.6
79.6
80.0
80.5
80.8
81.4
82.1
81.0
82.2
82.9
82.6
82.5
81.8
81.1
82.0
80.5
79.8
81.7
81.1
82.2
82.1
81.9
82.8
82.4
82.5
82.9
82.0
82.0
82.4
81.9
80.7
80.0
80.0
79.9
79.1
77.9
80.2
81.5
80.6
80.7
77.3
77.4
79.6
79.9
79.3
79.7
79.4
80.2
78.9
78.1
77.6
76.6
76.0
77.3
75.3
76.8
77.3
77.7
77.3
77.8
77.6
76.8
76.6
78.2
77.7
78.1
78.8
78.6
79.9
78.7
79.5
79.6
79.3
77.8
77.6
77.6
78.2
78.0
77.9
77.9
77.7
78.0
78.0
76.8
78.4
80.2
80.3
79.6
80.5
80.4
80.7
81.8
80.9
81.8
79.3
80.7
79.9
79.0
79.3
78.7
78.7
80.4
80.2
79.6
79.7
79.7
80.1
79.5
80.2
79.0
79.6
79.5
80.0
79.2
79.0
78.5
79.0
79.3
78.6
78.4
78.9
79.2
79.3
79.7
79.1
80.8
80.2
82.1
80.8
81.2
81.2
81.3
81.6
82.3
82.5
83.3
83.3
83.1
82.2
81.9
81.9
81.4
79.6
81.1
80.5
81.1
79.8
80.4
78.6
80.3
80.4
79.2
78.6
77.8
77.7
77.2
78.7
78.6
79.7
77.6
77.2
75.9
75.4
75.7
74.7
76.6
74.7
74.0
73.4
75.5
73.5
72.8
74.9
75.6
75.0
73.6
76.7
73.5
73.2
75.3
76.3
76.5
74.2
75.7
77.1
78.6
68.5
69.1
77.4
75.1
75.6
73.7
71.0
68.6
72.5
76.6
76.0
78.6
77.4
73.5
67.7
68.8
67.9
70.0
77.1
76.3
80.6
71.7
68.2
68.7
74.0
76.5
79.0
80.2
68.9
67.7
68.5
69.1
69.0
69.8
70.0
70.6
70.6
70.4
71.7
71.6
77.0
81.5
81.6
81.5
79.6
82.5
76.3
69.9
74.5
76.3
77.9
72.1
74.2
76.2
80.1
83.7
84.1
84.7
81.7
73.4
76.2
73.8
75.6
75.1
74.4
74.8
73.6
79.5
84.3
84.9
85.1
81.7
80.4
84.5
86.4
85.0
84.1
83.6
82.6
84.7
85.1
84.7
83.8
77.3
71.7
71.3
74.1
73.4
74.3
75.1
75.1
79.1
83.5
85.5
84.9
84.4
84.2
83.4
81.8
76.1
74.7
72.6
73.7
74.3
74.3
75.4
75.1
76.5
80.6
82.0
84.6
84.9
83.4
73.2
73.6
78.6
77.6
78.5
86.2
79.4
74.2
77.7
77.7
78.7
78.7
79.3
78.8
79.5
78.8
79.2
85.0
77.1
73.6
73.0
76.2
74.7
76.4
76.8
77.9
80.5
76.9
77.3
78.6
78.5
78.2
78.3
83.7
76.9
81.3
69.2
71.8
71.5
70.8
72.8
79.2
83.3
86.9
82.6
82.7
78.8
71.0
79.5
82.4
83.3
82.8
76.8
70.2
79.1
82.7
81.8
80.1
79.8
70.3
71.0
79.6
82.7
83.1
81.2
80.3
82.5
80.1
80.9
78.6
82.9
79.7
69.8
70.6
73.7
72.5
75.6
81.0
82.6
81.0
72.0
77.6
79.6
81.4
79.6
81.8
83.0
83.2
81.6
80.5
79.0
78.5
79.8
78.3
78.9
79.2
79.2
79.7
78.9
78.8
78.9
78.4
78.8
79.4
79.8
79.6
78.9
79.1
78.2
79.9
78.2
78.9
78.5
78.7
79.0
81.3
78.0
78.1
77.4
81.1
80.3
80.7
79.6
77.3
79.7
79.6
79.3
79.8
79.3
78.2
78.7
78.9
80.6
78.9
79.4
79.4
77.8
78.8
80.1
81.3
76.9
78.5
80.1
79.1
79.0
80.5
81.2
80.8
78.6
82.0
78.9
77.6
80.5
82.0
79.9
79.2
79.4
78.3
79.7
81.6
77.9
78.7
80.4
81.1
81.6
79.8
81.2
79.2
81.2
79.6
80.7
80.2
82.0
79.4
81.2
79.1
78.9
81.0
81.1
79.6
79.2
79.9
78.9
80.2
79.2
79.2
80.7
78.3
78.9
81.0
79.8
79.3
80.0
79.8
76.1
79.6
80.5
80.9
78.5
78.3
80.0
81.7
80.0
80.0
80.0
80.0
80.0
80.0
80.0
80.0
80.0
80.0
80.0
80.0
78.82608695652173
78.23913043478261
77.65217391304348
77.06521739130434
76.47826086956522
75.8913043478261
75.30434782608695
74.71739130434783
74.13043478260869
73.54347826086956
72.95652173913044
72.3695652173913
71.78260869565217
71.19565217391305
70.6086956521739
70.02173913043478
69.43478260869566
68.84782608695652
68.26086956521739
67.67391304347827
67.08695652173913
66.5
82.2
83.5
85.5
94.0
93.7
94.3
93.8
93.8
92.7
92.6
91.1
90.8
91.0
89.5
89.2
88.9
90.1
89.6
89.5
89.1
88.6
87.7
87.8
87.1
87.4
86.7
86.8
86.0
86.6
86.8
85.6
85.8
85.5
85.9
86.0
85.2
85.9
85.3
85.7
86.5
85.8
86.3
86.1
85.6
86.1
85.7
85.5
85.3
84.8
85.4
85.5
85.4
84.9
84.5
84.9
84.6
84.8
85.3
85.5
84.8
84.6
83.9
83.7
84.0
83.8
83.7
84.1
84.6
84.8
84.4
84.4
83.6
83.9
83.2
83.4
84.1
84.6
84.1
83.9
83.2
83.0
82.7
82.2
81.6
81.4
80.9
81.5
81.1
81.5
81.5
81.3
80.5
80.2
80.5
80.4
78.0
80.1
81.1
78.9
79.7
79.3
79.4
79.9
80.1
79.6
80.3
79.2
78.9
78.8
79.4
77.8
79.0
79.0
78.1
77.9
75.5
76.5
77.3
76.9
78.5
78.3
77.9
79.2
77.9
77.9
77.8
77.3
77.7
77.1
77.6
77.1
77.1
77.7
77.2
78.9
78.1
77.4
77.6
77.9
78.2
77.4
76.7
77.0
77.3
80.0
81.3
79.6
80.2
79.0
78.1
79.1
78.9
77.6
78.2
78.1
76.8
75.5
78.4
77.6
77.3
76.8
76.8
77.0
76.8
76.0
76.1
76.9
76.4
76.7
76.7
75.8
76.7
76.3
75.8
76.4
76.4
76.4
76.4
75.8
90.3
76.5
75.4
76.2
76.3
76.2
76.1
76.2
76.2
76.1
76.2
76.5
76.4
75.9
75.7
76.4
75.8
76.3
76.2
75.7
75.6
77.2
75.8
74.4
76.0
77.0
77.0
75.5
76.9
75.5
76.3
76.4
76.2
77.3
75.9
77.2
76.3
76.5
76.5
76.8
76.7
76.1
78.9
75.1
76.0
77.2
78.4
76.4
76.6
76.0
76.4
77.5
74.7
76.8
76.1
75.5
78.0
79.6
78.8
78.9
80.9
80.5
80.8
80.0
81.2
79.6
79.7
78.5
78.2
77.5
78.9
77.3
78.4
78.1
78.2
77.4
78.6
77.1
78.5
77.8
77.7
76.6
76.8
77.2
77.4
77.2
77.9
77.3
76.9
77.8
75.9
77.6
77.1
76.3
76.6
76.0
75.4
77.6
76.2
76.3
76.7
74.8
76.9
77.0
77.0
76.3
76.1
76.1
75.9
75.4
75.5
76.9
75.8
74.9
76.1
76.0
76.2
74.6
76.8
76.4
76.6
76.7
76.3
76.5
76.7
76.3
76.0
76.0
75.3
76.4
75.2
76.8
75.2
75.3
74.9
75.6
75.6
75.4
76.2
75.2
76.8
74.9
74.4
74.9
75.0
73.9
73.4
74.1
74.5
71.7
72.9
73.7
73.7
72.7
72.0
74.7
71.8
72.6
72.4
73.2
74.8
70.7
72.8
74.2
71.7
68.6
69.7
72.4
73.3
73.2
72.8
73.6
73.8
72.8
73.4
73.0
73.4
73.5
73.2
72.2
73.0
72.5
72.8
73.4
71.9
72.7
74.3
72.8
73.1
72.3
73.5
73.4
72.6
73.5
73.8
73.2
72.3
73.4
73.0
72.6
73.2
73.6
72.2
72.8
73.3
72.5
72.0
71.4
73.1
72.3
73.0
71.9
73.2
72.2
71.1
71.4
71.8
73.0
73.4
84.8
73.2
73.1
72.5
70.9
71.5
72.0
74.1
72.3
71.2
72.1
72.6
73.2
73.2
71.0
71.3
72.0
72.9
73.2
72.4
73.2
73.0
74.1
73.7
74.2
74.8
79.5
81.1
80.6
81.3
81.6
81.6
81.4
82.1
82.0
82.4
81.7
81.6
81.4
82.0
81.7
83.1
82.4
82.3
83.1
83.9
83.5
84.3
83.8
83.6
83.6
83.5
83.7
83.6
83.3
83.2
83.2
83.7
83.8
84.2
84.2
84.2
84.0
83.8
84.1
83.5
84.1
83.9
84.1
84.1
84.4
84.0
84.5
85.1
85.5
85.4
85.6
86.0
85.8
85.7
85.3
85.8
85.1
85.2
85.0
84.7
83.9
84.8
84.4
83.9
83.8
83.9
83.1
83.1
83.5
83.2
83.5
83.6
83.6
83.7
83.9
83.8
83.4
83.7
83.2
83.2
83.4
83.4
83.0
83.0
82.7
82.4
82.9
82.4
82.4
82.6
82.5
81.8
82.2
82.0
82.0
81.9
81.1
81.3
81.1
81.0
80.6
80.3
80.6
79.9
80.1
80.1
80.2
80.4
80.1
80.0
79.9
80.5
80.2
80.4
79.9
80.9
80.7
80.7
80.9
80.0
80.8
80.2
80.4
79.7
80.4
80.0
80.6
80.2
79.9
80.4
79.6
80.1
80.2
80.2
79.6
79.8
80.0
80.1
80.0
79.8
79.9
79.6
79.0
79.8
79.7
78.8
79.5
78.8
79.4
78.9
78.7
79.4
78.4
79.9
78.6
79.4
78.8
79.3
78.7
79.4
79.8
79.5
80.2
80.0
80.1
79.3
79.8
80.4
80.7
80.7
80.7
81.6
80.8
82.1
81.7
81.0
80.7
81.0
81.8
81.5
81.1
81.3
81.0
81.9
81.9
82.0
81.9
81.0
81.5
81.4
80.9
81.6
80.9
81.1
80.6
80.2
80.7
80.3
80.5
80.4
80.3
80.1
79.2
80.2
80.0
79.9
79.5
79.0
79.7
81.4
80.9
81.4
82.4
82.5
82.9
84.1
84.3
84.3
84.4
85.6
85.1
85.2
84.9
85.1
84.9
85.5
84.9
84.8
84.5
84.6
84.0
83.0
83.6
83.8
83.0
83.5
83.2
82.9
82.6
82.8
82.9
82.7
82.2
82.6
81.9
81.9
81.6
81.6
81.3
81.3
80.7
81.0
83.6
83.1
83.0
83.3
83.4
84.7
85.8
85.0
84.9
84.5
83.6
83.6
83.4
83.1
83.4
83.7
84.3
83.8
85.8
86.7
86.9
87.3
88.0
89.0
90.0
90.4
90.7
91.3
91.3
91.3
92.0
91.8
91.8
91.9
92.0
91.7
91.1
91.9
91.6
90.9
90.3
90.5
90.0
90.2
91.3
91.4
90.9
90.2
90.4
89.7
89.6
89.8
89.4
89.4
89.8
89.8
90.2
90.7
93.7
95.8
98.3
100.3
101.0
101.0
101.5
101.7
102.6
103.4
102.4
102.1
103.5
106.9
110.4
111.9
113.0
115.0
111.9
108.2
105.7
104.4
103.6
103.1
102.2
101.7
101.1
101.1
100.5
100.0
99.5
99.4
99.2
98.5
98.3
98.5
98.5
97.9
97.9
97.3
97.8
97.4
97.6
97.7
97.2
96.8
96.9
96.0
95.9
96.0
95.9
95.3
95.2
96.0
95.2
96.1
96.4
96.4
95.8
95.3
94.7
94.2
94.5
94.1
94.6
94.1
93.8
93.3
92.7
93.3
92.6
92.6
92.7
92.9
92.6
92.9
92.6
92.8
93.0
93.1
93.0
92.8
92.9
92.7
93.8
94.7
94.7
94.1
93.8
93.1
93.6
92.1
91.8
92.1
94.1
93.7
94.2
93.9
93.3
93.4
92.5
91.6
91.9
91.5
90.8
90.3
90.2
90.5
90.3
89.4
89.5
89.7
90.5
90.5
90.2
90.3
90.2
90.4
90.8
90.3
89.9
89.8
89.5
89.4
89.7
88.9
89.2
88.9
88.5
88.2
88.0
89.0
88.4
87.8
87.9
88.3
88.1
88.2
88.3
87.9
88.1
87.8
87.7
87.8
87.8
87.2
87.5
87.1
87.7
87.6
87.5
87.6
87.5
89.8
90.3
93.9
97.9
99.0
99.0
98.6
97.1
95.8
94.6
94.0
94.0
93.1
93.0
93.2
94.5
96.3
96.0
96.9
96.8
96.2
96.3
95.9
94.8
94.6
94.6
94.3
94.3
93.8
93.4
93.7
93.6
95.4
95.2
96.4
95.9
95.3
94.9
95.1
95.0
95.2
94.8
95.0
94.0
95.0
93.9
94.2
94.1
94.5
94.0
94.1
94.1
93.4
93.0
93.4
93.7
94.2
93.9
94.4
95.8
95.1
95.5
94.7
94.8
94.8
95.1
94.5
95.5
95.8
95.7
97.0
103.4
103.0
104.6
105.1
104.6
102.5
101.3
100.1
99.5
99.2
98.9
98.8
98.0
98.0
97.9
97.80000000000001
98.3
98.6
98.0
97.2
97.1
97.4
97.4
97.0
97.1
97.7
97.8
97.6
97.4
97.2
97.2
96.7
96.5
96.0
95.4
96.6
96.7
96.6
96.5
96.6
98.3
99.2
99.4
98.7
98.1
97.6
97.7
99.4
102.5
103.7
102.5
101.9
89.4
92.6
95.7
96.2
96.1
96.5
96.7
97.6
97.6
98.7
98.1
98.7
98.7
98.8
99.6
99.2
99.7
100.0
99.8
100.1
99.6
100.1
100.1
99.2
100.0
100.5
100.2
100.1
100.7
100.2
100.2
100.1
100.2
99.1
99.2
99.7
99.8
99.9
99.7
100.2
99.4
99.9
99.7
99.8
99.8
99.4
99.4
99.8
99.1
99.0
99.0
98.7
98.8
99.5
99.3
99.0
98.3
98.3
98.6
100.0
99.9
99.0
99.2
99.5
99.3
99.2
99.4
99.3
99.2
99.4
99.9
99.5
98.9
99.0
98.2
97.7
98.3
97.7
97.8
97.0
97.4
97.0
97.2
97.1
97.3
97.1
96.9
96.6
96.4
96.1
96.2
95.9
96.3
95.7
96.1
96.2
95.8
95.9
95.9
96.0
95.8
95.7
95.9
95.7
95.7
95.8
95.9
95.8
95.6
95.8
95.7
95.3
95.3
96.0
96.7
96.7
96.5
96.3
95.8
95.8
95.7
95.8
95.7
96.0
95.8
96.7
96.2
96.2
96.0
95.8
95.6
95.9
95.6
95.2
95.4
94.9
95.1
95.2
95.2
95.0
94.7
95.0
94.6
94.4
95.0
94.8
95.1
94.6
94.9
95.0
94.8
95.3
94.5
94.7
94.5
94.3
94.4
94.3
94.6
94.8
95.0
95.0
94.3
94.7
94.4
94.3
94.0
93.7
93.9
93.8
93.8
93.9
93.2
93.8
95.1
96.3
98.3
98.1
97.5
96.6
96.0
95.5
95.2
96.7
95.0
95.0
95.3
94.6
94.9
95.4
95.7
95.9
95.7
95.8
95.3
95.0
94.9
94.8
95.5
95.9
95.7
95.6
96.9
96.9
97.8
97.6
96.8
96.1
95.3
94.9
95.0
94.9
94.7
94.9
95.0
94.9
94.9
95.5
94.9
94.9
95.1
94.4
94.4
94.5
94.0
93.9
93.2
93.2
93.2
93.4
93.3
93.4
93.4
93.4
93.2
93.4
93.3
93.1
93.6
93.5
93.6
93.0
93.3
93.5
93.7
93.8
94.3
94.0
93.5
93.4
93.4
93.5
93.4
93.4
93.4
93.5
93.4
93.3
93.6
93.6
93.1
93.3
94.3
99.3
102.5
104.7
106.0
104.9
103.1
101.7
101.8
101.2
101.7
101.3
100.6
100.2
100.0
100.0
99.6
99.0
98.4
98.4
98.3
98.5
97.7
97.3
97.4
98.0
97.8
97.6
97.6
97.7
97.2
97.6
97.6
96.9
97.0
96.8
97.0
96.8
96.7
96.2
96.0
96.7
96.4
96.2
96.1
95.8
96.2
96.6
96.6
96.6
96.0
96.9
96.8
96.6
96.7
100.5
106.5
108.0
112.2
113.7
115.1
115.4
113.7
111.2
108.2
105.7
103.5
102.1
101.2
100.7
99.8
99.4
98.9
98.5
98.5
97.9
98.4
97.7
97.8
97.5
97.3
97.1
96.9
97.4
97.1
97.9
100.1
107.2
111.5
115.3
115.9
114.5
115.3
114.3
115.6
116.0
117.1
111.9
109.8
108.2
106.2
105.2
104.1
102.9
102.2
101.3
99.9
99.9
99.4
98.8
98.5
97.8
98.2
98.1
98.2
98.4
98.3
98.5
97.0
97.2
97.3
97.4
97.1
97.1
97.1
97.0
96.9
96.9
97.1
97.0
97.0
96.9
96.8
97.1
97.0
96.7
96.5
96.8
96.8
96.4
96.7
96.4
96.3
95.9
95.9
95.8
94.9
94.8
95.2
95.1
95.1
94.9
94.7
94.5
94.4
94.6
94.3
94.3
94.2
94.0
94.4
93.7
93.9
93.4
93.7
93.6
93.7
93.7
93.8
94.0
94.0
94.0
93.7
93.5
93.1
93.2
93.3
92.6
92.5
92.5
92.1
92.6
92.4
92.6
92.2
91.8
91.8
92.3
92.2
92.0
91.9
93.3
94.2
94.1
93.7
93.4
92.3
92.5
92.3
92.0
92.4
92.6
92.5
92.4
92.1
91.6
91.8
91.9
91.4
91.0
90.6
90.3
90.4
89.6
90.0
89.4
89.7
89.8
89.3
89.0
89.4
88.9
89.4
90.2
90.3
90.4
89.8
89.9
89.6
89.0
89.9
88.8
89.1
89.1
88.9
89.3
88.7
88.7
88.8
89.0
88.5
88.7
88.3
88.1
87.8
88.0
88.3
87.4
86.8
86.5
86.6
86.6
85.8
86.1
86.7
86.5
86.3
86.8
87.7
90.5
91.8
92.5
92.8
92.0
91.3
90.8
89.8
89.4
89.6
88.8
88.7
88.7
88.4
89.0
88.1
87.6
87.2
87.4
86.9
86.9
86.4
87.0
86.6
86.9
86.8
86.8
86.7
86.9
87.1
86.4
86.6
86.7
86.6
86.1
86.0
85.9
85.8
86.8
92.0
95.8
99.3
99.1
99.1
97.6
95.4
94.0
92.6
91.7
91.3
91.0
90.7
90.7
90.8
90.6
90.7
90.6
91.2
91.5
91.0
90.5
90.4
90.7
90.8
90.9
90.9
91.4
91.5
91.3
92.4
90.9
91.3
91.5
91.3
90.9
91.5
91.4
92.2
92.1
92.2
92.0
92.0
91.3
91.1
90.5
90.6
90.4
90.3
90.7
90.8
90.8
90.7
91.1
90.9
90.5
90.5
90.6
90.8
91.2
91.6
91.9
91.2
91.3
91.1
91.1
91.1
90.9
90.9
90.1
90.5
91.1
90.7
91.0
91.4
91.7
91.5
90.8
91.0
90.5
90.5
91.2
90.4
90.7
90.9
90.6
90.6
90.1
90.3
89.9
89.7
90.7
89.5
89.9
90.4
90.2
89.9
89.5
89.8
90.3
90.0
90.1
89.5
90.1
89.5
90.0
90.0
91.5
92.1
94.1
94.5
94.3
93.5
92.7
92.6
92.1
92.1
92.0
92.1
91.9
92.4
91.9
92.1
92.0
91.7
92.0
91.7
91.6
91.8
91.7
91.7
91.8
92.2
91.8
91.8
90.9
91.1
91.4
92.0
91.7
91.7
92.5
94.6
95.2
95.3
94.9
94.6
94.2
93.2
93.0
92.3
92.8
92.6
92.9
93.2
93.6
93.4
93.8
93.8
94.2
94.2
94.1
94.8
94.0
94.4
93.8
94.0
93.5
94.3
93.6
93.6
93.4
93.0
93.0
92.6
92.9
93.5
93.0
93.7
93.4
93.5
93.5
93.3
93.6
93.4
93.0
92.8
91.9
92.3
92.2
92.3
92.4
91.9
92.6
91.6
91.7
91.7
91.6
92.0
91.7
92.1
94.0
95.7
98.0
98.7
98.0
96.7
95.9
94.6
95.0
93.9
94.2
93.9
93.8
94.1
93.3
92.9
92.9
92.8
92.4
92.1
92.5
92.5
92.2
91.8
93.2
96.8
102.4
106.6
108.1
109.2
109.7
110.0
109.6
108.5
107.1
105.2
103.4
102.9
103.8
107.7
111.6
114.1
116.2
123.2
128.0
126.1
130.2
120.6
125.8
132.5
131.8
133.6
131.3
124.8
122.5
124.6
136.0
157.1
120.6
117.5
111.0
115.0
110.6
108.8
107.1
105.3
103.7
102.1
100.6
99.1
98.4
97.8
97.2
97.3
96.2
96.0
95.3
94.8
94.7
94.2
94.0
93.7
93.4
92.8
93.3
92.4
92.8
92.4
91.9
91.5
91.9
91.6
91.3
91.4
91.2
90.4
90.0
90.1
90.3
90.3
90.2
89.7
90.0
90.1
90.3
90.1
89.8
89.0
89.3
89.4
88.0
88.9
88.2
87.9
87.9
86.7
87.3
87.3
87.3
87.3
86.9
87.1
87.1
86.8
87.1
86.8
88.3
88.4
87.2
87.7
86.8
86.2
86.0
85.8
86.1
85.8
85.6
85.6
86.0
85.5
85.4
85.6
85.1
85.1
85.3
85.3
85.2
85.6
84.9
85.3
85.1
84.9
85.6
85.3
85.4
85.4
85.0
85.1
85.3
85.2
85.2
85.0
85.3
85.0
85.0
85.1
84.8
85.3
85.4
85.9
85.2
85.7
84.9
85.6
85.6
85.4
85.3
85.0
84.8
84.7
84.2
84.1
84.0
83.9
84.0
83.9
83.5
83.5
83.5
83.1
83.8
83.8
83.4
83.1
83.1
83.2
83.0
83.3
83.3
83.3
83.0
83.1
83.4
83.5
83.6
83.5
82.9
83.4
82.9
83.2
82.6
82.9
82.6
82.4
82.5
82.5
82.5
82.8
82.7
82.1
82.0
82.1
82.4
82.0
81.9
82.0
81.9
81.9
82.1
81.7
81.9
82.0
81.3
82.6
82.9
83.1
82.9
82.8
82.2
82.2
82.0
81.9
81.9
81.9
82.0
82.0
82.0
81.8
82.0
81.9
81.7
82.0
81.6
82.0
82.0
82.2
82.0
82.1
82.1
82.3
82.4
82.4
83.8
86.7
90.7
95.2
93.7
94.2
95.4
94.6
94.8
92.9
92.8
93.4
92.8
90.8
89.6
88.5
87.0
84.4
83.2
83.4
83.6
84.7
85.2
85.8
86.3
86.5
85.4
85.2
85.7
87.6
89.8
90.9
91.5
90.4
89.2
88.8
87.8
87.8
87.4
87.3
87.0
86.3
86.2
86.1
86.0
85.8
85.6
85.4
85.0
85.4
85.1
85.1
85.2
85.1
85.0
84.8
84.4
84.3
84.0
84.3
84.1
84.4
84.2
84.1
83.9
84.0
84.0
84.0
84.2
84.1
84.0
84.2
84.3
84.2
84.7
84.6
84.4
84.4
84.3
84.3
84.5
84.3
84.4
84.8
84.0
85.2
84.6
84.0
83.8
83.7
83.6
83.2
83.7
86.7
94.4
97.6
99.1
99.2
98.7
96.8
94.5
91.7
89.4
88.0
87.8
87.0
88.1
90.7
96.3
100.8
102.0
101.7
100.7
99.3
97.5
96.1
94.5
93.0
92.3
91.6
91.7
90.9
90.9
90.7
90.5
89.7
89.4
89.6
89.1
89.5
89.2
90.0
90.3
89.9
89.9
90.4
89.8
90.5
89.7
88.8
88.7
88.9
89.3
89.9
94.2
101.3
105.0
108.2
105.4
102.7
101.0
100.4
99.8
98.9
97.5
96.6
95.3
94.5
94.1
94.3
93.9
93.9
93.8
93.5
92.9
92.7
93.5
93.3
93.4
93.4
93.9
94.1
94.5
94.0
94.4
94.4
94.7
94.7
94.4
96.0
96.7
97.7
98.0
97.9
97.3
97.7
96.7
96.1
95.3
95.3
95.8
95.6
95.2
96.1
95.8
95.4
95.1
95.8
96.1
95.7
95.7
95.8
95.0
95.3
95.1
95.5
95.3
95.2
94.5
94.3
94.4
93.9
94.5
94.1
94.7
94.2
93.7
93.6
93.8
93.7
93.9
93.6
94.3
94.8
95.5
95.7
96.3
96.1
95.5
95.2
94.8
94.8
94.7
95.5
95.0
94.9
95.1
95.1
95.0
95.2
94.9
95.2
94.9
94.9
95.0
94.3
94.2
94.1
94.1
94.1
94.1
94.0
95.0
93.8
93.4
93.2
93.1
92.9
92.9
92.7
92.9
92.3
91.7
92.4
92.3
92.4
95.7
98.5
101.1
102.9
102.7
102.6
102.2
102.3
103.6
101.4
99.7
99.2
98.8
97.4
97.6
97.0
97.5
97.8
97.1
97.8
99.2
99.9
99.7
100.5
101.1
103.2
104.9
106.0
106.6
106.8
106.1
105.3
104.4
103.9
104.0
103.8
104.0
105.0
106.2
106.9
107.0
106.7
106.3
108.1
108.5
109.4
109.8
108.7
107.3
106.7
105.5
104.6
103.4
103.1
102.0
101.5
101.0
100.7
100.7
100.6
100.2
99.8
99.7
99.9
99.7
99.8
100.0
99.9
99.5
99.5
99.2
99.3
99.1
98.9
98.5
98.1
98.9
99.6
99.1
98.9
98.0
98.1
97.8
97.2
97.0
97.2
97.0
97.0
96.7
96.9
96.5
96.0
96.6
96.1
96.6
96.4
96.2
96.5
96.4
96.2
96.4
96.0
96.4
96.1
96.4
96.4
96.2
96.8
96.6
96.5
96.3
96.4
96.3
95.9
96.5
96.0
96.5
96.9
96.5
95.9
96.0
97.1
100.6
103.0
103.5
108.7
107.6
111.8
117.2
121.5
130.2
120.3
114.0
108.9
106.7
104.2
102.4
101.0
100.3
99.3
98.8
98.3
98.2
98.0
98.0
97.8
98.1
99.0
99.0
99.0
99.0
98.9
99.4
99.0
98.1
98.0
97.5
97.5
97.4
97.0
97.0
96.9
96.8
96.7
96.0
96.0
95.7
96.7
95.9
95.2
95.0
94.3
94.0
94.4
94.9
94.2
94.8
93.6
94.3
93.6
93.6
93.5
93.5
94.0
93.8
93.4
93.9
93.8
93.7
93.8
92.8
93.0
92.6
93.3
96.4
94.6
93.4
93.3
93.5
93.2
93.3
94.5
98.7
108.5
105.4
101.9
100.1
99.6
98.9
98.1
98.0
97.4
96.6
96.0
95.8
94.9
94.8
94.3
94.3
94.4
94.1
94.3
94.6
93.2
93.2
93.7
93.9
93.9
94.5
94.8
95.4
94.4
94.4
94.0
93.5
93.8
93.9
94.3
93.9
94.0
94.0
95.3
95.8
95.2
95.8
95.1
94.0
94.2
94.9
94.3
93.7
94.3
94.0
94.0
93.9
94.0
94.2
93.8
95.2
96.0
95.1
95.8
95.8
95.7
96.5
96.8
97.3
97.6
98.0
98.0
97.8
97.3
96.9
97.2
97.7
97.8
98.7
99.9
100.0
99.1
99.3
98.3
98.0
97.9
97.8
97.9
98.0
99.1
101.5
100.6
101.1
103.2
105.8
114.4
115.7
112.3
108.8
106.5
104.3
102.7
102.0
101.7
100.3
100.0
100.0
100.0
100.0
100.0
99.2
99.0
99.0
99.0
100.0
100.7
100.7
100.3
100.2
100.3
100.0
100.1
100.4
100.7
100.5
100.6
100.1
100.0
99.8
99.1
99.4
99.2
99.3
99.1
99.1
99.2
99.2
99.3
99.0
99.2
99.0
98.9
98.5
99.0
98.6
98.5
98.4
98.2
98.3
97.8
98.0
97.8
97.5
97.7
97.9
97.2
96.8
96.9
97.2
96.8
96.7
97.2
97.9
99.2
101.0
101.9
102.0
102.2
102.2
101.4
101.3
101.2
100.0
99.8
99.0
99.0
99.1
99.1
99.5
99.2
99.0
99.0
99.1
99.8
98.7
98.7
99.0
99.1
99.2
99.6
100.9
101.5
101.2
100.8
99.9
99.4
99.0
99.0
99.1
99.6
99.8
100.0
100.0
100.5
100.9
100.6
102.5
102.5
102.4
102.4
102.3
102.6
102.7
103.1
102.7
102.6
102.2
102.0
101.0
100.6
99.9
99.6
99.1
100.0
100.6
100.5
100.9
105.2
108.6
110.0
114.9
123.7
128.2
126.3
126.1
143.4
156.1
121.2
107.6
106.0
105.0
105.0
105.6
105.8
104.9
104.4
104.0
103.7
103.8
103.3
103.8
103.8
103.3
102.6
103.0
102.0
101.8
103.7
100.9
101.0
101.0
101.0
101.0
100.6
100.0
100.0
99.6
99.7
100.0
100.0
100.1
100.7
101.0
100.5
100.0
100.0
100.7
100.1
100.6
100.7
100.6
99.8
99.6
99.7
99.7
99.8
99.6
99.0
99.2
99.0
99.0
98.8
99.3
99.1
99.0
98.8
98.9
98.6
98.6
98.8
99.3
100.3
100.7
100.7
100.6
100.9
100.3
100.5
100.1
99.9
99.1
99.9
99.8
100.3
99.9
100.2
100.5
101.4
100.8
100.2
100.2
99.5
100.0
99.6
99.2
99.6
100.2
100.2
101.0
101.4
101.0
100.8
100.8
99.9
100.0
100.3
102.0
104.3
105.0
105.6
104.6
103.3
102.9
102.0
101.9
101.7
102.0
101.7
102.2
103.1
103.3
103.6
103.4
102.6
102.4
102.0
101.5
101.2
101.4
101.1
101.1
101.1
101.0
101.6
101.6
101.4
101.6
101.9
101.8
101.7
101.2
101.5
100.9
100.8
100.7
101.0
100.2
100.5
100.3
101.0
101.4
101.4
101.0
100.3
101.0
100.2
100.6
100.4
101.0
100.6
101.0
101.0
100.7
100.4
100.5
100.7
101.0
101.2
100.9
100.7
100.4
100.3
100.3
100.6
100.0
99.9
100.0
99.7
99.7
99.6
99.9
99.8
99.9
100.4
99.8
99.8
99.4
99.4
99.4
99.8
100.0
100.0
99.9
100.7
99.4
98.8
99.2
98.3
98.9
98.2
98.1
97.8
98.1
98.2
98.7
98.9
98.3
98.4
98.3
98.1
98.9
99.6
99.2
100.3
101.3
101.1
101.0
101.0
101.0
100.1
100.0
100.0
99.1
99.3
99.1
99.2
99.5
99.4
99.1
99.4
98.9
98.0
97.5
97.9
97.6
97.9
97.8
97.7
97.3
97.5
97.1
97.5
96.8
96.8
96.3
96.0
96.6
99.3
100.2
99.5
98.0
97.4
96.9
96.3
96.1
95.7
95.8
96.4
96.3
96.7
96.3
96.0
96.1
96.1
96.0
96.0
95.3
95.8
95.7
95.9
96.0
96.0
95.7
95.9
96.7
96.3
96.3
95.9
96.1
95.7
96.9
97.9
97.7
97.0
97.1
97.5
97.7
97.0
96.3
96.8
96.0
96.3
96.0
95.9
95.8
95.7
96.0
95.4
95.5
95.0
95.4
95.0
95.5
95.4
95.2
95.6
95.1
95.5
95.2
95.2
95.3
95.2
95.0
95.0
95.4
95.3
95.6
94.9
95.1
94.9
96.0
96.2
96.2
97.6
97.0
97.4
97.0
96.7
96.3
96.4
95.9
96.3
96.8
96.0
95.4
95.9
95.2
95.1
96.1
97.6
98.6
98.9
98.7
97.7
97.1
96.5
96.7
95.9
95.0
93.5
94.0
94.4
94.8
93.8
93.5
94.1
93.1
93.5
92.9
93.0
92.8
93.4
93.0
93.3
93.4
93.2
93.0
92.3
92.1
92.8
93.0
92.2
92.2
92.0
92.0
92.4
92.0
92.7
92.4
92.3
92.0
91.8
92.2
92.3
91.5
92.3
91.9
92.2
92.4
92.3
92.2
91.8
92.6
92.1
92.3
93.0
94.4
93.5
92.2
92.6
93.6
98.9
98.2
96.9
95.6
94.7
94.9
93.1
91.5
90.7
89.9
90.3
89.5
89.5
88.8
87.7
88.7
88.8
87.9
89.1
87.9
88.6
87.7
88.3
87.8
88.4
88.1
88.5
88.5
88.6
88.3
88.9
88.8
88.6
88.7
87.9
87.8
88.2
87.6
88.0
88.1
88.7
89.0
89.1
89.0
88.7
89.2
89.2
88.5
88.3
88.4
88.1
87.0
86.4
88.1
88.3
90.5
89.3
88.7
88.9
88.6
88.3
88.4
88.8
88.4
88.1
88.0
87.8
87.5
87.3
87.0
87.3
87.9
88.6
91.0
90.3
90.1
90.8
92.9
91.1
89.7
88.9
88.3
88.0
87.8
88.2
87.4
87.7
87.0
86.7
86.8
86.9
86.7
86.2
86.1
86.9
86.2
86.4
86.1
84.2
84.8
86.4
86.4
86.4
87.2
87.4
87.6
87.8
87.2
86.6
86.7
86.3
87.4
85.2
86.5
86.5
85.6
85.3
85.9
85.3
84.8
84.9
85.6
85.0
85.1
85.4
84.7
84.6
84.4
84.6
84.5
84.5
84.8
84.5
84.3
84.3
83.6
83.8
84.0
83.6
83.2
83.3
84.3
83.9
85.8
88.3
88.3
88.6
89.5
88.8
88.9
90.0
89.9
88.5
87.3
87.0
84.2
86.4
86.8
87.0
86.4
86.8
86.2
87.3
87.7
89.1
90.1
89.2
89.1
87.4
87.5
86.7
86.6
86.0
85.8
85.9
84.8
85.3
85.6
85.5
85.2
85.5
85.1
85.3
84.9
85.5
85.4
84.8
83.6
85.2
85.5
84.8
86.0
84.2
84.7
83.9
84.6
90.2
102.8
103.9
107.2
108.7
109.9
110.6
110.9
111.0
111.6
111.8
113.5
114.2
113.7
114.0
112.3
111.6
109.6
106.5
102.9
100.6
99.1
98.0
97.4
96.9
95.5
95.0
94.0
93.9
92.4
92.3
91.8
92.1
92.4
92.4
92.5
92.6
92.5
92.7
93.0
92.5
92.9
93.2
93.0
93.5
93.6
94.3
94.8
94.0
93.7
92.9
93.0
93.0
93.3
93.0
93.0
93.1
93.8
94.0
93.8
93.8
94.0
94.1
94.2
94.1
93.9
94.0
94.0
96.1
97.6
96.7
95.9
95.8
95.5
95.2
95.0
94.7
97.4
96.5
95.1
94.0
94.3
93.8
93.9
93.7
94.0
94.4
94.2
94.1
93.8
93.3
93.3
93.0
93.0
93.4
92.5
93.1
92.9
93.0
92.5
92.9
94.4
95.6
96.8
97.9
97.8
97.3
96.7
95.5
94.9
94.1
93.0
92.2
92.2
91.8
91.6
91.0
90.8
90.6
90.7
90.6
90.4
90.9
89.8
89.9
90.0
89.4
88.0
87.2
89.0
91.6
96.0
99.2
99.0
103.5
104.5
102.9
101.1
99.1
98.1
96.5
96.1
96.2
95.5
95.3
96.4
96.3
97.6
101.5
104.0
104.6
106.3
106.0
104.8
102.3
99.0
96.9
95.8
94.9
94.9
94.6
94.1
93.4
93.2
93.5
93.0
92.9
92.4
92.8
92.8
93.3
93.8
95.3
103.6
113.2
120.0
121.3
123.5
121.0
116.7
119.8
121.5
108.9
118.3
124.6
128.6
137.0
134.1
131.5
133.1
132.2
129.3
126.6
125.6
122.7
121.0
120.0
118.9
119.2
117.5
118.4
122.4
120.5
119.3
115.3
115.5
109.9
111.0
110.0
108.8
107.9
107.0
106.7
105.6
105.1
104.1
103.5
103.0
102.0
102.3
102.2
102.0
102.0
102.2
101.9
101.9
102.0
101.3
100.8
101.0
101.0
102.5
104.2
103.5
103.1
102.9
102.3
102.4
101.7
101.7
101.3
101.3
101.7
101.2
101.6
101.0
100.8
101.0
101.0
101.0
101.0
100.3
100.6
101.0
100.7
101.3
101.0
100.7
100.2
101.4
105.0
104.5
105.3
115.6
117.7
116.5
118.0
115.8
112.7
110.0
107.9
106.5
104.8
104.6
103.5
102.8
102.3
102.0
101.5
101.5
101.6
101.2
100.8
101.4
100.8
100.4
99.9
100.4
100.8
100.9
100.6
100.1
100.6
100.2
102.9
106.6
109.1
112.5
116.8
116.7
118.4
121.9
120.9
118.8
118.4
122.4
125.2
131.0
128.9
124.8
124.7
119.7
118.6
126.0
113.2
108.9
107.1
105.9
105.3
104.1
103.9
103.3
103.1
102.0
101.9
101.9
102.3
101.9
101.9
100.4
101.1
105.1
101.3
100.8
101.9
101.6
101.8
100.7
100.6
100.4
100.1
99.4
99.6
99.9
99.3
99.6
101.0
100.3
100.1
99.3
98.5
99.1
98.6
98.1
97.6
97.6
97.3
97.4
97.4
98.7
100.3
102.0
101.8
102.2
101.4
100.6
99.5
99.0
98.8
97.6
96.5
96.1
94.4
93.9
94.8
94.9
93.7
92.1
96.3
95.0
95.8
95.6
96.0
97.1
99.1
97.8
100.5
100.7
100.7
99.1
97.9
97.4
96.3
96.0
95.0
94.5
93.6
92.9
92.3
90.6
92.1
94.4
94.9
96.5
96.2
95.4
94.4
93.3
91.0
90.3
91.5
90.5
90.8
90.5
91.2
90.6
89.2
90.1
90.2
90.9
87.4
89.2
89.7
90.4
89.0
89.2
88.2
90.5
88.2
88.7
89.2
89.3
88.4
88.7
88.0
88.2
87.4
88.0
87.9
88.1
88.4
91.3
92.4
94.6
97.4
98.1
97.2
96.1
95.6
95.3
93.8
93.4
92.3
92.9
93.7
93.4
92.5
93.0
92.5
91.7
92.4
91.6
91.0
91.9
91.8
92.3
91.5
92.4
92.0
92.6
92.5
90.8
89.6
87.0
87.4
87.2
86.2
87.8
88.6
88.9
87.1
86.9
90.8
95.8
103.4
110.5
109.7
108.1
105.8
103.2
101.2
101.2
101.2
102.2
102.3
102.2
101.7
101.3
102.6
102.7
102.5
102.8
103.4
103.6
103.4
102.2
101.7
101.5
101.4
100.9
100.5
102.2
104.3
108.8
110.5
110.1
110.9
112.5
114.4
113.7
111.1
108.9
106.7
105.0
104.5
103.5
101.9
101.1
100.9
100.70000000000002
101.6
101.3
101.2
100.9
101.2
101.2
100.9
100.8
100.7
100.0
100.1
100.2
100.0
99.8
100.0
100.3
100.5
100.2
101.5
100.4
100.9
100.7
100.8
100.2
100.0
100.8
101.1
101.3
101.2
100.5
101.5
103.5
104.4
105.6
106.0
105.2
106.2
104.5
103.8
103.0
102.1
100.8
101.0
100.7
100.3
100.2
100.5
100.7
100.2
100.1
99.5
99.2
99.0
99.9
100.8
100.2
101.3
103.8
105.8
105.3
106.2
106.5
106.7
106.6
105.7
106.3
104.9
104.6
103.3
102.8
102.3
101.4
101.0
100.2
100.4
99.9
104.2
114.7
115.0
119.1
123.8
130.1
138.2
139.1
139.1
136.1
134.4
132.1
129.3
127.1
124.3
121.2
118.2
116.2
115.0
115.4
113.0
113.2
113.9
113.5
113.3
114.3
115.4
116.8
118.0
117.7
116.7
117.0
115.6
114.5
114.3
113.1
113.1
112.9
112.9
114.4
113.7
113.1
112.8
112.7
112.7
112.3
112.2
111.9
112.1
112.2
112.1
115.5
122.3
124.5
124.8
127.7
124.5
121.7
120.3
119.8
120.3
121.0
121.8
119.0
116.9
116.9
115.2
113.3
113.2
112.2
111.6
111.5
111.4
110.9
110.4
109.8
111.1
110.4
110.6
111.8
112.6
113.3
114.0
113.6
114.3
113.5
113.3
112.3
112.7
111.4
110.3
109.9
109.1
108.1
108.0
108.1
108.8
109.5
115.66666666666666
119.1
117.6
113.4
111.2
116.9
117.5
115.0
111.6
110.0
108.9
108.0
107.9
107.2
106.8
106.2
105.9
106.0
105.3
104.5
104.2
103.9
104.7
104.5
103.9
103.7
104.0
103.3
103.0
102.0
102.1
102.2
101.9
101.8
102.1
102.3
102.0
102.0
102.2
101.6
100.6
101.1
100.6
100.6
100.8
99.9
100.8
100.1
99.8
99.6
99.3
99.6
100.0
99.8
99.9
100.1
100.8
102.5
102.4
101.1
100.6
100.1
100.6
99.7
99.5
99.4
99.1
99.3
99.0
99.2
99.4
98.9
98.2
98.5
99.8
98.9
99.2
98.2
98.2
97.6
97.4
98.6
99.4
99.9
100.7
100.0
99.7
99.8
98.4
98.5
98.7
98.7
97.3
97.8
99.0
98.6
98.3
97.8
97.9
97.2
96.8
96.9
96.6
96.5
96.2
95.8
95.7
95.6
96.5
97.1
96.4
96.8
97.4
96.1
96.9
98.9
99.2
100.6
100.6
100.7
100.3
98.7
98.7
98.5
97.8
97.4
98.1
98.0
99.1
99.1
99.5
99.3
98.9
98.2
97.3
97.6
98.1
98.4
98.3
97.3
98.0
98.4
98.8
98.5
98.1
98.7
98.3
98.7
98.0
97.1
97.3
97.6
97.3
96.8
96.5
96.3
96.6
96.2
95.9
95.8
96.7
97.6
99.3
99.2
100.9
99.3
98.4
98.2
98.2
98.5
99.6
98.4
98.5
98.0
99.7
97.4
98.0
98.7
98.0
97.6
96.4
96.7
97.2
96.9
97.5
98.6
98.1
98.0
97.7
97.0
96.4
96.9
96.8
96.8
97.2
97.3
97.3
97.1
97.7
96.7
97.4
97.5
97.5
97.7
98.3
100.3
100.3
99.9
99.1
99.0
98.2
98.0
97.1
98.1
96.9
96.7
96.8
97.0
96.5
96.6
95.6
95.7
94.8
94.4
94.9
97.6
96.0
96.2
94.8
94.3
93.9
94.1
93.0
92.9
94.5
94.3
93.9
94.4
94.2
94.6
94.1
94.1
94.2
94.1
94.1
94.5
94.2
94.5
94.5
97.7
98.3
98.1
98.4
101.1
100.7
101.2
100.8
99.5
101.1
100.2
99.2
98.9
98.2
98.6
98.6
99.5
100.6
99.8
99.8
100.7
106.5
104.8
102.8
101.9
102.4
102.7
101.9
101.6
100.6
100.1
99.8
98.4
98.3
99.0
98.3
97.8
98.0
97.9
97.5
96.7
96.8
96.2
96.3
95.8
95.4
95.1
96.0
96.6
96.7
96.6
97.0
96.7
97.1
97.9
97.7
97.2
97.9
97.4
97.6
98.3
97.8
97.6
98.5
98.0
98.3
98.3
97.9
98.1
98.1
98.4
98.5
98.5
97.7
97.7
97.1
97.4
96.9
97.0
97.6
96.5
96.9
96.3
95.0
95.0
95.1
94.7
94.5
94.4
94.0
94.3
94.1
93.6
93.4
93.7
92.2
94.0
93.6
93.1
94.0
93.2
93.5
93.2
93.0
93.5
92.4
92.8
91.7
91.3
92.6
93.3
92.2
92.1
92.4
92.7
93.1
91.9
91.7
91.8
91.9
91.2
92.0
91.5
91.6
91.9
90.8
91.3
91.4
91.4
91.0
91.7
91.6
91.9
91.3
91.1
91.5
90.9
91.2
91.9
90.7
90.3
91.4
91.3
91.3
91.2
90.8
89.6
90.4
89.2
89.4
89.2
89.7
89.1
89.4
89.3
89.4
89.2
89.3
89.2
88.8
89.1
88.8
88.7
86.7
86.8
87.4
86.7
87.1
87.5
88.3
88.5
88.8
88.4
88.9
88.7
88.2
88.5
88.1
88.6
87.8
87.8
87.4
86.7
86.4
86.9
86.3
85.3
85.6
85.7
85.7
86.3
87.4
86.5
86.3
86.7
86.4
86.5
87.6
87.0
87.3
89.1
87.9
86.4
87.0
86.9
87.3
88.0
87.0
87.2
87.4
86.6
87.6
86.9
86.7
87.7
88.0
88.5
88.0
87.8
87.8
87.8
86.2
87.3
86.4
86.5
86.3
86.9
88.1
88.8
89.6
89.3
89.4
89.2
89.1
89.6
88.8
89.3
88.6
88.5
88.0
87.3
87.3
85.9
86.4
85.5
84.9
86.4
89.5
89.8
90.2
90.8
90.5
90.5
90.4
90.2
91.4
90.7
91.9
93.7
94.7
93.8
93.1
93.2
92.2
92.8
93.0
90.1
89.7
90.1
91.7
92.5
93.2
94.0
95.3
95.0
94.3
96.0
96.3
96.6
97.3
96.2
98.5
96.6
99.1
99.1
98.8
99.9
100.2
99.4
98.6
97.6
96.9
97.2
96.2
96.1
97.1
95.5
96.1
95.3
93.9
92.6
91.7
91.3
91.7
92.1
93.9
93.7
92.2
91.4
91.2
90.9
90.6
90.3
90.1
94.0
97.2
98.4
96.9
95.0
91.1
91.6
90.1
89.8
89.8
89.7
89.6
89.8
90.4
90.4
89.3
89.4
89.8
91.0
88.8
89.1
88.9
90.0
89.3
88.7
88.7
88.5
88.4
88.5
89.3
89.6
89.2
90.3
90.8
90.8
91.0
91.0
90.8
90.2
90.3
90.7
90.3
90.3
89.6
89.3
89.5
89.1
88.8
88.1
87.8
87.4
87.2
88.6
89.2
89.0
87.3
87.9
87.2
88.0
88.1
88.3
88.6
88.1
88.5
89.8
89.6
93.0
92.8
94.7
96.1
96.0
96.5
97.1
97.4
96.8
97.6
99.2
100.5
101.9
102.3
102.6
102.2
102.0
101.4
101.9
100.6
100.2
98.8
98.5
99.0
99.0
99.5
100.5
100.4
101.4
101.3
99.1
99.9
99.3
98.4
98.5
98.3
98.5
99.2
98.9
99.2
98.6
97.3
97.9
96.3
97.3
97.3
96.9
97.1
96.8
95.7
95.9
94.3
93.7
92.7
91.3
91.9
90.3
90.4
91.1
90.6
91.6
92.7
91.7
92.6
92.4
90.2
92.0
90.8
90.3
90.7
89.9
90.1
90.2
89.8
89.4
89.7
89.9
90.4
89.3
89.7
89.1
89.1
91.8
92.3
94.1
94.2
94.7
95.2
94.4
93.2
92.7
92.7
93.3
93.8
93.8
93.7
94.5
93.6
94.6
94.6
94.3
93.2
93.1
91.3
91.1
91.7
92.9
95.0
97.2
98.1
97.4
96.1
96.2
95.1
94.0
95.2
94.5
95.1
94.9
94.3
94.3
93.7
93.3
92.7
93.9
93.5
94.0
94.7
97.4
97.4
96.1
96.3
95.6
94.8
94.1
94.3
95.1
94.6
96.1
96.6
97.3
97.8
98.3
98.0
97.1
97.9
97.9
97.0
96.6
97.0
97.2
97.9
97.3
97.7
97.5
98.6
98.0
97.2
98.0
98.8
99.0
97.7
97.3
97.2
96.2
97.2
96.5
96.2
96.6
96.2
95.5
94.9
94.8
96.9
96.1
95.4
96.1
96.3
95.3
95.8
97.6
96.7
95.9
95.5
97.2
96.3
96.3
95.6
95.3
95.1
93.1
93.1
92.3
92.0
91.3
91.1
90.4
90.2
90.4
90.0
90.6
89.8
90.4
90.2
89.5
89.1
89.3
89.2
89.4
89.2
89.0
90.2
88.8
88.9
88.9
88.6
88.6
88.4
88.9
88.6
88.6
88.6
89.0
89.8
90.7
90.2
90.2
90.1
89.5
89.9
89.4
89.5
89.6
89.9
90.4
90.3
92.6
94.8
94.4
94.8
95.6
96.4
96.8
96.7
97.1
96.8
96.2
96.2
96.1
96.0
95.9
95.5
97.4
96.4
97.0
98.6
99.1
98.4
100.4
101.6
104.4
104.6
104.2
105.1
105.9
108.6
111.2
110.7
111.9
113.6
115.3
118.2
120.2
122.6
122.9
123.8
123.8
122.8
121.9
120.1
117.8
116.4
115.9
115.2
114.4
114.2
113.0
113.2
113.0
112.1
112.2
111.5
111.9
111.3
110.8
109.7
109.7
108.7
108.0
107.4
106.5
107.0
105.2
105.4
104.6
106.7
111.9
112.6
110.6
109.3
108.3
106.4
106.1
104.6
103.8
103.6
103.0
102.8
102.4
102.5
103.6
102.7
102.3
103.5
102.4
104.4
105.2
105.7
106.1
107.0
107.2
105.5
105.7
105.9
106.5
106.9
106.3
107.3
108.4
107.9
107.5
108.8
108.6
108.8
112.1
113.5
111.6
109.69999999999999
108.5
106.8
105.5
103.4
105.2
105.0
105.1
104.2
102.6
102.1
101.8
101.8
100.5
99.8
99.8
99.0
99.8
99.2
99.0
102.5
102.0
101.7
101.8
101.5
101.3
100.7
100.1
100.6
99.5
101.0
100.7
102.2
103.1
103.9
103.8
104.0
104.0
102.7
108.7
115.0
118.2
120.0
126.4
131.4
132.2
130.4
130.6
127.8
125.2
131.7
135.4
135.6
131.0
126.2
121.3
119.5
116.8
116.1
114.7
113.9
112.4
111.5
110.2
109.4
110.6
109.2
108.9
109.4
111.3
112.5
109.9
109.0
108.4
108.0
108.0
108.0
106.6
106.1
106.5
106.3
106.4
108.5
108.7
108.8
107.3
108.5
108.6
108.7
109.2
108.1
107.0
106.3
106.0
105.4
105.1
104.5
104.3
104.3
104.9
104.7
104.3
104.0
103.7
103.3
103.4
103.6
103.5
103.1
103.8
103.4
104.1
104.9
104.9
105.4
106.0
107.0
106.8
106.3
106.8
106.5
106.4
106.0
106.0
107.3
109.4
109.9
109.1
110.0
108.1
107.3
107.7
109.7
109.1
107.5
107.6
107.5
106.4
106.7
105.7
106.7
106.3
105.5
104.9
104.3
103.9
106.8
106.9
107.0
107.6
107.2
107.2
107.9
107.1
105.7
105.0
104.0
103.2
102.8
103.5
102.2
103.2
103.0
102.7
102.1
101.9
101.5
102.6
106.0
105.4
105.1
104.2
103.0
102.8
102.5
103.2
104.1
103.9
102.8
103.6
103.3
103.6
102.7
104.2
102.8
102.9
102.6
102.1
101.9
102.6
102.8
103.0
102.9
103.7
102.8
105.5
108.2
112.3
113.3
113.8
112.6
111.9
110.5
108.5
107.6
106.8
105.6
105.4
104.8
104.5
104.7
105.1
104.9
104.8
105.5
105.7
106.1
106.9
107.2
107.0
106.4
106.5
107.2
106.6
107.0
106.7
106.1
106.1
104.7
105.9
105.5
105.8
105.9
105.3
105.0
104.6
104.4
104.7
103.9
105.4
104.9
104.1
103.0
103.1
102.9
102.9
103.6
104.9
104.8
106.1
106.2
105.8
105.9
106.6
105.9
106.6
106.2
107.9
108.4
106.3
104.4
106.3
107.2
106.0
106.1
107.0
106.7
107.0
106.8
106.3
106.8
106.9
106.9
106.5
106.6
106.4
106.9
106.8
107.3
107.4
107.7
106.7
106.6
106.9
106.6
107.5
109.1
107.1
105.8
105.9
105.0
104.5
103.4
103.0
102.6
102.5
102.8
102.7
103.0
103.2
103.1
103.5
105.0
104.9
106.7
107.4
107.1
106.5
105.7
106.4
106.1
105.9
106.3
107.9
108.3
108.8
108.1
108.7
108.0
108.6
108.4
108.6
108.4
109.8
109.3
109.6
109.9
110.2
110.7
110.8
116.9
122.3
123.1
123.3
123.7
124.1
124.4
124.4
123.4
123.6
124.1
123.5
123.7
123.4
123.0
122.4
122.0
122.2
121.8
123.0
122.8
122.6
122.2
122.5
122.0
122.0
122.2
122.5
122.5
123.5
123.4
123.7
123.5
123.8
125.0
124.3
123.8
124.1
124.9
125.0
124.0
124.7
124.6
125.3
125.4
125.7
125.6
128.1
127.9
127.5
127.0
126.0
125.9
125.9
125.7
125.7
125.6
125.1
125.2
125.7
125.8
125.3
125.9
125.6
125.4
125.2
125.8
125.9
125.6
124.8
125.8
125.9
125.9
125.8
125.8
125.0
124.8
124.7
124.7
124.2
124.4
124.9
125.1
124.9
124.8
124.9
124.4
124.7
123.4
123.1
123.2
124.2
123.4
123.9
123.4
123.3
124.0
124.0
123.7
123.0
123.0
122.8
123.0
122.8
122.2
122.0
121.7
121.4
122.0
121.5
123.2
123.1
123.1
123.8
123.7
123.2
123.0
123.3
123.5
123.0
123.1
123.3
122.8
122.0
122.0
121.7
121.3
121.1
120.6
120.7
120.2
120.6
121.1
120.5
120.4
121.0
120.7
121.1
121.6
121.2
121.6
120.5
121.2
120.6
120.3
120.7
121.7
121.5
121.8
121.7
121.1
121.1
121.8
121.7
121.6
121.3
120.7
120.0
119.4
118.3
118.2
118.7
118.9
119.2
120.0
120.0
120.0
120.0
120.1
120.1
120.0
119.9
120.5
120.1
120.9
120.8
121.7
123.6
125.0
124.7
124.6
123.8
123.2
123.0
122.7
122.0
122.0
121.2
121.4
121.4
121.0
121.3
120.7
120.0
120.0
120.0
119.0
119.3
119.2
119.5
119.7
119.1
119.4
119.6
119.4
119.3
119.5
119.0
118.7
118.2
118.2
118.1
118.2
117.9
117.7
118.1
118.8
118.4
118.7
118.3
118.8
118.8
118.8
118.5
118.5
118.0
118.4
118.0
118.3
118.7
118.6
119.4
118.6
118.8
118.4
118.4
118.6
117.9
117.7
117.2
117.0
116.5
117.0
116.9
116.9
117.0
117.0
117.2
117.5
117.8
118.3
118.5
118.7
118.7
118.1
118.6
118.1
118.1
118.0
118.0
117.6
118.1
117.6
117.9
118.0
118.0
117.4
116.4
116.4
116.2
116.2
116.0
116.0
115.8
115.9
116.1
116.0
115.8
116.6
117.2
116.9
117.2
118.0
117.5
117.4
117.3
117.0
117.0
116.9
117.1
117.0
117.0
116.6
116.6
116.5
116.1
115.5
115.5
116.1
115.9
115.1
115.2
115.2
115.9
116.1
115.5
116.0
116.1
115.8
115.9
115.5
115.4
115.2
115.3
115.4
115.0
115.0
115.0
115.1
115.7
117.5
117.5
117.6
117.5
117.4
117.0
118.0
117.4
117.1
116.9
117.0
117.1
116.8
116.6
116.5
116.4
115.5
117.9
118.0
117.7
117.8
117.9
117.7
117.9
118.0
118.1
118.6
119.0
118.8
118.8
118.8
118.6
118.6
118.9
119.0
119.3
119.4
119.2
119.2
120.0
119.4
119.1
119.3
119.4
119.7
119.4
119.2
119.0
119.0
118.7
119.0
119.5
124.3
129.2
129.7
131.7
132.9
129.9
129.0
125.6
123.5
121.3
120.7
120.0
119.9
119.0
119.3
118.8
118.9
118.6
118.0
118.0
117.7
116.8
116.3
116.3
115.7
115.5
115.3
115.2
115.0
114.2
114.4
113.9
113.6
114.2
114.8
114.6
113.9
113.8
113.7
113.2
113.0
112.9
112.6
112.5
113.0
112.2
112.6
112.4
112.5
113.4
113.7
114.8
115.6
115.9
114.1
112.6
111.8
110.6
110.0
110.5
109.9
109.9
110.2
111.5
111.9
111.9
113.0
112.7
112.2
112.1
110.3
110.3
110.6
109.8
109.9
110.5
109.1
109.2
109.6
109.7
110.0
110.6
109.6
109.6
109.8
110.0
109.2
109.5
108.8
108.6
108.3
107.3
107.5
108.1
109.0
109.1
108.1
108.1
108.7
108.6
108.4
107.6
108.0
107.7
107.0
107.4
107.0
106.8
105.9
105.9
106.0
106.1
106.0
106.1
105.9
106.0
106.1
105.5
105.7
106.0
106.0
105.8
105.5
105.9
105.7
105.2
106.0
107.9
107.5
107.1
106.7
106.6
107.7
107.5
108.0
107.9
107.5
108.4
107.5
107.7
108.0
108.2
107.7
107.1
107.0
106.6
106.4
106.8
106.0
105.9
105.7
106.3
106.3
106.7
106.2
106.1
105.0
105.7
105.2
104.9
104.6
104.5
104.6
104.0
104.6
104.3
103.5
104.0
104.1
103.6
104.0
104.1
105.0
105.5
105.3
105.3
105.2
105.7
105.7
105.9
106.5
106.2
106.7
107.1
107.4
107.2
107.3
107.3
108.4
110.1
112.9
119.9
121.6
122.2
124.5
121.6
122.2
121.8
121.6
121.3
121.2
121.5
122.0
121.8
121.1
121.1
121.7
121.9
121.8
122.0
122.0
122.0
121.9
122.0
122.8
123.0
122.4
122.8
123.2
123.3
123.3
123.4
123.9
122.5
122.1
122.3
122.2
122.7
122.8
122.8
122.7
122.5
122.9
123.1
123.1
122.9
123.2
123.6
122.3
122.0
122.6
123.0
123.4
123.8
122.9
121.4
121.1
120.7
120.5
120.5
121.0
121.5
120.3
120.0
119.4
119.0
119.1
118.7
119.3
119.5
119.1
118.6
118.3
118.6
118.4
118.4
117.8
118.3
117.8
119.0
119.5
119.4
119.4
119.2
119.1
119.0
118.6
118.4
118.3
118.1
117.8
117.6
117.7
117.9
118.2
117.6
116.8
118.4
117.5
118.4
118.0
117.7
117.3
117.1
117.1
115.5
116.1
115.8
115.8
116.6
116.9
116.3
116.9
117.3
118.1
118.2
117.3
117.5
117.4
117.3
117.2
117.2
116.5
117.3
117.1
117.5
117.4
116.9
116.5
116.8
116.4
115.4
115.7
114.6
114.0
115.0
114.4
114.5
114.5
114.5
114.9
115.3
114.7
113.5
113.0
112.4
112.2
111.8
111.5
111.6
111.2
112.0
112.1
112.1
111.3
111.4
110.9
110.9
110.4
110.3
111.0
110.6
109.7
109.0
109.1
109.5
109.9
109.9
110.2
110.2
110.4
110.1
110.2
109.9
110.7
113.3
114.8
115.5
114.9
114.4
114.3
113.4
112.7
112.2
111.8
112.2
112.0
111.9
111.1
112.9
112.4
111.4
110.9
110.1
110.1
110.9
111.1
111.3
110.8
110.7
110.2
110.2
109.2
108.3
109.5
110.7
110.9
111.1
110.4
110.7
110.3
111.1
110.5
109.9
109.4
108.0
107.7
107.5
107.3
106.5
106.3
106.0
106.3
107.0
106.8
106.6
107.2
108.1
107.6
108.1
108.0
109.2
109.4
109.5
109.7
108.4
107.4
106.7
106.3
105.9
106.2
106.2
106.2
105.8
105.6
104.6
104.8
104.8
105.1
105.1
106.6
110.0
107.7
109.0
109.1
108.8
109.3
108.3
109.0
108.1
107.7
106.9
107.0
106.5
106.4
105.9
106.2
106.4
105.9
105.9
110.7
110.1
112.0
111.6
110.2
108.8
109.1
108.6
108.6
106.9
106.8
106.0
105.2
106.0
105.5
106.1
105.0
105.3
105.8
105.6
104.7
104.5
103.8
103.5
103.6
103.9
103.3
103.4
103.9
103.6
102.6
102.7
102.6
103.2
104.3
103.7
103.5
103.2
103.5
103.5
103.5
103.2
103.1
103.1
103.0
102.6
104.3
104.9
104.7
104.7
106.3
108.8
109.8
109.1
108.9
109.7
109.8
109.7
109.6
109.5
109.7
109.8
110.1
109.4
109.9
109.5
110.2
109.6
108.5
108.9
108.9
109.2
109.5
109.4
109.6
109.3
108.7
108.3
107.3
107.1
106.7
107.6
107.1
106.9
106.4
106.7
106.7
106.6
106.0
105.3
105.2
105.1
106.1
106.1
105.2
104.5
104.8
103.5
104.1
104.7
105.5
105.5
106.0
106.9
109.0
113.0
114.5
115.2
112.9
111.4
110.9
110.8
109.4
108.9
108.1
107.1
106.5
110.8
110.5
110.5
108.4
108.0
107.6
108.3
107.3
107.7
108.3
108.2
108.3
108.2
107.9
109.3
111.1
110.3
110.0
110.3
109.8
109.9
110.0
110.8
110.4
110.4
110.0
110.5
110.3
111.5
110.7
109.8
110.0
110.0
110.7
110.1
110.4
110.5
111.5
111.6
111.7
112.2
111.8
111.3
111.0
110.9
113.0
118.8
122.9
126.9
129.6
130.4
129.7
128.0
127.2
125.7
124.1
123.6
124.0
123.2
123.0
121.7
119.8
120.2
118.7
127.6
130.7
131.4
130.2
129.6
132.9
130.2
126.4
123.7
121.6
121.9
119.7
118.8
121.7
134.5
137.8
139.8
143.0
144.8
143.3
141.8
137.4
132.4
128.8
126.0
125.7
124.4
123.9
124.2
123.7
123.2
122.1
122.5
121.5
120.7
120.2
119.8
118.8
118.2
118.0
117.6
117.4
117.0
116.9
116.0
115.4
114.7
114.3
116.0
115.1
114.3
114.8
113.8
113.6
113.5
113.1
112.9
113.2
113.0
113.1
113.7
114.2
114.0
113.4
114.1
113.9
112.6
112.4
112.3
112.6
113.2
113.8
113.9
113.7
113.2
113.5
113.0
112.4
112.7
115.6
117.8
117.3
116.2
115.2
115.0
114.8
114.3
114.1
114.0
115.2
115.1
115.4
115.0
114.9
114.7
115.0
114.5
113.5
114.1
114.0
114.2
114.2
114.2
114.5
113.8
113.7
113.7
113.5
113.6
113.8
113.7
113.7
114.0
114.4
114.4
114.6
114.1
116.6
115.8
113.5
113.6
112.0
110.8
110.1
110.3
108.5
107.7
107.6
107.2
107.9
107.9
108.3
108.6
109.7
111.1
112.8
113.8
114.3
112.4
111.3
110.4
110.4
108.5
107.9
108.0
110.7
109.3
109.0
109.0
108.5
107.3
106.9
107.0
106.5
106.3
106.3
108.1
107.3
108.6
108.8
109.1
108.3
108.8
108.5
107.7
108.8
108.0
108.6
110.2
108.2
108.8
108.9
108.5
107.9
107.9
107.4
107.9
107.8
109.0
109.0
108.7
108.6
108.1
106.8
105.7
104.5
104.2
102.9
102.2
100.6
99.5
98.5
97.8
96.8
96.2
95.5
95.7
94.8
94.1
94.1
93.1
92.7
92.2
92.5
92.0
91.7
91.3
90.5
90.4
89.5
89.0
88.2
87.9
87.1
86.9
85.9
85.1
84.6
83.2
84.5
84.4
83.0
84.1
84.6
84.4
85.5
85.2
86.0
85.6
85.4
83.9
83.7
82.6
82.3
82.6
83.0
82.9
81.2
82.1
82.7
82.3
83.9
82.9
84.3
84.5
84.8
84.9
84.2
85.3
84.0
84.1
84.6
83.5
83.3
83.1
84.2
84.6
84.2
85.5
85.3
86.7
87.0
87.1
86.8
86.7
86.2
86.4
85.0
85.1
85.2
85.0
85.1
85.0
84.7
85.8
86.4
87.7
87.8
88.1
88.6
89.7
90.4
90.1
90.5
89.8
89.5
92.5
91.9
91.3
91.1
90.4
89.8
88.9
89.9
91.2
91.6
91.4
91.3
91.0
90.0
89.8
89.2
88.6
89.0
89.0
89.0
89.1
88.3
88.0
88.0
87.6
87.7
87.5
87.0
87.6
87.0
87.2
87.0
86.9
86.6
86.9
87.2
87.4
87.8
87.9
88.3
87.9
88.8
88.5
88.7
88.7
87.9
88.5
88.4
88.8
88.8
89.7
89.7
91.5
91.7
92.9
92.7
93.1
94.9
94.7
94.1
94.4
94.0
94.5
95.6
95.3
95.3
95.0
96.2
96.1
95.8
95.4
95.1
94.6
94.6
93.9
93.7
93.2
93.0
92.8
92.3
92.2
92.6
92.8
92.5
92.4
91.4
91.4
91.2
90.7
90.8
90.4
90.2
90.2
89.8
91.8
93.8
94.8
95.3
95.8
98.1
97.4
96.4
95.8
95.5
95.0
94.7
94.5
94.3
93.5
93.2
92.6
93.2
93.3
94.1
93.5
93.5
93.6
92.7
94.3
96.4
98.2
103.4
102.0
101.9
101.9
101.1
100.7
100.0
101.1
100.1
101.9
101.5
102.0
101.1
101.9
101.1
101.5
100.5
100.0
99.4
100.1
98.9
98.4
98.4
98.1
98.8
99.0
99.7
99.7
99.6
100.2
99.7
99.6
100.0
99.9
100.5
100.5
100.2
100.7
100.5
100.5
99.3
100.4
99.8
100.0
100.9
100.3
100.9
100.9
100.0
99.7
98.5
98.2
97.2
96.6
96.8
95.5
95.0
94.5
93.9
93.8
92.8
93.0
96.8
96.4
97.1
97.0
97.5
97.4
97.1
97.8
97.7
97.7
98.3
98.3
98.1
98.1
98.6
98.0
98.8
98.1
97.5
98.1
97.7
98.2
98.0
98.3
98.6
99.8
99.3
100.0
99.9
100.8
101.0
101.3
101.3
102.0
101.6
101.6
100.9
100.7
102.1
101.0
100.7
99.5
100.0
100.8
99.8
101.3
101.1
102.0
101.9
101.6
101.5
101.5
101.5
101.0
101.0
101.2
101.4
101.60000000000001
101.29677419354839
101.24516129032259
101.19354838709678
101.14193548387097
101.09032258064516
101.03870967741936
100.98709677419355
100.93548387096774
100.88387096774194
100.83225806451613
100.78064516129032
100.72903225806452
100.6774193548387
100.6258064516129
100.5741935483871
100.5225806451613
100.47096774193548
100.41935483870968
100.36774193548388
100.31612903225806
100.26451612903226
100.21290322580646
100.16129032258064
100.10967741935484
100.05806451612904
100.00645161290322
99.95483870967742
99.90322580645162
99.8516129032258
99.8
100.4
101.1
101.8
102.3
101.7
101.8
102.0
102.2
102.7
102.9
102.4
101.5
101.2
100.8
102.7
102.0
102.0
101.8
101.1
100.3
100.8
100.4
100.7
100.2
99.9
99.7
99.5
100.0
100.0
100.0
100.1
99.9
100.1
100.8
99.1
99.6
99.1
98.2
98.2
97.9
97.9
97.5
96.5
96.3
96.0
95.4
94.5
94.9
94.1
93.9
94.0
93.5
93.3
93.3
93.5
93.3
95.3
93.6
93.3
93.3
92.9
92.0
91.0
91.4
92.6
90.6
91.7
91.5
92.3
92.5
93.0
92.8
93.8
94.0
94.7
94.9
95.6
95.4
94.9
94.7
95.2
94.9
96.0
96.7
96.8
95.0
95.0
93.7
92.5
91.4
93.3
92.9
94.0
96.2
96.8
96.0
96.9
97.4
98.1
98.9
100.6
101.1
102.4
103.6
103.7
