95.5
93.6
92.8
95.2
93.3
95.1
94.0
95.5
95.3
95.1
93.1
93.2
92.8
93.2
91.7
93.2
94.4
93.3
93.6
93.1
94.1
90.7
91.6
92.2
90.5
92.4
90.7
90.4
91.1
90.5
90.6
89.8
90.6
88.3
93.7
89.2
89.0
89.0
89.0
88.8
90.4
89.5
90.6
89.3
84.1
87.6
83.2
86.4
87.6
85.9
87.9
88.2
88.1
82.4
78.7
81.5
82.4
88.0
86.9
85.5
89.0
85.9
87.9
88.5
87.1
88.8
86.8
86.6
86.8
87.0
87.8
86.8
87.3
85.3
86.8
86.3
86.9
85.7
85.6
83.8
83.8
83.0
81.5
80.7
82.1
79.3
82.2
82.8
80.8
81.8
82.3
83.0
84.4
82.9
79.1
81.9
79.8
83.8
84.8
84.7
85.0
83.0
85.4
87.1
82.2
85.9
82.9
83.9
82.8
84.1
86.0
87.9
86.78
87.17
87.56
87.95
88.34
88.73
89.12
89.51
89.9
90.28999999999999
90.67999999999999
91.07
91.46
91.85
92.24
92.63
93.02
93.41
93.8
94.19
94.58
94.97
95.36
95.75
96.14
96.53
96.92
97.31
97.69999999999999
98.08999999999999
98.47999999999999
98.86999999999999
99.25999999999999
99.64999999999999
100.03999999999999
100.42999999999999
100.82
101.21
101.6
102.8
104.6
105.9
105.0
103.9
102.7
104.0
105.2
103.9
113.3
113.8
115.0
114.1
112.0
110.0
106.4
103.6
100.5
100.1
99.6
99.1
98.2
95.8
95.3
95.8
94.1
96.4
95.6
96.4
96.8
96.5
98.1
100.4
100.3
100.6
102.2
104.0
103.5
104.1
101.9
102.1
101.7
103.1
103.3
103.0
103.1
101.1
101.8
102.1
99.7
100.1
98.0
99.1
99.3
97.6
98.1
98.2
97.4
96.8
96.8
95.0
96.0
95.8
94.3
94.9
95.2
93.8
94.3
94.8
94.2
93.6
94.0
94.4
94.4
94.3
93.0
95.5
91.1
92.9
92.9
93.3
94.3
94.3
90.8
94.5
90.2
91.9
90.3
92.2
92.1
91.9
91.9
94.0
90.0
91.5
92.1
89.1
87.9
89.8
91.2
90.7
89.2
88.6
90.9
98.4
103.6
106.0
103.6
103.5
109.9
105.6
108.3
106.4
105.9
107.0
103.7
98.4
96.5
94.6
93.2
92.0
90.3
90.3
89.4
88.6
88.1
90.5
88.2
88.7
88.9
89.5
88.1
88.2
89.6
91.6
90.2
93.6
93.1
94.3
93.0
93.3
94.9
94.5
96.6
95.8
95.7
96.3
95.6
95.5
95.7
95.1
97.2
95.8
95.6
98.9
99.2
95.3
97.6
102.3
101.0
100.9
97.6
96.4
95.9
95.9
94.6
94.9
94.6
95.2
91.7
92.4
90.6
92.8
89.5
91.8
87.0
90.3
92.5
90.1
89.6
91.1
89.0
92.6
90.9
90.5
90.5
90.8
89.6
90.8
90.3
90.7
89.6
89.9
89.3
90.1
89.8
89.8
89.2
90.9
89.1
89.1
87.9
88.3
87.8
87.2
87.2
86.8
87.0
86.8
86.8
84.1
87.2
85.1
83.9
84.0
82.9
82.3
81.4
81.2
81.4
81.3
80.9
81.1
82.8
81.4
82.2
82.0
80.1
81.6
81.2
80.2
80.0
80.4
79.3
79.4
77.5
77.6
78.8
79.0
77.4
77.9
77.3
77.9
79.3
77.6
80.1
77.9
73.8
74.8
72.1
74.2
73.7
74.1
73.5
74.3
72.6
75.1
74.7
73.5
74.6
76.4
76.9
76.8
75.1
75.8
73.1
76.0
74.8
74.4
76.6
72.9
74.4
77.1
75.9
76.7
76.5
76.3
76.9
76.1
76.2
76.2
76.1
77.4
76.9
76.4
75.8
75.6
77.2
77.0
77.7
76.5
77.4
76.5
77.3
76.1
76.9
76.3
76.7
75.6
77.1
75.4
75.8
76.9
75.2
76.9
75.8
75.6
75.2
76.2
75.4
76.0
76.0
75.8
76.5
76.0
75.1
74.8
72.5
78.2
79.9
79.1
77.3
80.5
89.6
92.1
93.4
92.7
93.4
91.4
92.8
96.4
100.1
99.7
99.9
102.2
100.2
101.0
102.8
102.7
99.5
99.2
98.9
97.8
95.7
94.3
92.9
91.9
91.3
89.9
89.3
88.9
87.3
86.7
85.7
85.7
84.3
83.7
84.7
84.3
83.7
84.0
83.2
84.4
83.8
83.1
83.8
82.8
84.3
82.3
83.7
83.9
83.3
84.7
83.2
84.3
83.0
83.9
84.8
83.2
81.7
81.9
82.2
80.7
79.9
79.5
79.6
81.3
79.9
81.2
79.4
81.0
81.7
83.0
82.7
83.3
84.6
83.4
82.6
83.8
85.2
86.0
87.7
86.2
93.8
99.0
94.2
90.5
87.0
85.6
86.7
86.6
86.4
86.1
87.1
87.9
87.3
87.4
86.7
86.2
85.9
84.8
85.7
87.4
86.3
86.3
86.3
85.6
86.8
85.0
86.3
85.5
85.2
86.0
85.9
85.4
85.0
85.8
85.1
85.0
84.5
83.3
84.3
83.7
82.9
82.1
83.1
83.3
83.2
82.4
82.3
82.0
81.5
83.3
82.0
82.2
81.7
82.3
84.9
85.4
86.9
88.2
87.6
90.1
89.5
89.0
88.6
87.6
88.7
88.1
87.2
87.4
87.5
86.5
86.4
86.4
85.9
86.6
85.6
86.4
85.6
83.3
86.3
84.8
85.8
85.5
85.3
85.3
85.4
84.4
84.5
84.9
84.1
83.9
84.8
83.4
83.0
83.7
84.1
83.3
83.5
83.4
83.6
83.2
83.9
82.9
83.2
83.6
82.7
82.8
83.1
82.8
81.1
84.3
82.6
82.5
82.7
82.1
81.9
82.7
81.3
82.5
80.7
82.1
81.6
81.7
82.2
80.9
81.8
81.8
79.2
81.9
81.5
81.4
81.4
81.6
81.3
81.5
80.8
81.6
82.0
81.8
80.4
80.5
80.7
78.9
80.7
77.8
79.1
79.8
75.7
75.6
74.5
73.9
76.4
75.8
76.1
80.9
87.2
83.8
88.3
91.8
88.9
83.7
79.9
78.5
77.1
76.0
74.8
74.6
75.9
76.7
79.5
74.5
74.8
74.0
73.0
73.5
74.1
75.3
74.1
90.4
97.7
98.8
100.3
102.9
103.9
100.8
103.4
98.3
97.3
96.5
95.7
96.3
95.3
95.2
94.2
95.2
95.1
93.6
94.2
95.7
92.2
92.2
91.3
90.7
91.6
91.8
91.6
91.4
88.4
86.7
86.0
85.9
85.0
83.6
82.7
81.2
80.4
79.1
78.7
78.3
77.7
76.5
75.5
76.6
76.1
76.5
76.3
77.1
77.0
77.2
77.2
76.0
75.8
76.6
76.4
76.6
75.4
75.9
75.9
75.4
75.0
75.1
75.2
75.6
75.3
75.4
70.7
73.1
74.4
75.3
75.1
71.9
73.5
75.4
74.2
75.0
72.2
70.6
73.5
73.4
72.0
70.0
73.6
73.2
69.9
71.8
71.9
67.3
71.1
72.7
73.0
72.7
72.8
73.2
73.5
71.9
72.7
71.4
73.1
72.4
71.9
72.4
70.4
70.2
72.6
73.5
74.0
72.0
73.2
73.8
73.4
72.6
72.6
71.3
71.8
67.2
69.1
71.9
69.5
70.8
73.4
71.6
72.4
71.7
71.9
72.8
71.5
71.1
68.7
68.2
67.7
69.3
68.8
70.1
72.3
68.5
71.4
70.6
70.1
71.4
70.3
72.7
70.4
72.3
70.5
72.9
71.7
70.0
71.9
71.7
71.1
69.8
71.8
69.4
72.2
71.9
73.7
73.3
74.8
75.9
76.1
75.0
76.3
74.7
74.5
75.3
71.5
71.5
72.0
71.2
71.4
72.2
71.2
72.5
73.5
74.5
73.7
73.2
72.9
72.9
72.7
78.2
76.3
75.0
74.7
74.5
74.4
76.6
75.1
81.9
86.1
82.1
78.2
76.0
74.7
74.1
75.9
75.9
76.8
79.4
80.4
79.8
80.7
82.1
79.8
78.5
78.4
77.3
78.7
79.3
78.9
79.8
80.0
79.1
79.5
77.3
79.7
76.2
74.4
76.0
77.7
73.5
74.6
77.0
79.7
80.4
80.2
80.8
79.1
78.8
81.5
82.9
87.4
90.0
87.8
86.4
84.6
83.5
84.2
83.6
84.1
85.8
83.6
84.8
86.2
82.7
81.1
85.5
86.8
86.9
85.5
84.2
83.0
84.7
83.9
84.6
84.0
84.5
84.7
85.2
83.7
84.6
82.7
81.3
83.3
82.9
82.2
82.2
82.6
83.1
86.2
84.2
89.3
88.2
86.7
89.4
85.9
85.6
87.3
87.7
84.1
82.4
83.3
84.2
83.0
85.3
83.8
83.8
85.8
85.4
83.8
82.1
80.1
82.1
80.6
82.9
80.9
83.5
82.0
80.3
83.5
82.0
82.7
86.8
81.9
82.8
84.0
95.6
101.6
100.0
96.1
99.5
98.9
94.6
98.2
93.3
93.3
93.5
94.6
97.6
99.0
98.4
98.0
93.6
92.9
92.4
92.7
94.5
93.9
93.8
91.6
90.8
89.2
86.7
88.0
87.7
89.8
88.7
88.1
87.6
87.3
87.8
87.3
84.9
83.4
83.4
85.9
85.4
84.8
85.4
84.8
85.4
85.7
85.2
83.4
82.3
82.9
83.1
84.9
84.4
84.0
83.2
82.3
83.3
82.9
83.9
85.5
82.2
83.0
86.0
85.8
86.8
85.7
81.8
81.4
81.5
81.9
82.0
81.6
82.2
82.0
80.9
80.6
81.5
82.6
82.4
79.9
81.4
81.5
80.8
82.4
82.4
82.4
82.2
82.0
82.7
80.0
82.4
80.3
81.2
78.4
80.5
80.5
80.2
81.8
78.7
79.3
81.2
81.9
81.1
79.4
80.9
80.5
80.2
80.1
81.4
79.9
80.2
82.5
79.3
80.5
83.1
81.8
81.1
80.4
79.9
80.6
80.7
80.5
82.0
79.4
81.4
80.7
83.0
84.1
82.7
84.0
85.0
85.8
85.2
85.0
84.9
84.4
85.9
84.0
84.1
84.4
82.5
82.6
84.5
84.4
81.5
82.5
82.8
82.5
83.6
84.0
84.5
85.4
84.4
85.1
85.5
85.0
84.4
80.9
81.2
79.0
82.4
84.8
82.2
80.9
80.5
80.2
78.9
80.1
81.7
82.5
85.2
85.3
82.8
83.8
82.8
84.2
82.5
81.0
81.0
80.7
79.7
80.2
80.4
80.7
81.3
81.3
80.5
83.3
86.1
86.3
83.0
81.8
84.1
83.0
86.0
79.5
78.7
81.5
78.1
77.7
79.2
79.1
78.4
79.7
78.8
79.7
81.6
83.7
80.4
80.1
79.9
80.8
81.3
82.5
82.7
81.8
81.5
80.8
80.6
81.0
81.6
83.4
81.6
80.7
81.3
80.7
79.6
79.7
81.8
81.5
79.7
81.0
81.9
80.3
80.1
81.4
81.7
79.8
83.2
86.2
86.5
84.7
86.2
86.7
86.3
85.8
88.1
86.4
85.8
88.5
90.8
89.2
89.6
86.5
87.4
86.7
87.7
89.9
90.0
85.9
88.0
89.6
90.0
92.8
88.2
88.4
88.1
87.2
88.1
92.6
94.9
94.7
95.6
94.6
94.9
92.3
93.4
91.6
91.1
89.6
90.2
89.9
89.3
89.4
90.5
91.1
90.2
93.7
94.0
93.7
95.7
95.7
97.4
102.3
98.6
98.0
95.2
94.0
92.5
92.2
90.6
89.7
90.2
93.6
93.7
95.9
96.6
99.0
99.7
99.1
99.8
101.7
101.6
103.9
106.1
104.5
110.7
121.6
115.6
114.3
110.4
112.1
113.2
112.5
113.2
113.9
114.7
114.7
115.9
114.4
114.8
113.3
114.4
116.5
114.5
112.9
111.7
110.3
109.7
111.3
109.4
111.3
111.2
110.7
112.4
112.5
112.2
114.0
114.5
110.9
107.9
105.8
105.4
107.0
104.2
103.9
104.2
102.8
102.7
103.1
101.8
99.8
98.8
97.7
98.5
98.3
97.9
97.6
97.5
97.2
96.9
96.7
96.1
96.1
95.1
95.7
94.5
94.0
93.7
92.7
93.8
93.0
93.3
93.1
92.6
92.1
92.2
92.4
92.7
92.2
92.6
92.7
92.0
91.7
92.1
91.4
92.2
91.1
91.5
91.4
92.4
91.1
90.9
90.7
91.1
90.7
90.3
90.6
90.7
91.0
90.4
90.0
88.7
90.1
89.2
89.5
88.3
88.6
88.7
88.8
89.0
89.5
88.8
91.0
88.0
85.8
88.3
89.6
88.8
87.7
86.7
85.7
87.8
84.5
86.7
84.9
85.5
82.6
84.4
81.4
83.0
82.5
86.1
83.6
89.8
87.6
89.5
91.5
91.2
93.0
94.3
91.9
90.5
87.5
89.4
88.2
88.0
87.4
91.4
97.7
100.1
102.2
100.8
104.2
103.7
103.3
101.3
102.3
101.5
101.9
100.9
99.8
101.7
105.6
101.7
99.6
100.8
100.6
98.9
97.6
98.5
97.1
95.9
96.5
95.9
96.3
93.7
94.5
93.1
93.7
93.8
93.4
91.6
91.3
91.1
90.8
91.3
90.9
91.5
92.2
93.2
92.0
91.9
90.2
91.8
90.7
90.5
92.0
93.2
91.6
91.5
92.0
91.5
91.0
91.5
91.4
90.4
90.9
91.1
91.2
90.8
89.7
89.7
89.9
90.7
89.4
89.5
89.4
89.2
89.3
89.7
90.0
89.2
88.4
88.6
89.1
88.9
88.0
87.8
87.5
88.9
87.9
88.2
87.6
89.2
90.3
88.2
88.0
85.3
88.8
89.0
89.4
89.7
88.3
89.0
87.3
89.7
90.0
91.5
88.7
89.5
91.3
88.6
92.2
89.2
89.8
91.5
90.3
92.1
88.8
88.5
87.3
86.1
87.9
87.2
86.5
87.6
92.6
94.5
97.9
101.0
102.4
102.7
106.1
105.4
106.2
106.3
107.9
108.4
106.8
108.3
108.9
108.2
109.6
108.3
108.0
108.9
110.0
107.8
108.8
111.1
112.7
112.4
113.7
113.7
112.7
113.2
114.5
112.6
111.1
113.6
114.2
116.8
115.2
114.7
116.5
115.6
114.5
108.2
105.7
103.7
103.3
101.8
100.5
97.4
100.3
100.2
97.3
99.0
97.2
96.7
97.1
96.2
95.4
96.0
94.1
94.9
94.1
93.6
93.6
93.2
93.5
92.7
92.2
93.5
91.5
92.7
92.7
90.8
91.1
90.4
90.7
89.8
91.8
88.8
89.0
85.9
86.4
86.7
86.6
86.8
86.5
87.5
86.7
87.0
86.5
86.4
85.7
86.6
86.1
85.2
85.9
84.9
84.4
84.6
84.8
84.7
83.9
83.2
83.3
83.3
84.0
83.7
83.3
83.7
83.8
82.7
82.4
82.8
82.2
82.0
81.2
80.8
81.6
81.4
81.2
80.9
80.8
80.8
80.5
80.9
80.6
80.9
81.3
80.4
80.1
76.6
72.2
71.0
68.9
70.3
70.6
70.5
70.5
70.6
70.6
70.8
69.8
69.1
70.1
68.6
69.0
69.1
68.8
69.1
68.7
68.6
68.1
66.4
68.0
66.9
67.0
65.5
65.6
65.9
65.8
64.8
66.1
66.5
64.8
63.2
62.8
65.0
61.6
63.5
63.2
62.9
63.2
64.3
65.1
65.5
63.7
64.6
63.9
61.2
63.8
64.0
62.9
63.0
63.1
62.5
63.2
62.1
61.9
61.7
62.7
62.7
62.3
75.8
84.8
82.4
85.8
83.8
77.9
72.9
76.4
80.5
82.3
84.7
86.2
78.9
69.4
70.9
74.9
74.1
73.3
72.0
69.4
69.9
66.7
66.7
66.4
67.1
67.6
67.4
68.1
68.8
69.0
69.5
70.2
70.2
70.5
70.4
70.7
70.3
71.4
71.3
70.9
73.9
81.4
77.1
78.2
78.7
78.8
78.7
78.7
78.8
78.6
78.1
78.7
78.3
79.0
79.0
79.3
78.9
78.2
78.5
79.0
78.1
78.9
78.7
78.1
78.1
78.4
78.5
78.1
78.5
78.9
78.0
77.9
78.1
78.2
78.5
78.6
78.7
79.0
79.3
79.8
78.3
80.1
79.4
79.4
78.4
78.3
79.0
79.3
78.9
79.1
78.9
79.8
79.8
79.1
79.0
78.7
79.2
79.8
80.2
79.2
80.4
79.7
80.5
79.9
79.9
79.8
79.8
80.3
80.3
78.6
79.5
78.1
79.2
76.9
78.2
78.9
78.2
78.7
78.8
77.7
79.1
79.2
79.0
79.4
79.0
79.8
79.0
79.3
79.4
78.9
79.5
79.1
79.5
79.0
79.0
79.6
79.4
78.8
78.6
78.5
79.6
78.5
78.7
78.3
80.1
78.3
79.4
79.0
79.4
78.4
78.8
77.8
78.4
77.2
77.9
77.6
76.9
77.7
77.6
78.6
78.4
87.8
83.5
80.7
80.2
82.2
81.6
81.9
80.6
80.1
81.1
80.9
81.0
81.2
80.2
81.3
81.4
81.2
80.8
81.4
81.3
81.2
80.6
81.0
80.9
81.0
80.6
80.6
80.3
80.4
79.9
80.7
79.6
79.5
79.3
78.8
79.4
78.7
79.2
77.3
78.5
78.1
79.0
77.8
78.6
77.9
78.6
77.2
78.5
77.2
77.1
77.3
77.2
77.0
76.2
77.2
75.9
76.7
75.0
77.1
75.4
76.3
76.4
76.9
77.4
77.8
78.4
77.3
78.0
76.5
76.1
76.4
77.0
77.0
76.4
75.6
78.1
78.1
77.2
76.0
77.0
77.2
76.3
76.9
76.3
76.5
77.6
75.3
77.7
77.1
78.9
77.5
79.3
79.8
78.6
78.3
77.9
76.4
78.0
78.4
77.4
77.8
77.9
77.0
78.7
77.0
78.8
79.3
80.0
79.7
80.2
79.2
79.9
82.2
80.3
82.0
81.9
80.9
82.1
80.9
83.5
83.0
83.0
81.8
82.2
83.2
82.5
83.2
82.2
82.3
82.1
83.3
83.5
82.5
84.2
83.2
82.2
81.8
83.8
85.0
86.2
86.4
85.8
86.1
87.0
86.2
86.0
86.1
84.2
83.7
82.6
82.0
82.0
79.7
80.8
80.0
80.6
80.4
80.7
78.7
78.0
79.0
78.7
79.8
77.7
78.7
79.1
80.4
79.9
81.4
82.3
80.6
82.6
81.3
83.1
80.9
81.5
81.3
80.3
81.5
81.5
80.4
82.0
79.3
81.4
80.6
81.1
80.1
80.8
82.1
82.5
82.1
81.0
80.5
82.5
82.9
82.0
81.1
81.5
81.3
79.8
81.5
80.9
81.6
80.3
81.0
80.9
81.9
80.8
81.6
79.9
81.7
79.4
81.6
80.8
81.6
81.1
80.9
80.9
80.3
80.2
80.4
79.6
80.2
79.7
81.2
77.9
80.0
78.0
80.9
80.8
81.9
80.3
80.4
80.9
81.4
80.2
82.9
79.2
81.9
83.3
80.0
82.4
81.9
82.4
83.6
82.0
81.3
81.9
80.7
81.1
82.7
81.5
82.5
82.3
81.5
80.9
81.7
80.7
83.4
84.1
85.5
85.3
85.5
84.9
84.9
83.9
84.6
83.6
84.0
82.7
84.0
83.0
83.0
83.8
83.0
82.8
83.0
82.9
83.8
82.0
83.3
82.4
81.8
82.1
82.8
82.6
83.9
84.7
85.1
84.4
85.3
85.0
84.1
85.0
83.4
84.7
83.4
83.6
83.8
85.7
85.1
84.8
84.7
86.9
87.3
87.8
87.5
87.8
86.6
87.4
88.4
87.7
87.9
88.1
90.0
88.2
91.0
95.0
94.8
95.8
97.2
99.9
98.3
104.1
104.4
99.6
99.6
98.3
99.5
96.9
98.3
97.5
97.5
97.6
98.8
96.7
106.2
107.0
105.0
104.0
99.1
95.0
95.4
96.1
99.0
98.5
100.8
99.3
100.7
100.1
99.4
99.5
98.8
97.4
97.7
96.7
95.3
96.3
98.1
98.1
99.0
99.8
100.0
99.5
100.7
99.5
98.7
98.3
96.8
97.3
96.2
95.9
95.7
97.2
99.0
103.2
107.7
110.7
109.0
112.8
110.1
109.7
111.5
120.5
122.3
122.2
119.1
114.1
107.6
102.7
102.0
104.4
103.9
103.6
103.4
104.9
103.2
102.9
102.1
101.9
101.1
101.8
100.7
103.7
102.2
100.7
103.9
102.3
101.6
103.1
102.5
101.0
102.1
103.6
103.5
101.3
100.8
103.6
109.5
110.2
110.2
115.3
116.2
116.3
115.6
112.3
111.6
109.3
115.1
111.6
111.3
105.9
109.0
109.7
109.8
112.1
114.2
117.0
121.2
119.3
119.1
121.6
119.2
121.7
122.8
124.3
127.6
129.7
127.8
123.8
125.6
125.8
124.1
124.6
124.2
124.9
129.0
129.5
129.4
127.3
126.8
130.0
128.9
129.6
133.8
129.5
128.3
125.5
122.3
119.8
118.2
114.8
112.4
115.1
118.3
116.9
109.1
116.3
113.8
112.6
109.6
109.9
108.5
113.0
113.8
114.8
112.3
111.4
114.8
116.9
110.4
113.4
113.3
110.9
116.3
114.4
109.9
113.0
116.2
117.8
118.0
116.7
118.8
117.2
113.2
110.4
113.7
115.2
113.0
111.9
113.2
115.2
112.9
112.5
115.2
116.1
123.3
124.9
119.7
116.1
114.6
110.5
107.5
107.3
102.3
114.4
114.0
115.4
109.4
112.8
113.6
110.8
110.9
109.6
106.9
110.0
107.2
105.8
107.9
106.5
106.2
104.3
106.7
106.2
106.7
103.1
107.4
105.9
102.4
103.6
111.5
116.4
115.8
111.1
111.2
111.7
111.0
113.8
114.7
115.7
115.6
115.7
119.3
119.9
117.2
119.5
121.2
120.7
120.7
117.6
115.5
111.4
113.5
114.4
109.6
110.6
112.5
113.0
116.0
115.1
115.4
116.6
114.4
115.2
114.7
114.8
119.4
118.8
117.5
114.5
117.1
113.7
114.1
110.4
112.4
109.5
107.5
109.4
109.2
108.8
112.0
111.8
109.5
107.7
108.8
113.5
111.3
108.9
108.7
110.4
111.1
113.3
115.3
110.8
109.8
108.9
108.4
106.4
107.3
109.0
107.0
106.7
104.4
103.1
103.9
108.2
106.2
103.0
102.1
101.8
105.0
102.8
106.4
103.4
110.7
108.7
109.6
110.5
111.4
109.2
109.8
113.5
115.6
112.9
115.2
114.8
113.5
113.3
114.7
113.6
113.0
114.7
114.7
114.5
116.4
118.3
117.5
120.1
115.8
117.0
115.5
115.4
116.3
113.9
109.4
114.1
113.7
112.9
113.0
113.2
115.5
114.5
113.2
111.3
113.5
114.2
116.9
119.0
114.9
114.8
117.9
115.4
115.3
116.8
115.7
114.5
116.3
113.6
113.0
112.1
112.2
108.4
111.3
112.0
111.0
109.0
110.5
110.9
113.0
111.5
110.4
111.5
109.3
107.7
105.8
109.9
117.1
114.2
113.2
116.3
113.4
115.0
113.3
114.8
118.0
118.5
114.1
115.2
115.9
114.0
109.0
112.2
110.2
111.8
114.5
115.3
115.1
112.1
116.1
114.8
118.2
119.6
117.0
113.8
107.3
108.7
107.1
109.5
111.5
110.3
108.5
106.3
105.9
106.6
105.7
105.7
108.5
108.5
106.3
105.4
109.8
110.1
112.3
107.9
107.0
111.3
108.4
111.6
112.5
113.2
113.7
112.9
116.5
117.7
115.2
118.1
117.6
115.9
113.1
113.3
111.0
109.5
110.5
113.5
112.9
112.8
112.0
115.6
111.8
112.7
114.0
113.7
111.6
111.0
113.0
106.8
111.3
105.9
111.0
114.4
115.3
112.3
115.8
114.8
115.2
111.5
111.5
113.7
109.7
111.8
113.0
114.0
109.5
109.0
104.9
110.3
111.5
109.5
106.8
109.7
107.3
109.1
114.8
113.5
112.9
112.1
110.4
110.6
114.1
113.1
112.4
115.7
113.2
109.2
112.0
107.6
105.3
105.0
106.8
103.5
102.2
104.0
108.9
111.6
109.4
107.9
109.9
111.8
109.6
110.7
110.3
109.2
109.4
105.7
108.9
109.4
108.2
106.0
106.0
108.3
109.3
109.0
108.7
107.7
110.4
109.9
108.8
103.9
106.4
108.0
108.5
108.1
109.1
110.4
110.1
116.1
131.8
122.9
119.9
114.7
113.1
111.1
110.5
108.4
108.7
114.4
114.9
110.3
105.69999999999999
104.0
106.4
106.0
107.3
104.2
103.3
106.2
110.9
109.5
107.8
110.2
115.8
118.0
115.3
117.1
115.3
113.3
111.7
110.4
107.9
107.5
108.5
106.4
110.6
110.4
111.7
115.7
114.5
115.3
115.1
113.7
111.1
116.0
114.0
112.4
115.8
116.1
109.0
115.7
123.3
123.1
123.2
122.6
121.5
120.9
117.0
114.8
115.9
112.0
113.0
110.3
108.4
108.3
107.8
106.8
110.4
112.7
113.8
113.7
114.4
112.3
116.9
118.3
113.8
118.9
118.7
116.1
117.6
117.0
115.1
115.5
115.0
116.4
117.0
116.6
116.0
116.0
113.5
113.7
112.7
114.9
114.8
117.2
113.7
112.7
110.8
112.2
112.1
112.3
110.8
110.9
108.0
109.0
106.9
105.2
107.2
117.7
113.1
115.0
112.1
115.4
114.9
114.6
114.1
112.4
113.6
113.2
112.8
115.0
112.3
111.6
112.6
112.9
109.8
106.5
104.9
103.7
106.0
100.8
104.6
107.2
104.7
106.9
105.6
105.3
105.7
107.4
109.7
103.9
107.2
106.3
107.5
111.7
111.6
112.5
112.5
116.7
115.6
114.7
115.4
114.7
114.3
112.1
108.2
109.9
112.5
113.7
112.2
114.5
115.6
113.4
114.2
115.2
115.4
113.2
110.9
110.7
107.5
105.5
102.2
106.9
107.6
107.2
107.5
106.7
106.2
106.2
106.4
106.9
108.7
108.0
106.0
106.7
108.0
105.7
107.1
109.7
110.0
106.0
103.4
103.5
102.6
102.8
99.9
102.3
107.8
109.1
107.1
107.4
107.3
105.4
108.5
109.2
107.8
109.0
108.8
111.6
111.2
112.8
113.4
111.2
112.7
111.7
110.3
110.0
112.0
105.8
104.5
103.1
106.4
111.1
107.9
106.9
109.3
116.3
113.7
110.0
109.1
113.0
116.5
115.8
115.9
113.7
114.3
112.3
111.1
111.6
109.1
108.0
108.6
106.4
106.1
107.3
108.0
107.1
107.6
109.4
107.5
107.4
106.7
108.8
108.8
109.0
106.6
106.4
107.8
105.2
105.8
108.3
104.7
108.8
107.0
121.0
117.6
112.2
107.7
102.6
99.8
98.8
99.8
98.4
98.3
98.8
98.9
99.5
99.8
100.4
99.1
99.9
99.8
100.5
100.9
100.7
101.3
101.2
101.0
101.7
102.4
103.1
103.2
103.0
102.9
102.7
102.8
103.3
104.1
104.1
104.5
104.2
105.3
105.4
103.7
105.9
106.5
105.0
105.1
106.1
106.7
105.7
106.9
106.3
107.0
106.7
106.9
107.7
107.3
108.3
108.4
107.8
108.7
107.7
108.2
108.2
108.4
108.0
108.7
108.3
108.4
108.1
129.3
132.1
102.8
94.3
97.9
111.8
113.3
68.7
90.0
93.9
97.80000000000001
106.7
104.8
97.3
120.9
106.5
65.6
128.7
109.8
106.4
119.9
121.5
123.5
71.1
42.7
37.8
38.7
37.2
41.9
38.9
40.3
37.2
34.1
30.2
29.4
25.3
26.4
24.2
4.1
-16.000000000000004
