94.9
94.9
95.0
94.6
95.3
96.5
96.5
96.3
96.3
96.2
96.2
97.2
97.2
97.4
96.0
96.4
96.7
97.1
97.0
96.9
97.6
97.2
97.5
98.3
99.5
99.0
98.4
98.0
98.3
97.3
97.0
96.3
94.0
93.5
93.7
95.3
97.1
97.8
97.8
95.5
93.0
91.9
92.3
92.6
93.0
93.6
93.9
94.3
95.1
95.3
95.3
96.6
95.1
96.1
97.1
98.5
97.6
94.9
93.9
95.5
96.1
97.1
96.2
95.5
94.8
95.3
97.9
95.9
96.2
96.3
96.0
97.4
98.9
99.1
99.29999999999998
98.8
100.8
98.1
99.1
98.8
98.7
97.1
97.9
99.1
99.8
100.9
101.1
102.0
100.5
99.4
103.0
102.6
100.7
100.2
102.6
103.7
100.7
98.8
99.3
99.5
100.9
100.8
101.8
104.5
106.4
104.6
102.9
102.4
96.5
93.3
91.6
90.3
91.9
90.9
88.9
91.8
91.3
91.9
96.4
91.8
91.0
95.2
91.7
92.2
93.3
95.6
95.0
95.9
94.0
94.4
99.6
100.1
99.0
102.4
99.0
98.9
97.8
95.3
95.0
95.8
96.8
99.7
96.7
96.0
94.9
96.6
97.9
95.7
94.7
96.0
96.3
95.4
95.1
96.4
95.3
97.5
95.5
98.4
96.6
98.5
97.1
96.3
97.2
101.6
105.2
103.3
101.8
100.3
96.4
101.2
96.6
99.0
97.5
98.7
100.2
99.6
100.8
101.8
100.3
100.1
101.4
103.5
101.7
102.0
104.1
104.7
99.7
100.9
99.6
99.3
99.9
104.8
101.5
99.2
101.1
99.6
99.5
101.4
100.0
99.1
98.3
98.0
99.6
100.7
99.2
99.3
97.0
100.6
97.3
98.2
100.9
98.9
98.1
99.5
101.3
101.4
107.5
103.8
105.3
103.3
100.9
93.4
92.7
95.6
95.1
95.6
97.2
94.9
96.7
96.4
95.3
94.8
95.3
93.5
94.8
94.4
96.8
97.4
97.2
95.5
95.6
96.6
96.4
95.9
95.1
99.0
95.9
96.2
93.3
94.2
95.0
92.1
93.7
93.0
91.6
89.7
89.2
92.3
94.7
90.3
93.7
94.0
91.5
90.7
90.3
91.6
89.2
89.3
92.1
90.2
84.9
83.0
82.7
85.6
89.6
90.3
89.0
92.5
88.8
91.3
91.5
89.5
90.5
95.2
91.4
90.2
90.1
88.6
91.4
91.8
88.7
92.7
88.9
90.6
89.7
89.4
88.9
89.7
87.7
90.3
86.9
90.7
89.8
89.2
88.5
88.4
92.8
86.4
87.8
94.7
93.0
86.0
93.2
102.2
91.7
88.8
90.3
89.1
90.3
91.0
91.1
91.1
87.3
87.8
92.0
97.2
95.3
92.9
93.9
94.6
97.1
96.4
97.1
96.9
96.9
98.5
97.3
94.3
97.2
92.9
94.4
95.4
93.2
92.1
88.7
88.5
91.0
90.3
90.8
91.2
91.9
91.7
93.9
93.5
93.2
90.2
95.0
96.3
102.4
100.5
95.8
95.1
96.9
99.1
96.4
96.3
97.8
96.6
98.3
99.6
97.9
101.4
114.5
105.1
98.7
99.2
101.8
101.7
102.5
99.6
102.8
102.4
100.7
101.4
101.7
100.8
101.1
102.7
100.6
100.4
101.3
101.1
101.3
102.7
103.4
101.5
103.4
101.6
103.6
107.2
105.6
109.8
110.5
105.4
103.2
105.6
105.3
105.3
102.4
102.8
105.4
104.9
106.1
103.4
101.2
103.3
106.5
104.0
102.9
102.4
103.4
103.6
103.7
104.2
103.6
103.4
103.9
104.8
107.3
102.4
103.2
104.2
104.3
104.0
105.3
105.3
106.0
105.0
104.6
105.3
106.1
109.1
104.0
104.5
105.1
104.9
103.5
105.0
106.2
103.7
104.8
105.5
105.1
104.2
105.0
108.4
102.0
103.4
104.0
103.8
103.9
105.0
106.2
103.5
104.4
108.6
102.7
103.3
105.9
108.4
109.4
110.7
109.6
107.4
108.8
107.1
105.5
104.1
106.4
108.8
107.6
108.8
106.7
106.9
108.5
105.4
103.9
109.3
107.8
107.1
108.8
106.4
108.3
108.5
109.6
111.8
112.9
110.7
110.4
111.6
107.1
111.3
114.5
112.4
112.4
109.2
110.0
107.5
106.8
107.2
103.6
103.8
105.5
106.8
107.8
108.8
108.7
109.6
104.3
108.0
106.6
105.3
106.5
105.5
105.2
105.1
104.7
105.6
106.8
108.2
110.3
105.6
107.0
105.3
105.8
106.4
108.0
105.7
106.5
105.0
104.6
105.8
105.8
104.6
105.2
111.3
107.0
107.7
107.1
106.9
109.0
106.6
106.2
105.6
107.4
107.1
107.4
111.2
112.2
110.1
106.8
107.1
108.7
105.4
104.9
105.5
106.7
104.2
104.3
108.1
107.5
107.4
104.7
103.9
104.0
103.2
101.6
100.3
102.4
103.5
101.2
104.2
103.9
102.9
103.1
104.8
104.0
102.7
102.5
102.2
106.0
102.6
105.3
104.3
103.0
106.7
104.6
106.9
107.4
106.8
106.5
107.9
106.0
102.2
107.3
104.5
104.7
104.2
104.4
104.0
104.2
109.0
109.4
106.7
105.5
104.7
104.1
101.6
102.8
104.8
102.1
103.4
105.0
103.7
100.8
103.2
102.2
99.9
101.1
104.3
107.1
108.7
103.3
100.6
109.1
107.5
108.0
105.7
104.3
103.1
101.7
106.3
104.8
104.9
101.2
102.4
97.8
102.6
100.7
99.3
101.4
100.6
99.4
99.9
102.7
100.3
100.6
100.4
97.4
100.8
98.1
100.0
97.9
98.9
98.8
97.1
100.3
98.4
100.6
100.0
100.3
103.6
99.5
99.9
103.7
101.0
100.5
100.2
102.0
99.9
100.8
103.6
107.0
102.9
98.9
100.6
98.1
99.5
103.3
102.9
100.8
100.1
96.9
96.1
97.9
99.1
96.7
95.6
96.9
98.5
97.8
97.2
98.7
99.2
101.2
100.7
100.8
101.9
102.9
100.9
102.8
101.2
101.1
102.2
101.3
102.3
99.9
101.9
101.8
102.3
101.9
104.0
99.6
100.3
101.0
101.6
102.3
102.1
100.9
102.1
100.6
102.3
102.6
101.0
100.5
102.6
99.9
102.8
103.4
101.0
101.7
101.9
103.7
101.3
102.8
102.1
101.5
101.8
99.7
102.1
103.2
101.7
102.6
102.6
102.4
100.8
103.2
100.2
101.7
101.2
100.7
100.0
100.2
101.8
101.7
101.4
101.2
101.9
101.7
101.8
101.4
101.6
102.1
99.1
98.8
96.5
98.2
98.8
96.9
99.2
99.6
99.1
99.6
99.9
96.7
96.6
98.7
98.9
99.3
99.4
102.1
103.2
98.9
97.7
99.4
98.1
100.6
100.2
100.8
100.3
101.0
102.2
99.7
99.9
101.9
100.7
100.9
101.7
101.8
101.4
101.7
100.3
101.5
102.2
103.9
105.4
103.5
102.7
106.8
105.8
106.3
103.2
104.6
101.6
99.2
100.6
101.9
100.9
101.5
102.6
100.5
102.5
102.6
101.6
100.4
100.4
101.6
103.0
101.7
102.2
99.9
101.4
101.5
98.9
99.8
99.5
96.4
97.1
95.4
96.3
104.5
111.1
109.8
106.9
102.4
101.0
99.0
99.2
99.1
95.8
97.5
98.9
97.6
97.4
95.1
96.4
94.6
96.0
95.5
96.5
94.1
95.6
97.1
94.3
96.2
96.8
96.5
98.7
99.7
99.6
95.4
97.1
97.6
96.0
94.4
96.4
97.2
97.8
97.3
100.8
101.5
98.8
100.1
99.3
101.0
98.8
97.0
96.9
97.1
96.7
95.2
92.9
95.7
97.4
97.1
95.3
94.2
96.1
98.0
97.5
94.4
98.3
97.2
97.2
97.0
94.3
96.3
94.1
94.9
95.2
94.5
94.3
94.3
92.3
92.1
93.3
93.9
95.2
96.0
94.6
93.6
92.7
93.4
95.0
96.9
95.5
96.7
95.4
93.8
95.8
96.3
97.4
97.0
97.4
98.4
99.8
97.7
97.7
96.1
100.2
100.5
98.4
97.6
98.9
97.9
96.8
96.1
97.6
100.2
98.6
99.6
99.2
100.2
98.9
98.5
96.0
99.0
99.8
101.1
97.8
98.0
98.7
99.3
96.1
96.2
94.0
93.8
91.2
92.4
96.3
97.1
95.6
95.3
95.3
92.7
93.7
91.3
92.2
93.0
93.1
91.5
91.5
92.2
92.1
91.5
92.4
92.3
92.6
92.9
91.3
93.9
93.9
94.4
94.7
97.2
98.1
99.8
95.9
100.9
95.5
94.5
92.4
91.4
92.3
94.8
93.8
93.5
92.8
92.1
92.8
90.9
93.4
94.1
94.4
94.5
93.8
93.7
94.3
96.6
95.5
95.9
98.0
100.1
99.6
101.5
99.9
99.2
105.4
99.3
95.1
100.2
98.3
97.8
99.5
102.7
100.4
98.7
98.8
99.8
101.6
100.1
100.4
101.0
101.7
100.1
103.3
104.3
103.3
98.1
98.3
99.2
98.9
100.3
99.2
98.4
98.4
101.3
99.8
97.5
99.1
98.7
98.5
98.9
98.7
103.0
98.5
97.7
98.0
100.1
100.3
100.3
101.0
100.8
100.0
103.8
100.7
102.1
102.7
101.9
105.8
101.6
102.0
100.6
103.0
101.9
102.6
104.9
107.1
105.1
104.0
106.2
107.2
104.9
108.2
107.9
104.3
106.4
106.6
102.8
102.3
104.3
101.1
101.6
103.8
103.4
101.2
104.0
105.2
105.9
102.8
104.2
107.5
108.6
105.0
103.5
107.4
105.3
102.6
103.1
103.5
104.7
105.4
106.0
103.2
102.7
101.6
105.9
103.2
101.7
99.2
101.9
99.0
100.9
101.0
101.4
108.0
108.4
110.9
107.1
105.3
105.3
105.0
105.5
108.2
103.1
104.0
103.1
105.5
101.9
104.1
102.4
104.2
103.0
101.7
101.3
104.5
103.1
101.3
101.8
104.0
108.5
105.0
101.4
101.3
99.4
101.1
100.6
102.0
101.9
100.1
102.8
102.2
101.5
105.7
104.4
105.0
101.9
101.6
105.6
108.1
107.6
111.5
114.2
113.6
114.3
121.4
123.5
124.0
123.6
122.0
121.6
119.2
120.5
122.4
124.2
122.6
119.2
119.9
118.4
118.5
117.5
118.4
116.3
118.8
117.6
119.3
117.5
118.1
119.8
121.2
124.1
121.0
119.6
120.2
121.2
121.7
119.7
119.8
118.5
119.3
120.1
118.3
116.1
115.7
115.0
117.1
116.6
110.8
110.7
111.3
112.5
113.8
110.5
109.8
108.8
111.1
111.0
111.9
111.2
111.8
112.2
110.6
108.0
109.6
106.9
107.6
109.1
110.5
111.2
111.3
110.3
108.2
108.1
104.2
104.1
107.1
102.5
103.0
102.3
101.5
102.5
102.0
103.6
106.3
103.8
101.7
101.1
99.6
100.4
98.9
99.2
99.9
100.6
99.8
101.7
101.9
102.5
102.4
103.7
101.8
99.8
100.3
100.4
100.9
100.4
102.3
101.6
104.0
101.9
100.9
101.4
99.7
100.5
101.3
101.5
101.3
101.2
102.4
102.4
102.6
101.7
102.4
101.9
102.9
104.6
99.6
101.8
102.1
98.8
102.0
101.4
101.1
100.1
99.2
100.2
100.1
105.7
101.8
102.7
102.3
102.3
101.3
99.2
100.3
102.2
102.3
104.7
100.9
103.4
104.2
104.4
105.0
105.0
105.4
105.8
102.0
102.7
100.5
103.7
104.6
103.5
103.9
104.0
106.9
102.5
102.7
104.0
104.7
104.0
104.7
104.1
104.1
104.8
104.9
105.2
106.8
105.2
103.8
104.9
104.4
108.3
114.2
109.3
104.0
101.8
99.9
101.9
102.0
106.7
102.6
102.1
100.6
100.4
102.6
102.5
106.4
101.8
104.1
104.5
101.2
104.0
103.8
104.3
104.5
103.5
102.3
103.1
104.4
103.3
101.9
103.0
107.1
106.5
108.3
109.0
107.6
107.1
105.9
106.7
106.0
108.9
109.1
108.3
108.4
107.6
109.3
108.4
107.6
109.3
105.3
107.8
105.6
107.3
106.8
104.5
104.4
107.1
105.4
102.5
101.8
102.9
102.4
106.7
107.3
105.7
105.3
105.2
107.2
112.6
115.8
113.4
120.1
122.1
122.3
122.9
125.2
127.3
125.9
124.5
126.1
124.4
124.3
124.2
118.0
118.5
118.5
113.6
114.0
111.8
112.0
111.0
111.4
108.7
111.3
110.1
107.6
105.1
107.0
106.0
104.5
106.2
105.1
106.7
106.5
107.2
107.7
108.9
106.0
105.3
108.5
108.1
110.1
108.7
107.0
106.5
108.0
106.9
108.2
109.3
110.5
110.9
110.8
110.0
111.0
112.5
108.9
109.0
109.8
109.5
106.3
108.0
108.8
110.7
109.9
109.2
109.3
110.2
110.1
111.6
111.8
107.8
109.6
107.5
110.0
106.7
110.1
109.4
110.0
111.3
114.7
114.6
117.0
115.5
116.7
114.6
114.6
114.7
114.5
114.8
113.1
113.4
110.8
111.9
114.1
114.4
115.1
114.1
112.4
113.1
112.5
113.0
115.4
115.8
115.6
115.8
115.1
116.1
115.8
114.5
113.4
113.5
114.3
114.5
113.5
113.7
114.7
113.4
114.9
114.1
116.4
115.9
112.9
116.0
116.5
113.7
114.0
112.3
112.3
114.9
113.6
112.0
110.9
109.7
110.7
112.8
112.0
112.9
112.2
112.0
107.2
107.9
110.0
105.8
104.8
103.8
107.1
103.1
102.7
105.3
103.3
104.6
103.1
103.1
103.8
104.2
106.1
105.6
104.9
107.0
105.3
101.4
102.4
104.5
103.9
102.1
104.5
103.3
102.5
101.6
101.0
101.3
100.3
99.5
98.2
100.5
99.6
100.0
100.5
100.1
101.6
103.2
101.0
104.0
108.3
103.9
104.5
101.0
102.6
102.6
103.2
104.6
101.5
104.6
101.5
103.7
101.9
102.0
105.8
103.5
104.0
102.3
102.9
102.1
105.7
104.2
104.9
105.8
103.9
105.1
104.5
106.1
104.0
102.3
102.3
102.5
100.3
101.9
104.2
104.2
104.4
106.2
105.7
103.9
105.4
105.2
106.7
107.6
107.5
106.7
103.9
106.3
107.3
104.8
106.3
108.7
107.0
107.5
109.7
106.6
106.4
107.0
106.8
106.1
108.6
107.7
107.5
106.7
109.3
105.7
103.7
105.6
104.7
106.9
106.2
103.4
103.3
105.1
104.8
102.7
102.7
104.5
104.3
103.8
102.1
104.6
101.7
101.3
106.9
109.9
110.0
112.0
118.1
119.0
119.0
113.9
119.5
119.7
117.7
125.2
124.3
121.0
125.3
124.4
122.4
126.0
124.6
132.0
129.9
125.0
121.0
121.8
122.7
122.4
122.5
121.5
120.2
119.9
117.7
118.4
119.3
117.3
116.1
117.2
117.8
116.7
117.2
114.7
112.5
114.9
112.7
114.4
112.8
115.5
113.8
113.2
112.9
111.3
109.8
112.6
112.0
109.9
112.5
114.3
116.9
115.2
113.9
113.8
113.0
112.4
114.6
116.1
114.6
112.2
113.0
115.0
113.9
112.5
112.5
113.1
112.3
111.9
112.1
111.5
112.0
111.6
112.6
111.2
111.0
110.3
109.4
109.2
107.6
109.4
108.4
109.3
107.1
108.2
107.1
109.5
107.3
106.5
106.8
108.2
105.0
108.2
108.2
107.7
109.0
106.6
108.8
107.1
110.6
108.1
108.7
110.5
104.9
106.3
110.7
108.6
109.1
108.7
108.3
109.7
109.6
112.8
111.7
110.0
108.9
108.8
109.9
108.5
107.7
105.8
104.0
106.6
106.9
106.0
105.8
106.2
106.4
105.2
104.7
105.3
107.2
103.3
107.3
106.7
107.2
105.7
105.3
106.5
103.6
106.8
106.4
105.9
108.0
105.6
111.4
110.9
110.0
109.3
108.0
106.9
108.2
108.6
110.6
109.8
110.8
110.8
113.0
112.8
113.8
113.3
112.7
114.0
114.1
113.7
112.2
109.1
113.4
109.7
108.0
106.9
108.1
106.7
106.6
106.5
102.4
107.1
112.0
108.7
108.4
107.2
109.9
109.0
108.1
112.425
114.1375
115.85
117.5625
119.275
120.9875
122.7
122.6
122.49999999999999
117.2
114.2
113.2
110.9
110.5
110.3
109.9
110.7
108.4
111.1
108.9
111.0
110.8
111.3
112.0
119.3
116.9
111.8
111.9
109.9
108.0
108.3
111.6
111.5
109.1
109.8
111.9
114.1
114.9
115.7
115.9
116.6
115.5
114.9
115.6
115.4
115.7
116.0
116.0
113.9
115.7
113.6
114.8
114.0
113.2
113.9
114.6
114.2
114.9
119.1
119.0
121.3
121.7
121.5
121.5
122.1
120.0
119.7
119.0
120.9
122.0
122.9
122.8
121.9
124.7
122.7
124.4
123.5
125.3
124.1
126.6
126.9
124.2
122.3
120.0
121.4
114.6
101.6
88.6
101.2
102.9
107.6
107.3
105.6
107.0
105.1
106.2
105.4
106.2
106.8
105.9
105.7
102.7
105.2
106.4
106.5
103.4
101.1
102.9
103.9
104.6
104.9
104.2
106.1
106.4
106.4
107.8
107.7
106.7
108.7
108.1
109.1
107.4
108.4
109.8
109.4
110.8
110.6
109.7
111.7
111.5
111.3
111.0
113.2
108.4
108.6
109.6
111.4
114.9
110.8
108.3
107.5
108.6
109.6
109.1
110.5
109.8
111.6
109.7
109.9
110.4
110.5
112.4
111.1
110.7
111.8
111.3
111.4
110.7
109.4
106.1
106.0
107.6
106.0
104.9
105.5
104.6
105.3
105.8
107.6
108.8
106.7
106.9
108.5
109.1
110.3
109.6
109.3
110.7
110.9
111.0
110.8
110.6
110.2
108.8
114.1
112.5
112.8
112.0
111.7
112.8
113.2
111.3
110.3
110.1
111.4
111.0
110.0
109.6
108.3
107.4
107.3
106.7
106.9
106.2
107.5
107.7
107.6
107.4
107.8
109.9
110.3
109.6
106.9
106.2
107.8
105.6
106.2
104.9
105.5
106.3
107.5
103.5
105.5
106.8
106.7
106.6
107.9
106.4
104.9
108.1
105.5
106.5
106.6
107.5
106.1
107.4
107.3
106.6
107.6
106.9
108.8
105.5
104.9
105.4
105.0
104.9
106.3
106.2
106.4
107.8
110.5
109.2
109.3
110.0
107.8
110.2
110.9
109.0
106.7
107.6
106.6
104.9
104.8
105.0
104.8
105.7
105.8
105.9
106.2
104.9
104.9
105.4
105.1
106.1
104.5
104.8
103.6
106.5
106.8
107.0
106.7
105.1
106.1
107.1
104.7
105.1
104.6
103.8
104.7
105.7
104.6
105.2
105.7
105.2
104.4
105.4
105.3
104.8
104.0
103.8
104.8
105.3
105.1
105.6
105.8
105.0
104.0
104.9
104.0
105.5
104.2
104.2
105.2
104.6
106.1
104.9
104.5
105.6
105.5
105.3
104.1
104.7
104.7
105.5
105.0
104.9
104.5
104.2
106.0
105.4
104.7
104.6
105.1
105.6
105.6
108.6
105.0
106.3
105.0
106.3
106.8
104.9
101.3
102.8
102.8
103.4
102.9
103.4
106.1
104.4
105.7
105.1
107.0
107.3
108.1
106.9
108.1
109.4
108.3
109.0
110.8
108.9
111.3
116.1
111.9
109.6
110.8
106.7
106.7
105.8
105.9
106.2
106.3
105.8
106.7
107.4
108.5
106.4
107.2
107.9
106.9
107.4
111.7
112.8
112.4
111.7
111.3
111.1
111.5
110.7
108.8
109.1
109.5
107.8
110.9
108.5
109.1
110.4
109.7
109.7
109.1
106.9
108.9
110.0
108.1
107.8
108.7
109.3
109.7
108.4
107.6
109.7
109.5
109.8
107.8
107.0
108.3
109.1
108.4
109.4
108.8
108.1
108.4
108.2
109.3
109.3
109.0
109.0
108.8
108.5
108.3
107.2
108.0
108.2
107.5
105.8
105.6
109.0
107.3
107.5
105.2
108.2
104.7
109.4
104.6
107.8
107.7
104.4
106.2
106.7
109.9
104.6
108.4
106.5
108.6
106.9
110.7
106.3
107.5
108.0
115.0
110.0
106.7
111.2
105.4
106.8
106.4
106.2
107.7
107.2
106.4
105.7
106.8
105.2
108.5
106.1
105.5
107.9
109.1
105.6
106.1
106.4
105.1
107.2
104.1
105.7
105.1
103.1
105.4
104.8
105.7
105.1
104.7
104.8
107.1
107.6
107.7
107.8
106.7
108.1
107.9
107.2
106.8
108.2
108.2
107.6
106.8
106.1
106.5
108.8
107.3
105.0
108.7
107.8
106.7
108.8
109.8
106.9
106.9
106.5
107.9
107.4
106.3
106.9
103.1
106.2
107.1
105.1
105.4
106.9
107.6
106.3
105.7
109.6
107.1
105.1
107.2
106.3
103.9
104.4
106.1
105.9
106.2
106.3
107.4
106.2
106.1
106.7
103.5
104.3
105.9
105.7
105.6
105.9
103.9
104.9
104.4
106.0
103.7
101.3
102.6
103.7
102.7
102.2
