91.0
91.0
91.0
91.0
91.9
95.7
92.5
92.6
93.5
91.1
94.7
91.0
94.1
91.3
90.9
92.4
98.1
94.8
96.7
95.5
93.1
95.5
102.7
95.7
91.8
96.2
91.3
98.4
90.9
90.9
91.1
91.0
91.0
91.0
91.0
91.0
90.8
83.3
95.0
95.0
95.0
95.1
95.2
95.4
95.1
95.2
95.2
95.2
95.4
95.3
95.5
95.3
94.7
95.2
94.9
94.8
94.9
94.8
94.8
94.9
95.1
94.8
95.0
94.8
94.8
94.9
94.9
95.0
94.7
94.7
95.1
94.8
94.7
95.1
94.7
95.3
95.8
95.2
95.1
95.1
95.2
95.0
95.0
95.0
95.0
95.0
95.0
95.0
95.0
95.0
95.0
95.0
95.0
95.0
95.0
95.0
95.1
95.0
95.0
95.1
95.3
95.1
95.0
95.0
95.0
95.0
95.0
95.0
95.0
95.0
95.0
95.0
95.0
95.0
95.0
95.0
95.0
95.0
95.0
95.0
95.0
95.0
95.1
95.0
95.0
95.2
95.0
95.0
94.9
95.0
95.0
95.0
95.0
95.2
96.3
95.0
95.0
95.0
95.0
95.0
95.1
95.1
95.0
95.0
95.1
95.3
95.3
96.5
98.8
99.0
98.9
99.5
98.8
98.8
99.4
99.0
99.2
99.2
99.0
98.8
98.9
98.7
99.1
98.5
99.2
98.7
99.1
98.7
99.6
98.5
98.4
98.7
98.7
98.4
98.4
98.8
98.3
98.3
98.1
98.6
98.1
98.6
98.1
98.0
98.1
98.8
98.5
98.0
98.4
97.6
98.0
97.8
97.7
97.8
97.5
97.9
97.3
97.2
97.1
97.7
97.5
97.3
97.1
97.1
97.0
97.7
96.9
97.2
96.8
96.8
97.1
96.7
97.0
96.9
96.6
96.9
96.5
96.5
96.7
96.7
96.4
96.0
96.6
96.4
96.3
96.2
96.1
96.0
95.9
96.4
96.1
95.9
96.1
96.5
96.2
95.9
96.1
95.7
96.0
96.0
95.8
95.8
96.0
95.7
95.8
95.7
96.0
95.8
95.8
96.0
96.2
96.0
95.9
96.1
95.7
95.8
95.9
95.5
95.9
96.3
96.2
95.7
95.8
96.3
95.7
96.1
96.1
95.5
95.7
95.4
95.7
95.6
95.9
95.5
95.8
95.8
95.4
96.0
95.8
96.0
103.3
117.3
118.3
117.3
105.6
118.6
119.7
121.0
120.6
120.1
118.4
115.7
114.8
113.0
112.5
112.5
113.4
114.6
117.0
117.3
118.0
118.9
118.0
116.9
116.8
116.2
116.4
116.6
116.4
115.7
115.0
115.1
115.3
115.5
115.1
114.4
114.1
115.6
115.2
116.0
104.0
103.8
107.9
101.1
105.9
102.1
107.2
109.0
110.1
111.5
102.3
100.6
101.6
104.0
102.1
108.5
111.4
112.3
112.4
112.8
114.5
113.6
112.8
112.9
111.4
109.3
99.6
99.7
99.8
101.2
100.4
99.6
104.6
108.8
109.0
108.5
106.7
105.3
103.9
106.6
111.3
112.9
113.4
113.4
112.5
111.8
111.6
112.8
112.1
111.0
110.1
107.6
105.3
102.9
101.3
100.0
99.0
100.1
102.1
103.0
103.1
103.6
104.0
104.1
105.7
106.2
107.2
107.4
107.0
106.9
106.9
106.2
106.5
106.2
106.0
105.3
105.8
106.0
105.8
105.3
106.0
105.2
105.0
105.0
105.2
106.2
106.6
108.7
109.5
109.9
109.0
108.4
108.5
107.5
106.6
105.6
105.0
104.5
104.1
104.0
103.7
103.3
103.0
103.0
103.0
103.6
105.4
106.2
106.3
106.0
105.6
106.2
106.8
107.0
107.0
106.6
105.8
105.2
105.5
105.0
106.0
105.5
106.0
106.0
106.0
105.9
105.8
105.1
105.0
105.0
104.5
104.1
104.0
103.9
105.1
106.4
107.3
107.1
106.6
106.0
105.9
105.3
106.5
110.6
107.9
108.0
108.0
107.5
106.1
105.2
105.1
105.1
105.6
106.5
107.3
108.9
108.5
109.1
109.69999999999999
109.27142857142857
109.35714285714286
109.44285714285714
109.52857142857142
109.61428571428571
109.7
108.7
108.5
108.7
109.1
109.5
109.4
109.1
109.0
108.8
109.0
109.9
109.6
108.7
107.5
106.4
105.7
105.0
104.1
104.5
105.7
106.0
105.2
104.4
112.8
112.3
112.0
110.1
108.3
107.0
107.0
106.2
105.9
106.4
106.1
106.0
105.1
104.0
102.6
102.0
101.8
101.9
101.1
100.8
100.2
100.0
99.9
99.3
99.0
98.3
98.1
98.0
97.4
98.0
98.1
98.1
98.2
98.2
98.0
97.3
96.4
95.3
89.1
83.9
83.6
83.7
83.7
83.7
83.7
84.3
84.0
84.1
84.4
84.2
83.4
83.3
83.7
83.7
82.8
89.7
89.3
87.4
85.9
85.5
85.1
85.8
85.7
86.2
85.3
84.1
84.1
85.0
84.9
84.8
84.9
84.8
85.3
85.2
84.9
85.1
85.1
85.0
85.0
85.3
85.1
85.4
84.9
85.5
86.3
85.7
86.1
86.3
86.7
86.6
86.6
86.7
86.6
87.0
87.4
86.6
86.8
86.6
87.0
86.8
86.6
87.1
87.5
87.1
86.6
87.1
87.1
87.9
88.0
87.7
88.1
89.5
89.3
89.1
88.8
88.0
87.1
88.6
92.2
89.6
87.9
86.8
87.1
85.8
88.0
93.7
95.7
96.9
97.2
97.0
97.0
96.9
96.6
96.5
97.6
97.0
97.0
97.2
99.3
98.5
98.9
100.3
101.7
103.0
103.9
104.4
105.1
106.1
105.9
105.3
104.8
104.0
102.8
101.5
101.0
100.3
99.1
97.1
96.0
95.0
94.7
95.8
97.2
97.1
97.0
97.0
96.1
95.1
95.0
95.4
95.8
95.4
96.5
97.0
97.7
99.0
99.0
99.0
98.2
96.9
95.9
95.7
97.3
97.9
97.9
98.0
97.1
96.3
85.7
74.1
74.8
74.0
73.2
72.0
72.5
72.2
70.3
70.3
69.5
68.4
70.8
72.2
72.3
73.0
73.1
73.1
74.3
73.2
73.1
72.5
71.2
70.5
72.8
68.8
67.4
72.5
70.6
70.8
74.1
71.8
73.0
73.8
80.8
90.0
90.0
89.7
90.1
90.2
90.1
90.1
90.1
90.1
90.1
90.1
90.1
90.1
90.0
90.3
90.1
90.1
90.1
90.2
91.2
90.2
90.1
90.1
90.9
90.1
90.0
90.1
90.0
90.1
90.1
90.0
90.0
90.0
90.1
90.2
90.1
89.7
90.2
89.2
91.4
89.4
90.1
89.3
90.1
89.4
88.8
89.2
90.1
88.9
90.0
89.8
88.5
88.9
89.1
89.4
89.1
89.1
90.4
89.3
91.9
92.1
89.6
89.0
90.0
88.4
88.1
87.3
86.1
86.5
87.8
87.1
86.6
87.6
86.8
88.0
86.7
86.8
86.6
89.5
87.0
87.1
87.6
87.0
88.2
87.8
88.8
88.9
88.7
87.8
87.8
88.4
86.7
88.1
87.8
86.7
86.5
86.5
86.4
87.9
89.7
88.8
87.5
87.7
86.2
87.1
88.1
87.4
90.4
89.2
88.2
86.7
87.7
88.0
90.0
89.1
88.1
88.0
88.5
88.2
87.1
88.0
89.0
89.5
86.7
88.7
87.4
88.9
87.1
87.8
87.1
87.3
87.2
88.2
87.1
88.5
88.0
87.0
88.2
89.5
90.3
89.0
87.8
88.2
87.7
86.9
86.6
86.9
89.0
89.7
90.1
87.8
88.8
89.9
89.2
85.8
89.4
89.1
89.3
89.4
89.7
90.9
89.2
90.1
90.9
89.6
90.0
90.1
90.1
89.7
89.8
89.5
88.4
89.8
90.2
89.9
89.2
88.9
88.3
87.8
89.6
87.6
87.5
86.8
87.1
85.5
85.7
84.3
83.8
88.0
86.2
89.7
87.5
86.8
86.3
87.1
89.8
89.6
87.2
88.4
86.1
86.6
83.0
83.5
83.5
82.9
81.4
83.0
81.9
82.4
89.1
88.9
89.7
88.5
87.1
87.6
82.7
83.5
80.7
80.2
83.3
81.8
80.7
84.0
84.0
82.7
79.8
82.8
82.4
81.6
81.6
81.2
81.9
81.8
82.3
82.9
81.9
81.6
82.9
84.2
82.3
82.2
83.5
82.2
83.7
81.5
80.9
80.7
82.7
82.9
85.9
85.4
84.7
82.4
83.3
83.8
83.4
83.7
83.1
84.2
84.4
85.0
85.4
85.5
85.2
84.0
83.1
83.3
84.2
82.8
82.4
85.6
84.6
84.1
83.0
82.3
84.2
83.0
84.6
84.2
85.6
86.7
88.9
88.8
89.6
89.7
89.7
89.6
90.0
90.1
90.0
90.0
90.1
90.1
90.1
90.1
90.0
90.0
90.1
90.1
90.2
90.1
90.0
90.0
90.0
90.0
90.0
90.1
90.0
90.0
90.0
90.1
90.0
90.0
90.1
90.1
90.0
90.1
90.0
90.2
90.0
90.1
90.0
90.1
90.0
90.1
90.0
90.0
89.9
90.1
90.1
90.0
90.1
90.0
90.0
90.0
90.1
90.0
90.0
90.1
90.0
90.0
90.1
89.9
90.0
90.0
90.0
90.1
90.0
90.0
90.2
90.0
90.1
90.0
90.0
90.1
90.1
90.0
90.1
90.1
90.0
90.1
90.0
90.0
90.0
90.1
90.0
90.0
90.0
90.0
90.0
90.2
90.1
90.1
90.0
90.0
90.2
90.0
90.0
90.0
90.1
90.0
90.1
90.3
90.3
90.3
90.1
90.0
90.2
90.7
90.5
90.6
90.4
90.4
90.4
90.3
90.4
90.7
90.5
90.4
90.5
90.4
90.1
90.2
90.1
90.0
90.2
90.1
90.2
90.3
90.2
90.5
90.0
90.3
90.6
90.5
90.3
90.0
90.0
90.4
93.2
90.7
90.7
90.1
90.3
90.2
90.5
90.3
90.6
90.5
90.2
90.2
90.1
90.5
90.5
90.3
90.2
90.7
90.3
90.0
90.0
90.2
90.4
90.7
90.2
90.2
90.4
90.4
90.6
90.6
90.9
90.8
90.2
90.8
90.2
90.6
90.1
90.6
90.1
90.8
91.0
90.7
90.9
90.6
90.6
90.2
90.6
90.9
90.6
90.3
90.2
90.5
91.8
90.8
90.6
90.5
90.3
90.2
90.5
90.5
90.0
90.2
90.4
90.4
90.0
90.1
90.4
90.1
90.1
90.2
90.1
90.2
89.8
90.2
90.1
90.1
90.0
90.2
90.3
89.6
90.4
90.1
90.3
90.1
90.3
90.1
90.1
90.2
90.2
90.4
90.0
90.1
90.0
89.9
90.1
90.4
90.3
90.6
90.6
90.8
90.6
90.5
90.4
90.6
90.3
90.5
90.5
91.0
90.3
90.5
90.2
90.6
90.8
90.5
90.3
90.4
90.5
90.8
89.9
90.3
90.5
90.2
90.0
90.2
90.5
90.5
90.4
90.0
90.2
90.3
90.2
90.2
90.0
90.3
90.5
90.5
90.3
90.3
90.4
90.2
90.4
90.2
90.3
90.3
90.5
90.4
90.1
90.1
90.6
90.6
90.9
90.6
90.3
71.1
72.9
79.6
89.0
90.4
90.4
90.0
90.2
90.1
90.1
90.1
89.8
90.1
90.0
90.2
90.3
90.1
90.2
90.4
90.5
90.2
90.8
91.0
90.7
90.9
90.3
90.2
90.3
90.3
90.5
90.5
90.6
90.7
90.1
90.4
90.5
90.2
90.0
90.1
90.9
91.2
91.1
91.3
90.9
91.1
90.7
91.0
90.6
90.9
90.7
90.5
90.5
90.7
90.3
90.4
90.7
90.3
90.4
90.8
90.5
90.2
90.5
90.4
90.4
90.9
90.1
90.6
90.2
90.6
90.6
90.2
90.2
90.7
90.7
90.8
90.4
90.4
90.7
90.4
90.3
90.4
90.2
90.1
90.3
90.8
90.0
90.1
90.2
90.1
90.2
90.0
90.0
90.0
90.0
90.0
90.0
90.0
90.0
90.1
90.0
90.0
90.2
90.1
90.0
90.1
90.0
90.0
90.1
91.3
90.0
90.0
90.0
90.1
90.0
90.1
90.0
90.1
90.1
90.0
90.0
90.0
90.0
90.0
90.0
90.1
90.1
90.0
90.0
90.0
90.0
90.0
90.0
90.0
90.0
90.2
90.0
90.0
90.0
90.0
90.0
90.0
94.8
90.0
90.0
90.0
90.0
90.0
90.0
90.0
90.0
90.0
90.0
90.0
90.0
90.0
90.0
90.0
90.0
90.0
90.0
90.0
90.0
90.0
90.0
90.0
90.0
90.0
90.0
90.0
90.1
90.1
90.0
90.0
90.0
90.0
90.0
90.0
90.0
90.0
90.0
90.0
90.0
90.0
90.0
90.0
90.0
90.0
90.1
90.0
90.0
90.0
90.0
90.0
90.0
90.0
90.0
90.0
90.0
90.0
90.0
90.0
90.0
90.0
90.0
90.0
90.0
90.0
90.0
90.0
90.0
90.0
90.0
90.0
90.1
90.0
90.0
90.0
90.0
90.0
90.0
90.0
90.0
90.0
90.0
90.0
90.0
90.0
90.0
90.0
90.0
90.0
90.0
90.0
90.0
90.0
90.1
91.3
90.0
90.0
90.0
90.0
90.1
90.1
90.0
90.0
90.0
90.0
90.0
90.0
90.0
90.0
90.0
90.0
90.1
90.2
90.3
90.1
90.1
90.4
90.1
90.2
90.1
90.2
90.0
90.1
90.0
90.0
90.1
90.0
90.1
90.1
90.1
90.2
90.0
90.0
90.0
90.6
90.0
90.0
90.2
90.1
90.2
90.4
90.2
90.1
90.0
90.0
90.2
90.2
90.1
90.4
90.4
90.2
90.0
90.4
90.0
90.2
90.4
90.0
90.0
90.3
90.0
90.2
90.1
90.0
90.5
90.4
90.0
90.1
90.2
90.2
90.3
90.0
90.2
90.1
90.0
90.0
90.0
90.3
90.2
90.5
90.0
90.0
90.1
90.3
90.0
90.0
90.0
90.3
90.1
90.0
90.0
90.0
90.0
90.1
90.2
90.0
90.3
90.0
90.2
90.3
90.1
90.3
90.2
90.2
90.2
90.0
90.0
90.3
90.0
90.4
90.0
90.3
90.2
90.1
90.0
90.2
90.3
90.1
90.3
90.2
90.0
90.0
90.3
90.2
90.4
90.3
90.2
90.5
90.2
90.5
90.2
90.1
90.0
90.4
90.0
90.4
90.1
90.2
90.1
90.1
90.0
90.0
90.2
90.0
90.1
90.1
90.0
90.0
90.0
90.0
90.0
90.0
90.0
90.1
90.1
90.0
90.0
90.0
90.0
90.0
90.0
90.0
90.0
90.0
90.1
91.3
90.1
90.0
90.0
90.0
90.0
90.0
90.0
90.0
90.0
90.0
90.0
90.0
90.0
90.0
90.0
90.0
90.0
90.0
90.1
90.0
90.0
90.0
90.0
90.2
90.2
90.1
90.0
90.0
90.1
90.1
90.3
90.1
90.3
90.0
90.2
90.1
90.1
90.0
90.0
90.0
90.0
90.0
90.0
90.0
90.1
90.1
90.0
90.0
90.3
90.2
90.2
90.0
90.0
90.0
90.0
90.1
90.0
90.0
90.0
90.0
90.0
90.0
90.0
90.0
90.0
90.0
90.0
90.0
90.0
90.0
90.0
90.0
90.1
90.0
90.1
90.0
90.0
90.0
90.0
90.0
90.0
90.0
90.0
90.0
90.0
90.0
90.0
90.0
90.0
90.0
90.1
90.0
90.1
90.0
90.0
90.0
90.0
90.1
90.0
90.0
90.0
90.0
90.0
90.0
90.0
90.0
90.0
90.0
90.0
90.0
90.1
90.0
90.0
90.0
90.0
90.0
90.0
90.0
90.0
90.1
90.0
90.0
90.0
90.0
90.0
90.0
90.0
90.0
90.0
90.0
90.0
90.0
90.0
90.0
90.0
90.0
90.0
90.0
90.0
90.0
90.1
90.0
90.0
90.0
90.0
90.0
90.0
90.0
90.0
90.0
90.0
90.0
90.3
90.0
90.0
90.0
90.0
90.0
90.0
90.0
90.0
90.0
90.0
90.0
90.0
90.0
90.0
90.0
90.0
90.0
90.0
90.0
90.0
90.0
90.0
90.0
90.0
90.0
90.0
90.0
90.0
90.0
90.0
90.0
90.0
90.0
90.0
90.0
90.1
90.1
91.2
90.3
91.0
90.0
90.0
90.1
90.0
90.0
90.1
90.0
90.0
90.4
90.2
90.0
90.0
90.0
90.0
90.2
90.1
90.0
90.0
90.0
90.2
90.1
90.1
90.0
90.1
90.0
90.0
90.0
90.1
90.0
90.0
90.0
90.0
90.0
90.1
90.1
90.0
90.0
90.2
90.0
90.0
90.1
90.1
90.4
90.3
90.0
90.2
90.1
90.0
90.0
90.0
90.3
90.1
90.0
90.0
90.0
90.1
90.0
90.0
90.0
90.1
90.0
90.5
90.0
90.0
90.2
90.0
90.0
90.0
90.0
90.0
90.0
90.1
90.0
90.2
90.1
90.0
90.0
90.0
90.1
90.2
90.1
90.1
90.1
90.2
90.2
90.0
90.1
90.0
90.4
90.1
90.2
90.0
90.2
90.0
90.0
90.1
90.2
90.1
90.1
90.2
90.4
85.3
66.6
64.6
89.7
90.2
90.0
90.1
90.0
90.9
90.3
90.2
90.0
90.0
90.9
90.4
90.0
90.0
90.0
90.0
90.0
91.3
92.4
90.4
90.0
90.0
90.0
90.0
90.0
90.0
90.0
90.0
90.0
90.0
90.0
90.0
90.0
90.0
90.0
90.1
90.0
90.0
90.0
90.0
90.0
90.0
90.0
90.0
90.0
90.0
90.0
93.6
90.0
90.0
90.0
90.0
90.0
90.0
90.0
90.0
90.1
90.0
90.0
90.0
90.0
90.1
90.0
90.0
90.0
90.0
91.6
88.6
86.2
86.9
90.5
88.5
90.1
94.2
90.8
97.0
91.6
92.8
88.5
81.6
73.9
77.9
80.5
84.2
91.0
71.8
88.5
83.9
99.1
90.8
79.4
71.0
88.8
72.9
86.7
61.4
69.9
79.4
86.3
86.7
86.6
84.7
85.7
82.3
76.7
86.0
87.1
81.1
67.7
86.7
90.6
66.8
90.9
71.2
84.5
84.2
84.3
84.7
90.3
58.7
79.7
83.8
85.0
56.9
78.8
85.4
85.1
102.3
82.3
84.2
99.1
66.8
83.9
82.5
80.7
56.5
88.6
82.7
84.4
52.6
87.7
83.7
55.7
50.8
59.3
48.6
63.7
48.6
48.3
49.5
50.7
51.1
50.5
50.3
50.0
50.7
51.3
51.2
51.3
51.7
52.2
52.3
52.9
52.4
52.1
52.3
52.2
52.9
53.5
53.8
53.0
53.3
53.7
53.7
54.5
53.9
53.4
53.6
54.6
54.8
54.3
54.0
56.7
57.8
59.9
61.9
59.6
60.9
58.4
58.1
67.2
61.8
57.8
60.8
59.6
59.8
57.7
56.6
56.8
57.6
57.3
56.0
56.0
55.5
55.1
54.1
54.3
54.1
53.6
54.4
54.4
53.2
54.0
55.1
53.9
54.8
54.6
54.3
55.2
55.6
55.9
56.0
55.2
55.6
56.2
56.9
65.7
61.5
62.3
62.9
74.1
68.6
73.4
63.9
66.4
68.3
64.4
66.0
76.8
76.3
68.2
66.6
68.1
67.6
68.1
67.9
69.9
66.3
66.2
71.9
65.7
65.6
64.8
65.8
71.8
66.1
64.6
65.3
72.6
68.5
65.8
68.2
66.5
64.4
64.8
64.0
72.1
77.8
62.8
63.4
62.6
63.4
62.9
63.4
63.6
63.7
63.4
63.0
63.1
64.0
63.9
69.3
62.7
65.9
68.0
65.1
66.6
66.2
64.6
65.5
64.2
63.5
64.3
63.7
64.4
64.5
63.5
60.9
61.6
62.0
63.9
62.5
61.1
61.4
61.6
62.6
62.9
62.9
63.3
64.4
67.3
66.5
62.1
63.7
63.5
63.0
63.7
62.8
62.5
62.8
64.3
68.1
66.1
65.5
64.7
66.8
62.8
63.2
63.1
64.9
64.7
63.7
63.6
63.7
63.7
62.2
63.8
62.3
62.8
62.3
61.6
61.5
61.7
62.4
60.7
61.1
63.0
62.8
63.0
63.4
62.2
63.1
63.9
60.6
63.3
60.4
60.3
59.6
63.0
62.8
60.7
63.1
63.0
62.0
62.4
62.3
62.8
62.6
62.4
61.0
64.0
63.2
61.8
62.4
61.0
62.5
63.2
68.3
80.3
80.1
80.1
80.1
80.0
80.0
80.3
59.8
66.5
80.0
80.2
80.0
80.0
79.9
80.0
80.0
80.0
80.0
80.0
80.0
80.2
80.0
80.1
80.0
80.0
80.2
80.0
81.1
80.2
80.0
80.1
81.2
80.0
80.0
80.0
80.1
80.1
80.0
80.0
80.0
80.0
80.0
80.0
80.0
80.3
80.0
80.0
80.1
80.0
80.0
80.0
80.0
80.0
81.6
82.6
80.0
81.1
80.7
80.9
81.0
80.0
83.2
80.7
80.7
80.5
80.2
82.9
92.7
90.8
92.3
91.1
91.9
91.6
90.0
78.9
89.5
90.1
89.3
89.3
88.0
90.5
90.5
85.8
90.7
105.8
95.5
97.8
98.7
99.7
91.5
100.5
103.0
97.5
98.9
99.9
97.4
101.4
101.1
99.3
100.1
100.3
98.9
102.1
96.3
95.7
98.0
120.2
132.3
117.9
116.6
108.0
104.2
112.0
108.0
94.7
110.4
114.9
112.7
116.0
114.1
115.6
114.4
124.9
119.4
118.5
122.3
118.1
113.4
110.2
102.9
101.7
100.7
93.5
91.1
87.7
86.2
85.6
81.1
85.1
83.4
82.1
81.1
84.6
81.0
82.9
80.2
82.1
84.9
82.7
83.1
83.1
84.3
81.7
82.6
83.0
81.7
86.6
85.0
84.9
85.5
86.5
86.9
87.2
82.6
83.2
83.7
82.1
84.0
83.2
88.4
71.7
59.2
72.2
86.3
93.0
84.7
80.6
94.4
87.4
71.4
52.5
58.7
60.0
60.0
60.0
60.2
60.6
60.4
60.0
60.0
60.0
60.4
60.2
60.0
60.2
60.2
60.2
60.2
60.3
60.3
60.9
61.1
61.5
60.4
60.3
60.2
61.2
60.2
60.2
60.0
60.4
62.5
67.1
70.2
70.0
70.0
70.0
70.0
70.0
70.2
70.2
71.8
77.0
77.0
77.0
77.0
76.9
77.0
77.2
77.0
78.7
80.0
80.3
80.4
80.3
80.5
81.2
84.5
90.8
90.7
90.9
91.2
89.7
91.2
90.7
92.4
91.7
91.0
89.8
91.2
90.3
91.2
90.8
90.8
91.3
92.4
91.3
92.0
90.6
90.8
90.6
90.5
90.9
91.8
92.6
91.0
90.9
90.8
90.7
90.4
89.6
90.5
93.2
90.8
90.8
90.5
90.5
90.4
90.1
90.8
90.1
90.2
90.5
90.4
90.3
90.3
90.1
90.1
89.9
90.2
90.2
90.1
90.1
90.3
90.3
90.2
90.2
90.1
90.0
90.3
90.0
90.1
90.3
90.1
90.1
90.2
90.1
90.3
90.3
90.1
90.0
90.0
90.4
90.1
90.0
90.0
90.0
90.0
90.0
90.1
90.0
89.5
90.0
90.0
90.0
90.0
90.0
90.0
90.0
90.0
90.0
90.0
90.0
90.0
90.0
90.0
90.0
90.0
90.0
90.0
90.0
90.0
90.0
90.0
90.0
90.0
90.0
90.0
90.0
90.0
90.0
90.0
90.0
90.0
90.0
90.0
90.0
90.0
90.0
90.0
90.0
90.0
90.0
90.0
90.0
90.0
90.0
90.0
90.0
90.0
90.0
90.0
90.0
90.0
90.0
90.0
90.0
90.0
90.0
90.0
90.0
90.0
79.7
90.0
90.0
90.0
90.0
90.0
90.0
90.0
90.0
90.0
90.0
90.0
90.0
90.0
90.0
90.0
90.0
90.0
90.0
90.0
90.0
90.0
90.0
90.0
90.0
90.0
90.0
90.0
90.0
90.0
90.0
90.0
90.0
90.0
90.0
90.0
90.0
90.0
90.0
90.0
90.0
90.0
90.0
90.0
90.0
90.0
90.0
90.0
90.0
90.0
90.0
90.0
90.1
90.0
90.0
90.0
90.0
90.0
90.1
90.0
90.0
90.0
90.0
90.0
90.0
90.0
90.0
90.0
90.0
90.0
90.3
90.0
90.0
90.0
90.0
90.0
90.0
90.1
90.0
90.0
90.0
90.0
90.0
90.0
90.0
90.0
90.0
90.0
90.0
90.0
90.0
90.0
90.0
90.0
90.0
90.0
90.0
90.0
90.0
90.0
90.0
90.0
90.0
90.0
90.0
90.0
90.0
90.0
90.0
90.0
90.0
90.0
90.0
90.0
90.0
90.0
90.0
90.2
90.3
90.0
90.0
90.0
90.1
90.0
90.0
90.0
90.4
90.0
90.0
90.0
90.0
90.1
90.1
90.4
90.2
90.2
90.1
90.0
90.8
90.0
90.0
84.7
80.0
80.0
80.0
80.0
80.0
80.0
80.0
80.0
80.0
81.0
80.0
80.0
80.0
80.0
80.0
80.0
80.0
80.0
80.0
80.0
80.0
80.0
80.0
80.0
80.0
80.0
80.0
80.2
80.0
80.0
80.0
80.0
80.0
80.0
80.0
80.0
80.0
80.0
80.0
80.0
80.0
80.0
80.0
80.0
80.0
80.0
80.0
80.0
80.0
80.0
80.0
80.0
80.0
80.0
80.0
80.0
80.0
80.0
80.0
80.0
80.0
80.0
80.0
80.0
80.0
80.0
80.0
80.0
80.0
80.0
80.0
80.0
80.0
80.0
80.0
80.0
79.9
80.0
80.0
80.3
80.1
80.1
80.1
80.0
79.9
80.1
80.1
80.2
80.0
87.6
90.0
90.0
90.0
90.0
90.0
90.0
90.0
90.0
90.0
90.0
90.1
90.0
90.0
90.0
90.0
90.0
90.1
90.0
90.0
90.0
90.0
90.0
90.0
90.0
90.0
90.0
90.0
90.0
90.0
90.0
90.0
90.0
90.0
90.0
90.0
90.0
90.0
90.0
90.0
90.0
90.0
90.0
90.0
90.0
90.0
90.0
90.0
90.0
90.0
90.0
90.0
90.0
90.0
90.0
90.0
90.0
90.0
90.0
90.0
90.0
90.0
90.0
90.0
90.0
90.0
90.0
90.0
90.0
90.0
90.0
90.0
90.0
90.0
90.0
90.0
90.0
90.0
90.0
90.0
90.0
90.0
90.0
90.0
90.0
90.0
90.0
90.0
90.0
90.0
90.0
90.0
90.0
90.0
90.0
90.0
90.0
90.0
90.0
90.0
90.0
90.0
90.1
90.0
90.0
90.0
90.0
90.2
90.4
90.0
90.0
90.0
90.0
90.0
90.0
90.0
90.0
90.0
90.0
90.0
90.0
90.0
90.0
90.0
90.0
90.0
90.0
90.0
90.1
90.1
90.1
90.1
90.1
90.1
90.0
90.1
90.1
90.1
90.0
90.1
90.1
90.2
90.4
90.0
90.1
90.1
90.0
90.0
90.0
90.0
90.2
90.1
90.0
90.0
90.0
90.0
90.0
90.1
90.0
90.0
90.0
90.0
90.0
90.0
90.0
90.0
90.1
90.0
90.0
90.0
90.0
90.0
90.0
90.0
90.0
90.0
90.0
90.0
90.1
90.0
90.0
90.0
90.0
90.0
90.0
90.0
90.1
90.1
90.1
90.3
90.2
90.1
90.0
90.0
90.0
90.0
90.1
90.2
90.0
90.0
90.0
90.0
90.0
90.0
90.0
90.0
90.1
90.0
90.0
90.0
90.0
90.0
90.0
90.4
90.1
90.0
90.1
90.0
90.2
90.0
90.0
90.0
90.0
90.0
90.0
90.0
90.0
90.0
90.0
90.0
90.0
90.0
90.1
90.3
90.1
90.1
90.1
90.1
90.1
90.0
91.4
90.0
90.0
90.1
90.1
90.1
90.1
90.1
90.1
90.0
90.0
90.1
90.0
90.0
90.0
90.0
90.9
90.5
90.0
90.0
90.0
90.0
90.0
92.8
90.0
90.0
90.3
90.0
90.1
90.0
90.0
91.8
90.1
90.0
90.0
90.5
90.1
90.1
90.6
90.0
90.0
90.0
90.4
90.0
90.1
90.3
90.1
90.0
90.0
90.1
90.2
90.0
90.0
90.0
90.0
90.1
90.0
90.1
90.0
90.0
90.0
90.0
90.0
90.2
90.1
90.1
90.1
90.0
90.0
90.0
90.2
90.1
90.0
90.0
90.1
90.3
90.0
90.0
90.1
90.1
90.0
90.2
90.3
90.0
90.0
90.0
90.0
90.0
90.0
90.1
90.1
90.1
90.1
90.0
90.1
90.0
90.0
90.0
90.0
90.0
90.1
90.0
90.1
90.1
90.1
90.0
90.0
90.0
90.1
90.0
90.1
90.0
90.0
90.0
90.0
90.0
90.0
90.0
90.0
90.0
90.0
90.0
90.0
90.0
90.0
90.0
90.0
90.1
90.1
90.0
90.0
90.0
90.0
90.0
90.0
90.0
90.0
90.0
90.0
90.0
90.0
90.0
90.0
90.0
90.0
90.0
90.0
90.0
90.0
90.0
90.0
90.0
90.0
90.0
90.0
90.0
90.0
90.0
90.0
90.0
90.0
90.0
90.0
90.0
90.0
90.0
90.0
90.0
90.0
90.1
90.0
90.0
90.0
90.0
90.0
90.0
90.0
90.0
90.0
90.0
90.0
90.0
90.0
90.0
90.0
90.0
90.0
90.0
90.0
90.0
90.0
90.0
90.0
90.0
90.0
90.0
90.2
90.0
90.0
90.0
90.0
90.0
90.0
90.0
90.0
90.0
90.0
90.0
90.0
90.0
90.0
90.0
90.0
90.0
90.0
90.0
90.1
90.0
90.0
90.0
90.0
90.0
90.0
90.0
90.0
90.0
90.0
90.0
90.0
90.0
90.0
90.0
90.0
90.0
90.0
90.0
90.0
90.0
90.0
90.0
90.0
90.0
90.0
90.0
90.0
90.0
90.0
90.0
90.0
90.0
90.0
90.0
90.0
90.0
90.0
90.0
90.0
90.0
90.0
90.0
90.0
90.0
90.0
90.0
90.1
90.1
90.0
90.1
90.1
90.0
90.1
90.0
90.0
90.0
90.0
90.4
90.0
90.0
90.0
90.0
90.0
90.0
90.1
90.3
90.4
90.0
90.0
90.0
90.0
90.0
90.0
90.2
90.0
90.1
90.0
90.0
90.0
90.0
90.0
90.0
90.0
90.0
90.0
90.2
90.0
90.0
90.0
90.0
90.0
90.0
90.0
90.0
90.1
90.2
90.0
90.0
90.0
90.0
90.0
90.0
90.0
90.0
90.0
90.0
90.0
90.0
90.0
90.0
90.0
90.0
90.0
90.0
90.0
90.0
90.0
90.0
90.0
90.0
90.0
90.0
90.0
90.0
90.0
90.0
90.0
90.0
90.0
90.0
90.0
92.1
98.6
96.0
94.8
98.4
90.9
89.4
88.5
89.0
85.9
93.1
92.4
88.8
93.0
90.5
90.5
89.2
88.7
86.1
87.6
88.5
89.6
88.2
87.0
89.6
83.3
88.1
84.4
87.6
87.2
85.8
85.6
85.4
84.2
86.3
89.2
86.8
87.0
85.8
83.1
86.9
86.6
87.4
84.8
88.1
88.0
87.5
88.7
90.0
84.7
84.5
86.3
86.7
82.4
84.2
87.7
85.2
84.0
77.5
85.3
86.7
90.2
87.3
85.9
86.3
88.8
90.9
87.9
87.1
88.3
91.5
89.2
86.1
88.5
90.3
86.4
87.7
84.3
85.2
85.0
87.2
85.0
86.5
84.6
90.0
87.2
85.8
87.2
87.8
87.3
81.7
86.4
86.4
85.7
81.5
84.6
82.9
85.6
84.9
87.8
82.4
86.8
83.9
84.8
82.7
85.8
86.7
84.6
83.4
83.6
85.8
83.3
83.8
83.7
84.2
82.1
81.4
83.0
83.6
85.3
79.4
82.8
78.4
79.0
83.0
81.8
82.3
81.4
82.3
81.1
79.3
80.4
83.6
85.8
83.3
82.7
82.3
82.2
80.9
77.8
82.8
79.7
79.5
79.2
79.8
83.8
81.0
81.3
82.6
84.6
81.2
82.8
83.0
78.1
84.4
71.6
81.2
82.9
72.9
81.1
61.0
63.2
59.9
84.8
80.4
81.5
79.0
81.3
82.1
81.3
82.5
82.4
74.1
78.0
81.7
79.9
76.7
80.1
80.8
78.9
80.1
76.4
80.0
86.3
83.3
89.6
89.7
84.0
83.8
84.5
88.6
87.2
86.0
78.5
83.8
85.1
88.8
87.4
86.0
85.1
83.0
88.1
89.4
86.3
82.5
82.7
88.2
85.9
84.8
88.1
85.9
86.5
87.2
82.1
85.0
83.3
85.0
82.6
84.4
82.1
85.0
87.1
85.2
84.7
82.5
87.4
79.0
88.3
87.4
90.2
88.3
89.5
89.7
85.9
88.7
87.6
86.9
86.4
90.6
87.7
84.3
89.3
90.1
89.5
81.7
90.5
87.6
92.3
85.6
94.3
100.2
96.6
95.6
94.2
94.5
92.2
96.9
96.5
93.9
92.7
93.4
93.5
94.2
94.0
94.4
95.2
93.4
96.2
96.3
89.9
94.4
87.4
95.1
93.1
92.4
95.1
86.9
92.9
95.4
89.1
93.4
92.7
86.6
93.0
95.3
88.7
95.9
97.4
99.4
93.1
95.4
95.2
93.6
94.5
96.0
95.6
91.3
95.4
91.1
93.0
95.5
95.3
89.1
93.4
85.5
93.3
94.6
95.0
89.6
92.0
95.5
91.0
93.0
94.7
94.3
100.9
100.4
94.4
94.8
96.6
92.3
94.3
100.1
96.3
98.0
97.0
94.8
94.6
93.9
96.9
90.8
96.1
100.5
98.3
97.1
98.4
96.0
96.5
96.1
95.4
90.3
90.6
97.2
94.7
95.5
95.1
93.4
87.9
96.0
98.2
96.5
96.4
84.8
95.6
91.7
91.9
97.7
98.0
95.8
97.3
97.6
97.5
98.1
94.7
98.1
97.3
96.8
96.9
95.4
97.8
94.9
95.9
96.2
83.9
96.7
96.5
96.9
95.9
97.1
96.1
97.1
93.4
95.5
95.5
96.7
98.8
97.2
97.7
93.6
94.2
95.4
96.5
92.7
95.3
101.0
96.0
96.9
100.2
96.4
101.9
107.6
107.8
102.3
100.3
102.5
108.3
109.6
108.6
107.9
108.2
108.5
106.7
108.0
104.8
105.5
100.9
109.1
105.7
108.1
107.2
107.4
107.7
109.7
109.3
107.3
106.6
105.5
108.3
105.8
104.6
105.7
107.0
106.1
108.7
106.2
108.5
105.9
105.4
106.8
103.9
108.3
110.5
107.5
109.9
106.8
109.5
108.2
106.1
105.5
107.5
111.4
105.4
108.1
107.9
106.9
108.8
109.9
106.3
108.8
106.4
112.5
106.8
108.0
110.3
105.4
104.2
109.0
110.8
110.1
107.3
109.6
107.9
107.9
108.2
111.6
109.5
108.8
108.6
110.9
107.7
103.6
105.8
105.9
111.1
108.2
107.0
105.5
109.4
108.3
106.7
103.6
109.5
108.0
110.4
107.3
103.7
109.6
103.7
110.1
111.1
108.8
107.3
107.4
108.6
109.3
107.8
106.9
109.2
105.2
106.7
106.3
108.4
109.0
111.4
106.6
107.3
105.9
105.3
105.7
107.0
107.7
109.3
109.5
110.2
110.2
105.5
105.0
107.9
105.7
107.4
106.7
103.6
106.9
109.3
105.4
108.0
107.9
108.9
108.5
110.3
107.1
105.9
110.5
116.4
115.5
111.8
111.3
109.7
106.1
109.9
109.8
111.8
107.4
108.3
108.0
104.8
105.7
104.6
103.8
102.0
104.0
105.5
105.9
106.1
105.3
106.5
103.6
104.8
107.3
107.5
107.2
107.8
102.0
105.5
103.9
106.2
103.5
104.4
106.7
103.3
108.6
100.9
105.0
102.4
102.1
99.6
101.2
100.7
102.2
107.1
106.6
109.4
112.2
110.0
110.7
106.5
104.0
105.6
103.2
102.1
104.3
103.0
106.7
104.8
103.2
103.0
101.4
102.1
102.6
105.6
107.0
102.8
102.1
103.6
102.4
106.2
103.0
99.8
101.7
106.6
101.7
103.7
100.5
102.2
100.4
101.1
103.7
102.5
104.7
102.9
103.2
104.0
103.2
103.2
105.7
106.6
102.8
100.0
100.8
101.6
