82.2
83.4
81.1
80.4
80.4
81.1
76.9
80.3
77.2
76.6
77.7
77.0
76.2
83.4
80.0
77.9
79.1
80.3
78.5
76.3
78.9
78.1
80.2
78.1
81.8
86.0
87.9
84.7
82.0
82.4
82.7
80.5
81.0
80.4
82.3
84.6
79.7
80.7
84.1
84.4
82.5
78.9
78.2
80.0
80.4
76.9
74.1
77.1
78.1
76.9
74.7
77.1
76.7
76.0
77.2
77.6
80.3
80.9
77.1
87.2
90.3
88.8
89.9
85.8
86.9
87.1
88.8
89.1
91.5
88.8
88.5
104.9
99.5
94.6
92.1
95.9
101.7
97.1
95.9
102.3
105.1
101.4
101.9
99.5
103.7
100.4
98.9
100.5
97.7
101.1
103.0
101.6
99.9
101.0
100.9
99.2
100.5
100.9
99.6
105.3
97.2
103.2
98.6
100.3
99.8
101.0
101.7
99.3
96.4
93.50000000000001
95.6
96.3
95.5
92.0
89.5
95.0
99.0
93.5
89.6
86.4
86.5
85.0
85.4
86.9
85.1
81.6
81.9
83.1
81.1
80.1
83.1
82.4
81.3
86.4
91.9
89.0
91.9
93.3
87.8
87.7
84.2
86.3
83.3
80.4
84.6
82.0
82.3
81.0
81.3
77.5
80.5
86.8
83.1
80.1
82.1
83.4
83.2
82.5
77.5
81.0
82.6
81.3
80.8
78.5
82.0
80.4
79.8
82.8
81.9
81.6
78.7
87.2
82.6
81.1
82.3
81.4
81.4
81.8
80.1
87.2
86.6
90.4
86.9
86.1
86.6
90.4
91.2
92.1
92.2
92.9
96.0
99.0
99.4
96.5
94.5
96.9
94.7
94.6
97.1
102.9
101.4
99.1
100.9
99.2
98.1
99.4
100.7
98.5
100.4
99.5
99.1
94.9
101.8
97.9
97.7
97.7
97.1
95.6
92.1
93.1
99.4
96.2
93.9
93.8
92.6
93.1
93.4
95.3
97.7
96.6
96.4
95.3
93.1
93.7
97.5
95.6
96.3
94.0
93.5
92.3
94.8
97.4
97.9
93.7
94.0
92.8
89.5
93.8
91.6
94.7
90.2
90.5
89.4
87.0
85.3
82.9
84.2
84.6
85.5
84.3
84.9
86.6
87.0
84.5
82.8
82.9
81.7
84.4
82.2
82.2
86.2
81.1
86.1
80.9
83.6
81.0
79.6
81.2
83.7
85.0
80.0
83.3
88.0
87.2
86.2
85.4
86.3
82.4
83.3
83.7
80.8
80.0
81.1
81.0
82.2
79.7
81.0
83.1
79.8
78.7
83.2
81.3
79.8
77.8
78.7
80.5
82.3
79.4
80.4
79.0
83.6
80.8
80.4
79.3
79.8
79.6
85.4
81.4
81.3
81.2
83.0
85.0
79.9
80.3
79.6
81.5
82.1
85.6
80.9
88.1
88.7
88.4
90.1
91.6
91.8
95.9
94.3
93.1
98.7
101.4
98.1
99.1
97.2
99.7
96.5
93.5
95.7
93.9
95.0
98.9
98.0
95.8
97.3
96.7
98.6
96.7
97.6
94.0
95.7
92.9
97.3
97.5
95.7
92.3
98.1
95.2
90.4
92.4
96.5
92.6
90.8
89.3
92.5
89.3
93.3
88.4
93.3
90.5
90.7
87.4
90.0
88.7
88.7
87.8
87.9
87.3
88.8
85.5
87.4
85.0
87.4
86.6
83.7
85.5
85.4
84.7
85.7
86.1
81.8
84.9
84.2
84.2
84.6
84.0
83.7
81.5
83.4
84.9
82.5
80.9
82.0
87.5
81.6
83.2
82.0
81.0
86.5
84.9
85.3
82.9
83.2
82.3
80.2
78.1
81.6
81.7
84.7
84.3
86.7
86.2
82.8
85.8
85.9
84.8
86.7
84.6
83.8
82.4
81.9
82.8
83.6
85.1
83.5
87.8
85.2
86.0
92.6
86.6
86.1
83.6
85.0
92.7
88.2
95.7
89.6
100.6
107.2
96.9
93.0
93.5
101.1
122.4
117.5
100.7
104.3
97.4
99.1
122.7
117.2
105.0
101.9
102.4
96.0
95.0
93.9
96.0
93.0
91.5
93.1
93.4
92.1
92.8
94.2
93.2
92.0
92.2
94.4
93.1
91.6
90.1
90.2
92.8
91.3
88.1
89.3
90.4
86.9
92.6
91.2
89.9
92.4
92.9
93.0
90.5
89.4
88.2
87.0
83.9
90.1
91.4
87.5
85.3
85.8
87.0
84.2
86.0
81.6
84.4
84.3
84.1
80.8
81.1
83.1
85.1
83.4
83.3
81.1
90.0
85.7
86.6
84.4
87.9
87.0
87.7
92.2
90.6
88.3
87.9
90.6
90.3
91.0
87.8
90.3
91.2
89.2
91.5
90.5
89.2
88.7
90.4
88.3
93.3
89.2
90.4
90.5
89.3
92.0
92.5
91.9
92.7
95.6
95.6
94.2
92.4
94.8
102.2
95.8
99.0
89.8
95.7
97.4
93.2
92.3
93.9
92.4
93.3
89.1
91.8
88.6
90.7
91.3
91.2
88.4
89.1
90.5
84.9
87.9
87.9
89.8
88.3
87.8
87.4
85.1
85.4
85.4
85.1
90.7
90.1
87.4
86.3
88.5
84.8
92.0
89.2
88.5
88.2
89.4
87.9
87.2
98.9
94.2
94.5
94.4
94.7
91.2
97.8
93.1
97.1
98.2
95.1
97.6
92.9
89.9
93.5
92.3
91.9
89.7
87.6
92.8
95.4
89.5
91.9
94.3
97.3
94.1
89.8
93.4
91.7
95.7
91.6
89.6
92.5
93.9
93.3
102.3
99.9
95.3
91.4
96.2
92.2
93.5
87.8
92.8
91.3
93.3
89.4
86.9
89.6
86.1
85.8
84.6
84.3
87.1
85.9
85.3
87.6
86.3
92.0
99.6
91.5
89.6
86.1
95.7
86.7
88.3
86.9
87.9
89.8
89.8
87.7
88.6
86.6
87.9
87.6
88.1
89.2
88.8
88.6
88.2
96.5
91.7
90.3
90.8
89.0
91.4
87.3
87.0
98.8
93.2
92.6
89.6
91.7
88.4
89.3
88.2
87.0
89.8
88.6
91.0
93.6
94.6
93.5
90.5
91.3
94.3
95.2
92.0
96.7
96.8
96.6
95.8
96.5
102.9
116.6
109.1
100.3
99.8
97.7
91.0
95.2
99.4
95.13333333333333
95.1
91.6
92.9
91.1
94.0
95.9
88.3
92.8
90.4
91.1
90.1
90.2
93.2
90.7
93.8
95.0
89.6
91.8
92.7
91.4
90.1
90.1
91.3
92.1
91.6
94.8
96.3
106.7
101.8
103.0
101.4
100.9
106.8
101.3
105.5
106.7
102.5
101.1
105.3
99.7
104.2
109.0
113.5
109.5
105.9
102.8
100.5
95.9
95.6
96.9
94.2
93.5
94.9
92.8
93.2
91.9
92.9
89.1
91.2
96.6
94.5
90.7
90.0
93.6
90.0
88.5
88.3
86.0
87.6
93.5
90.9
87.7
89.4
84.8
86.6
86.9
87.6
83.3
81.6
82.4
83.0
87.5
84.2
83.5
86.1
83.0
83.4
81.7
82.7
82.6
83.9
83.9
85.6
80.6
82.0
85.0
84.5
83.2
89.5
84.8
85.9
85.6
86.8
85.2
84.3
86.8
86.4
84.6
86.1
87.1
84.1
84.1
84.3
87.1
85.7
83.0
96.4
97.8
91.3
90.5
88.8
87.0
86.8
88.6
86.0
86.2
87.0
85.6
86.8
88.6
84.3
83.9
86.3
83.9
87.7
83.9
85.7
84.7
87.4
87.5
89.4
87.5
87.3
86.2
87.5
87.6
87.0
85.1
86.8
86.9
88.9
87.6
86.8
87.5
89.1
87.5
86.2
88.5
87.5
86.1
85.2
86.9
89.2
85.5
91.4
94.0
91.7
93.1
93.2
93.3
93.3
88.4
94.3
92.6
96.8
97.8
96.5
95.6
97.1
101.1
101.4
100.9
97.1
99.8
102.5
103.0
101.8
103.7
102.2
103.5
104.4
105.3
103.0
112.2
113.6
108.8
109.1
108.0
107.1
105.4
109.4
112.4
106.5
109.2
105.5
108.8
110.0
110.2
110.4
112.0
109.5
109.3
116.1
113.0
106.8
115.6
115.8
110.5
120.6
114.9
113.1
113.9
113.4
111.1
110.4
117.1
112.5
113.5
111.8
112.8
113.2
109.5
109.3
109.1
109.1
109.9
104.5
120.6
111.8
112.6
110.6
115.8
118.4
113.7
111.6
109.7
108.6
111.2
116.1
110.0
112.2
107.4
113.3
110.5
108.8
109.3
114.2
108.2
109.4
114.0
115.1
112.4
112.2
112.1
113.0
108.5
109.1
107.1
109.6
108.1
109.5
102.7
102.8
110.6
109.5
113.3
118.3
116.2
114.2
112.9
112.5
110.2
111.5
110.0
107.5
115.3
107.1
109.0
109.5
111.1
107.2
110.4
108.7
110.0
108.3
110.1
113.0
107.8
106.1
108.7
107.9
110.5
107.3
105.0
115.4
108.9
108.8
110.8
110.2
112.5
109.6
110.5
110.6
110.3
108.9
112.0
108.2
110.4
111.3
110.2
108.5
110.6
115.5
114.5
116.1
119.5
114.7
107.4
109.7
112.4
111.8
113.7
117.3
110.4
109.8
110.4
117.4
142.2
126.1
117.5
120.9
113.5
109.1
107.5
107.2
103.6
103.4
101.5
99.3
101.2
100.0
98.1
97.4
95.2
98.4
96.0
97.5
94.8
94.4
95.7
92.9
91.6
93.2
91.4
92.9
90.4
87.6
91.9
92.3
91.4
91.1
90.6
91.0
90.0
91.6
89.7
92.1
90.7
88.9
88.5
88.7
89.6
89.4
88.6
88.4
88.5
87.7
89.5
88.8
87.8
87.3
90.1
87.7
86.5
85.4
89.6
90.6
88.4
89.4
88.1
90.2
90.1
89.4
88.2
86.1
88.8
90.8
90.6
89.3
89.3
90.1
90.3
91.7
88.8
91.0
91.4
90.5
97.2
93.5
91.3
92.8
95.8
118.9
106.5
105.3
109.1
108.3
108.1
108.5
107.7
106.6
105.6
103.3
105.1
100.2
100.9
102.2
104.6
104.0
100.5
96.4
97.8
95.7
95.4
94.8
93.3
95.4
92.6
90.9
90.9
94.5
94.0
90.6
90.1
94.7
98.2
104.1
116.4
116.4
116.2
113.5
110.8
109.7
115.2
118.5
115.0
116.0
109.2
115.5
114.8
109.8
113.1
117.8
114.2
106.5
103.8
103.1
101.7
100.7
101.6
100.6
105.0
101.6
99.4
98.5
98.7
99.7
95.8
96.3
96.7
97.5
99.0
97.8
95.8
94.6
95.8
95.0
94.0
103.0
117.9
116.1
104.8
101.5
99.5
109.9
113.5
111.3
113.8
111.3
107.9
104.4
102.1
104.4
99.1
99.0
98.7
103.9
100.8
97.9
101.8
100.8
102.0
98.4
98.1
96.5
96.4
108.6
110.0
125.5
125.2
121.0
107.4
105.9
101.9
100.4
100.7
103.3
100.3
102.2
104.1
103.2
102.7
103.8
103.5
100.2
99.7
102.3
103.7
102.6
103.0
104.1
104.9
102.9
107.2
104.6
102.1
102.3
102.1
105.2
108.7
104.6
110.9
114.8
115.8
117.4
118.6
122.9
124.0
126.7
122.2
128.9
128.0
130.5
135.6
133.5
133.7
135.8
136.7
138.9
138.3
142.3
139.5
141.2
139.0
114.9
110.7
114.7
112.3
111.4
106.9
111.5
108.0
108.2
113.6
109.3
108.1
108.0
110.3
109.8
106.9
105.3
108.7
107.2
110.4
109.3
110.3
104.0
104.7
106.1
107.2
102.6
103.0
101.0
105.5
103.4
100.8
101.9
102.6
103.3
100.7
101.2
101.7
99.2
99.7
100.8
100.0
100.9
101.0
98.8
101.7
101.7
100.9
98.3
99.8
102.9
109.1
107.6
108.0
109.2
111.6
111.3
114.6
116.7
118.8
118.3
116.1
121.5
119.5
121.9
123.1
127.5
125.1
129.6
130.0
127.2
126.4
130.9
127.2
127.7
125.2
130.0
133.3
135.1
134.8
136.0
132.8
136.6
132.9
136.3
134.0
135.6
140.2
137.0
134.3
133.4
134.5
133.3
133.1
141.7
145.1
139.8
138.0
134.8
134.8
130.2
129.7
128.0
122.4
120.3
117.1
117.1
115.4
117.8
120.3
117.7
123.4
120.3
117.5
110.8
110.6
105.3
107.1
106.7
103.8
103.9
101.8
101.0
100.2
101.3
100.7
102.8
101.9
106.5
102.3
100.4
102.0
102.0
118.1
114.3
109.7
103.7
99.6
102.1
100.1
101.1
99.8
101.1
100.0
100.0
101.1
96.9
99.0
99.0
100.0
100.4
99.8
98.9
98.3
99.0
107.1
103.3
102.8
104.5
100.5
100.6
101.5
104.0
101.9
98.0
99.2
98.4
127.4
138.4
131.7
123.8
127.7
127.3
125.9
126.0
124.1
126.7
122.3
123.2
135.6
138.5
136.4
135.4
131.3
129.7
131.4
129.5
136.0
127.7
133.6
130.7
126.2
146.9
132.9
153.2
131.7
147.3
136.5
127.8
121.3
121.9
118.6
119.8
118.5
114.8
128.7
124.9
124.4
128.1
137.8
135.3
142.6
148.8
166.6
158.5
161.0
157.4
154.3
153.0
156.1
134.2
120.2
118.0
120.8
122.7
127.7
129.7
136.3
159.0
131.0
125.7
125.1
121.8
119.8
119.7
119.9
123.0
120.0
117.8
118.0
119.1
120.3
122.1
116.6
123.0
134.5
129.9
125.8
126.6
124.6
121.4
117.2
118.4
115.7
115.5
116.9
115.2
115.9
115.1
117.6
112.7
114.9
116.0
113.6
115.2
114.2
117.4
113.6
117.1
117.0
120.0
115.0
113.6
115.1
118.2
117.9
111.0
117.3
112.3
116.1
111.6
112.7
113.7
111.6
111.0
110.9
114.0
111.0
110.7
111.1
109.4
111.2
113.7
115.0
111.8
112.1
110.1
112.7
113.1
112.2
113.2
110.3
111.7
112.8
114.3
112.7
115.1
113.7
114.0
113.9
111.0
109.4
108.4
115.0
112.1
108.8
111.9
127.6
128.9
123.1
119.8
116.7
120.6
115.9
113.4
113.7
112.8
109.6
109.2
111.8
111.1
109.6
109.2
105.5
107.9
105.5
104.5
111.9
108.2
106.4
108.8
106.0
106.0
106.9
108.5
106.5
107.0
106.4
108.6
106.3
109.6
108.1
103.9
107.9
106.3
106.8
104.7
108.3
113.4
105.3
104.6
105.5
106.0
106.1
104.3
103.6
103.8
108.5
103.0
105.2
103.2
102.8
101.5
104.0
101.1
103.5
104.4
103.4
103.4
105.3
101.4
105.6
105.0
100.6
102.3
102.1
101.2
104.3
110.6
107.2
106.2
110.8
109.2
109.0
104.6
107.3
102.3
103.9
105.7
103.6
101.4
101.6
99.9
104.1
101.6
102.2
100.8
104.5
101.0
103.0
103.7
101.7
104.1
103.1
100.6
105.7
102.3
99.8
103.1
99.9
102.6
109.4
104.0
102.3
103.2
98.6
101.0
104.6
103.8
102.2
106.3
107.4
111.6
110.5
112.4
114.2
110.4
109.9
112.3
110.0
114.5
110.8
110.3
112.7
109.5
108.2
109.5
105.0
100.4
111.7
107.5
103.0
102.2
99.3
99.2
99.4
99.6
98.5
98.5
101.5
99.9
98.2
99.7
100.4
100.0
98.6
98.3
98.9
100.0
99.4
98.4
96.2
97.2
96.0
97.6
100.8
108.1
102.1
102.1
95.9
98.7
98.7
98.2
102.1
102.6
102.3
102.9
101.1
109.7
111.6
113.0
123.7
109.2
116.8
118.8
116.7
110.5
111.3
113.2
111.1
110.9
112.5
108.3
107.8
107.0
108.5
102.8
104.7
105.1
99.8
100.0
97.6
99.9
97.2
97.1
100.2
97.3
99.2
97.6
97.7
96.9
100.0
95.9
96.9
96.5
107.6
97.9
98.1
100.2
96.1
97.4
99.3
97.0
97.8
95.9
96.0
95.8
94.9
95.5
96.5
94.8
97.6
95.1
98.7
98.6
97.4
97.5
98.5
98.6
95.6
95.9
95.9
96.1
98.2
96.2
94.7
99.7
96.8
94.9
93.2
96.9
93.9
94.9
95.1
95.8
112.3
114.3
108.2
106.2
112.4
108.0
109.1
107.1
107.7
107.1
104.6
102.0
101.4
102.2
105.0
103.2
101.7
100.7
99.3
102.9
98.1
94.1
98.1
97.3
98.4
97.2
96.4
94.7
95.6
94.6
94.3
95.4
93.4
101.3
106.3
115.6
111.3
109.0
107.4
110.1
108.5
107.4
110.6
118.0
108.6
111.2
112.7
113.2
116.1
116.4
113.5
119.1
116.5
118.5
116.0
113.6
109.1
112.6
111.3
105.7
108.2
106.9
108.8
108.1
109.6
108.6
107.3
108.9
119.9
114.8
113.0
111.2
111.7
109.1
110.7
112.1
107.0
110.0
107.9
119.7
114.2
113.0
111.5
111.9
110.7
109.2
109.5
109.1
106.2
108.6
109.8
107.7
106.8
107.7
114.0
116.7
109.4
109.1
117.9
114.2
114.4
115.3
125.0
115.7
116.9
115.8
119.7
118.0
116.7
115.0
114.6
115.5
111.0
127.0
128.4
125.8
129.8
122.9
122.4
123.8
139.9
133.4
122.7
116.2
116.8
129.3
129.8
113.1
113.9
108.5
112.0
110.3
111.2
108.9
108.4
111.4
111.6
112.8
111.6
112.7
111.7
112.8
116.2
118.6
116.8
114.4
120.6
109.8
112.1
106.8
120.5
110.7
109.1
107.2
108.8
110.6
107.1
106.8
109.9
108.8
107.6
110.5
108.7
110.6
114.9
114.6
116.3
116.7
113.1
109.6
110.2
113.8
112.1
112.0
110.0
107.5
109.3
110.6
109.4
113.3
115.3
110.5
115.9
114.2
119.8
126.1
120.5
120.3
120.2
119.4
120.8
114.7
114.5
113.3
113.7
113.9
115.5
119.0
116.6
119.8
118.9
121.7
123.9
117.8
119.5
123.6
122.5
123.9
126.1
126.1
125.8
130.0
123.9
124.2
122.2
132.4
131.6
128.4
129.0
122.8
120.7
106.2
103.5
105.2
101.5
102.9
104.3
103.1
103.9
105.8
102.2
103.1
103.2
98.7
99.9
98.0
97.4
97.1
97.6
98.6
96.2
94.3
95.2
93.9
93.1
92.7
93.9
97.7
98.5
97.8
99.0
99.1
97.5
98.8
99.8
100.3
96.4
95.9
97.1
101.2
97.2
96.8
92.5
95.0
92.8
95.3
97.3
92.0
93.2
90.4
92.1
89.5
92.7
92.7
94.0
96.4
95.4
93.2
93.2
94.4
101.4
100.1
103.1
100.4
100.3
99.8
100.9
102.1
99.2
102.0
99.5
100.3
99.2
99.2
98.4
100.5
100.9
100.7
103.0
108.5
107.8
105.4
105.9
105.1
107.9
106.8
108.5
109.5
107.2
107.3
104.2
107.4
111.7
104.9
109.9
111.4
109.8
109.5
112.6
109.8
114.5
110.0
109.7
112.3
111.4
109.8
110.1
112.3
112.7
110.4
112.1
112.7
113.6
112.1
108.8
110.8
112.7
108.2
106.8
113.5
111.8
112.8
110.2
112.0
115.3
111.7
112.3
111.4
121.1
116.8
116.9
118.9
113.1
115.0
115.0
114.5
112.6
109.2
112.9
108.8
111.3
108.6
107.3
106.1
109.6
111.9
111.3
111.8
114.7
110.8
109.6
111.5
113.3
108.9
101.2
107.4
115.4
103.9
100.3
102.4
102.8
99.2
99.3
94.9
97.8
96.5
99.0
93.7
92.3
93.3
91.6
92.9
91.2
88.3
93.9
88.2
90.8
89.0
89.8
90.5
87.3
91.2
89.1
87.7
87.2
91.3
86.5
87.6
89.1
86.6
85.9
86.9
94.8
91.3
92.0
90.5
87.6
90.7
89.0
91.0
87.3
89.1
86.6
86.9
87.9
89.2
87.8
90.0
92.2
83.5
85.9
86.4
85.7
84.8
87.6
92.8
95.3
86.6
87.0
87.6
87.9
84.5
85.8
84.0
83.4
86.6
87.7
84.7
85.3
87.5
86.5
85.7
84.8
87.2
85.1
86.5
84.6
87.2
85.8
85.5
86.7
83.5
87.6
86.5
83.6
85.1
85.2
82.9
87.8
86.0
86.5
87.8
84.5
85.5
85.3
87.3
84.0
86.7
86.1
84.9
89.5
86.7
88.4
87.7
89.4
89.0
88.0
85.9
89.6
87.3
86.8
86.4
85.6
88.3
85.2
84.7
83.8
87.3
87.0
84.5
84.7
84.4
87.2
86.9
89.0
86.8
87.0
89.2
89.3
90.0
88.3
87.5
86.8
86.7
84.1
87.2
83.3
88.7
85.3
87.7
87.3
86.3
82.9
84.7
84.5
84.0
84.2
83.8
83.5
83.3
85.0
84.8
84.6
85.7
89.1
90.5
87.8
86.2
85.8
88.3
87.1
86.6
86.5
85.5
89.4
85.4
85.9
85.2
85.1
84.3
84.3
85.2
87.4
86.2
87.0
87.5
88.1
88.9
87.4
89.9
89.3
91.4
91.4
87.2
91.0
86.6
85.4
85.5
87.1
89.1
86.4
89.7
85.8
88.5
89.5
88.8
84.4
82.8
87.7
87.2
86.0
85.7
86.6
87.5
90.3
96.4
95.6
95.0
95.2
94.6
96.2
93.1
94.4
93.8
90.8
89.6
89.9
89.3
87.7
88.4
88.4
92.5
89.0
85.4
88.4
86.2
86.2
85.5
85.1
85.9
83.6
83.6
85.0
86.3
87.9
88.2
87.9
84.5
86.1
83.2
80.3
79.8
82.7
90.1
89.2
82.6
87.1
85.6
83.0
85.0
85.7
83.8
85.8
85.3
94.5
93.5
87.4
93.2
90.9
93.6
90.9
98.5
95.5
94.7
96.0
96.3
90.8
93.1
92.8
90.6
91.5
89.3
90.4
89.0
90.0
87.0
86.8
87.2
86.3
85.8
85.4
89.2
84.8
88.2
87.9
90.6
85.4
86.5
87.4
86.6
82.4
87.1
88.2
87.0
87.0
90.5
90.8
92.0
89.5
86.9
85.9
88.4
86.4
86.5
87.6
89.7
89.0
86.5
87.7
87.2
87.7
86.5
87.3
90.5
93.2
92.2
87.1
89.1
87.9
86.6
85.9
97.5
93.3
93.2
90.0
87.0
89.2
90.3
89.8
87.9
86.3
89.2
86.8
87.0
94.3
87.7
89.3
86.0
86.4
86.9
88.5
90.3
92.4
93.4
94.9
97.5
98.3
96.4
94.9
96.2
93.8
97.6
97.6
95.2
91.5
92.7
87.5
88.1
88.4
86.2
89.5
87.7
87.0
88.0
85.5
85.2
89.3
86.8
88.7
86.6
89.4
87.7
88.8
91.7
91.2
88.6
88.9
87.5
89.5
88.1
86.5
86.9
86.3
86.8
88.3
88.9
91.5
89.8
87.5
89.8
87.4
92.1
92.1
92.8
86.3
88.3
85.8
85.5
87.3
86.9
88.6
90.2
91.8
90.8
85.1
85.7
89.1
86.3
89.4
87.4
91.3
88.8
86.5
87.9
89.7
87.7
85.1
88.0
86.3
86.7
88.7
87.3
90.4
88.5
86.9
88.6
89.7
88.9
87.2
84.9
88.3
87.6
86.8
89.6
88.5
88.9
90.6
86.8
88.6
88.7
86.9
87.4
90.8
89.4
89.8
88.3
89.6
90.7
93.2
94.0
92.2
92.9
91.0
90.9
92.1
95.1
96.6
96.5
106.2
113.2
112.3
104.5
108.6
112.1
106.6
114.9
117.5
117.2
113.2
116.7
117.1
114.1
118.6
114.0
115.3
116.3
120.9
117.5
118.0
119.4
120.8
122.9
117.2
120.8
121.1
123.1
114.4
117.0
114.1
116.1
117.4
115.8
113.4
118.2
113.6
117.2
112.9
113.8
115.1
122.5
116.5
111.0
112.7
117.4
116.7
113.6
111.7
123.7
139.7
136.0
126.8
118.1
113.9
114.4
115.6
112.6
120.9
119.0
113.1
114.2
111.4
119.9
116.1
115.9
117.2
121.9
134.6
137.2
127.8
123.4
116.0
117.9
120.9
130.1
123.6
120.3
117.6
125.7
121.4
124.6
121.6
122.0
123.3
122.8
120.2
120.4
119.3
121.9
122.9
120.0
120.0
123.9
120.1
119.8
121.2
117.5
117.0
115.4
116.7
110.8
112.7
110.9
113.9
114.9
108.8
108.1
106.2
104.2
102.6
105.5
106.5
105.7
101.3
102.2
101.6
96.1
99.4
96.9
94.1
95.4
93.8
93.6
94.1
97.6
92.5
92.6
91.9
90.4
89.7
89.3
89.5
90.9
89.5
89.1
90.0
89.9
90.2
87.9
87.0
88.8
89.5
89.1
87.7
88.5
93.6
90.4
91.4
90.5
89.3
94.6
91.5
93.2
96.7
91.3
93.3
93.3
93.0
94.9
96.1
93.7
97.2
93.8
97.5
96.0
96.9
95.0
94.7
95.5
95.0
95.2
94.9
96.3
97.2
99.0
98.5
97.6
96.6
98.9
98.6
100.1
99.6
99.4
100.3
102.8
104.5
103.8
105.6
106.9
108.7
108.8
107.7
113.2
112.3
115.4
121.4
120.3
120.3
121.6
122.9
126.1
125.2
121.7
120.9
123.0
122.0
110.3
97.1
62.0
46.8
40.7
70.6
106.8
105.4
103.5
96.9
96.9
98.3
105.2
110.4
113.1
115.2
117.8
124.1
123.6
127.7
128.5
128.6
127.3
123.1
117.3
108.2
108.3
100.9
104.7
99.1
96.8
98.1
97.7
95.7
99.0
103.5
101.6
99.5
99.2
97.5
96.5
93.9
97.3
94.5
93.0
92.8
90.5
91.0
89.6
91.8
91.8
90.3
91.5
90.4
89.5
87.7
90.5
86.9
87.1
85.2
87.0
87.1
83.5
83.9
82.7
84.1
84.2
83.7
85.0
79.9
82.3
83.1
81.4
82.2
84.5
81.4
81.8
82.9
80.8
81.0
81.4
84.8
87.1
83.2
81.3
85.6
82.2
84.3
80.0
81.2
83.2
80.0
82.7
80.4
81.7
80.5
74.9
81.4
81.6
86.0
85.7
84.2
90.3
83.7
83.8
81.8
86.0
85.4
83.8
83.2
81.1
81.2
81.3
77.5
84.3
87.0
85.7
83.0
80.5
75.9
71.3
77.0
82.5
84.5
81.2
80.9
81.8
79.1
83.1
80.7
81.7
85.4
84.1
84.6
84.3
82.7
80.5
82.1
83.1
83.2
83.2
82.6
83.3
79.4
81.7
83.8
82.5
81.2
80.9
81.3
80.7
82.5
83.7
81.8
84.2
83.5
81.2
81.6
81.6
81.4
84.1
85.8
82.6
82.3
82.6
81.3
81.0
83.1
82.8
82.2
80.4
87.6
85.2
83.6
83.0
81.8
77.6
84.2
79.6
81.6
82.4
83.9
90.3
88.3
89.4
91.1
90.2
90.4
87.4
88.6
87.4
88.8
92.3
90.6
90.7
89.6
89.0
92.0
91.6
93.3
92.6
94.5
90.1
90.8
93.2
89.4
88.3
89.8
86.8
87.7
86.5
84.7
87.0
87.5
89.1
89.6
91.1
89.5
89.0
92.1
94.3
92.9
95.7
95.0
94.1
95.6
101.8
96.7
98.1
97.5
98.7
96.0
99.3
94.0
97.1
94.9
96.7
97.4
98.3
96.8
94.0
98.4
95.8
97.6
96.0
93.9
97.1
95.4
97.6
98.3
96.4
95.9
96.6
97.29999999999998
98.26666666666667
99.1
97.4
93.6
93.4
94.9
94.2
94.6
95.7
93.9
93.7
94.9
96.1
99.0
96.1
92.3
97.4
95.4
94.1
96.8
98.1
94.6
99.0
103.4
101.8
102.5
101.5
101.2
100.2
100.8
99.3
101.8
98.2
100.8
100.7
100.9
100.6
100.4
98.5
102.8
106.3
104.4
100.8
97.8
100.1
99.1
96.7
101.3
101.0
99.5
95.6
97.4
97.9
95.5
97.2
96.7
96.4
95.6
94.1
95.5
97.6
98.0
100.3
99.1
100.2
99.2
99.8
100.3
101.1
99.5
98.7
100.1
99.9
101.0
100.1
94.5
102.0
100.1
99.1
96.7
95.6
96.8
97.5
99.2
98.0
100.0
106.9
101.7
101.8
99.0
103.3
98.7
99.1
101.9
99.8
100.4
103.6
100.2
103.0
103.8
103.6
107.1
104.2
102.6
104.4
102.9
103.1
104.6
103.5
104.3
108.3
108.1
105.6
105.0
103.6
108.6
105.5
105.9
105.5
108.7
106.8
105.0
105.3
106.3
107.5
106.9
107.3
113.4
105.5
108.8
107.8
111.3
111.7
112.3
110.5
114.4
110.4
110.3
113.4
113.9
119.5
116.3
112.3
114.2
112.8
118.5
118.0
115.8
117.0
125.6
120.8
119.0
113.4
112.1
113.6
115.8
113.3
112.8
115.9
113.8
113.3
115.3
119.0
117.1
120.8
119.2
122.4
120.9
118.3
119.3
119.7
119.4
119.0
117.4
111.7
116.0
119.8
116.9
115.3
114.8
116.5
119.1
115.8
114.1
111.7
113.0
108.9
111.6
114.5
111.3
112.1
114.0
109.9
115.2
109.3
108.8
115.6
108.7
108.8
111.4
110.2
113.9
112.5
111.3
109.5
115.2
112.9
110.2
109.9
110.9
108.2
104.9
106.8
107.9
107.6
105.5
105.6
104.6
103.3
104.5
103.5
101.8
98.2
98.5
98.0
95.5
97.3
97.3
96.6
96.0
96.3
96.7
95.3
93.3
92.6
96.8
95.6
96.5
97.4
95.3
98.7
97.8
101.7
102.6
101.2
101.0
101.5
103.1
103.6
104.3
103.5
104.3
104.4
106.7
102.3
105.5
103.6
102.8
104.1
101.4
104.9
103.3
100.9
103.4
103.0
100.5
100.5
99.9
100.4
103.6
98.4
96.5
104.2
104.3
100.0
102.6
101.6
98.5
100.3
102.5
96.1
97.4
95.1
94.2
96.1
96.2
95.0
94.6
91.8
91.0
92.6
92.9
91.5
92.2
92.7
89.7
91.8
92.3
90.2
92.3
99.7
99.4
103.9
103.0
108.0
105.8
105.1
104.1
107.6
104.9
106.2
106.8
106.1
105.6
106.7
106.2
105.9
107.5
105.0
104.9
107.1
107.5
106.8
108.1
111.1
112.4
113.9
108.4
107.4
109.4
108.7
109.2
110.4
108.8
109.0
105.6
104.6
103.9
101.4
101.4
100.1
99.0
96.6
96.3
97.6
95.9
93.5
94.7
95.3
93.5
94.7
92.9
92.8
93.0
91.2
93.7
91.4
93.7
92.9
93.3
96.3
93.7
93.0
94.9
94.1
94.6
92.4
94.4
92.1
93.6
93.0
93.3
94.6
94.0
93.3
92.8
93.2
91.5
94.4
92.5
93.9
93.1
93.7
96.1
97.8
92.8
94.3
93.9
91.5
91.4
93.5
92.8
96.8
93.6
89.8
93.4
89.9
96.3
97.8
105.0
105.9
105.9
111.2
110.6
110.7
107.6
111.9
109.3
110.5
107.6
107.6
115.2
109.5
109.0
113.3
111.7
107.0
115.8
119.8
113.4
112.4
121.9
121.8
116.0
111.0
115.6
122.2
116.1
116.7
116.0
113.6
114.7
118.7
120.3
126.7
122.8
116.4
114.6
118.5
119.4
119.5
118.3
117.1
123.6
119.6
115.3
119.4
113.1
116.9
119.8
113.2
111.3
113.2
119.4
115.4
114.2
107.9
104.1
110.0
108.4
102.5
101.8
104.7
112.1
106.2
103.0
103.6
98.0
106.9
114.3
116.4
117.4
115.8
111.8
111.4
125.5
121.9
119.3
118.7
120.1
133.2
139.5
139.9
140.4
138.0
131.0
122.2
123.5
127.8
132.6
127.3
129.7
124.8
126.0
127.3
129.2
125.6
128.7
129.1
128.7
108.7
105.9
106.1
103.0
101.9
103.1
101.7
99.7
105.6
100.8
101.2
102.8
103.6
101.9
105.3
105.5
101.8
106.1
101.5
103.0
101.5
101.6
105.3
99.0
102.0
99.2
98.7
98.5
101.4
97.9
100.9
99.1
98.5
98.4
97.5
97.8
97.5
97.1
94.9
95.0
92.9
92.0
96.0
91.7
92.7
89.9
91.6
89.0
91.1
89.6
88.5
89.5
88.1
87.9
85.6
86.9
87.7
89.1
87.4
85.7
84.5
84.4
83.5
85.4
84.1
84.4
83.9
85.4
85.3
84.2
85.7
84.0
85.7
84.7
83.9
85.0
81.8
84.6
82.8
83.8
81.1
83.1
84.1
84.1
84.3
81.7
82.4
84.7
84.8
85.7
83.4
80.5
82.9
82.0
86.9
85.5
84.1
83.3
81.9
82.6
83.8
84.6
83.7
87.7
85.6
87.3
86.5
87.9
87.3
85.1
86.9
85.4
88.0
86.8
86.8
85.7
84.2
90.1
84.6
86.1
86.8
85.9
83.9
85.3
84.1
85.1
86.2
84.3
85.0
84.5
85.1
83.9
84.6
85.5
85.1
85.6
83.4
83.1
85.1
83.8
85.9
83.4
84.2
85.1
85.7
84.8
84.5
82.9
84.3
83.1
85.6
85.9
84.5
84.1
83.3
85.2
84.7
82.6
84.9
82.3
82.7
84.6
84.4
84.7
85.4
85.3
83.5
83.1
84.7
84.7
84.5
85.6
83.7
84.3
89.4
87.0
82.7
84.0
84.5
85.0
83.4
83.2
84.1
85.3
82.6
81.6
85.3
81.8
86.0
85.5
84.9
87.5
86.8
87.3
86.2
86.6
85.6
86.4
88.8
89.6
87.2
89.6
86.9
86.7
88.3
86.1
87.2
84.4
85.3
84.6
86.0
87.4
88.0
85.9
85.8
85.3
84.3
84.4
84.2
86.1
85.8
85.1
83.8
84.9
83.6
84.0
86.2
85.2
85.9
83.1
85.1
85.0
86.4
83.4
91.7
88.2
87.5
87.3
87.6
84.4
87.7
83.2
84.8
84.5
85.9
82.2
85.4
84.7
84.0
87.7
85.4
86.8
86.3
91.1
87.9
88.3
89.1
86.9
88.4
88.3
85.6
86.5
85.8
85.9
85.1
85.7
87.4
88.9
93.0
87.8
84.4
87.5
88.5
84.8
86.6
87.0
86.4
86.7
86.0
88.9
85.4
85.6
87.7
84.4
84.8
85.5
88.3
89.2
86.4
88.2
88.9
86.2
87.6
89.0
91.0
89.0
89.0
91.6
91.6
92.8
98.2
98.3
102.8
104.2
104.3
116.7
106.9
106.3
108.2
106.0
100.8
100.6
98.0
93.6
97.2
95.4
90.1
93.8
95.1
96.8
92.7
95.5
93.3
92.2
94.4
91.4
92.5
91.1
93.5
93.3
91.2
91.5
90.3
89.8
88.1
89.4
89.7
88.5
89.2
89.3
90.0
89.6
87.9
88.8
87.8
89.2
88.9
87.2
88.7
87.6
88.0
87.4
87.9
90.1
89.2
88.4
86.1
88.2
90.8
90.9
90.0
90.0
89.3
89.6
90.8
93.5
91.6
91.3
90.4
89.6
89.7
88.7
88.3
87.8
87.5
87.9
88.7
87.2
86.4
88.9
91.0
91.6
87.8
88.3
89.6
88.6
91.8
88.5
92.6
91.6
89.8
85.1
89.2
88.6
88.1
89.2
87.1
89.3
91.3
90.4
88.3
88.1
86.6
93.6
90.6
90.5
88.1
87.4
88.3
89.0
87.4
88.7
87.5
91.3
90.0
89.4
87.4
90.0
85.0
88.6
88.8
90.8
92.0
89.3
90.1
89.6
89.1
90.0
89.6
90.5
89.8
89.0
91.1
90.5
88.5
90.1
91.9
88.6
89.1
91.4
91.4
90.0
96.2
100.2
100.9
103.0
103.2
101.5
100.2
99.3
99.2
99.0
99.9
99.9
97.3
98.6
96.5
98.6
96.0
95.5
94.8
95.6
92.9
92.5
94.5
96.2
97.2
94.7
93.1
92.2
90.1
90.3
92.5
88.0
86.2
87.0
87.7
84.5
83.0
83.9
84.5
84.4
83.9
81.9
84.0
83.8
83.6
84.0
83.6
82.1
80.6
82.2
78.6
81.5
83.2
82.8
79.8
81.5
82.2
84.7
78.9
81.1
79.8
82.3
82.4
82.4
78.9
80.7
78.6
83.1
82.3
79.6
80.6
81.6
80.4
81.8
80.4
80.2
80.1
82.1
79.4
81.1
78.3
77.9
80.0
77.9
77.6
82.6
81.8
79.9
79.8
81.0
80.8
81.5
81.9
79.7
79.4
82.2
81.9
79.5
78.1
79.0
79.3
79.0
81.7
78.5
83.1
80.6
76.2
80.5
80.3
82.2
80.6
81.7
83.6
87.0
82.5
86.6
84.9
82.2
83.0
80.1
83.6
83.2
82.0
84.9
80.4
84.5
81.6
82.4
82.4
85.2
83.4
80.3
85.2
83.3
84.2
85.5
86.2
85.7
83.6
83.0
81.1
83.5
83.3
84.0
85.6
81.8
81.2
82.6
81.0
83.4
82.1
82.9
82.5
82.0
81.1
81.0
80.8
79.6
81.3
79.9
81.6
81.6
80.5
79.9
80.5
80.8
80.2
83.5
80.4
80.3
81.9
82.8
80.3
82.4
82.0
79.0
81.5
78.4
81.1
81.8
79.9
78.4
81.2
81.6
82.6
78.4
81.2
79.8
80.4
83.4
80.8
83.2
80.2
80.5
80.2
80.6
80.0
81.8
82.0
81.6
79.9
79.8
82.0
81.7
81.5
83.2
83.5
82.8
80.3
82.0
79.7
83.4
82.5
82.9
85.0
82.8
81.7
81.7
81.1
79.4
79.4
81.2
81.8
82.4
79.3
80.6
80.2
80.6
76.1
80.5
84.8
80.7
78.4
76.9
79.6
76.5
79.4
80.7
82.0
82.6
82.9
81.1
80.4
82.8
80.3
79.6
81.0
79.2
83.6
85.2
81.5
82.7
84.2
81.9
84.5
84.6
88.0
84.0
84.6
86.7
86.0
86.6
86.2
88.3
86.0
88.2
83.9
85.2
87.9
85.2
87.1
84.2
86.7
82.1
82.6
84.8
84.8
80.0
82.6
81.7
81.1
83.3
81.7
82.9
81.1
79.8
81.0
78.6
79.4
78.7
79.8
78.4
77.3
80.1
80.7
79.1
80.6
77.2
79.1
80.5
77.8
76.5
79.0
81.2
76.8
75.6
77.2
76.7
75.5
81.0
79.9
77.8
80.7
80.0
79.3
78.0
77.5
78.3
79.2
81.1
77.5
83.5
81.0
80.0
81.2
83.0
84.3
81.6
81.1
82.8
85.6
83.0
84.4
84.0
85.8
90.4
87.7
85.5
86.9
84.0
85.3
84.2
85.1
87.1
85.1
86.9
88.3
83.3
85.9
84.7
86.5
85.3
84.4
87.3
84.1
86.9
82.8
82.2
83.0
86.3
84.7
82.3
82.2
82.5
81.2
82.2
81.6
80.6
80.2
81.4
79.6
79.5
79.3
80.1
78.4
78.8
82.6
78.1
77.4
78.0
80.3
81.3
77.2
80.6
79.3
79.4
82.4
85.3
88.6
87.7
82.4
84.5
83.4
81.5
80.9
81.2
82.7
83.2
82.5
81.2
81.9
83.1
83.4
81.0
83.5
81.4
80.9
84.1
81.5
83.2
81.4
84.4
83.0
83.6
81.1
81.0
80.5
83.4
83.9
80.3
77.6
81.1
83.3
87.4
87.8
98.4
97.0
91.3
89.7
87.9
85.9
86.3
86.5
80.3
79.6
79.7
82.8
81.3
80.3
79.8
80.3
81.0
81.4
80.1
79.8
77.8
79.7
79.2
79.9
75.3
78.7
78.6
80.6
80.5
76.8
80.4
79.3
78.9
81.9
90.0
83.1
85.4
82.2
82.8
85.4
84.5
87.1
85.6
84.6
85.3
88.7
87.6
87.0
83.6
86.9
87.6
87.0
87.3
85.4
91.1
87.6
87.5
85.7
88.6
91.2
89.2
89.0
88.7
88.3
87.4
88.7
89.7
89.3
87.1
87.5
86.7
87.0
91.4
91.3
90.1
90.2
91.1
90.1
90.2
88.5
88.5
91.2
88.6
91.9
88.1
88.2
91.8
91.7
90.4
87.5
88.9
89.5
89.4
90.0
89.5
89.0
88.1
91.9
86.9
90.0
92.8
94.3
90.9
94.3
93.5
93.9
95.6
95.0
91.9
92.1
92.6
91.9
88.1
86.1
84.7
91.8
106.4
107.7
98.9
99.4
92.4
91.1
90.0
89.7
91.0
89.4
91.8
97.2
96.5
93.1
88.0
86.8
86.6
85.9
85.4
86.5
92.5
92.7
93.7
95.8
96.3
97.9
95.6
92.2
96.4
93.3
93.7
90.7
90.5
88.5
89.9
86.7
89.1
88.9
87.4
85.9
87.4
87.9
88.8
93.4
86.1
90.4
89.6
87.5
90.9
87.5
88.4
87.8
88.5
88.7
89.5
88.9
90.1
92.2
89.1
90.8
87.7
85.7
84.3
86.2
87.0
87.3
84.5
83.0
83.1
88.8
88.2
83.1
89.0
91.2
89.2
89.1
86.1
84.7
85.3
82.9
83.0
83.0
83.8
82.1
83.1
89.5
85.3
90.2
90.0
85.6
83.9
84.0
84.1
86.2
82.5
82.2
83.6
85.7
84.1
84.7
85.2
87.0
84.3
87.0
84.7
87.4
85.3
84.7
86.8
86.2
83.7
84.6
86.0
81.9
83.0
83.6
86.2
84.6
85.0
85.8
84.3
86.0
89.6
90.9
90.9
91.0
88.1
87.8
90.1
92.5
89.7
91.8
89.8
89.6
88.2
87.0
88.6
86.4
90.0
85.7
89.4
84.9
89.0
84.7
83.5
87.6
88.5
85.6
82.7
82.2
83.3
84.7
84.6
85.7
82.6
84.4
85.4
84.7
83.1
83.9
83.1
83.5
83.3
83.5
83.6
85.0
81.2
80.4
82.6
82.2
82.4
83.9
84.9
81.9
81.6
80.8
81.9
81.5
83.0
83.2
81.9
85.0
85.2
82.7
82.2
80.6
83.3
81.1
85.8
82.7
81.2
81.7
81.8
82.5
82.2
81.7
78.8
82.1
83.8
80.9
82.0
79.1
81.7
81.9
81.2
82.4
82.2
83.6
83.2
85.6
81.0
83.8
82.3
82.1
84.4
85.6
84.0
82.3
83.9
81.6
86.3
93.7
84.7
84.3
84.5
82.6
85.6
83.9
81.4
91.5
83.7
85.7
85.4
84.7
87.1
84.2
84.4
85.1
87.5
84.8
85.8
85.0
86.7
81.8
85.5
83.7
83.1
86.9
86.7
87.4
87.3
86.2
86.9
83.4
85.3
85.5
84.3
84.5
87.8
90.2
90.5
88.8
83.5
87.1
86.0
86.9
88.3
88.6
85.2
88.6
85.4
85.1
88.8
86.3
87.0
87.3
86.5
86.3
87.2
87.6
88.0
87.6
90.1
87.7
86.8
87.6
84.7
91.1
90.0
89.0
88.9
88.3
85.4
87.3
90.6
87.1
88.8
88.0
88.9
85.3
86.5
92.6
86.4
85.6
81.8
82.7
81.3
80.4
81.2
79.1
77.6
81.0
79.1
80.1
80.0
78.3
78.9
79.0
79.5
86.0
84.7
83.1
85.4
82.6
81.3
80.0
79.9
76.4
78.5
76.5
78.2
76.8
76.8
79.1
79.1
78.5
77.7
76.5
77.6
84.6
81.7
81.7
80.0
79.7
82.7
77.1
80.7
81.6
83.2
81.1
79.0
82.6
78.0
78.3
84.2
80.1
76.4
79.1
78.6
80.6
78.8
78.8
78.4
83.5
83.1
80.6
82.2
78.9
76.8
78.8
79.7
79.5
85.2
80.9
78.3
82.0
86.0
80.3
83.7
84.0
82.8
79.6
81.6
82.0
78.6
79.5
86.1
86.4
85.5
86.2
85.5
88.9
88.5
87.4
87.0
90.8
89.4
84.9
89.0
88.4
88.5
87.0
89.0
89.3
86.0
89.1
88.0
88.4
89.5
89.7
87.4
87.3
86.3
83.2
83.2
82.9
78.5
83.3
81.3
80.5
80.2
78.3
81.8
85.0
85.8
86.2
83.6
87.2
85.9
83.4
82.1
81.2
80.4
80.5
84.5
82.6
86.5
85.6
83.6
82.2
79.1
80.7
83.5
81.1
77.9
81.9
85.2
83.7
83.6
78.6
78.3
78.5
80.2
86.0
82.1
83.2
88.1
86.2
85.4
89.0
87.9
88.0
87.4
86.5
81.7
82.2
83.5
83.0
82.8
83.1
81.9
84.1
86.5
86.9
87.7
87.2
84.7
82.9
89.1
86.4
84.3
82.19999999999999
86.1
87.9
89.70000000000002
89.0
90.5
88.7
97.0
88.1
88.9
91.3
88.3
85.3
92.2
92.4
91.0
97.1
96.4
92.5
93.6
88.7
94.1
91.2
90.6
91.5
94.1
92.9
91.4
93.6
94.6
92.7
94.5
92.9
93.3
91.1
91.3
91.0
93.8
94.1
92.8
92.1
97.3
96.0
92.3
95.6
93.0
95.1
95.1
91.9
92.4
93.1
92.1
94.4
93.0
92.9
92.80000000000001
94.9
95.9
98.8
97.2
94.3
91.9
95.6
93.7
94.4
95.5
91.5
92.3
90.1
89.1
87.0
87.2
86.0
90.1
90.2
89.1
88.2
88.0
89.1
88.7
88.6
85.4
87.6
88.4
86.7
83.6
86.9
89.5
88.6
86.4
89.1
89.1
93.2
88.7
88.0
89.4
85.9
91.0
90.2
87.9
85.6
87.7
87.6
90.2
88.0
91.9
91.4
90.6
91.7
85.3
93.3
91.2
93.4
91.4
94.1
96.79999999999998
93.9
91.9
89.8
87.69999999999999
89.2
88.5
87.6
92.0
92.3
92.6
97.3
92.9
88.50000000000001
96.7
91.0
89.7
90.5
88.3
88.4
88.5
90.5
89.4
89.2
88.0
91.6
87.3
87.5
88.4
91.6
87.3
89.5
92.3
87.7
86.2
84.0
85.7
83.2
83.6
83.3
85.8
83.9
79.3
80.5
81.8
84.0
82.0
81.8
80.8
87.4
86.1
87.5
82.0
76.5
88.0
83.9
84.0
84.6
87.5
86.6
85.4
81.3
86.2
81.3
83.5
81.2
82.9
83.2
79.5
85.0
84.6
80.8
82.6
78.9
80.8
82.3
84.9
82.3
82.4
81.7
83.1
80.2
81.0
79.5
89.1
84.1
82.1
80.0
80.1
84.6
85.0
88.4
85.2
84.6
84.4
83.3
84.4
84.4
81.7
83.6
82.8
80.8
80.5
79.8
79.0
81.8
81.6
83.0
88.0
84.7
89.7
82.9
86.2
84.1
85.9
88.5
85.7
85.8
88.9
84.7
85.2
83.2
82.8
84.6
81.2
80.9
81.9
84.5
80.3
83.7
81.1
84.9
81.5
88.0
81.6
83.1
79.7
83.2
84.6
80.9
80.7
82.1
83.8
84.7
80.5
80.5
82.9
76.7
87.9
85.3
82.1
85.7
85.9
85.3
88.9
86.7
85.3
88.5
85.0
85.8
87.8
88.4
85.5
85.2
87.0
88.4
87.3
86.1
89.2
89.7
88.5
86.7
84.6
85.2
86.6
90.9
87.8
87.4
86.9
89.2
88.1
87.3
84.9
82.9
86.0
81.0
87.2
84.9
80.9
79.5
83.0
83.1
80.4
84.2
83.8
85.9
88.0
87.7
85.8
86.7
84.9
86.7
92.0
86.7
87.6
86.0
89.1
86.8
89.8
85.3
86.6
85.2
87.9
91.9
88.3
89.4
90.3
87.6
88.6
89.3
89.8
89.1
93.2
92.8
95.2
93.5
88.3
91.6
88.1
90.4
91.3
92.1
91.1
89.7
91.8
93.3
90.3
87.6
89.9
88.9
86.6
87.7
82.1
84.7
86.9
87.5
83.5
83.8
82.5
82.7
87.0
90.5
88.4
84.0
85.5
82.0
80.6
81.7
83.3
81.0
79.4
78.6
81.4
85.8
92.2
91.3
88.7
88.4
83.7
86.3
83.5
85.0
83.2
88.2
83.9
80.6
83.0
84.2
82.1
83.9
83.0
81.5
85.2
83.7
82.1
85.5
85.4
86.9
82.0
81.1
84.2
82.8
81.7
84.5
81.2
84.4
92.9
86.6
91.5
87.1
87.0
86.0
84.7
83.2
85.9
83.4
86.4
88.7
88.5
89.2
85.6
83.2
84.9
83.2
86.8
86.6
89.8
95.9
92.1
87.4
86.1
86.5
87.9
84.5
90.0
90.8
85.2
86.9
85.8
85.9
89.6
95.1
92.2
92.9
93.1
93.3
91.2
92.9
93.9
87.8
85.9
86.6
87.1
92.0
88.4
88.1
91.1
86.3
83.9
90.1
93.6
98.2
96.3
93.1
93.5
94.0
94.8
92.8
90.9
90.4
85.6
87.7
87.6
85.9
84.9
86.4
83.4
86.9
87.6
95.3
93.6
94.0
91.5
90.9
88.5
86.5
88.6
88.5
83.8
82.6
86.2
86.3
93.5
85.8
86.1
84.9
86.4
86.1
86.8
85.3
83.6
91.1
94.3
88.4
86.8
86.9
86.2
85.7
84.2
85.2
81.4
83.3
86.4
86.1
85.1
83.8
86.8
84.4
85.8
85.0
88.2
83.9
86.9
87.5
85.0
84.5
87.2
84.2
80.7
89.8
87.4
84.0
86.3
88.1
96.0
91.3
91.1
87.7
90.8
86.6
85.2
83.5
85.0
84.8
82.3
87.4
94.7
86.0
87.7
86.0
82.5
83.0
85.6
87.7
91.9
91.9
88.1
89.6
89.7
86.3
82.8
85.8
90.0
86.4
85.3
90.9
92.1
88.6
86.5
87.6
85.9
84.6
83.8
90.2
85.4
86.8
83.3
87.6
92.0
86.1
85.9
84.8
85.3
85.4
85.2
83.9
81.4
83.5
81.3
80.5
87.8
81.9
81.2
81.6
84.2
87.0
86.4
84.4
82.4
83.6
82.2
78.7
82.6
79.3
81.2
80.0
79.7
79.2
80.0
82.8
81.3
80.4
80.6
81.8
79.8
80.0
82.9
83.1
81.4
79.5
79.7
82.5
82.1
80.9
80.5
83.3
87.4
85.6
86.3
88.8
84.9
84.6
88.3
83.2
83.3
83.9
84.3
85.1
84.7
82.9
82.3
84.4
83.4
84.5
84.9
83.9
86.1
84.2
85.0
85.0
87.8
89.2
91.8
87.7
86.7
83.2
85.9
84.0
84.7
84.4
83.9
83.5
83.3
86.7
86.1
87.2
85.9
85.8
85.9
85.8
85.7
86.0
87.8
89.5
89.9
89.7
88.1
87.7
90.7
88.3
88.1
87.3
87.1
88.0
89.8
87.2
88.6
92.0
90.8
88.7
90.8
90.1
88.6
92.2
90.5
91.8
90.0
88.4
87.3
88.2
89.7
90.0
88.9
88.6
89.4
91.1
87.2
88.0
87.0
88.4
88.3
87.9
87.6
90.9
91.4
90.1
87.9
87.6
86.1
87.3
90.4
87.3
86.3
87.0
86.9
86.3
86.1
86.0
85.1
83.6
87.2
83.1
85.4
86.2
86.3
85.5
89.7
86.6
85.2
82.9
86.6
87.4
84.8
85.2
86.0
82.8
85.1
82.8
86.9
83.2
81.2
83.7
84.3
81.8
84.5
82.9
84.1
82.9
83.4
81.9
82.3
81.0
87.6
83.1
90.9
93.8
90.1
87.7
87.1
87.8
86.2
87.0
87.6
86.4
86.3
84.7
82.6
82.7
86.4
85.8
85.3
83.8
83.8
86.4
84.3
83.6
85.5
84.3
81.9
89.0
90.5
88.1
88.0
87.1
86.5
86.3
87.5
89.6
88.3
89.3
89.3
87.2
87.5
88.1
85.7
86.0
82.8
87.0
86.1
84.5
86.7
86.0
85.1
84.2
84.9
84.6
85.8
86.1
86.4
86.4
86.2
82.3
85.3
85.3
83.1
84.0
84.0
85.3
84.8
83.1
87.4
86.8
86.0
86.5
87.4
90.4
88.6
89.7
89.7
89.4
90.6
87.8
89.9
88.5
88.7
89.5
90.3
88.3
84.9
86.8
90.9
88.4
89.0
89.3
87.5
81.7
85.9
82.3
86.9
87.1
86.6
84.8
85.2
90.4
87.7
90.3
87.3
90.2
91.1
91.3
90.0
92.7
89.0
88.3
92.6
90.8
90.9
92.5
97.8
93.6
93.3
94.0
92.2
92.8
91.7
93.6
96.3
95.6
95.7
94.0
95.4
95.3
97.0
97.0
95.8
98.6
97.5
96.1
93.3
97.7
101.5
98.8
102.1
107.2
102.2
101.3
101.6
111.9
120.4
105.6
104.7
103.80000000000001
124.7
113.8
101.4
95.4
96.8
98.0
97.1
95.8
98.4
96.9
97.2
99.1
103.1
101.5
105.1
99.0
95.7
94.3
93.7
94.4
91.6
91.1
89.1
91.3
91.2
94.1
93.5
91.4
88.9
90.4
87.8
86.5
86.4
87.5
86.4
84.8
85.7
82.3
83.3
87.5
82.6
86.1
83.7
86.3
85.4
82.0
80.2
85.9
87.2
85.2
88.3
86.1
85.8
84.1
81.9
83.7
82.5
82.5
84.9
87.6
85.8
84.6
83.4
82.3
82.8
87.8
87.7
86.5
83.9
84.4
84.2
83.3
84.5
90.9
88.2
84.9
85.3
87.5
90.5
86.5
91.6
91.0
87.7
90.7
87.9
88.6
96.9
85.1
83.8
83.4
82.1
85.1
85.1
82.0
86.0
82.6
81.9
80.9
86.2
85.6
85.3
84.5
84.5
84.1
82.4
82.8
78.2
82.0
79.8
79.6
82.1
79.4
80.9
83.2
86.0
82.6
83.6
87.1
87.9
86.9
85.1
86.2
88.8
87.0
90.7
88.5
88.5
89.9
91.1
89.9
89.5
92.2
90.1
88.6
89.9
89.6
88.4
90.6
91.4
87.0
89.5
90.5
85.5
87.5
89.3
84.6
84.3
84.9
85.1
86.1
85.4
83.8
83.6
84.9
85.1
83.9
82.4
81.0
83.4
82.9
84.8
83.1
82.0
84.6
84.1
84.8
81.0
84.5
83.3
81.1
86.8
85.4
85.1
83.1
87.4
84.6
84.3
82.0
83.0
87.0
85.4
82.6
85.2
84.9
86.4
87.6
87.9
85.6
85.8
83.7
86.0
83.3
84.1
85.7
84.8
81.5
82.9
84.6
87.2
87.2
87.9
85.1
87.3
86.2
86.0
79.9
82.0
81.0
84.8
85.8
85.1
88.6
84.1
84.9
86.4
88.3
89.2
89.8
89.3
91.5
87.3
88.9
90.5
86.2
84.5
86.1
82.5
83.9
81.0
84.9
81.5
83.5
87.6
83.0
88.3
86.3
85.8
84.6
83.6
83.1
82.4
83.3
79.2
87.0
89.9
87.6
87.4
85.5
82.2
84.7
81.5
83.1
87.4
85.8
82.6
82.6
81.6
85.3
85.6
81.3
83.9
79.9
80.7
81.2
80.6
79.5
81.3
80.6
83.8
82.9
80.8
80.0
81.4
86.4
83.8
80.7
83.4
79.8
86.5
84.2
85.7
83.4
82.1
83.7
81.2
83.0
81.6
80.4
81.5
81.7
82.6
82.7
86.0
82.8
85.0
83.7
81.8
81.7
83.8
85.0
83.4
81.6
78.9
84.4
80.9
81.1
84.6
82.4
80.4
84.0
79.7
80.6
84.3
81.7
82.1
78.2
80.3
84.3
87.9
83.2
85.5
80.9
83.0
80.8
80.5
82.0
82.4
82.8
84.7
81.8
83.8
84.8
85.6
85.0
82.8
83.2
85.5
82.3
85.6
87.8
83.3
85.3
82.0
84.5
82.1
82.2
87.4
82.8
86.1
84.4
88.1
89.4
86.9
86.3
87.8
90.1
87.7
87.8
90.8
89.9
89.0
89.7
90.5
90.1
90.2
86.9
89.7
90.6
90.2
85.7
87.3
88.0
85.8
85.2
88.4
84.9
87.4
85.9
83.8
86.4
82.3
84.6
82.8
84.7
86.2
84.0
84.1
83.4
83.5
81.4
82.7
82.8
80.1
84.3
83.0
89.8
96.6
89.9
88.8
88.3
86.1
90.9
89.1
90.2
88.6
89.3
87.8
89.6
86.1
89.7
88.5
87.8
88.0
87.0
85.2
90.5
91.5
90.1
95.5
89.0
94.6
87.1
89.9
86.6
86.3
84.4
85.8
84.4
85.5
87.7
87.7
86.6
84.5
86.7
85.9
83.9
85.2
84.5
81.2
83.1
88.4
83.2
80.0
83.2
81.8
82.4
86.4
82.7
82.5
78.4
78.4
81.8
82.6
85.8
91.9
92.8
91.3
91.7
87.9
89.2
89.8
88.8
87.5
89.6
85.6
87.5
86.7
88.5
87.1
86.9
88.4
89.6
90.1
90.8
87.9
88.8
86.8
87.7
86.9
88.1
87.4
89.5
85.6
84.5
87.3
88.3
102.8
94.9
94.1
90.8
94.1
92.0
93.6
94.1
96.0
98.3
93.4
93.9
95.7
95.8
94.0
96.7
94.2
94.9
95.1
94.8
95.2
93.2
97.4
97.4
95.2
98.1
98.4
96.5
101.0
97.5
96.3
98.2
97.6
119.6
99.2
94.3
101.7
98.3
96.9
95.3
93.2
93.7
91.2
92.8
94.1
90.6
94.9
95.1
98.0
94.4
95.5
96.8
98.1
100.7
95.4
94.8
102.4
95.0
94.7
94.7
96.7
97.8
97.4
98.0
95.7
93.2
99.2
95.8
97.0
98.0
96.2
98.0
96.7
102.1
108.9
103.4
99.9
95.0
99.9
98.9
94.2
95.3
95.8
105.7
102.7
95.1
99.9
102.1
105.3
105.2
102.7
104.4
104.1
106.7
107.6
104.8
105.0
102.7
102.0
106.7
105.9
105.8
109.5
105.0
105.1
109.4
102.5
106.4
103.4
104.8
107.3
104.5
110.8
114.8
108.0
105.6
109.7
101.3
107.9
102.9
107.5
105.4
107.6
105.0
104.4
110.4
108.7
108.6
109.9
105.8
105.1
107.2
103.6
105.0
106.2
108.1
101.6
102.4
105.1
101.3
97.5
103.9
99.3
95.6
95.4
94.9
96.3
96.4
91.7
92.1
91.1
89.6
87.2
91.3
87.4
88.4
86.3
85.7
88.1
86.2
84.4
87.9
86.4
84.0
86.7
89.0
86.2
83.6
85.2
85.2
84.0
85.3
86.6
87.7
87.5
90.6
90.5
91.5
87.5
87.7
89.8
85.7
84.5
87.0
85.1
87.7
88.9
88.4
87.0
84.0
83.0
83.2
85.9
86.6
87.3
90.4
86.2
87.5
85.8
83.6
85.6
89.3
87.2
85.2
90.8
87.4
88.5
87.4
90.2
89.4
87.0
86.2
87.3
85.3
86.1
87.6
86.7
84.7
87.9
87.8
93.2
88.4
86.4
86.4
87.1
86.7
84.3
87.0
84.5
85.6
83.6
83.2
81.2
82.4
84.8
84.3
85.9
85.0
81.7
82.8
81.5
86.5
82.4
83.8
86.1
86.0
83.4
85.5
82.2
83.0
86.0
82.9
83.0
82.4
88.4
85.1
84.4
83.5
83.9
84.6
81.5
85.8
84.5
82.1
82.3
83.6
84.3
84.4
86.7
85.5
86.6
83.5
85.1
83.6
85.3
80.6
80.9
84.3
86.3
89.1
86.7
82.7
84.3
81.8
84.0
86.1
83.1
81.2
89.1
81.3
85.1
89.6
85.3
83.7
83.2
88.8
83.9
83.3
87.6
92.1
92.4
89.1
88.6
88.4
88.2
90.6
92.0
95.1
90.1
91.4
89.2
88.9
89.9
85.0
86.5
88.5
91.3
91.6
88.9
88.3
87.5
84.2
87.0
84.8
85.8
86.6
85.8
84.2
86.2
82.8
87.9
84.6
83.5
83.2
86.6
84.0
88.6
90.4
88.0
87.9
91.7
92.1
91.8
91.0
92.3
89.8
91.0
94.1
92.6
92.2
90.7
98.9
97.6
96.29999999999998
92.8
97.5
92.1
91.1
90.8
89.4
89.3
88.5
87.5
87.0
87.6
84.4
84.3
82.8
85.5
83.0
86.2
84.2
83.0
82.4
82.1
84.6
82.0
82.2
81.2
82.4
86.2
81.5
84.1
81.2
81.3
80.6
80.3
80.1
80.6
76.0
80.9
86.5
81.3
80.2
79.8
79.4
81.1
80.5
79.7
86.5
83.0
85.8
85.3
84.4
82.6
82.4
82.6
82.1
80.9
82.3
80.4
84.8
83.5
80.8
81.7
81.0
80.7
84.4
82.6
83.2
84.5
85.2
88.3
85.3
83.1
84.2
84.5
81.2
83.2
82.6
83.7
81.6
82.0
90.5
87.3
89.0
84.4
83.3
85.7
85.6
85.6
88.2
87.8
91.1
90.8
94.2
94.1
93.3
92.0
91.9
92.8
94.7
93.3
95.8
95.1
92.3
89.0
85.5
86.7
85.0
85.2
86.3
83.0
83.0
83.4
86.6
91.1
89.2
88.0
85.4
88.1
88.0
86.8
85.7
86.6
85.9
87.8
86.2
89.6
88.3
89.5
91.0
92.3
91.7
92.6
92.6
88.2
89.8
89.9
95.0
99.6
96.6
88.3
87.1
89.3
87.2
86.1
85.9
85.6
82.1
84.5
82.3
80.3
81.0
80.6
78.7
77.7
82.2
80.1
76.9
78.6
78.3
78.4
74.2
77.9
79.5
76.7
78.1
76.7
79.0
78.5
77.0
77.9
73.8
78.7
75.6
78.4
79.2
77.8
76.8
77.9
79.1
79.5
77.7
80.1
78.4
77.6
78.6
78.2
78.6
77.1
76.4
76.4
79.1
78.4
78.9
79.9
78.6
78.5
78.7
78.9
78.3
79.4
77.6
78.0
79.3
80.1
80.8
80.5
81.1
78.1
77.1
80.7
78.2
79.4
83.2
82.5
82.0
80.9
82.2
81.5
79.7
80.1
82.1
80.0
80.6
82.0
80.4
79.6
80.3
77.5
81.5
77.3
79.1
77.9
80.6
78.3
78.3
78.8
79.7
78.4
80.4
79.4
79.7
79.9
78.7
79.7
77.0
81.7
79.5
80.2
79.5
77.5
79.0
79.7
76.7
80.1
76.3
80.8
83.3
82.7
78.7
82.2
78.0
78.5
78.4
80.3
79.6
81.1
77.6
78.0
80.9
79.3
79.2
80.0
77.7
78.7
79.4
79.2
77.1
77.3
77.0
80.8
79.6
80.4
80.2
79.1
80.0
81.8
79.2
79.5
78.9
79.8
80.4
78.1
79.2
81.6
80.1
75.7
78.2
78.6
79.3
81.5
80.9
80.30000000000001
82.2
82.85000000000001
83.5
84.15
84.80000000000001
85.45
86.10000000000001
86.75
87.4
85.2
91.1
83.8
85.3
85.1
85.3
83.8
84.5
88.4
84.2
84.0
86.7
83.1
80.8
83.7
82.3
82.3
84.4
83.3
85.1
84.8
83.5
82.6
80.0
82.5
82.5
83.3
80.2
81.6
83.0
83.7
80.6
82.1
80.8
82.0
80.9
83.2
84.0
82.5
84.9
84.7
87.6
84.0
84.2
84.8
84.3
86.1
84.6
84.5
83.8
85.8
82.9
86.9
86.4
87.6
86.0
89.5
93.8
88.8
88.9
85.4
84.6
85.3
84.6
85.5
85.2
83.9
80.1
82.9
82.8
83.4
81.2
82.8
85.8
85.5
85.6
87.4
84.9
88.3
85.3
84.6
86.5
85.4
82.3
82.7
81.5
84.4
84.6
80.6
82.3
81.7
79.4
82.0
81.5
80.0
79.3
81.5
79.7
78.2
80.1
80.6
78.8
79.1
77.3
80.7
78.7
78.4
80.8
79.8
79.0
76.6
78.2
79.3
78.7
79.6
77.0
79.1
81.3
80.4
78.2
79.3
77.5
79.5
79.2
79.4
79.1
79.5
78.8
79.1
78.5
74.8
77.4
79.1
80.1
78.2
78.6
78.2
79.5
82.7
78.9
77.6
78.3
77.5
80.3
78.9
78.6
76.3
78.4
80.1
76.7
79.5
79.8
79.1
78.5
80.4
80.2
78.8
79.7
79.6
79.4
81.1
77.7
79.0
76.8
80.2
79.4
81.1
78.3
79.4
77.8
75.8
78.1
83.3
81.3
77.0
76.8
75.3
75.6
75.4
75.4
76.7
76.6
76.2
75.7
74.3
76.8
77.0
77.6
78.8
75.3
76.6
74.8
76.2
75.7
77.5
78.0
76.8
76.2
78.1
79.6
79.6
83.1
85.8
82.9
87.3
90.1
88.0
89.7
80.5
91.9
91.9
89.1
89.8
88.7
90.1
86.2
86.8
88.7
87.9
89.3
89.8
90.3
96.5
92.4
91.4
92.5
89.4
88.9
90.6
86.3
88.2
86.7
89.7
92.0
93.4
94.6
91.0
92.4
92.0
89.5
88.1
90.8
90.6
91.4
94.7
93.6
94.5
92.2
94.0
93.6
92.0
96.2
93.7
92.7
97.0
92.6
92.1
95.0
95.8
93.9
93.2
101.8
98.8
96.3
93.1
93.4
96.8
91.5
96.1
96.4
92.7
95.6
97.6
100.8
105.9
99.0
100.6
100.8
105.5
106.6
107.0
107.0
106.5
106.4
104.3
103.9
103.5
98.8
100.3
103.2
102.2
100.5
105.7
102.9
100.6
105.5
95.8
97.4
93.4
95.2
94.4
96.3
100.6
98.1
99.9
107.8
118.3
115.5
122.1
114.9
109.9
106.6
106.5
103.3
102.8
99.6
100.1
97.6
97.0
97.7
100.2
98.9
98.6
99.4
98.0
98.0
97.4
99.2
96.2
95.9
98.0
95.0
96.7
94.3
90.9
87.9
87.9
88.3
88.5
84.6
85.7
83.7
82.5
81.5
82.2
85.3
83.8
83.8
83.3
84.3
83.5
83.6
79.9
81.6
82.5
81.8
83.1
80.7
80.1
80.5
82.4
78.6
81.5
77.8
80.8
81.0
80.0
80.6
77.0
79.8
79.8
75.0
81.6
81.5
77.8
80.8
76.8
80.0
78.7
79.2
78.6
78.6
77.8
77.2
75.5
78.5
77.5
80.1
75.7
79.0
80.5
79.9
79.4
76.7
80.1
77.1
77.4
77.4
78.1
78.6
81.1
79.8
80.2
78.1
82.2
81.0
82.7
82.7
81.8
81.9
80.6
82.5
83.4
81.1
86.2
89.1
84.6
85.8
85.3
83.9
84.9
86.8
87.1
87.1
86.6
85.4
91.3
87.5
87.7
89.7
88.9
89.3
90.2
85.4
86.4
86.8
88.2
88.9
89.9
88.4
86.3
86.7
85.5
85.9
85.5
87.1
86.9
87.5
84.8
87.1
84.0
84.3
84.2
85.5
86.3
85.6
84.0
85.6
84.6
84.1
82.2
82.6
81.7
83.3
83.6
86.5
83.5
82.0
85.6
85.2
89.0
85.7
86.4
90.2
84.3
87.1
85.9
89.4
87.6
86.8
85.7
87.0
87.1
87.0
86.3
86.1
86.8
86.4
86.5
86.8
88.8
86.3
87.7
88.4
88.2
91.7
89.2
89.5
91.3
88.1
89.3
88.9
88.8
87.5
89.9
93.5
90.8
91.8
92.8
90.3
91.3
95.3
91.7
90.5
93.0
92.8
94.9
92.6
95.1
92.2
93.0
92.6
88.6
91.4
89.6
91.3
91.5
91.2
92.0
92.9
91.4
92.3
94.1
94.7
97.3
92.6
91.4
93.9
96.9
94.8
92.7
97.3
96.4
94.3
103.4
99.7
102.3
100.1
102.1
95.6
100.7
101.3
93.8
95.9
91.7
90.4
94.5
93.7
93.5
94.8
94.6
96.5
92.9
91.7
92.3
90.5
95.6
92.3
91.3
90.8
91.0
89.5
88.7
89.2
90.0
88.8
88.3
88.6
87.5
84.5
84.5
86.7
88.3
89.4
86.2
89.6
88.0
85.8
85.6
86.2
86.4
86.9
87.8
84.8
83.3
85.0
87.0
86.7
85.0
86.3
86.5
85.9
86.6
87.1
86.2
85.4
85.8
83.9
86.0
85.6
86.1
86.2
85.4
84.6
84.9
86.5
86.7
86.1
85.3
86.6
86.6
83.7
85.9
84.8
87.1
86.9
84.5
83.1
83.2
85.6
82.6
84.2
84.2
83.2
84.1
84.5
85.5
83.8
85.1
84.4
83.4
85.0
84.3
82.7
86.4
87.7
86.1
85.3
84.1
84.2
82.7
83.4
84.4
86.9
83.6
86.1
83.4
83.9
86.1
85.2
83.5
84.8
84.9
83.5
84.5
85.8
82.3
84.2
85.0
85.7
85.4
84.0
82.1
83.9
86.3
84.5
82.3
85.8
84.9
81.9
83.2
81.9
82.0
83.2
85.7
84.3
80.7
83.1
83.1
83.1
83.1
83.4
82.4
80.7
83.4
80.7
84.0
82.9
83.6
83.9
81.6
83.0
82.0
80.5
82.4
82.6
82.0
81.4
82.6
81.0
82.1
83.5
82.9
85.2
81.1
84.3
81.8
81.3
84.6
89.0
84.1
84.6
84.6
81.9
84.3
85.1
83.9
84.0
83.9
85.1
86.7
85.5
80.4
82.3
81.4
83.6
84.3
94.5
90.2
93.2
94.4
95.0
91.1
95.9
93.5
96.3
92.3
95.5
94.3
93.3
91.9
93.6
93.1
95.9
102.3
100.6
101.7
101.1
98.8
99.1
105.7
105.3
104.89999999999999
108.9
107.7
109.5
108.8
106.5
125.3
117.1
113.5
110.9
116.6
124.0
112.6
109.0
106.7
107.2
102.6
102.8
105.1
103.4
100.8
100.8
99.8
96.4
94.2
94.2
97.4
97.5
100.0
97.7
96.5
97.5
98.7
97.9
99.9
100.2
99.0
95.8
103.5
95.2
99.1
98.5
96.0
97.6
96.6
98.8
98.9
96.3
94.0
95.4
97.2
94.1
94.3
95.2
92.9
93.5
93.4
94.9
97.1
93.6
93.2
92.5
91.7
92.9
89.3
92.4
94.2
93.7
95.9
92.5
91.4
92.7
92.5
90.2
93.0
93.3
90.5
91.5
89.9
91.6
90.4
89.9
90.8
93.2
92.9
92.9
91.6
89.5
95.8
96.3
97.9
96.1
98.3
93.5
93.6
98.7
97.7
100.5
98.0
96.1
97.9
97.6
96.9
100.2
99.6
97.2
94.5
97.2
97.7
93.6
97.3
98.9
96.8
103.5
100.5
97.0
99.2
98.1
101.3
101.8
100.5
99.5
98.1
97.4
98.6
98.6
98.6
96.8
99.3
99.3
102.4
164.9
105.0
122.9
106.2
100.8
99.8
101.2
101.1
99.3
99.6
98.3
97.9
96.2
98.2
99.2
99.5
100.0
97.3
94.0
95.9
93.4
91.4
95.3
94.0
93.2
94.3
92.1
90.6
91.7
88.9
91.9
90.7
94.2
93.8
92.0
90.2
90.7
90.8
90.3
91.8
88.9
91.4
91.1
91.8
89.8
88.5
88.5
90.2
90.0
90.4
84.9
89.5
88.9
86.2
87.5
88.7
88.5
89.1
91.0
91.6
89.4
88.2
87.9
89.9
87.5
89.1
88.3
90.0
88.7
88.3
89.1
87.0
89.8
91.2
87.3
88.4
85.8
90.7
88.3
88.7
89.9
89.0
89.2
88.2
87.9
85.7
89.1
87.8
88.4
88.1
90.8
92.8
95.9
93.3
95.8
96.2
96.1
95.0
94.2
98.1
97.5
99.6
100.0
94.6
100.1
94.0
97.2
97.4
96.3
99.5
96.2
100.0
99.4
95.7
98.1
94.5
95.7
98.4
99.2
92.9
96.2
99.7
102.5
105.6
101.9
105.6
105.1
103.3
99.6
98.8
98.1
97.1
95.5
98.8
95.8
96.2
98.7
95.1
94.5
93.0
94.8
94.4
90.4
91.8
93.2
89.8
89.6
90.8
91.0
91.8
91.4
91.5
92.9
88.9
89.6
89.9
89.8
86.3
92.7
87.8
93.0
91.5
88.0
88.5
90.7
88.7
91.9
101.0
98.3
97.1
96.6
95.3
106.4
99.2
95.8
95.4
93.2
93.3
92.0
92.3
98.5
118.5
120.8
112.7
113.0
107.5
107.6
107.5
100.3
98.7
97.3
94.8
95.9
96.0
95.1
94.3
93.5
94.4
94.5
94.2
94.3
94.5
92.3
92.6
90.8
91.6
94.2
93.4
93.0
92.5
92.4
93.1
97.3
98.4
99.3
101.2
102.7
99.2
96.0
94.3
91.3
95.1
94.9
93.1
92.3
88.5
92.4
91.7
93.4
91.1
91.1
90.5
90.3
92.6
90.4
91.6
94.8
88.3
90.3
91.8
91.5
91.8
93.5
92.9
91.9
88.8
89.4
90.6
91.8
91.6
95.3
94.9
93.2
91.2
90.6
91.9
90.8
92.6
90.8
91.2
90.4
90.8
90.8
92.0
90.0
94.5
91.4
89.9
87.9
92.2
91.5
92.6
93.1
99.7
98.2
95.0
91.8
93.2
91.9
92.7
90.2
94.0
90.9
91.0
91.9
90.3
94.3
91.3
90.1
93.5
94.0
94.3
96.2
101.1
100.8
99.3
102.4
100.8
100.5
103.3
99.8
96.9
100.8
98.2
99.4
97.2
94.4
95.4
95.5
95.9
98.4
103.1
96.7
97.9
95.5
95.9
93.8
95.2
94.5
92.3
93.7
92.4
91.0
93.8
89.6
94.2
92.8
91.3
92.1
92.8
92.2
92.0
96.3
99.2
92.8
95.5
91.5
91.7
93.2
93.9
95.9
94.8
96.8
91.4
92.1
91.5
89.2
97.5
100.1
96.3
95.3
93.0
90.4
92.3
92.2
91.8
91.4
91.3
93.7
105.8
101.2
103.2
99.9
106.0
107.1
108.0
108.0
105.4
107.3
112.0
110.6
112.8
113.0
114.1
111.0
115.4
120.4
133.0
118.9
122.1
117.4
119.8
118.2
118.2
122.1
115.1
127.8
142.5
127.2
131.4
131.5
135.1
131.4
129.3
133.8
128.2
140.5
144.7
142.0
138.0
132.4
127.4
127.3
126.9
123.1
114.5
108.0
105.9
103.5
102.6
96.5
97.8
96.7
95.0
91.7
91.5
92.9
88.5
89.6
89.3
89.7
89.9
87.0
88.4
87.1
88.5
87.6
87.8
86.1
84.3
84.7
84.9
83.7
83.3
82.1
83.5
82.3
84.7
78.3
81.2
81.8
80.6
81.2
82.8
78.8
80.9
81.6
80.2
79.7
80.6
79.7
77.7
76.6
80.1
79.1
78.3
79.2
77.4
79.8
77.8
76.9
80.4
78.0
79.3
77.3
79.9
78.4
78.6
80.5
80.0
82.0
78.3
79.9
77.9
78.7
77.8
77.9
80.0
77.6
79.3
79.6
79.7
80.3
79.2
77.1
78.0
79.8
77.1
78.6
76.2
78.2
75.4
79.5
73.2
78.9
77.1
75.9
76.4
78.6
77.7
77.6
77.7
79.8
79.9
77.1
80.3
78.9
78.3
79.0
77.6
79.1
82.5
76.9
80.0
79.1
79.1
78.6
81.3
78.2
81.8
78.3
81.0
82.0
79.9
80.2
79.1
79.2
80.6
79.4
78.8
79.5
76.0
79.0
77.4
79.4
81.4
77.5
78.3
77.4
77.3
77.3
76.3
78.3
79.6
81.2
82.2
78.4
81.9
77.2
77.6
78.9
79.3
78.3
78.4
79.8
80.3
78.0
76.4
77.3
78.5
80.6
77.1
78.8
80.4
77.5
80.0
80.7
78.7
79.2
79.1
80.6
79.0
78.5
79.7
79.7
78.9
80.0
80.4
81.1
82.5
81.1
82.7
82.9
83.5
77.9
79.3
79.2
77.4
77.7
80.2
76.8
78.9
80.1
79.5
79.7
77.1
80.0
82.1
80.9
80.2
82.2
79.1
80.7
92.2
85.7
84.5
81.2
80.5
82.7
82.4
79.5
82.2
82.0
82.0
80.8
82.9
80.0
78.3
81.8
82.1
78.6
80.5
79.0
80.3
82.0
78.1
80.5
83.6
82.8
81.9
80.7
79.5
82.5
81.9
79.0
81.3
82.0
80.7
79.9
80.1
80.4
79.2
80.2
80.7
78.6
80.3
81.5
80.6
80.1
82.1
81.4
82.3
82.8
79.7
82.0
77.1
79.4
79.5
80.9
79.1
78.0
79.2
79.4
85.5
80.3
79.8
77.8
76.8
76.9
80.2
79.0
79.5
79.2
77.7
80.5
81.6
78.5
85.1
82.0
81.5
84.2
86.0
89.2
85.6
86.2
89.8
87.8
84.8
84.6
82.0
86.4
80.6
85.5
84.1
82.8
81.1
84.0
82.6
81.5
81.9
80.8
80.5
82.3
83.3
82.1
80.9
81.2
82.5
83.8
84.9
83.3
81.2
80.3
84.1
80.5
80.7
83.7
81.0
81.5
85.9
84.6
83.0
83.5
82.7
84.5
83.1
87.2
84.9
87.7
85.9
82.1
83.3
85.2
83.2
85.8
88.39999999999999
85.9188679245283
85.97830188679245
86.0377358490566
86.09716981132075
86.1566037735849
86.21603773584906
86.27547169811321
86.33490566037736
86.39433962264151
86.45377358490566
86.51320754716981
86.57264150943396
86.63207547169812
86.69150943396227
86.75094339622642
86.81037735849057
86.8698113207547
86.92924528301886
86.98867924528301
87.04811320754716
87.10754716981131
87.16698113207546
87.22641509433961
87.28584905660377
87.34528301886792
87.40471698113207
87.46415094339622
87.52358490566037
87.58301886792452
87.64245283018867
87.70188679245283
87.76132075471698
87.82075471698113
87.88018867924528
87.93962264150943
87.99905660377358
88.05849056603773
88.11792452830188
88.17735849056604
88.23679245283019
88.29622641509434
88.35566037735849
88.41509433962264
88.47452830188679
88.53396226415094
88.5933962264151
88.65283018867925
88.7122641509434
88.77169811320755
88.8311320754717
88.89056603773585
88.94999999999999
89.00943396226414
89.06886792452829
89.12830188679244
89.1877358490566
89.24716981132075
89.3066037735849
89.36603773584905
89.4254716981132
89.48490566037735
89.5443396226415
89.60377358490565
89.6632075471698
89.72264150943396
89.7820754716981
89.84150943396226
89.90094339622641
89.96037735849056
90.01981132075471
90.07924528301886
90.13867924528302
90.19811320754717
90.25754716981132
90.31698113207547
90.37641509433962
90.43584905660377
90.49528301886792
90.55471698113207
90.61415094339623
90.67358490566038
90.73301886792453
90.79245283018868
90.85188679245283
90.91132075471698
90.97075471698113
91.03018867924527
91.08962264150944
91.14905660377357
91.20849056603772
91.26792452830188
91.32735849056603
91.38679245283018
91.44622641509433
91.50566037735848
91.56509433962263
91.62452830188678
91.68396226415094
91.74339622641509
91.80283018867924
91.86226415094339
91.92169811320754
91.98113207547169
92.04056603773584
92.1
91.4
95.9
92.2
91.8
95.6
92.9
97.0
101.6
96.6
100.0
99.3
94.3
99.0
102.1
102.5
99.5
97.3
95.4
94.8
95.4
92.8
92.0
94.1
92.9
94.4
93.7
92.6
93.4
94.1
96.6
94.2
93.1
96.8
97.9
90.0
93.5
90.0
94.6
91.6
91.1
88.8
89.0
91.1
89.3
89.1
89.1
89.5
87.4
88.2
89.2
88.4
87.2
86.7
84.1
86.5
84.4
87.4
83.7
83.5
86.1
87.4
84.5
84.3
83.7
85.2
81.4
85.3
82.0
82.6
81.4
81.1
80.2
83.4
79.5
81.9
78.2
81.6
81.2
80.9
80.6
79.7
81.6
78.8
81.6
80.4
79.5
81.0
79.1
82.4
81.8
83.5
80.4
80.8
78.3
83.4
82.9
79.6
81.1
79.2
80.8
79.0
79.0
76.7
79.8
81.8
81.3
79.2
78.8
82.3
74.8
81.3
76.7
79.9
81.4
79.2
79.3
78.3
80.7
80.5
81.1
78.4
79.3
79.6
79.9
79.6
76.6
81.6
81.7
85.0
82.1
84.4
84.1
82.6
84.7
83.7
85.1
84.8
84.1
86.1
82.1
84.1
84.0
83.7
82.3
86.3
82.9
83.5
84.5
84.9
84.4
86.4
86.2
86.0
83.9
83.8
84.9
85.2
81.7
83.9
85.7
86.6
87.4
90.2
85.3
86.7
85.5
86.5
86.6
81.7
82.3
83.7
82.8
83.2
83.4
84.3
83.6
84.0
82.5
82.5
82.3
81.6
81.5
80.7
82.3
80.6
83.4
80.1
79.8
83.4
81.2
82.4
84.3
83.4
83.7
84.9
85.4
81.7
85.5
84.0
83.4
85.0
85.4
85.8
83.6
84.2
84.9
80.7
83.0
83.9
81.0
88.3
84.6
84.8
82.8
85.0
83.5
86.9
84.5
84.7
86.1
84.9
83.2
85.8
85.4
84.3
86.0
88.3
86.3
84.5
84.2
86.2
85.8
83.2
85.2
85.2
84.6
85.5
87.9
87.3
88.2
87.3
84.0
84.9
86.0
86.5
84.8
83.5
87.7
86.3
85.9
88.4
85.7
86.6
87.5
86.3
86.6
88.3
87.6
88.0
89.1
86.8
87.9
89.3
88.5
89.0
88.2
88.6
85.9
87.6
85.5
87.5
88.1
86.6
89.1
89.7
89.0
88.8
88.9
89.0
89.0
87.8
88.1
90.3
89.3
90.1
89.0
89.8
90.1
91.6
89.4
91.4
92.3
89.3
89.1
91.5
91.5
92.9
91.8
91.2
92.7
94.6
92.4
91.9
91.0
92.0
89.8
92.4
94.6
92.6
94.6
93.3
94.4
93.5
89.5
91.8
90.9
91.1
90.8
90.3
89.4
88.8
89.8
88.9
86.3
90.7
88.9
88.8
87.8
86.9
89.5
90.2
89.0
88.8
85.2
87.9
86.4
88.4
89.5
87.1
87.7
88.0
85.0
86.3
84.6
87.1
86.1
85.6
86.6
85.6
86.9
85.0
84.7
87.8
87.3
84.9
86.6
87.7
84.1
86.0
83.4
87.8
83.1
83.8
86.5
82.6
83.2
87.5
81.9
86.2
82.0
83.7
84.2
80.9
85.2
83.8
90.0
86.0
88.1
87.4
85.4
86.0
85.4
84.9
84.8
86.2
87.5
88.6
86.4
88.5
91.6
90.6
86.8
89.3
87.9
87.0
87.0
90.4
90.0
90.5
88.3
87.3
87.5
90.2
96.0
88.6
92.5
89.5
89.1
91.8
89.7
88.5
87.2
88.7
89.6
88.5
88.8
89.8
90.5
89.7
89.2
92.2
91.4
88.7
92.2
94.0
94.1
93.4
91.9
91.0
88.6
91.4
89.2
90.2
94.3
89.3
89.4
88.8
92.6
91.0
88.5
92.3
89.7
89.2
91.2
93.0
91.6
93.4
92.9
91.4
89.9
93.1
90.1
91.6
92.0
92.1
93.1
91.3
96.2
99.5
98.8
96.5
92.5
94.3
95.2
95.0
95.3
93.1
93.7
96.1
95.3
96.7
100.2
96.9
97.4
105.8
100.6
94.4
98.2
94.2
99.4
96.3
97.2
93.6
92.8
93.7
93.6
94.5
92.9
98.6
96.7
104.7
102.9
99.8
101.6
98.4
97.0
100.6
94.8
99.3
99.3
100.3
99.0
100.9
99.4
99.5
99.6
97.9
97.3
99.6
97.8
101.4
98.3
100.5
102.4
102.9
103.1
102.0
103.8
103.5
108.0
106.5
110.7
112.1
115.6
116.1
119.9
134.4
127.6
125.3
116.4
114.2
110.9
110.8
112.8
113.2
124.8
116.6
114.7
111.8
116.1
114.8
113.9
121.1
116.0
112.9
112.5
114.0
111.4
110.8
109.7
109.5
107.7
107.0
105.5
104.0
105.5
108.1
105.7
106.0
107.6
105.6
104.4
102.2
105.0
100.4
103.3
101.2
102.4
101.1
102.4
100.5
99.9
101.2
98.3
97.3
96.1
95.9
95.5
96.2
96.8
96.6
95.7
93.8
94.2
95.3
94.0
92.4
90.0
92.6
89.8
90.6
90.3
89.3
88.8
89.9
87.0
86.8
87.9
87.6
88.2
87.3
87.9
86.2
86.8
84.5
87.4
89.7
85.0
87.8
85.8
85.9
83.4
84.1
85.7
86.0
83.3
85.9
86.9
85.2
81.8
87.4
86.6
86.3
82.1
86.0
83.7
85.2
84.8
83.7
86.1
83.9
83.9
82.9
83.1
83.4
84.4
83.5
82.1
85.6
82.8
82.2
84.4
83.0
80.7
84.4
82.7
81.9
81.2
82.8
84.6
82.7
82.9
84.0
85.2
80.2
82.4
84.2
84.9
84.7
85.6
83.5
83.8
87.9
82.2
83.5
86.0
84.8
85.0
87.0
85.3
84.7
85.8
88.5
87.5
84.7
88.1
87.3
87.8
87.9
89.0
86.6
90.0
87.4
90.0
86.5
86.8
85.5
87.0
84.9
86.5
85.5
86.3
83.3
85.0
85.0
84.9
82.8
83.8
85.2
83.4
84.8
84.5
85.2
83.7
82.2
82.6
84.6
84.3
85.7
83.1
84.6
83.4
83.0
84.5
80.5
83.9
81.7
80.6
83.2
84.6
82.8
82.2
82.2
84.9
83.3
82.9
83.0
83.4
84.3
85.6
84.9
84.0
83.6
84.4
85.3
85.8
81.9
88.1
82.7
80.9
84.1
84.6
82.4
86.1
85.9
84.6
83.8
84.6
84.7
86.5
82.3
83.2
82.4
86.0
85.4
84.3
84.3
86.6
86.2
86.0
85.4
84.5
85.2
84.4
84.6
83.7
86.4
82.1
82.2
86.0
81.6
83.1
83.9
81.2
85.5
84.9
84.3
82.6
80.5
83.7
81.2
84.4
87.2
83.6
89.0
89.0
89.2
91.1
89.6
86.3
88.1
89.9
91.3
90.8
87.6
87.2
87.1
90.9
90.1
88.0
90.5
87.7
85.8
89.5
83.7
84.9
87.2
84.7
83.5
85.7
85.8
85.0
85.6
86.4
84.4
83.3
85.6
82.1
87.9
84.1
84.6
86.2
85.3
86.1
84.0
83.0
89.8
87.9
87.3
90.4
89.0
89.7
94.2
89.5
91.2
87.7
90.0
88.8
89.4
86.5
87.0
87.5
86.6
88.9
82.7
83.6
85.6
85.4
85.3
85.4
86.0
86.8
86.0
84.6
87.9
89.1
85.0
86.8
88.9
86.9
84.2
86.3
85.0
90.3
91.0
91.6
88.3
89.7
89.0
90.6
89.1
87.9
87.9
90.9
88.9
84.1
84.3
86.1
87.8
86.7
87.3
88.3
86.9
86.5
86.1
85.1
84.6
84.4
83.7
87.6
88.0
81.2
86.0
85.1
85.1
83.9
87.5
82.8
83.9
83.4
85.3
85.7
86.0
87.8
86.7
86.1
85.6
86.9
87.8
89.8
92.8
90.1
88.1
88.6
90.0
89.5
87.3
90.2
87.0
86.1
87.3
85.4
83.8
83.0
84.4
84.3
86.1
87.5
86.7
86.3
83.7
87.0
85.2
87.1
84.9
80.9
83.9
84.3
86.2
86.6
87.0
86.8
87.7
87.8
92.9
90.6
94.0
93.4
93.2
88.9
95.2
98.0
95.7
95.9
93.9
94.4
95.3
92.1
94.6
93.5
93.4
96.4
92.1
89.6
91.1
92.4
89.0
89.8
89.9
89.5
89.6
86.2
85.2
86.4
84.8
85.8
87.6
84.7
83.1
83.1
87.0
83.1
82.3
86.0
84.7
81.1
85.2
83.9
82.8
83.9
81.9
84.0
82.1
80.1
86.9
82.5
79.2
80.0
81.0
82.6
82.8
81.7
80.7
80.8
81.4
80.1
81.4
83.3
82.0
80.6
78.5
82.4
82.8
81.5
83.2
82.4
80.4
79.7
80.7
80.5
80.1
79.5
79.4
81.6
81.7
84.0
83.3
81.5
82.6
79.6
80.2
83.5
80.0
83.3
81.1
85.6
85.2
84.9
85.7
86.6
84.2
83.8
84.9
84.0
83.8
83.1
83.7
83.8
86.2
87.9
84.3
82.7
85.0
83.5
83.6
85.1
87.1
84.0
86.0
86.9
89.5
87.2
87.8
87.5
93.0
90.1
89.9
89.3
89.5
90.0
93.2
89.7
91.4
94.8
89.4
92.8
92.1
89.3
92.6
89.7
93.6
92.0
91.4
90.6
90.2
91.9
90.6
92.9
94.9
94.0
92.8
91.3
93.2
93.1
90.0
93.3
92.0
91.3
93.4
87.4
92.3
90.4
87.2
90.8
89.3
89.2
89.10000000000001
89.46666666666667
89.6
89.73333333333333
89.86666666666667
90.0
90.2
90.3
90.5
88.4
88.3
86.5
88.2
90.6
87.7
88.1
89.1
86.7
87.2
88.5
85.1
87.0
85.7
87.3
86.5
85.1
88.0
86.2
85.0
85.5
87.6
87.2
86.9
82.0
86.3
83.7
84.6
85.7
84.5
86.0
85.5
84.9
86.4
85.9
83.4
85.6
84.3
85.0
85.6
84.5
83.5
83.8
84.3
86.1
82.5
83.8
86.4
87.4
88.5
86.2
84.8
89.6
88.4
86.6
96.9
96.5
95.8
99.9
92.3
97.6
98.0
95.9
93.9
100.1
96.6
93.8
94.3
102.2
98.3
99.4
97.7
97.9
100.1
96.2
99.7
100.4
99.6
101.2
97.5
100.8
99.3
101.9
103.0
103.6
102.8
104.5
102.6
102.4
105.0
102.6
101.6
102.9
102.1
103.6
104.4
102.4
104.8
104.9
102.0
104.4
102.3
103.3
105.7
105.4
106.8
105.4
106.0
105.4
104.4
106.4
104.2
104.2
103.4
106.0
104.4
102.1
104.0
103.0
104.0
103.6
102.4
102.1
101.1
102.4
105.8
100.0
100.7
101.4
102.0
102.1
97.7
98.1
99.0
98.5
95.3
96.1
97.1
97.6
95.0
94.4
96.6
94.6
94.8
95.6
94.8
91.9
93.9
92.7
93.4
95.7
92.9
94.1
96.8
93.4
96.1
92.9
94.4
93.9
92.5
93.7
91.6
95.6
92.7
92.4
91.2
92.1
89.0
92.1
94.0
90.3
91.2
91.8
91.7
89.9
90.4
91.2
95.5
92.3
92.4
91.2
90.7
88.6
88.3
90.7
92.6
91.5
92.7
90.8
89.9
90.2
90.0
89.5
92.2
90.6
88.8
92.1
91.2
88.7
91.7
91.8
90.0
91.4
91.1
91.0
88.7
87.9
89.1
87.6
87.8
89.2
87.6
85.8
90.0
92.4
87.2
88.2
89.4
86.9
86.7
90.0
87.0
87.4
84.6
90.0
86.5
89.5
87.0
91.6
93.2
91.0
92.9
94.3
92.4
94.8
92.6
95.1
96.5
93.6
94.5
93.1
96.6
95.6
93.0
97.5
96.3
96.4
95.4
96.7
95.1
94.0
95.2
95.4
95.7
98.1
95.4
95.2
95.0
101.7
100.2
101.2
98.5
104.5
111.0
106.3
103.5
100.2
103.1
101.8
101.6
101.4
100.2
100.4
100.3
100.4
101.5
100.3
101.8
103.4
104.2
100.8
101.1
101.7
108.3
109.2
115.4
122.7
120.4
119.2
122.5
116.7
112.9
114.3
114.4
116.9
117.1
119.4
119.5
119.5
134.9
147.0
133.5
138.5
129.0
132.3
131.2
136.8
139.5
142.8
139.1
141.4
146.2
134.8
121.0
116.4
115.9
120.6
119.1
120.7
126.4
132.2
137.5
142.7
147.0
141.4
133.7
126.8
127.2
123.0
124.9
125.5
124.7
123.4
127.7
126.6
132.3
130.7
119.0
122.8
119.5
122.4
116.1
113.2
116.6
115.9
113.8
110.3
110.1
108.3
108.9
109.5
105.6
106.5
105.1
104.7
101.6
102.9
100.0
99.0
102.1
99.1
101.5
98.4
99.5
94.8
97.0
99.5
97.4
98.4
97.3
99.1
94.7
94.5
96.8
95.2
96.1
95.8
93.4
94.5
93.8
91.1
90.6
94.7
95.8
93.9
92.6
95.6
92.5
93.1
91.1
90.1
90.2
91.7
88.4
93.8
90.4
94.6
93.9
101.1
97.1
99.2
101.5
99.3
103.0
98.5
99.7
102.6
103.4
101.4
101.0
104.9
97.2
95.8
96.1
97.0
93.8
94.7
93.8
92.5
92.4
93.6
100.1
95.6
92.4
89.20000000000002
93.6
92.9
93.0
92.7
92.7
90.9
91.9
87.8
91.5
92.3
88.8
88.5
91.5
88.6
91.1
90.8
88.2
94.0
89.0
89.4
88.7
88.6
87.1
87.2
88.0
86.3
88.6
90.5
87.2
84.4
83.8
83.0
83.0
83.3
83.3
83.8
83.5
85.5
80.4
82.4
82.7
82.5
82.0
83.2
79.1
82.8
81.7
82.8
82.2
81.9
81.5
82.3
86.0
88.2
89.0
88.8
85.4
85.9
86.0
86.0
89.3
86.3
87.7
87.6
85.7
86.6
86.9
87.8
88.0
84.7
87.1
85.8
87.3
90.9
88.2
89.3
85.7
89.1
93.4
94.4
92.7
89.0
86.3
86.3
87.0
89.2
85.8
88.0
86.2
85.1
87.7
88.2
85.6
83.9
89.1
88.6
89.3
87.2
86.4
86.7
84.0
87.2
86.7
86.4
82.7
84.8
84.5
87.1
82.9
82.8
83.5
84.0
81.5
83.4
84.7
79.6
83.4
85.1
82.5
83.3
80.7
82.1
91.4
87.8
83.6
88.6
86.2
86.6
84.8
82.3
84.4
84.3
85.4
89.7
90.4
91.7
90.4
85.7
89.2
88.5
91.0
89.3
89.6
88.5
88.8
87.4
90.2
87.4
87.0
86.9
91.8
86.4
89.4
92.5
92.7
90.5
90.9
90.6
91.4
88.7
91.0
88.4
88.6
105.2
91.6
90.2
88.7
92.3
89.9
90.4
91.6
93.8
91.1
90.6
90.3
91.4
87.8
89.7
91.1
92.49999999999999
90.63333333333334
90.4
87.5
87.8
87.0
88.6
89.9
89.2
90.9
87.4
86.3
87.7
86.0
87.4
87.7
88.1
89.2
84.7
87.8
86.2
90.4
88.8
86.1
86.4
86.9
88.3
88.4
88.7
89.7
88.4
92.1
92.1
86.2
88.1
87.1
88.3
87.7
88.8
88.0
88.3
88.6
88.8
87.8
88.0
92.0
87.3
89.0
85.8
89.3
88.3
88.9
88.5
87.6
90.5
87.7
87.9
90.4
88.4
89.7
91.4
91.8
87.5
90.3
88.9
92.0
90.5
92.0
90.7
89.2
90.9
92.4
88.4
88.9
90.2
88.2
86.4
89.6
86.6
83.7
88.1
87.8
88.3
85.1
88.4
87.3
91.5
87.8
88.3
88.5
88.6
87.7
88.7
92.2
91.6
89.4
89.0
88.8
90.4
88.9
90.1
89.5
90.7
87.0
89.6
89.8
88.5
87.3
90.1
91.1
90.3
93.2
88.3
88.7
91.0
91.0
88.3
88.2
90.7
87.1
90.9
87.6
90.1
84.9
85.8
87.5
86.6
85.9
86.7
87.8
86.3
84.3
86.5
87.3
89.4
88.6
91.3
88.0
88.6
86.9
86.8
89.6
87.7
87.5
87.5
90.4
89.2
89.3
91.5
87.7
90.4
92.7
91.3
100.0
97.1
95.5
95.2
95.9
98.1
92.6
93.8
92.8
93.5
90.7
94.3
93.4
92.8
92.8
93.5
95.8
92.5
92.6
90.4
89.9
88.6
89.7
90.7
93.1
90.9
90.3
92.8
103.4
98.2
92.4
90.9
92.0
92.3
89.9
87.4
89.1
87.6
89.9
86.6
87.2
84.8
85.1
84.4
84.8
83.9
86.0
83.1
82.5
82.3
82.1
82.7
80.4
79.3
80.2
79.0
80.3
80.6
80.9
79.5
83.1
80.3
79.5
79.4
78.2
77.3
77.6
77.1
76.0
77.9
77.4
79.2
76.0
78.2
78.5
78.8
78.7
80.6
79.4
77.7
79.0
75.3
78.8
75.9
77.0
76.3
73.5
75.5
74.9
74.0
76.4
74.6
74.8
70.9
75.0
77.1
74.9
77.1
72.7
75.2
75.6
72.7
77.5
75.2
77.8
76.6
78.8
80.0
77.1
78.5
75.5
75.7
74.4
75.1
78.6
75.1
75.9
74.7
79.3
76.6
76.1
75.2
75.7
76.7
75.9
77.2
76.2
75.9
75.6
77.4
77.9
78.2
74.5
75.5
75.7
75.3
75.9
76.3
75.5
74.6
75.3
73.7
76.2
74.9
76.9
75.0
75.6
74.6
75.9
76.8
76.5
76.7
78.1
75.7
74.3
75.0
78.7
75.1
78.1
74.6
75.6
72.4
73.2
75.2
78.8
78.7
73.5
76.7
77.3
76.8
74.3
76.8
78.1
78.7
77.8
78.0
76.3
77.6
75.8
77.2
73.4
73.8
76.8
75.2
76.3
75.8
76.5
75.5
73.4
75.5
78.6
77.8
76.3
76.5
78.7
77.6
77.9
75.5
78.3
78.3
72.5
75.8
76.4
76.4
75.9
74.8
71.1
76.1
75.9
76.0
75.9
73.0
76.5
74.5
78.5
78.9
83.5
81.6
78.7
78.8
78.4
76.0
76.3
78.8
78.3
77.4
76.2
75.1
77.0
76.8
75.1
79.4
76.8
75.4
77.9
76.6
78.2
76.7
75.4
75.5
77.2
78.0
75.1
79.4
77.8
75.7
77.1
76.9
76.9
76.8
77.6
78.7
76.9
77.9
77.9
79.3
75.4
75.3
78.3
77.1
79.6
79.8
78.3
78.6
78.3
78.3
81.3
79.5
78.0
78.6
81.4
77.5
80.0
79.1
78.8
81.4
80.6
78.4
80.1
78.2
81.1
81.3
80.2
79.7
80.4
76.6
80.2
79.1
79.7
78.3
78.1
76.3
77.4
78.6
82.4
79.7
78.9
77.8
81.1
78.7
78.6
79.9
80.6
82.2
82.0
83.3
80.7
82.1
82.5
83.7
80.3
81.9
82.9
79.0
81.6
81.6
83.4
82.2
82.1
86.3
87.6
84.1
82.8
80.0
86.2
79.8
80.6
81.3
82.2
82.6
79.2
79.1
81.3
82.4
86.1
85.4
86.3
83.8
88.2
87.3
86.7
86.8
86.5
86.8
86.7
88.9
87.5
90.8
88.4
89.3
88.1
87.7
88.1
86.8
87.2
89.5
90.9
89.1
91.1
90.9
95.2
89.5
91.3
88.9
88.7
89.5
101.8
95.4
95.2
94.2
88.9
92.4
88.4
88.1
87.6
89.3
89.5
89.7
87.1
89.6
87.5
92.4
88.6
88.4
87.3
88.5
89.2
87.4
87.2
87.2
85.7
88.9
89.0
88.8
87.9
88.4
85.8
87.5
84.5
88.7
89.1
88.3
86.4
85.1
85.9
88.3
88.0
87.1
88.7
86.2
90.3
90.9
83.9
88.9
87.4
84.7
82.9
88.4
80.3
82.1
86.7
83.8
81.2
84.9
87.7
87.7
82.4
82.5
84.5
83.5
83.5
83.6
84.4
82.8
83.7
80.9
81.0
86.5
89.2
89.1
87.6
86.8
91.1
90.6
88.9
86.1
84.4
82.3
82.4
83.7
82.9
85.5
84.5
85.3
85.0
82.7
82.3
82.0
86.4
84.0
81.2
82.1
87.5
87.4
96.9
99.1
92.7
91.0
89.0
92.6
89.0
94.3
90.9
93.3
89.3
88.9
88.1
91.0
88.2
89.4
89.6
89.2
87.4
88.3
86.1
85.9
85.1
85.5
86.3
83.3
84.8
83.5
84.7
83.4
84.4
81.9
82.8
82.4
84.4
83.1
81.5
84.3
82.4
85.0
87.1
87.3
85.1
81.8
82.9
82.8
83.3
85.5
81.7
84.1
86.9
88.8
86.6
82.2
83.6
85.4
88.0
93.5
91.4
88.5
84.5
84.0
86.0
86.5
87.7
85.0
86.0
83.1
84.8
81.5
80.0
84.4
84.2
80.3
84.6
82.2
84.0
79.9
78.7
82.1
78.9
77.7
77.1
79.4
81.3
80.0
79.9
78.3
81.7
82.5
81.9
78.6
80.3
79.2
80.2
81.3
79.0
77.5
77.2
78.2
76.5
79.9
77.4
80.0
82.0
77.8
77.6
76.9
77.7
78.4
77.6
79.9
80.0
79.2
81.9
79.3
79.6
78.1
75.8
75.7
78.8
78.1
77.8
74.9
76.2
77.6
76.8
74.1
77.4
79.1
78.0
77.8
79.5
79.7
76.3
78.2
76.2
78.6
77.9
78.5
75.4
77.3
77.1
79.8
80.6
81.2
81.3
82.2
79.9
81.4
80.1
81.2
78.4
80.4
80.2
79.0
79.7
81.6
76.6
81.1
78.9
75.7
78.9
76.7
76.6
79.4
77.5
77.1
77.1
77.3
81.9
76.7
79.5
77.2
76.2
78.1
75.1
76.1
79.9
78.0
76.2
77.2
77.4
75.3
78.3
79.6
76.4
82.9
77.9
75.0
80.7
78.1
74.5
76.3
79.0
78.5
78.0
74.6
81.9
78.9
81.1
76.0
78.3
79.0
79.0
79.8
75.7
76.5
77.6
75.9
80.0
77.6
76.4
75.1
75.9
77.8
77.4
80.7
78.1
80.8
81.9
80.9
80.8
80.0
83.0
78.5
80.2
81.7
83.9
83.9
81.8
83.3
85.0
84.1
81.7
81.5
83.3
84.9
81.6
85.6
85.2
84.0
85.1
86.3
83.6
83.9
81.4
84.5
83.3
83.9
80.4
86.0
87.8
83.7
83.6
88.1
84.5
82.6
86.4
85.1
84.9
86.5
88.2
87.7
84.3
88.2
89.8
85.7
86.8
91.7
92.8
92.1
86.3
86.5
85.9
85.9
85.7
87.3
87.2
88.4
87.5
86.2
88.1
87.2
89.2
86.1
85.8
85.7
84.0
83.1
83.7
85.6
84.8
89.0
84.4
84.9
85.2
84.3
83.3
84.9
83.2
88.3
88.2
88.0
92.4
86.3
81.6
85.0
84.2
83.1
84.6
82.5
84.6
86.3
90.5
84.6
85.1
87.7
83.7
84.4
84.7
83.3
85.5
84.8
81.7
83.3
87.6
82.1
80.8
81.0
83.6
80.9
79.8
82.3
83.7
82.2
78.3
83.9
84.3
81.7
77.7
82.3
79.2
79.3
82.2
77.7
84.8
82.3
79.9
81.6
81.7
81.2
82.1
85.0
86.9
81.9
85.1
83.4
82.7
81.6
85.1
87.4
86.7
83.8
84.1
82.1
82.5
84.8
81.8
79.0
80.8
83.1
83.1
81.3
87.9
84.8
84.5
85.7
81.8
84.4
82.5
83.5
87.0
87.2
88.4
84.3
86.6
84.7
82.5
82.7
84.6
84.7
86.2
85.9
86.4
86.6
90.4
92.1
88.8
87.2
89.0
89.4
91.9
88.6
89.5
90.8
90.4
98.4
92.8
89.9
88.3
89.4
90.6
90.0
92.2
99.9
110.6
115.4
105.3
96.5
97.2
94.5
90.9
92.3
91.2
90.3
90.6
88.8
91.7
90.6
91.8
91.5
91.6
94.0
95.6
92.0
91.4
94.0
94.3
92.6
92.0
91.1
91.8
93.8
91.7
90.5
90.6
92.6
94.1
93.4
96.7
91.3
90.8
93.2
91.8
93.4
91.5
92.5
91.5
91.4
91.30000000000001
90.80000000000001
90.5
90.2
95.1
95.6
96.1
94.5
93.95
93.4
92.85000000000001
94.13333333333334
94.5
94.86666666666666
