90.8
90.6
92.4
92.2
90.3
89.7
91.5
90.2
89.9
89.8
91.1
88.2
88.1
87.0
86.6
85.3
85.4
86.2
86.0
88.9
90.0
88.9
89.8
88.5
85.3
82.6
87.0
85.9
84.3
86.8
84.0
79.1
78.4
80.6
81.8
80.1
78.2
80.3
82.8
82.8
80.8
78.2
80.2
79.0
82.2
85.6
81.9
78.9
82.0
82.1
83.0
82.9
81.6
81.9
82.0
82.9
82.6
82.8
82.9
82.7
83.5
84.3
83.8
81.9
83.2
86.7
87.6
86.5
85.0
83.8
85.5
86.5
84.1
84.6
85.5
86.7
85.4
85.0
84.8
85.7
91.2
92.1
88.4
87.5
87.2
87.2
87.1
87.6
86.9
87.4
86.7
87.4
87.6
87.0
87.2
87.1
87.2
87.4
87.7
86.6
87.6
87.7
87.4
87.6
87.3
87.9
87.5
87.6
87.9
87.2
87.7
90.7
94.9
93.0
89.4
89.2
89.1
88.5
89.0
88.0
87.8
88.0
87.0
86.7
86.6
86.1
87.0
86.4
86.3
86.6
87.9
87.4
87.7
87.2
87.5
86.9
87.5
86.6
86.5
86.6
87.1
89.2
90.8
90.8
89.1
89.2
88.1
88.5
88.0
87.5
86.3
86.5
86.5
86.6
87.0
86.7
87.4
86.8
87.3
87.1
86.1
86.9
86.3
87.5
86.0
86.8
86.2
87.9
92.0
94.9
94.1
94.4
92.9
91.3
92.2
92.5
92.1
91.0
89.1
90.2
92.1
94.0
96.5
96.0
92.9
91.8
90.1
89.3
88.9
90.2
88.6
88.2
86.1
87.0
87.3
87.7
86.4
85.6
86.4
85.7
84.5
84.9
85.1
84.3
84.2
84.4
83.8
83.7
83.9
85.4
85.0
85.0
85.0
84.4
84.6
86.1
90.5
88.1
86.5
85.7
85.7
84.9
85.1
86.4
85.6
84.6
85.6
86.3
84.4
84.6
85.1
85.6
84.6
85.5
85.7
85.8
86.1
85.6
85.2
86.3
85.6
85.8
88.1
92.5
94.3
90.8
88.3
88.3
88.2
87.2
86.7
86.2
86.3
86.3
85.2
86.0
86.9
85.1
84.8
85.3
85.8
87.6
88.8
87.7
86.7
85.8
85.8
85.8
86.0
86.0
87.0
85.9
85.9
87.5
86.9
86.9
85.6
85.8
86.0
86.7
86.4
86.5
88.6
89.4
90.9
90.8
89.2
90.8
90.8
88.9
89.4
88.8
89.4
90.0
88.5
87.9
87.6
88.8
90.0
91.4
88.9
87.5
88.8
89.5
88.3
88.0
87.4
88.0
88.3
91.9
89.2
87.3
88.4
87.9
88.6
91.2
90.4
89.1
90.4
89.6
88.79999999999998
90.25
90.575
90.9
91.225
91.55
91.875
92.2
90.7
90.9
90.4
90.5
90.5
89.2
88.5
89.0
90.7
89.7
90.5
88.3
87.7
89.2
89.4
88.8
93.1
94.3
94.4
94.1
93.8
95.1
95.9
93.6
92.7
92.0
90.5
91.6
91.3
90.4
88.3
88.7
86.9
87.2
87.1
89.1
87.1
87.4
87.5
87.7
87.9
88.0
87.7
86.8
86.7
86.2
87.4
86.8
86.8
87.2
87.9
86.9
86.7
87.3
86.8
87.2
86.7
86.6
87.1
88.0
87.1
87.9
87.2
86.7
87.5
88.7
88.0
87.7
88.0
87.5
89.1
92.1
92.5
91.4
90.6
92.3
93.1
90.4
89.5
88.7
88.4
91.6
91.9
91.5
92.9
90.9
89.7
92.0
92.5
90.0
88.4
88.7
88.1
88.4
87.6
88.3
87.3
87.3
88.0
89.1
87.9
88.4
88.5
87.6
88.6
88.0
87.5
88.5
88.5
89.2
88.5
89.7
89.6
88.9
89.8
88.9
89.2
91.0
92.6
92.1
91.4
90.6
90.5
90.6
90.6
90.5
90.3
90.5
90.5
90.2
90.4
89.2
90.4
89.8
90.2
90.5
90.7
92.5
93.6
93.4
89.0
86.0
84.3
82.3
81.9
82.3
80.2
80.6
80.7
80.8
80.4
80.3
80.0
79.5
79.8
79.2
78.8
79.0
80.9
80.2
80.0
80.1
80.1
80.4
80.2
80.5
80.2
80.4
80.3
80.8
80.9
80.2
81.4
82.0
81.8
81.7
81.1
82.1
82.0
82.6
82.9
83.1
84.0
84.6
86.0
87.9
87.9
85.4
85.4
85.6
86.2
86.3
86.2
86.4
86.1
85.0
84.6
84.6
85.0
84.9
85.7
85.3
85.4
84.4
83.2
83.9
83.3
84.2
83.7
84.1
83.6
82.9
83.7
83.6
83.5
84.3
83.9
84.4
83.7
84.5
84.5
85.4
85.2
85.5
85.3
85.6
85.6
86.1
85.6
86.4
85.5
87.1
87.5
87.7
86.3
87.7
88.6
88.1
88.0
87.8
89.7
86.8
87.0
86.8
86.3
86.3
86.6
85.6
86.6
86.4
83.3
85.4
86.2
85.6
86.3
87.4
86.4
86.4
86.9
86.3
86.7
87.2
87.1
87.2
87.5
88.8
90.4
89.7
89.9
90.4
90.0
90.0
89.3
88.9
88.3
87.4
86.8
86.7
86.7
86.5
86.6
86.5
87.2
87.4
87.8
87.1
86.8
85.7
86.4
85.8
86.6
86.6
85.1
84.6
86.1
85.6
85.0
86.0
85.3
86.6
87.2
87.1
86.0
86.8
87.8
86.9
87.2
89.4
93.0
94.7
92.9
92.4
94.0
92.8
92.3
92.5
92.6
91.1
90.8
90.0
87.8
86.5
85.7
83.0
84.8
84.3
85.7
86.8
85.4
86.7
85.5
87.7
87.5
86.5
87.7
87.4
88.5
89.6
87.7
87.3
87.3
89.5
86.7
87.9
87.0
87.7
87.8
86.5
87.2
87.5
89.8
90.2
90.6
91.0
92.8
90.5
90.6
90.6
89.4
88.1
86.9
85.7
85.1
86.3
90.6
89.3
91.1
90.7
90.7
91.2
91.7
96.3
98.2
98.8
96.3
96.3
95.1
94.0
93.7
91.5
89.0
88.8
88.8
88.0
87.1
88.7
86.5
86.4
86.8
86.6
87.0
87.0
85.2
84.5
85.1
84.3
84.6
84.7
87.3
87.2
85.6
84.5
85.0
84.8
85.1
84.7
84.5
82.2
82.5
82.6
82.5
82.8
82.3
82.2
83.5
84.1
81.7
81.6
81.5
80.6
81.1
80.5
80.8
81.4
82.5
81.7
81.7
81.5
81.4
81.4
81.7
81.3
81.4
80.6
81.7
81.8
81.1
81.5
81.6
81.7
81.6
80.2
80.6
81.9
82.9
86.0
83.6
82.4
81.9
80.7
81.1
81.1
80.8
80.1
80.1
80.4
79.9
80.7
82.2
81.7
81.0
81.6
81.6
81.0
81.2
81.4
81.8
82.1
82.6
82.3
81.6
80.6
81.2
81.0
82.0
81.4
82.9
84.2
88.6
87.1
88.3
84.9
83.5
82.3
80.9
84.2
83.4
82.0
84.9
85.0
84.5
83.8
83.7
82.1
81.7
83.9
86.0
88.5
85.2
82.8
82.4
81.8
82.0
82.9
86.6
89.1
88.8
89.1
89.8
88.9
90.0
88.7
87.6
85.1
83.3
82.6
82.7
80.9
80.1
80.0
80.2
80.8
81.5
81.8
82.6
81.1
82.6
83.0
82.2
82.2
81.6
82.0
83.6
85.5
87.7
86.7
83.8
82.8
82.2
83.7
86.3
84.6
81.6
81.9
81.3
81.0
80.8
83.1
86.0
89.7
86.9
84.3
81.8
82.7
83.0
82.3
81.7
82.5
82.8
82.1
83.8
82.7
84.3
81.6
83.5
84.7
84.4
84.7
84.2
84.9
84.0
83.9
84.4
85.5
85.6
85.6
86.3
86.0
85.8
86.8
86.2
86.0
86.1
84.9
86.0
84.8
85.7
86.4
85.5
85.5
84.8
85.7
85.5
85.1
85.9
88.9
94.0
92.8
92.9
95.7
93.5
91.5
91.9
90.2
89.4
88.1
86.9
87.5
86.9
85.3
85.2
85.4
85.2
84.8
85.0
84.3
84.1
85.7
85.9
86.2
84.3
85.2
86.7
87.5
89.5
87.0
85.4
85.4
84.2
85.5
86.3
83.2
83.4
84.6
85.8
85.5
86.7
85.9
87.1
87.4
87.2
86.7
86.9
85.9
87.8
87.1
87.3
87.4
91.9
90.6
90.3
88.4
86.9
86.7
87.2
86.8
85.5
84.1
86.6
86.7
86.9
85.3
87.5
86.5
87.5
87.4
87.6
87.2
87.5
88.0
89.2
87.1
88.3
88.6
89.6
89.3
91.1
92.3
95.0
94.2
93.7
91.9
92.4
93.7
93.6
93.5
91.4
92.6
92.0
92.0
91.4
96.0
94.5
94.3
92.9
91.2
87.9
79.0
81.5
78.0
77.0
79.1
78.0
75.0
76.5
78.2
78.9
81.9
79.7
79.3
80.2
78.7
81.5
81.2
80.9
82.7
80.3
80.7
81.7
79.1
79.2
76.6
78.6
78.9
77.0
79.5
78.9
81.0
80.3
79.6
79.3
79.2
79.5
80.3
81.0
83.3
84.7
84.7
83.5
82.6
80.8
80.6
82.1
84.0
82.1
82.5
81.3
81.9
83.5
83.1
82.4
84.3
83.8
82.0
81.2
80.4
80.4
81.3
81.3
81.3
81.4
81.7
82.6
82.0
85.4
87.3
85.0
83.9
84.9
85.2
83.4
83.1
81.0
81.7
82.3
81.3
81.4
81.3
82.2
81.8
81.7
82.0
81.1
80.9
81.8
82.6
79.5
81.8
83.7
88.1
87.4
85.2
83.7
84.3
83.7
85.0
86.4
87.9
87.5
86.2
87.5
87.6
85.7
86.3
86.1
85.9
85.7
84.8
84.0
87.5
86.2
86.5
90.7
92.5
90.0
88.6
87.7
89.4
87.5
87.0
86.9
86.7
87.4
86.4
87.8
86.4
85.0
85.4
85.0
85.7
86.2
85.7
86.7
87.9
87.6
87.1
86.4
85.6
88.3
87.0
87.1
87.4
87.0
86.9
86.8
89.8
88.5
87.6
86.1
86.7
86.4
86.9
87.1
89.5
92.2
91.9
90.8
90.3
90.8
88.4
87.8
87.1
87.6
88.5
93.3
92.5
90.1
88.7
88.8
86.4
87.6
88.0
87.3
87.6
87.0
87.8
87.4
87.5
88.8
88.2
88.7
89.2
88.8
87.9
88.0
88.2
88.8
86.8
89.1
89.9
90.3
91.1
89.2
91.5
92.1
92.1
92.4
91.6
89.6
88.6
88.6
91.6
90.5
87.8
87.3
87.2
86.9
86.0
82.4
85.7
85.2
86.6
84.8
86.3
85.0
85.5
84.8
84.4
84.2
82.0
85.3
86.5
88.5
86.0
85.2
80.5
83.5
84.3
83.4
81.4
82.9
83.1
80.6
81.1
80.5
82.3
81.9
82.4
82.1
76.9
80.9
82.7
81.7
81.8
83.6
83.0
82.9
85.4
86.6
83.9
83.9
79.6
83.2
81.8
83.0
82.7
81.5
83.4
82.8
82.6
83.8
85.2
84.0
83.1
82.6
80.5
81.6
83.8
83.6
79.6
81.3
83.0
81.0
80.5
81.9
81.1
81.6
77.5
84.9
89.1
88.0
87.0
89.9
89.8
91.5
90.3
88.0
90.8
88.4
91.6
90.3
90.3
90.3
89.6
87.7
90.0
87.2
91.8
89.2
88.0
89.0
87.2
87.9
89.4
88.9
87.0
89.9
91.1
90.8
89.1
87.8
87.9
88.8
89.0
87.9
87.9
89.9
88.4
87.6
89.3
88.6
88.5
89.5
90.0
90.3
89.3
90.4
93.4
91.7
90.7
90.0
91.0
89.9
90.3
90.1
89.7
91.3
90.5
89.5
89.8
88.5
88.1
88.5
86.7
87.9
86.1
89.9
88.7
88.7
88.1
88.7
88.2
89.1
91.5
94.4
91.7
93.6
93.6
91.0
91.0
90.6
90.1
88.7
90.4
91.4
89.4
89.7
88.4
86.6
86.1
85.6
87.3
90.1
90.1
88.4
86.3
88.9
95.5
92.2
91.4
89.4
89.8
89.4
89.8
88.0
86.3
86.2
85.8
86.3
85.3
84.1
85.4
85.2
84.3
86.2
91.7
90.2
89.8
87.2
89.9
89.5
89.3
90.3
88.6
88.6
90.5
91.3
91.1
89.9
93.2
91.3
93.5
93.8
93.8
94.6
98.5
101.2
98.9
98.9
98.9
97.8
98.9
98.7
94.4
91.5
92.1
88.9
85.9
86.6
83.8
86.7
84.4
83.5
84.2
86.3
84.7
84.3
84.7
87.9
87.7
83.5
81.8
84.7
85.0
90.2
95.1
92.8
88.8
88.0
86.8
84.6
84.8
86.0
87.2
86.7
86.2
89.5
94.0
93.4
91.5
88.6
86.7
86.9
85.7
87.8
88.0
87.2
87.3
87.8
89.6
90.9
89.0
87.2
86.5
83.3
84.3
85.7
94.3
89.9
89.7
89.4
90.5
92.0
93.3
93.6
95.9
97.5
99.1
98.9
98.3
97.6
96.8
95.8
93.1
92.7
95.1
92.6
89.7
89.0
89.5
90.4
92.1
91.8
92.3
94.5
92.8
91.9
90.6
90.6
91.8
95.3
96.9
95.3
93.9
95.7
93.9
97.3
94.0
96.0
96.7
95.7
94.2
93.5
94.2
95.3
95.4
93.7
95.4
94.1
94.3
95.1
92.9
95.2
95.1
95.8
93.7
93.6
93.6
94.7
93.3
94.6
93.0
95.8
96.3
96.5
95.4
97.5
97.4
98.7
95.6
97.6
96.4
95.7
96.8
96.6
95.5
96.6
98.0
98.4
97.9
97.9
96.2
98.1
98.0
98.7
96.9
95.7
96.6
97.6
97.1
96.7
97.3
98.8
97.8
99.5
97.2
96.6
95.8
95.8
98.4
95.0
94.4
93.9
94.1
93.1
93.4
96.5
94.8
94.7
97.5
98.5
102.4
102.7
100.3
99.8
98.3
96.4
97.9
96.9
99.6
100.7
97.7
96.7
95.2
96.0
95.8
94.4
93.4
96.8
95.0
92.8
94.8
96.0
94.7
95.9
95.1
95.2
95.0
94.5
93.5
92.6
93.9
93.5
95.1
98.9
94.8
94.7
96.1
95.9
94.4
95.7
93.4
93.4
94.6
94.3
95.4
95.4
94.2
95.0
95.9
97.1
96.7
95.6
94.6
93.6
92.3
92.7
94.4
93.8
92.7
92.3
91.4
91.4
91.9
92.4
92.1
91.7
90.8
90.5
91.9
91.5
91.6
91.7
91.2
95.8
102.1
102.0
99.2
98.8
98.8
98.2
99.4
95.0
92.7
93.2
93.8
98.9
97.4
96.0
94.1
95.5
94.2
95.7
96.5
95.8
94.9
95.6
95.9
95.6
96.1
94.8
94.5
97.0
98.9
100.2
99.9
101.4
100.0
99.3
101.8
103.2
103.6
101.2
103.4
102.0
101.4
101.1
101.8
102.2
99.7
102.2
100.9
99.5
100.7
99.8
101.1
101.2
100.1
100.1
100.2
99.7
99.0
98.6
99.9
98.9
98.0
97.6
98.4
97.8
96.5
95.9
96.6
95.6
95.8
94.6
92.0
92.0
90.8
89.6
88.7
87.6
86.8
86.3
86.0
85.7
84.2
82.7
81.5
82.6
80.3
81.3
79.6
80.2
80.5
80.3
76.9
79.2
81.5
80.0
79.0
78.9
78.9
78.3
75.7
77.7
77.8
74.3
77.8
77.7
78.4
77.3
77.2
77.0
77.0
77.3
76.2
76.0
77.5
77.9
77.5
76.9
77.7
74.9
79.9
79.7
79.6
80.0
78.9
79.4
78.3
79.9
79.6
78.7
80.3
78.4
79.5
79.4
79.7
80.3
79.7
80.1
79.6
79.1
78.8
78.9
80.3
79.7
79.7
78.2
79.3
79.3
79.1
79.9
79.8
79.2
78.9
77.8
79.5
80.4
79.9
79.4
79.4
80.9
78.7
79.8
79.5
79.6
79.4
78.8
79.3
79.8
78.9
79.7
79.0
80.3
79.4
79.3
79.3
78.2
78.1
78.7
78.6
77.5
78.1
78.6
77.9
78.8
77.8
78.4
77.7
77.3
77.1
75.8
75.9
76.7
77.2
76.0
76.3
77.0
76.0
76.2
76.8
76.5
78.3
76.9
76.8
80.0
84.8
84.9
85.7
84.1
84.3
86.3
84.3
84.8
84.8
83.7
83.6
85.5
85.3
82.5
85.9
84.2
85.0
84.9
84.4
84.2
84.7
83.6
82.9
82.9
80.7
84.8
84.7
84.2
84.1
84.6
86.3
87.2
88.8
86.6
83.9
85.3
86.3
85.3
84.4
84.7
85.0
86.8
85.8
84.8
85.4
85.7
84.9
85.5
84.9
84.6
84.8
84.7
83.6
84.9
84.7
85.2
83.9
86.3
83.9
83.7
84.2
84.1
84.4
84.6
83.7
84.1
85.2
85.0
85.0
85.4
84.9
83.8
85.9
85.4
85.8
85.6
86.1
85.7
85.8
85.7
85.5
85.9
85.7
85.8
86.7
88.2
85.8
84.5
87.2
86.9
85.3
85.4
86.2
86.7
84.4
83.5
85.3
84.5
85.2
86.6
86.4
85.6
85.2
86.5
85.7
85.2
86.2
86.8
87.1
85.3
86.6
88.7
86.2
86.8
86.6
88.3
85.1
86.5
87.2
86.7
86.3
86.0
86.6
90.0
87.9
85.2
86.6
85.8
85.9
86.9
86.5
84.7
85.7
88.1
90.2
89.0
86.7
87.9
88.5
88.2
87.2
86.4
86.5
89.8
89.6
88.7
88.4
87.4
87.4
85.7
87.7
87.1
84.8
85.5
86.1
89.8
90.0
87.6
87.8
86.3
85.0
85.9
88.6
89.9
90.5
92.0
92.9
90.6
91.0
91.7
89.2
87.9
87.9
88.2
86.9
87.6
87.5
86.7
86.7
85.9
86.6
86.3
86.8
87.1
86.5
86.8
86.4
86.8
87.7
87.6
86.0
87.0
87.3
87.2
86.8
87.0
87.5
86.9
85.8
86.5
89.8
89.6
89.6
90.0
88.7
87.6
87.7
89.0
89.4
87.9
86.4
88.0
87.9
87.4
86.7
86.2
84.6
85.1
85.7
85.7
85.4
85.6
85.7
85.3
85.7
86.1
84.2
84.7
85.3
84.0
84.9
85.3
84.8
84.4
85.5
84.7
85.6
85.0
85.0
90.4
93.2
88.6
89.2
88.1
86.6
86.6
86.1
85.8
85.4
86.1
86.1
86.0
86.1
85.6
85.5
86.5
86.2
86.3
85.9
86.5
85.8
85.7
86.3
85.9
86.8
86.4
86.9
87.2
90.5
89.3
87.7
88.0
86.8
85.2
86.8
87.0
85.6
85.6
84.5
87.5
86.8
89.1
90.1
89.7
88.1
88.2
87.3
88.9
92.1
94.8
94.5
96.2
96.7
96.6
96.1
94.7
94.7
92.5
93.8
93.7
94.3
93.1
92.7
92.7
92.2
92.8
91.4
91.3
91.2
92.6
91.9
91.0
91.1
89.6
90.2
92.3
90.1
89.4
90.1
90.5
89.7
89.4
92.7
90.3
89.1
88.6
88.4
88.6
89.4
92.7
91.8
90.7
91.2
90.0
89.5
89.5
89.2
88.8
88.8
87.3
87.6
86.8
87.0
87.2
86.6
86.6
87.8
86.3
86.5
86.5
83.8
85.3
84.8
85.6
84.8
84.1
87.5
89.2
88.2
88.4
86.9
86.2
86.3
85.8
85.8
85.3
85.5
85.6
85.6
85.9
85.4
84.2
85.1
84.9
84.4
85.6
85.3
85.1
85.2
87.8
86.3
86.0
84.7
85.3
85.2
87.6
88.0
86.9
86.0
85.8
85.0
86.0
88.0
89.6
89.9
89.2
88.9
90.0
89.6
89.5
92.0
89.7
89.8
90.4
90.6
90.0
90.1
92.5
90.5
90.2
90.9
89.6
90.6
89.8
89.7
90.1
89.5
88.2
88.5
89.6
88.9
88.3
88.0
88.0
88.6
88.8
86.9
88.3
87.3
88.0
87.2
87.5
87.2
92.4
90.5
89.8
89.6
88.2
87.8
87.6
88.5
87.1
89.6
92.4
90.4
89.9
90.1
93.2
90.4
89.4
91.5
91.8
91.5
92.8
94.0
92.6
92.1
91.3
94.8
93.6
91.2
89.1
88.1
87.8
86.8
85.8
86.2
87.3
88.1
87.9
87.7
88.5
87.6
88.1
87.1
90.8
92.3
89.4
87.9
88.4
87.0
87.0
88.5
91.8
89.5
87.2
87.8
88.8
94.5
94.0
94.2
94.3
94.7
92.8
92.1
91.0
88.9
89.2
88.5
88.1
94.0
93.2
91.6
94.5
93.6
94.4
95.3
93.5
91.7
89.8
91.1
95.8
92.3
90.1
89.7
89.1
90.2
89.9
89.5
90.5
89.3
89.5
90.3
90.4
91.8
92.4
90.3
91.6
92.1
90.5
91.5
92.0
91.8
90.3
92.9
91.5
91.7
92.1
90.1
93.2
96.6
97.8
95.7
94.1
95.0
98.4
100.9
99.7
99.7
97.9
96.8
100.8
100.9
101.6
101.2
99.6
99.6
101.3
100.9
100.3
98.4
98.8
98.7
98.1
97.3
98.0
96.2
94.7
95.3
96.3
93.8
92.6
92.6
93.3
91.2
90.8
91.4
89.5
89.0
89.4
89.8
89.6
88.1
87.4
88.3
88.0
87.9
89.0
87.0
86.4
86.9
85.5
85.1
85.3
86.3
84.5
86.6
85.0
86.0
86.9
88.7
87.8
87.4
87.8
89.6
87.4
87.6
87.0
86.1
86.0
85.2
86.1
86.3
85.9
88.8
89.3
87.4
87.7
84.6
84.7
85.2
85.1
87.0
84.0
83.9
83.3
81.6
82.9
89.0
88.6
87.5
86.9
86.5
85.8
85.8
86.4
86.5
85.5
85.2
84.9
85.8
85.7
85.9
85.5
82.4
83.1
85.3
87.5
86.0
85.1
84.4
84.3
83.2
84.2
84.2
83.7
83.8
83.9
83.3
83.3
83.3
83.0
82.7
82.3
82.3
81.4
82.4
82.5
82.5
82.0
81.0
81.9
82.1
81.9
81.7
82.1
87.7
87.7
87.1
85.6
85.2
84.8
85.9
85.2
84.7
87.3
85.8
85.6
85.4
86.5
87.7
86.5
87.4
85.1
84.1
87.5
85.7
84.9
85.2
84.3
85.3
85.0
85.9
84.7
85.3
85.6
83.6
83.5
83.7
82.7
82.5
82.6
81.8
81.6
81.6
81.3
81.8
81.2
81.7
84.1
84.8
86.4
86.4
84.5
83.7
84.0
82.6
84.5
84.5
84.2
82.5
84.1
84.1
82.9
84.7
87.9
86.3
85.5
85.5
85.6
85.2
86.6
85.6
89.6
89.0
88.5
