109.9
108.9
112.4
105.9
110.7
107.8
110.3
106.5
110.2
108.8
110.3
107.1
103.89999999999999
105.63333333333334
104.9
104.2
101.2
97.5
98.1
102.4
99.2
102.1
98.4
98.7
102.5
103.5
102.7
104.5
98.2
99.0
100.7
103.0
101.0
115.4
125.1
133.5
139.2
138.3
134.9
131.7
130.4
126.7
125.0
120.2
117.5
116.0
116.0
112.2
110.9
109.8
111.7
109.4
111.3
109.5
105.7
106.1
107.4
107.1
107.9
105.1
105.6
103.3
104.1
104.7
105.7
104.1
106.7
104.7
102.9
106.6
104.4
104.0
105.4
105.8
106.4
107.3
106.1
105.1
104.2
105.4
102.7
102.8
104.8
103.7
104.2
104.6
101.6
104.4
104.5
105.1
108.0
106.1
105.6
106.5
107.8
107.1
107.5
107.0
106.3
106.3
106.3
109.7
107.5
108.9
108.6
107.8
109.9
106.1
109.5
106.8
108.4
104.9
106.5
108.5
110.3
112.2
108.1
109.3
106.8
104.4
102.00000000000001
109.33333333333333
111.8
108.4
108.5
108.7
109.7
109.7
110.5
107.7
110.7
115.1
112.8
110.8
109.4
109.7
108.8
108.9
106.3
107.4
107.2
107.3
105.6
107.4
110.1
107.1
107.1
106.8
106.2
109.6
106.4
107.0
108.6
105.8
106.1
105.5
108.1
102.9
106.3
104.3
107.0
106.6
105.3
105.4
104.3
106.8
106.0
106.3
102.8
106.8
108.5
107.1
105.1
107.6
108.0
103.8
106.8
103.1
104.7
104.8
106.3
105.4
105.2
101.8
105.6
102.4
105.2
106.0
103.1
105.4
105.4
104.7
105.1
106.6
105.1
108.2
105.4
106.6
105.4
107.3
105.5
105.5
106.0
107.3
102.8
103.5
104.2
101.6
103.1
102.3
104.4
105.5
105.6
100.7
105.0
102.3
100.1
103.3
101.4
100.6
99.1
99.2
103.1
103.3
102.9
104.9
101.7
102.8
103.0
103.1
102.7
104.5
99.9
103.5
102.2
102.3
102.7
99.2
103.7
103.4
104.5
103.0
101.5
103.7
100.9
101.9
99.4
99.1
100.8
100.9
97.7
101.1
96.3
96.7
101.7
96.3
91.5
93.5
100.5
90.7
94.2
95.7
93.9
95.5
93.2
93.5
92.8
91.8
90.8
91.3
88.0
90.4
89.5
89.7
94.2
89.1
86.3
91.0
89.6
93.6
89.7
91.6
91.0
91.4
92.1
92.7
93.8
91.0
91.4
95.8
92.5
89.0
96.4
92.9
94.1
95.8
95.4
95.1
95.1
96.8
98.3
96.3
97.7
95.7
97.2
96.4
96.0
96.0
97.5
99.6
99.5
97.7
101.6
102.1
98.5
99.2
99.6
105.8
103.3
102.2
104.2
102.0
101.6
104.3
107.3
106.1
104.1
105.4
104.1
107.1
105.1
107.0
105.0
108.5
108.9
106.2
108.4
111.1
107.9
112.3
107.9
109.8
108.9
107.1
109.4
112.0
111.5
110.0
110.3
108.9
112.4
111.6
114.3
110.7
109.5
112.4
113.4
114.9
109.4
114.3
108.3
108.7
112.3
114.4
112.1
111.9
113.3
115.2
114.2
113.2
112.2
111.9
113.3
113.0
115.0
111.1
115.8
115.3
118.8
116.3
116.6
114.8
115.2
117.2
117.0
117.3
119.9
115.1
119.3
121.4
117.1
116.0
117.1
120.4
118.4
116.3
118.2
115.4
118.6
116.9
120.1
118.8
116.8
118.3
118.7
117.3
120.2
116.2
118.7
119.3
120.6
121.4
116.6
116.8
119.7
118.7
116.5
118.8
121.6
119.9
118.7
118.8
116.6
119.8
121.3
119.1
117.7
111.8
110.4
111.4
111.1
110.0
109.8
106.5
107.1
103.2
105.7
106.1
106.8
107.4
107.5
106.1
103.9
104.2
103.1
99.3
101.5
99.7
105.5
101.8
102.3
102.1
99.6
100.8
99.9
102.1
100.0
101.4
106.7
106.2
104.5
99.9
104.4
106.4
104.4
102.5
107.2
102.9
103.6
104.6
105.7
102.5
92.5
107.0
107.3
103.2
101.2
103.3
98.9
102.8
100.0
102.9
104.2
105.7
106.1
103.8
104.3
103.7
99.0
101.0
98.3
97.8
101.2
102.0
100.5
97.9
102.5
103.1
105.9
106.1
102.5
101.3
105.3
101.9
104.0
101.9
105.5
105.3
103.8
106.0
105.2
106.3
106.5
106.0
103.7
109.3
107.8
107.0
106.4
109.4
109.5
106.7
109.3
110.5
106.7
107.9
108.0
106.7
111.1
111.5
111.8
112.7
112.2
108.1
109.6
107.0
110.6
105.4
107.8
105.3
108.1
108.6
110.8
108.4
107.8
111.5
108.3
108.9
107.8
108.8
109.1
109.3
109.1
106.6
108.9
109.9
108.4
107.5
109.4
110.3
112.0
111.0
108.4
109.6
110.0
112.4
109.0
113.6
111.3
112.5
111.9
106.9
113.1
110.6
109.6
108.2
109.4
106.5
111.1
108.8
111.7
111.8
108.5
108.3
113.3
105.0
109.5
107.8
110.4
109.7
107.9
107.9
108.6
111.5
108.1
108.8
109.2
108.0
107.9
107.2
108.8
106.0
108.9
105.6
109.3
109.7
111.0
107.1
107.6
107.3
107.7
108.6
108.6
109.3
110.8
109.0
112.2
109.1
108.8
110.2
110.1
112.2
108.9
109.3
111.0
112.4
110.7
110.7
108.9
107.1
111.2
110.3
110.5
109.7
109.8
108.8
111.0
113.0
112.1
114.7
112.1
111.2
109.4
112.4
113.2
112.6
110.5
110.6
112.3
111.5
111.1
110.4
111.7
112.6
113.7
110.6
113.8
115.2
115.6
114.0
112.8
113.4
114.6
117.1
114.5
115.3
114.3
116.4
118.0
113.1
116.0
118.8
115.5
115.4
116.3
116.3
114.1
114.5
113.8
114.0
115.8
113.8
112.1
116.4
112.7
111.5
115.7
117.2
113.3
115.7
115.0
113.2
112.2
118.1
114.7
115.4
114.2
113.3
116.8
113.1
114.6
115.5
114.4
113.30000000000001
121.8
116.9
116.6
115.8
114.8
114.7
114.6
107.7
110.8
107.7
108.0
105.6
108.1
105.8
106.8
108.3
106.1
108.2
111.4
111.7
110.7
110.6
109.1
113.2
111.1
111.8
114.6
115.8
113.6
113.3
111.6
111.8
114.0
112.5
115.5
115.0
114.7
115.5
114.9
116.3
115.0
117.7
115.3
115.9
117.6
117.1
116.7
115.0
120.6
118.8
122.4
119.7
119.8
118.6
116.1
117.3
119.9
120.1
121.2
119.4
119.0
119.7
120.8
118.1
117.4
117.8
120.5
123.5
120.0
120.1
119.9
119.1
120.9
120.5
118.6
120.9
120.0
121.2
120.7
120.4
123.5
123.1
123.1
123.1
122.2
121.7
122.6
122.2
122.4
118.6
118.3
118.0
120.9
119.2
119.1
118.5
119.1
118.5
119.1
120.9
118.8
120.0
120.3
121.9
118.1
119.2
119.3
120.9
121.2
120.7
120.0
121.5
118.7
123.7
124.3
122.3
120.4
123.0
125.2
123.9
124.6
122.9
124.7
126.8
123.9
125.4
126.2
126.8
126.2
128.1
127.4
127.7
127.2
129.9
133.1
130.1
128.4
126.6
130.0
129.0
128.6
129.7
130.3
134.0
136.4
137.1
134.8
132.3
129.3
128.9
129.1
130.1
126.1
127.4
128.8
128.7
129.7
131.8
129.8
133.1
131.6
131.2
132.8
132.9
132.6
132.8
122.1
114.2
113.3
112.5
111.9
111.2
111.4
113.9
115.3
111.6
109.9
115.4
114.3
115.6
113.9
117.2
115.5
117.6
115.7
116.3
115.9
117.4
120.2
119.6
117.0
118.3
115.5
120.4
118.1
118.8
120.2
121.5
120.0
123.3
122.2
120.8
120.7
120.0
121.4
121.9
122.6
124.0
122.9
123.3
123.0
121.9
124.2
123.5
125.4
123.8
122.4
125.2
125.3
127.0
123.8
126.1
127.7
124.9
124.3
126.9
127.0
126.2
127.5
126.5
126.1
125.6
124.5
125.8
121.6
126.6
126.5
124.9
124.4
125.1
123.4
127.4
126.4
129.2
129.2
129.3
128.9
127.3
121.6
117.7
115.4
110.5
109.4
107.6
111.2
110.5
111.2
110.7
108.9
111.1
110.5
112.1
110.7
112.3
111.1
110.7
115.1
110.0
111.5
113.4
112.1
113.8
113.9
113.6
117.2
113.8
114.7
114.8
113.6
114.5
115.2
113.7
115.9
115.4
116.7
116.0
115.6
117.2
116.9
114.8
115.8
114.7
116.8
116.1
117.8
114.9
115.1
114.8
115.4
118.1
115.9
115.6
116.7
114.0
118.1
115.5
118.2
117.1
119.6
118.7
119.4
114.0
117.9
120.7
119.8
117.2
117.3
118.7
118.8
119.6
120.4
119.7
118.2
120.6
117.8
117.5
118.0
119.4
119.3
117.2
118.2
118.6
117.6
118.2
117.2
118.9
118.0
119.7
117.8
120.4
122.1
117.9
117.3
117.1
116.0
118.2
117.2
116.9
118.7
117.8
115.7
117.6
114.6
116.4
117.1
116.8
116.6
118.8
119.0
118.5
115.4
118.5
120.6
118.5
117.8
116.6
118.1
117.1
119.3
116.8
122.6
122.3
122.1
122.3
121.5
118.7
119.6
119.3
118.1
117.6
117.6
119.1
120.4
118.8
117.6
117.6
117.1
117.8
117.6
114.9
111.7
112.7
115.1
110.8
114.3
116.2
111.6
115.0
111.2
113.7
114.8
114.9
113.2
113.4
113.7
111.6
110.4
111.0
114.0
114.6
110.5
110.6
110.6
113.1
108.7
113.3
113.2
111.5
114.3
115.6
114.1
112.6
115.8
112.2
115.5
114.7
115.1
115.2
113.5
113.8
112.5
112.8
113.2
111.5
112.3
112.5
112.4
112.6
110.8
110.7
111.1
111.6
112.5
111.0
112.4
110.3
112.4
114.6
112.2
114.8
113.1
109.9
114.3
111.4
111.4
113.1
114.3
113.9
113.4
114.9
116.1
113.8
117.0
116.7
117.7
115.9
117.2
117.9
115.0
114.2
115.8
114.4
115.3
117.5
116.0
116.9
115.2
115.0
114.5
114.3
113.0
112.5
115.8
110.6
114.1
113.7
114.4
112.9
115.0
114.4
109.1
115.1
114.3
111.7
114.5
117.5
114.1
114.3
114.5
111.4
112.9
113.6
111.2
111.4
114.4
114.2
112.4
113.8
115.19999999999999
114.6
112.8
113.2
109.9
111.6
110.8
112.0
110.9
107.9
109.3
109.0
111.6
110.0
112.4
111.3
108.8
113.2
111.5
113.8
113.8
111.0
111.9
112.5
111.0
111.5
115.6
111.8
112.3
114.6
114.4
114.8
113.8
112.6
115.1
115.0
114.0
113.6
111.1
113.4
112.0
112.0
113.2
114.3
113.2
112.8
114.5
112.6
115.9
113.6
115.6
116.1
114.5
112.7
115.8
117.2
118.0
116.0
114.3
118.3
116.6
114.4
116.1
117.8
116.3
118.4
116.1
115.3
115.6
117.3
115.1
116.7
116.4
116.3
116.1
115.4
115.3
114.7
115.1
116.0
111.8
115.4
115.0
117.7
114.9
112.8
109.5
110.5
112.8
113.0
112.9
111.8
113.1
113.0
113.1
114.4
115.6
113.1
112.4
117.4
115.2
112.6
118.1
117.4
116.9
116.6
113.4
114.8
114.0
113.3
111.5
115.3
114.5
115.9
115.2
112.5
112.7
111.6
112.1
109.9
112.7
113.2
114.7
115.1
116.4
114.2
114.2
114.2
113.8
115.6
112.1
111.5
116.1
113.4
112.5
113.6
115.4
113.2
115.5
117.1
116.6
116.2
113.6
116.1
112.4
115.5
113.4
114.3
114.8
114.1
110.9
111.9
112.8
111.0
111.8
110.6
114.4
112.7
112.7
113.0
110.5
114.1
114.0
114.8
116.1
111.6
114.0
110.6
112.0
111.7
112.5
114.0
109.2
115.5
111.6
112.5
114.1
115.4
115.0
111.4
113.6
114.8
110.9
111.1
111.3
114.4
115.4
113.6
113.2
114.3
111.5
112.2
113.9
115.3
115.8
115.7
113.4
114.0
114.7
112.5
113.0
112.8
114.8
115.6
116.5
115.2
116.8
113.7
116.9
115.7
113.9
117.0
115.0
115.2
118.1
117.9
117.4
118.2
114.7
115.3
118.6
119.0
114.2
112.7
114.0
117.5
114.7
115.5
114.6
115.9
115.3
116.4
113.6
116.6
112.9
113.4
114.7
115.5
111.5
112.3
114.6
114.2
114.5
114.3
114.3
112.8
113.2
112.6
114.8
115.4
113.1
113.5
114.6
114.6
116.5
113.8
113.0
112.2
114.2
112.7
112.7
108.1
113.3
112.1
116.6
112.6
114.9
116.5
116.2
113.8
109.7
113.8
106.8
111.1
113.0
112.5
110.8
111.9
111.5
110.0
112.5
111.3
111.0
114.5
109.9
109.8
111.8
112.7
110.9
115.1
112.8
114.1
111.0
112.3
112.9
113.0
110.2
115.4
111.3
114.5
113.9
114.3
115.8
112.9
114.9
113.4
114.0
117.4
111.9
112.2
115.6
119.4
112.5
113.8
114.6
113.1
113.4
116.0
116.1
110.1
113.7
113.3
115.7
115.8
116.6
114.4
114.0
113.8
113.0
115.5
113.2
115.2
113.3
114.6
113.4
113.3
113.9
115.0
112.6
116.0
112.4
112.9
112.1
112.4
114.7
112.4
119.0
116.0
113.0
115.1
110.6
110.9
109.7
111.5
112.3
111.2
110.8
109.9
112.2
112.2
110.7
110.4
112.0
111.4
112.6
113.0
110.2
110.5
112.2
109.9
109.7
112.3
110.7
114.1
111.8
113.1
110.6
109.2
109.5
110.0
111.2
108.1
110.8
111.7
110.9
111.8
111.3
112.1
110.6
112.3
108.9
114.6
111.7
111.8
108.6
110.0
109.3
108.2
108.9
104.7
107.7
107.9
110.7
109.4
107.7
105.8
107.3
108.2
110.6
108.6
110.1
109.3
109.9
111.4
110.3
111.3
111.4
106.4
113.1
111.2
111.9
111.9
112.6
113.0
113.1
113.6
111.3
110.9
112.3
115.3
112.7
110.7
112.4
111.4
112.9
112.4
110.7
109.0
111.7
111.2
109.1
111.2
113.0
108.9
112.9
108.5
107.8
109.4
111.8
110.3
107.3
110.3
108.7
111.0
110.4
108.9
106.4
109.6
112.1
110.3
110.0
108.6
112.0
109.5
110.2
114.1
112.1
111.5
106.1
106.9
111.0
108.9
107.5
106.8
109.9
109.8
108.0
111.0
111.2
108.2
108.6
111.0
110.2
111.2
107.2
109.9
108.8
107.7
109.7
108.0
109.1
108.0
112.7
105.4
109.2
110.7
112.0
111.9
110.6
109.5
107.7
111.8
108.9
112.4
107.3
107.4
107.9
108.3
110.0
109.0
106.3
114.0
108.0
108.8
108.8
110.6
109.4
112.0
111.1
111.8
114.0
109.9
110.6
108.6
108.4
108.3
108.5
112.0
108.2
112.8
116.1
108.6
109.2
114.0
111.3
113.0
111.2
110.2
109.9
108.8
106.1
107.5
108.6
109.0
109.3
109.4
105.8
107.0
110.2
109.3
107.4
107.0
104.6
106.8
103.6
109.3
106.5
106.7
109.3
108.4
109.5
109.0
105.0
105.4
104.6
106.5
105.8
106.0
104.1
102.1
100.9
99.9
98.8
96.6
96.8
97.9
101.0
100.4
102.4
99.5
99.0
98.4
99.2
98.9
98.7
96.7
95.0
96.0
95.6
94.8
93.1
95.6
95.2
95.5
93.0
96.0
95.9
92.7
93.8
90.4
92.0
90.2
93.9
88.9
91.6
89.0
89.3
88.5
89.7
91.0
91.4
86.4
89.5
91.8
89.7
90.5
91.3
90.7
89.3
92.3
91.6
91.9
92.8
91.4
90.8
91.4
92.3
96.0
92.6
90.5
93.5
89.3
90.9
92.4
93.0
89.1
89.7
92.1
92.1
92.2
91.8
92.8
88.7
88.6
89.3
89.3
88.5
92.1
91.9
86.5
91.4
89.9
89.5
89.8
89.3
88.8
87.7
89.5
88.9
87.9
89.7
89.3
90.4
90.8
87.9
87.7
87.0
89.4
88.3
88.2
86.8
88.4
90.0
88.3
87.0
93.0
91.9
89.6
89.3
84.8
85.7
88.9
89.7
87.2
89.7
88.8
88.4
87.2
88.4
90.1
92.5
93.6
89.9
93.2
94.3
94.5
93.0
91.1
89.6
93.3
89.5
90.0
89.3
90.7
91.9
92.1
88.6
90.5
91.9
94.5
93.6
95.8
92.5
94.6
92.5
94.9
91.9
92.3
92.8
87.6
93.0
92.9
89.4
90.6
93.3
90.3
88.8
93.7
91.7
90.6
87.2
92.5
91.6
86.3
89.9
91.3
91.9
91.1
88.4
92.3
89.9
93.4
90.5
91.8
89.1
90.5
90.7
88.8
90.0
88.4
91.8
92.4
90.8
91.3
93.0
91.5
90.8
91.4
89.2
92.0
90.0
91.3
87.3
93.4
93.2
91.4
93.5
90.7
91.0
88.9
92.9
91.5
94.8
91.1
89.8
90.5
94.6
93.2
93.7
94.9
91.9
94.3
94.0
92.3
94.2
92.4
91.9
90.5
94.3
91.1
93.7
91.6
92.5
94.3
89.9
91.8
92.6
92.3
93.8
91.4
90.5
94.8
93.9
89.6
93.1
93.0
90.6
96.2
94.0
94.2
92.3
95.2
94.5
93.4
89.9
96.2
92.4
92.9
90.1
94.2
90.9
94.1
89.7
93.5
91.3
92.7
92.7
93.1
91.6
94.0
94.5
96.3
92.2
92.7
94.7
93.2
90.9
93.0
91.2
93.7
88.8
90.5
91.5
95.5
93.3
93.4
92.0
90.9
93.4
92.6
90.0
92.4
93.2
90.1
93.1
90.9
92.0
91.5
94.8
93.4
92.2
92.1
92.8
96.4
93.6
94.9
94.1
95.0
95.5
95.9
92.9
96.7
97.4
95.6
93.4
92.4
93.5
94.5
93.8
94.0
97.8
95.3
93.7
92.5
93.8
92.7
92.4
96.9
93.3
91.9
93.9
94.6
94.7
97.1
98.0
104.2
99.6
100.1
98.4
96.9
99.5
96.3
95.4
95.2
94.2
96.3
92.3
94.7
93.6
95.9
95.3
95.1
92.0
92.5
90.5
90.8
94.2
93.4
92.6
96.9
91.0
93.2
91.3
90.4
91.6
92.5
93.3
92.3
92.7
95.5
91.9
92.0
91.3
91.6
92.5
92.8
93.0
91.7
92.3
91.2
90.2
90.7
92.7
92.0
91.3
90.9
89.9
89.0
90.1
92.1
91.2
91.4
93.1
90.8
88.9
90.8
90.4
90.4
91.0
91.4
90.0
88.9
91.9
91.6
90.1
91.2
88.9
89.0
88.4
93.0
92.9
91.3
91.3
93.1
91.7
93.1
90.1
92.3
92.1
88.9
89.9
91.4
91.7
89.8
89.2
88.1
90.2
88.7
88.1
92.6
90.6
89.4
91.5
92.3
92.5
90.8
92.3
88.1
92.8
90.4
92.0
91.3
89.5
92.1
89.7
92.7
92.3
93.0
89.1
93.1
91.7
90.4
90.4
93.6
91.0
90.8
91.2
88.7
91.5
94.0
89.3
90.5
92.7
90.7
90.3
88.9
87.9
89.6
90.4
91.1
90.7
92.5
90.8
87.3
89.5
89.8
87.2
86.3
88.7
89.7
89.4
87.8
92.2
90.1
88.1
86.9
88.5
91.8
88.1
91.1
88.4
90.7
92.2
90.5
89.7
91.2
91.4
93.1
91.4
90.2
89.8
91.7
88.8
89.5
91.0
89.6
91.7
90.0
92.0
90.9
90.7
87.7
89.5
90.8
89.0
91.0
91.4
90.6
88.6
89.8
90.6
90.4
91.3
89.9
93.7
90.3
89.5
88.3
92.4
92.9
90.2
93.2
90.3
91.0
88.1
94.0
87.8
89.2
88.3
89.9
91.1
91.9
93.6
90.1
88.4
90.0
92.3
90.5
91.5
92.2
92.8
91.5
92.0
93.3
90.9
94.0
92.5
88.7
93.5
95.0
96.6
97.2
97.2
97.3
92.9
95.2
96.3
94.4
96.0
93.1
94.5
94.8
93.3
96.6
92.4
93.6
93.7
93.2
93.7
93.8
93.9
90.6
89.2
91.7
92.1
90.9
90.8
93.6
90.0
90.8
95.3
91.1
90.8
92.6
89.4
89.9
88.6
90.8
89.2
90.0
92.9
89.7
89.4
92.9
90.2
89.9
90.1
90.8
90.8
89.8
87.3
92.5
91.3
92.7
90.4
92.4
88.0
89.3
91.9
88.4
93.4
90.9
90.3
91.2
91.6
89.6
91.4
91.4
89.6
90.6
90.6
91.4
92.6
88.3
92.3
92.9
90.8
94.2
92.8
91.3
93.2
92.5
91.5
93.1
91.3
92.9
92.0
93.0
93.2
94.1
90.5
90.3
92.1
93.5
90.8
94.4
91.7
93.7
88.8
95.7
92.9
92.2
93.2
91.2
92.8
91.0
94.5
96.6
94.8
95.5
91.8
97.9
93.8
95.3
91.5
89.9
94.4
93.4
98.4
91.9
98.2
97.6
93.6
97.2
91.0
94.0
95.4
93.9
92.3
94.3
95.3
92.1
92.4
94.7
100.8
98.1
96.8
96.9
99.3
99.1
97.7
94.8
95.4
98.4
95.9
94.6
94.6
96.8
93.9
94.3
95.0
93.7
95.9
92.5
94.1
91.2
95.7
94.3
98.5
96.3
96.0
92.3
92.5
93.5
93.1
91.7
94.2
93.0
93.3
95.3
94.7
90.9
91.8
92.0
92.8
93.1
92.0
91.3
90.8
91.1
92.0
93.6
91.2
90.3
90.1
91.3
92.7
94.5
90.8
92.8
91.9
93.5
92.9
92.0
92.9
91.1
92.1
94.1
90.3
91.3
90.3
90.8
86.1
87.0
86.5
87.5
87.5
85.7
84.4
85.4
83.9
85.1
84.3
85.0
85.7
86.5
83.8
82.5
84.2
81.3
83.7
81.7
79.3
79.7
79.7
82.8
80.4
79.3
82.0
77.6
79.9
81.4
78.2
78.3
78.6
76.4
79.2
77.1
80.3
82.3
80.0
77.1
79.8
79.4
82.6
77.4
79.2
77.4
79.1
80.0
77.2
76.2
80.3
79.4
80.8
79.5
78.1
79.7
78.5
79.6
82.0
78.2
81.9
79.8
79.5
80.9
82.9
83.1
80.6
83.4
86.6
84.6
83.7
83.2
85.6
83.0
82.7
83.1
83.6
83.0
85.6
81.8
83.6
86.1
81.0
81.9
80.3
78.0
84.5
81.4
79.6
81.0
81.8
77.9
79.9
81.2
81.3
81.3
84.8
82.5
84.5
81.1
85.2
81.3
82.5
84.6
81.7
82.1
85.0
81.6
86.2
85.6
80.3
84.5
85.5
83.0
80.8
85.6
85.0
84.7
82.9
85.2
87.0
86.9
88.3
85.3
87.3
89.6
87.5
86.6
90.5
85.7
86.2
85.6
87.0
88.5
82.8
78.1
83.4
87.8
85.5
85.7
87.1
91.7
86.3
87.4
84.2
87.4
87.6
90.1
84.4
88.0
87.3
86.3
88.8
85.2
85.4
87.9
88.2
86.9
88.7
86.6
84.4
78.5
80.9
82.1
83.3
87.8
83.2
83.5
83.3
87.3
86.3
85.6
86.5
84.6
86.7
85.5
84.2
84.7
84.6
85.4
83.6
86.5
85.3
84.3
83.2
83.5
86.6
84.9
86.2
83.5
82.8
83.4
81.4
85.4
84.1
87.5
81.1
86.8
84.5
87.5
84.7
85.5
85.5
86.5
86.7
89.3
85.1
87.2
87.1
87.4
87.5
86.0
88.4
85.8
87.3
85.9
86.0
74.7
