92.5
94.3
93.6
95.5
91.9
97.0
96.7
92.5
93.5
94.0
93.1
92.9
95.7
94.3
92.0
93.6
97.5
94.8
96.4
95.7
94.9
90.6
94.6
91.8
91.7
90.7
89.2
90.2
90.6
88.3
91.9
86.3
87.7
89.0
86.8
92.4
90.4
94.3
94.0
96.4
91.6
92.7
93.7
92.1
89.8
90.8
92.3
88.0
89.1
87.0
87.6
84.9
86.0
81.0
83.2
81.5
82.8
84.5
85.3
88.7
89.7
87.9
90.2
89.5
90.8
89.3
93.9
90.2
94.7
90.8
102.1
101.9
101.6
102.0
99.7
100.3
102.7
102.6
100.8
100.7
98.2
101.2
102.0
99.8
102.0
99.5
102.6
100.4
99.6
101.7
98.0
98.9
103.9
100.3
97.4
102.3
101.9
101.8
98.0
101.8
97.2
99.9
102.5
104.9
98.8
99.9
98.8
100.2
102.7
103.3
99.3
99.8
103.8
101.8
103.1
108.3
99.4
105.0
102.6
106.2
106.8
101.3
104.5
106.4
106.7
106.6
107.1
104.1
105.6
105.9
107.7
105.4
103.3
106.0
106.2
105.7
106.0
108.7
111.7
109.0
107.9
104.5
107.8
111.3
104.5
106.0
104.7
105.6
106.8
108.3
109.4
108.9
106.3
110.2
108.9
108.7
109.2
109.2
108.4
108.8
104.5
105.1
103.4
104.4
106.1
106.0
104.3
108.1
109.3
107.2
103.7
105.9
106.2
106.3
104.2
106.0
102.5
102.4
101.9
105.9
106.4
105.2
103.3
105.5
104.5
102.6
101.2
104.0
102.4
104.7
103.5
104.6
107.7
104.7
101.7
103.9
107.1
109.7
106.7
107.8
106.6
107.3
107.6
105.7
105.0
106.8
106.3
109.2
109.0
112.6
120.9
117.4
107.1
110.3
106.3
108.3
107.0
108.0
110.9
108.0
107.4
106.7
102.5
109.2
103.4
103.3
102.7
104.8
107.2
103.8
107.9
107.1
105.2
105.1
105.7
105.7
106.1
102.5
107.1
105.6
107.4
103.7
104.8
104.3
102.3
103.3
107.0
106.8
108.8
105.5
105.0
104.2
105.5
103.7
104.9
105.6
104.5
103.5
105.1
100.5
100.9
101.2
102.9
104.7
104.1
103.2
102.1
101.5
103.3
101.8
99.8
99.4
102.5
103.2
106.6
101.3
103.9
106.4
105.3
104.9
105.6
107.9
105.5
107.8
104.7
107.9
107.4
107.1
107.0
107.1
105.8
105.9
108.0
103.5
107.9
109.7
107.1
108.3
109.1
107.0
105.5
106.3
111.1
110.8
109.9
108.2
106.8
109.7
108.5
107.7
106.0
106.7
107.4
108.4
105.4
107.6
108.0
110.0
107.6
107.5
105.9
108.4
107.6
106.8
106.0
104.5
106.6
106.0
104.8
105.7
105.4
107.3
102.0
110.2
105.7
104.3
104.0
107.1
105.3
104.1
98.7
103.7
103.8
104.5
103.2
103.0
104.5
104.3
103.0
104.1
106.7
105.5
110.2
105.1
105.9
105.0
109.0
104.3
106.3
105.6
107.5
105.8
106.6
107.4
104.4
107.3
107.6
106.9
108.5
107.9
109.5
108.4
109.5
107.8
106.1
105.4
106.6
111.4
107.4
106.4
107.1
107.2
109.9
104.5
104.1
99.6
98.9
100.0
98.4
100.5
102.2
105.0
104.5
96.5
100.2
99.8
99.0
99.3
98.8
97.6
94.8
97.9
98.5
97.4
100.4
93.8
101.3
95.0
98.5
98.1
100.9
98.7
99.4
98.2
96.7
96.9
96.4
98.6
100.5
97.6
96.8
101.9
102.2
99.1
99.8
102.3
103.8
105.0
105.4
115.5
115.5
110.1
109.7
105.5
109.2
104.6
105.5
100.7
104.4
105.4
105.3
100.5
100.5
102.1
97.7
98.0
96.3
97.1
98.3
96.8
98.4
98.3
97.1
95.4
97.3
93.1
95.8
95.1
96.4
95.9
94.8
94.1
95.2
96.9
96.8
95.2
100.1
97.0
94.6
97.7
99.8
96.4
93.2
95.3
95.0
93.2
91.4
93.4
91.7
94.3
91.5
88.5
92.7
93.2
92.0
94.2
91.9
92.5
89.6
95.5
93.0
94.4
90.1
96.5
97.7
89.5
94.8
96.6
98.9
99.2
97.6
100.8
97.6
99.6
99.4
98.8
100.1
98.8
98.5
98.0
100.8
97.0
101.6
96.0
95.1
97.6
98.0
98.7
98.7
94.6
97.1
97.9
100.2
98.6
95.0
95.7
96.4
95.55245901639344
95.47868852459017
95.40491803278688
95.33114754098361
95.25737704918033
95.18360655737705
95.10983606557377
95.0360655737705
94.96229508196721
94.88852459016394
94.81475409836065
94.74098360655738
94.6672131147541
94.59344262295082
94.51967213114754
94.44590163934427
94.37213114754098
94.29836065573771
94.22459016393442
94.15081967213115
94.07704918032788
94.00327868852459
93.92950819672132
93.85573770491804
93.78196721311475
93.70819672131148
93.6344262295082
93.56065573770492
93.48688524590165
93.41311475409836
93.33934426229509
93.26557377049181
93.19180327868852
93.11803278688525
93.04426229508196
92.97049180327869
92.89672131147542
92.82295081967213
92.74918032786886
92.67540983606558
92.6016393442623
92.52786885245902
92.45409836065573
92.38032786885246
92.30655737704919
92.2327868852459
92.15901639344263
92.08524590163935
92.01147540983607
91.9377049180328
91.8639344262295
91.79016393442623
91.71639344262296
91.64262295081967
91.5688524590164
91.49508196721311
91.42131147540984
91.34754098360656
91.27377049180328
91.2
98.7
95.6
94.2
94.5
93.9
94.9
97.4
95.2
95.1
91.1
93.7
93.7
91.1
94.3
96.2
92.1
90.5
96.2
88.3
89.9
88.4
88.1
91.2
88.1
86.9
85.8
85.0
84.8
86.0
88.8
86.4
86.6
87.1
85.4
87.0
90.2
91.9
89.9
91.0
91.7
90.3
91.4
90.7
88.9
92.3
92.9
91.8
90.0
91.4
88.1
93.8
90.4
90.7
90.9
88.5
90.6
92.4
95.8
92.8
92.7
89.6
91.2
92.3
88.2
89.7
90.1
92.3
92.6
89.8
90.7
92.3
90.1
90.8
93.5
92.7
95.7
93.7
93.9
94.1
94.2
93.4
95.8
90.9
89.6
93.3
100.8
98.0
102.2
94.9
101.5
103.0
103.1
96.2
99.9
101.4
99.4
97.3
97.1
100.3
96.8
95.3
95.8
95.2
95.3
94.4
98.8
95.9
94.9
95.1
93.2
94.9
94.0
91.1
89.1
90.1
92.8
91.2
89.1
89.1
93.0
90.4
89.5
95.1
89.7
95.6
94.0
92.2
97.7
97.6
91.7
90.2
94.5
96.6
91.3
93.2
92.8
93.4
97.5
96.7
99.5
99.0
96.2
93.5
96.1
97.9
91.8
97.0
100.8
96.4
96.0
94.2
99.0
97.7
99.2
97.9
94.5
99.6
98.4
104.6
97.0
97.7
101.2
92.7
98.9
98.7
98.3
94.4
101.1
96.6
99.8
99.6
98.8
96.8
91.9
94.7
94.0
98.2
101.8
103.0
101.1
100.5
100.9
98.5
95.7
99.3
101.4
104.5
98.3
106.8
105.0
104.5
96.7
101.3
102.1
98.5
99.3
98.5
99.3
103.3
100.3
101.6
102.3
104.3
102.6
103.8
106.6
103.9
103.6
100.7
102.0
102.1
97.9
102.1
97.5
96.5
95.0
94.5
92.9
99.5
95.6
94.9
95.6
93.7
89.5
98.3
93.1
89.0
95.8
93.7
98.5
97.4
103.5
99.8
93.1
96.5
95.8
93.4
94.4
98.4
95.2
91.7
93.1
93.5
93.8
93.7
89.4
93.7
96.3
89.4
90.6
95.0
98.8
101.7
93.4
93.5
98.8
98.4
98.5
96.2
96.9
98.5
100.2
98.7
93.3
96.3
94.8
102.1
100.9
100.3
98.7
94.0
99.0
97.9
99.0
96.2
101.0
95.2
96.9
100.0
100.5
95.7
97.8
94.7
97.8
97.4
95.5
97.0
95.4
96.1
101.9
99.8
96.5
96.3
95.8
97.4
96.8
99.8
94.2
99.6
97.3
96.5
94.4
95.0
98.5
96.1
95.9
95.2
97.0
92.5
96.5
96.7
93.8
93.5
96.2
94.2
92.4
94.5
93.3
96.0
94.1
93.1
96.7
93.0
98.4
97.1
93.4
96.2
94.3
95.2
93.3
93.7
95.1
95.9
93.5
99.6
99.5
98.3
100.4
100.9
100.3
105.0
112.8
109.1
107.2
106.0
104.3
99.9
100.3
102.4
104.2
105.0
103.8
99.3
99.6
95.4
95.7
92.4
91.9
94.5
96.2
93.3
93.7
93.3
91.2
92.1
93.6
95.4
99.1
98.8
101.3
101.1
97.5
95.4
96.2
95.3
93.3
94.0
94.1
94.1
96.0
89.3
96.8
95.3
94.3
94.8
90.0
102.0
95.0
96.0
98.2
94.7
91.7
97.5
93.3
94.3
91.8
91.0
89.7
93.9
94.4
89.0
90.5
94.5
93.2
91.1
94.0
90.8
90.4
93.3
91.1
90.2
94.8
93.0
98.7
95.5
92.2
98.2
95.1
95.5
96.5
94.1
95.8
104.8
94.5
90.5
98.3
98.2
98.9
102.6
97.5
102.6
106.7
105.0
101.6
98.9
102.7
100.0
107.8
93.0
104.9
94.5
98.3
101.2
96.8
101.1
92.1
99.2
99.0
104.1
103.0
104.6
103.3
98.0
101.9
100.4
101.3
97.8
100.1
94.3
99.5
102.4
105.4
105.1
108.2
102.6
104.7
102.8
104.4
101.7
102.4
101.0
99.5
101.0
101.2
96.6
99.3
99.3
99.3
94.6
98.1
98.5
96.9
103.0
104.6
101.7
103.7
102.8
99.9
97.7
98.9
98.1
99.7
95.9
95.1
96.7
93.4
92.2
95.1
91.2
92.0
93.3
87.8
94.8
86.3
86.4
93.4
93.3
87.2
92.3
92.7
87.9
101.9
104.4
104.9
97.2
98.8
95.2
92.2
89.9
90.9
90.5
93.7
93.0
90.3
89.3
89.2
88.9
90.2
91.1
91.1
91.6
90.6
89.0
88.9
86.5
86.2
86.6
88.5
92.7
89.1
97.0
96.4
97.1
91.6
94.4
92.0
93.4
89.2
92.7
91.8
85.1
86.8
90.6
86.7
88.5
87.7
90.1
90.1
91.2
87.4
92.5
89.2
89.2
100.0
98.9
97.4
102.3
100.9
100.8
99.0
96.1
97.4
93.6
94.3
91.8
93.5
91.4
91.5
92.7
90.8
92.0
89.9
90.6
90.3
91.5
93.4
94.8
96.0
88.9
94.7
91.9
89.2
90.9
96.1
92.0
91.9
93.0
91.9
95.9
92.2
94.3
94.7
96.2
93.5
98.5
97.9
100.8
98.8
98.7
98.9
97.7
94.2
98.2
97.8
99.6
106.8
106.4
105.4
105.2
106.9
106.5
103.4
105.1
101.1
103.3
107.5
103.1
103.0
101.1
98.7
101.9
100.9
100.9
97.8
98.9
96.7
93.9
92.7
92.7
90.3
90.8
91.3
91.0
91.9
95.9
90.7
86.0
92.3
90.0
87.6
89.9
95.3
88.4
91.3
93.8
91.4
93.0
95.7
94.0
94.4
93.0
94.1
90.6
89.2
90.6
91.1
92.1
91.4
91.5
94.7
89.3
90.3
91.2
90.3
84.9
87.4
86.7
85.3
85.9
85.3
92.2
85.8
81.5
88.2
86.1
86.9
84.7
86.1
86.4
86.6
83.2
87.4
84.9
88.5
89.7
85.5
82.7
86.6
89.3
81.6
83.8
85.7
87.4
84.4
84.4
88.9
85.4
86.3
86.4
88.8
89.5
93.1
92.4
91.6
92.6
90.4
93.1
90.5
88.7
88.9
90.4
86.2
94.1
91.0
91.1
94.2
90.3
87.6
87.4
87.8
91.6
86.9
87.5
85.6
86.9
84.8
85.1
90.6
93.6
90.0
94.9
92.8
93.7
94.7
93.8
90.8
95.1
94.5
93.1
93.8
93.3
92.6
93.4
97.1
98.9
94.3
91.6
94.7
90.0
90.8
92.1
91.0
89.6
90.9
91.5
87.4
89.5
90.3
84.1
87.0
83.1
85.2
83.2
87.5
84.3
91.3
84.2
85.9
84.6
84.0
84.6
90.2
85.7
86.1
84.2
81.6
82.3
81.6
80.4
86.0
83.7
90.1
85.5
87.0
91.0
93.8
93.4
87.1
92.3
88.3
91.4
88.4
91.4
88.1
90.1
91.7
89.1
87.6
84.9
91.6
87.7
91.2
88.6
90.5
92.9
87.4
89.6
89.0
89.4
87.7
88.5
92.7
90.0
91.1
93.2
91.9
88.2
92.0
89.5
91.5
91.8
92.9
96.0
92.8
90.6
92.9
95.3
95.7
92.1
96.8
97.5
96.0
94.3
94.6
96.4
92.6
95.4
92.9
99.7
104.6
101.5
105.1
107.1
101.3
100.5
99.4
99.4
100.0
97.7
100.9
96.4
97.3
98.3
94.3
95.1
99.3
98.4
96.2
94.8
96.6
92.8
91.1
94.1
98.1
95.8
99.3
97.0
97.5
107.4
106.0
97.3
99.5
107.1
101.6
102.7
102.7
103.9
105.1
105.2
102.1
103.0
106.4
105.7
105.0
107.6
107.4
106.9
103.6
106.9
109.5
105.4
108.4
109.5
105.8
110.8
108.7
107.7
112.8
101.9
113.2
108.5
108.1
106.3
106.5
106.9
106.9
109.0
107.2
111.8
111.5
106.2
107.8
112.1
113.2
109.4
113.7
113.8
111.9
105.9
108.4
106.8
108.4
110.0
111.4
108.2
110.1
106.8
104.9
110.9
107.2
106.7
108.9
103.9
105.3
104.0
113.3
113.0
108.9
111.3
112.9
111.2
111.1
113.5
111.0
110.1
107.6
110.0
107.6
108.0
112.2
105.5
106.0
102.7
107.5
101.0
107.4
104.4
106.1
100.3
110.2
105.0
109.4
107.8
111.8
105.4
106.5
106.3
107.9
106.6
111.2
105.7
110.0
105.1
107.1
107.5
103.8
107.0
107.5
105.8
108.4
105.2
105.0
107.5
106.8
109.4
108.3
106.9
106.7
107.2
108.7
106.4
105.8
104.1
107.7
107.0
106.5
103.5
105.4
108.5
103.1
105.4
104.5
105.9
105.0
101.3
106.0
104.2
105.8
105.4
107.8
105.9
108.6
107.4
106.3
109.3
108.9
114.6
109.8
110.1
113.1
111.1
109.6
112.5
113.9
113.0
109.6
109.1
109.5
111.1
115.0
110.0
110.4
112.1
111.1
108.8
110.1
107.5
110.1
111.3
112.1
111.0
106.6
107.7
109.7
109.3
108.9
107.4
107.9
106.5
107.7
111.5
110.7
111.0
109.9
113.7
110.5
111.5
112.3
111.0
111.0
111.6
111.0
110.5
108.5
112.2
113.4
112.7
113.2
112.2
110.8
113.8
113.4
111.7
112.8
107.6
112.4
113.9
112.8
112.9
108.5
113.5
108.9
111.2
114.6
113.3
115.6
115.9
113.9
112.3
111.5
109.5
112.6
115.2
111.0
113.2
113.5
114.7
112.3
111.3
107.8
111.6
107.7
108.8
112.9
110.3
110.0
111.7
110.7
114.1
106.7
107.3
106.5
109.6
110.2
106.6
110.6
104.6
109.4
106.1
109.5
102.2
105.1
105.7
105.6
105.8
109.6
107.2
106.6
109.0
109.3
112.1
109.0
110.1
108.9
109.5
108.6
111.4
111.7
109.3
111.8
110.6
115.3
114.0
113.4
114.7
110.5
111.1
112.7
114.0
110.7
114.0
115.3
110.7
110.9
110.3
111.9
110.1
105.5
110.4
109.5
113.2
110.7
107.9
110.7
108.9
110.7
109.7
116.2
110.8
109.2
110.2
110.4
111.1
110.9
114.1
109.4
113.5
107.7
110.4
107.8
114.0
109.3
109.7
110.7
108.8
108.4
109.2
113.0
113.8
109.6
113.7
110.4
111.5
109.4
107.1
106.8
107.4
107.8
108.7
109.9
108.9
111.9
105.5
108.8
106.4
110.1
111.3
112.5
108.2
110.6
109.5
111.7
108.2
108.1
109.3
112.0
113.7
113.4
116.0
114.8
117.7
113.5
113.4
115.1
111.9
111.0
117.4
133.9
133.8
127.8
130.3
120.2
121.8
116.2
111.4
111.2
106.7
104.7
102.1
102.0
106.0
102.1
102.1
103.4
100.5
109.4
105.6
107.6
104.1
106.5
108.0
113.2
114.5
118.4
121.3
123.4
119.4
120.2
125.1
125.1
125.7
127.4
128.5
127.7
126.6
129.6
123.4
130.4
124.0
125.5
126.9
125.8
129.3
127.0
123.0
126.9
125.7
123.4
125.8
121.9
124.5
125.5
124.2
123.8
124.1
125.0
124.2
122.9
123.4
122.0
123.7
119.0
120.0
119.8
119.4
116.0
118.4
119.0
119.3
117.2
117.7
117.8
118.5
122.5
120.8
118.8
116.0
113.3
120.1
117.3
115.7
114.8
110.6
107.4
113.0
111.0
106.8
110.5
102.6
106.3
108.6
108.1
108.6
107.7
105.3
105.1
106.3
108.5
104.9
104.0
107.5
104.4
107.9
106.4
108.0
109.6
112.9
108.9
112.9
107.1
113.5
109.2
115.6
110.9
119.0
112.0
121.2
119.5
122.9
119.7
121.0
126.7
125.4
125.5
127.5
120.8
125.5
116.6
121.8
123.3
125.4
126.4
125.4
123.5
121.9
122.6
121.6
122.4
119.6
120.8
124.1
121.2
115.4
121.7
118.2
116.6
118.8
122.3
119.4
121.0
119.9
114.3
119.6
119.6
119.6
118.8
118.9
118.8
117.9
117.1
114.0
114.8
110.3
114.7
113.1
113.3
112.8
114.0
117.7
114.1
117.5
113.7
121.1
122.7
114.7
113.0
112.0
117.4
113.9
111.7
111.3
109.0
111.8
109.8
107.7
110.4
102.8
108.9
106.0
107.3
101.7
107.1
104.7
113.4
116.6
117.6
114.7
119.9
117.4
117.7
117.9
119.4
114.4
115.2
111.3
112.6
109.5
107.5
109.0
109.0
109.5
109.2
110.0
111.6
112.5
111.4
108.4
104.9
102.5
106.9
102.7
103.1
106.7
101.9
101.4
100.4
104.3
106.1
99.5
97.7
101.4
104.9
100.1
97.3
102.6
107.5
103.9
104.4
101.3
102.5
112.3
106.4
104.6
106.0
109.0
109.9
114.6
112.5
110.5
110.0
117.1
122.9
113.5
115.5
118.1
117.3
119.0
116.8
118.4
118.7
120.7
120.3
119.9
120.2
122.4
122.8
121.5
126.8
125.5
124.1
122.7
121.3
126.5
129.3
127.9
132.4
133.1
128.2
135.0
136.2
131.3
129.8
136.5
132.4
134.8
131.9
125.7
128.4
124.8
125.4
130.6
128.9
131.2
123.6
121.8
129.1
128.9
125.8
127.0
127.1
124.3
123.5
131.5
128.2
121.0
121.3
120.8
120.7
122.9
119.3
120.1
113.7
120.6
121.3
119.8
119.3
122.1
118.6
124.2
117.9
119.9
118.3
117.2
114.7
111.1
114.7
112.6
121.3
118.9
122.6
124.1
122.6
119.3
120.3
122.2
117.1
115.0
113.6
113.8
108.4
115.1
110.0
106.2
106.7
107.6
110.0
102.6
105.4
107.2
103.4
102.1
103.9
105.7
104.1
103.2
105.1
105.9
104.2
106.5
105.3
103.7
105.0
110.8
109.6
109.6
111.8
107.0
113.8
109.9
115.7
120.4
118.5
122.4
126.1
115.8
118.6
123.9
120.1
117.2
125.2
119.1
115.4
115.2
115.3
115.9
111.7
115.1
111.7
111.4
117.8
112.4
113.3
117.9
114.8
121.5
126.2
128.4
128.0
130.6
127.7
123.2
123.5
119.8
124.4
120.2
123.8
119.2
121.6
125.8
121.5
120.7
120.1
113.9
114.9
112.2
113.6
108.8
112.1
109.3
112.6
107.0
112.4
105.0
111.1
108.9
109.3
108.7
113.8
115.4
123.5
117.0
113.1
119.5
113.9
117.3
115.8
112.0
118.3
114.8
120.8
123.3
121.2
120.5
117.1
121.3
120.9
115.6
120.0
117.3
119.6
119.3
126.8
128.4
127.1
125.79999999999998
127.12222222222222
127.13333333333333
127.14444444444445
127.15555555555555
127.16666666666667
127.17777777777778
127.1888888888889
127.2
126.5
127.6
124.9
121.0
121.9
117.6
119.2
114.6
117.5
117.3
111.2
110.9
111.5
108.5
113.8
116.3
121.6
123.1
119.2
121.7
122.0
119.7
121.9
120.3
122.9
123.1
118.9
118.0
119.1
119.3
118.8
116.3
115.3
117.8
118.7
112.8
119.6
114.7
117.3
113.0
116.5
117.0
110.3
116.3
115.9
116.7
118.8
117.4
111.8
117.3
117.6
114.5
124.8
119.0
113.5
113.8
122.5
118.1
114.2
123.2
123.6
119.2
110.0
119.1
118.0
116.2
119.0
117.3
112.9
115.9
118.4
120.7
116.5
119.5
121.2
116.1
114.6
115.6
113.8
117.1
113.2
118.7
117.7
113.5
110.2
113.6
115.2
108.0
114.4
115.8
111.2
119.0
117.3
118.2
117.8
123.7
114.7
115.8
120.9
112.3
115.7
123.6
115.2
114.6
116.9
118.7
117.4
122.6
120.2
112.2
123.6
116.9
114.6
117.7
118.8
115.0
110.8
107.9
109.4
108.8
111.9
109.5
106.7
105.5
106.4
105.0
105.5
109.0
107.7
105.5
106.8
107.6
103.1
106.2
107.9
117.7
119.8
118.4
114.5
114.7
110.1
110.7
113.1
109.1
111.9
109.2
106.5
115.5
108.5
106.0
112.5
112.0
107.4
112.4
106.5
113.2
109.4
106.9
108.5
108.7
109.1
107.1
106.0
106.9
109.3
109.4
109.2
110.5
113.4
112.5
108.8
108.6
107.6
110.2
109.3
106.1
110.3
119.3
112.7
113.5
110.1
109.5
110.6
108.3
111.5
105.2
108.1
112.8
113.7
113.6
116.4
114.6
113.1
111.0
113.2
117.9
114.5
113.5
109.1
109.9
107.4
109.3
109.5
109.5
105.7
110.2
109.2
113.7
108.9
107.3
105.5
113.0
114.7
113.5
112.1
111.6
108.0
110.5
110.8
116.0
114.1
115.2
111.8
114.7
114.4
114.2
116.0
114.8
115.1
113.1
113.8
116.9
112.1
112.5
105.6
105.3
114.8
112.6
108.5
113.5
110.2
111.8
110.8
105.2
110.7
115.7
113.6
112.7
113.9
112.2
115.2
114.0
113.0
117.6
114.3
110.0
109.4
107.6
105.4
101.0
103.9
101.9
105.4
100.5
99.7
100.5
99.6
101.1
103.9
98.9
100.5
97.6
99.0
100.9
97.7
99.4
100.4
100.2
101.8
101.9
99.7
97.6
101.6
101.2
105.3
103.0
109.0
105.2
106.6
107.2
104.0
107.0
114.7
109.5
110.7
105.3
107.9
106.1
106.8
106.7
109.7
109.5
110.0
110.3
108.8
107.7
107.4
111.1
108.0
108.2
108.0
111.4
108.7
110.3
109.9
114.0
114.4
114.3
109.9
110.0
118.2
112.9
115.2
115.2
114.1
112.8
115.0
114.2
115.6
115.2
113.4
115.9
110.3
109.7
106.7
103.8
111.3
105.0
107.6
110.6
109.1
107.6
115.8
117.3
113.3
113.7
115.2
113.0
111.1
105.2
106.5
105.6
106.9
103.9
108.4
102.2
112.6
107.3
101.5
108.2
104.1
95.9
102.9
101.5
98.0
99.5
107.0
107.3
107.5
108.1
105.6
100.8
109.2
104.3
105.8
101.3
102.6
108.2
106.1
101.1
103.6
103.9
105.0
109.4
108.1
110.3
109.8
111.4
109.5
110.4
103.9
103.1
110.1
109.2
103.9
101.9
108.9
105.8
103.9
100.8
112.0
105.6
104.6
103.5
105.7
105.2
104.7
106.4
108.3
107.4
105.8
105.3
108.5
107.8
104.8
104.8
107.2
104.1
109.7
109.3
109.7
106.9
106.8
111.4
109.0
110.8
110.2
111.3
108.8
109.5
110.0
109.4
107.7
113.0
108.4
110.5
110.2
109.3
111.4
112.4
111.1
110.3
111.1
109.1
110.7
109.5
107.2
112.3
107.4
110.7
106.8
111.7
110.5
110.0
108.9
104.3
108.4
107.2
108.0
107.5
104.7
114.7
113.2
110.1
111.2
106.6
109.0
105.5
109.5
107.7
106.3
106.9
108.1
108.1
109.4
105.2
107.5
110.0
104.8
108.4
106.7
108.1
104.9
108.4
108.5
107.4
107.3
107.2
104.1
107.4
102.9
106.6
108.4
108.2
112.7
109.6
104.1
106.8
108.2
106.1
103.8
106.1
106.2
102.6
105.9
107.7
103.7
107.4
111.10000000000001
102.2
103.1
104.9
106.4
103.3
103.9
102.1
105.2
105.1
104.9
106.3
104.1
106.8
105.9
104.3
104.4
106.0
105.9
104.0
107.5
104.6
107.6
107.1
107.3
105.0
110.2
110.2
107.3
106.3
105.9
106.5
107.3
107.0
107.0
106.4
100.9
102.5
102.9
102.0
103.7
100.5
100.3
102.8
101.0
104.1
102.1
103.5
106.7
108.7
110.2
110.5
114.3
115.0
112.7
113.7
116.8
111.8
114.3
114.0
114.1
112.3
113.6
114.9
114.7
112.7
112.1
108.5
112.7
107.7
107.1
107.7
106.7
104.3
108.8
110.2
108.8
106.8
110.4
109.4
108.0
113.9
112.2
114.0
111.3
110.8
107.0
103.2
102.4
99.4
98.6
99.8
100.3
99.6
103.5
101.4
101.8
101.6
98.6
97.9
98.3
95.8
97.0
94.2
95.3
97.0
99.7
97.5
97.2
100.0
97.4
95.0
96.0
97.9
102.7
101.1
97.5
97.6
96.9
92.2
100.6
99.9
100.3
102.8
101.4
98.8
102.1
100.2
99.8
98.5
101.4
104.4
99.8
102.4
99.7
99.7
100.5
102.0
100.4
100.2
98.6
99.9
100.4
98.7
95.8
101.7
98.4
96.1
96.2
98.6
97.3
96.0
98.5
102.0
108.5
103.4
99.0
97.4
97.9
96.8
96.6
100.0
96.7
96.2
93.0
98.1
94.5
94.4
92.3
94.7
93.7
93.0
96.0
94.8
96.2
91.4
93.4
91.4
89.4
90.1
88.7
90.4
95.7
91.7
92.0
99.4
93.4
94.8
93.7
95.4
93.3
95.9
97.3
99.2
100.4
101.9
98.6
98.0
100.2
102.6
99.9
103.0
102.4
101.8
102.4
99.5
99.4
104.1
106.7
102.6
98.6
99.5
102.6
96.1
95.6
95.8
93.1
93.3
88.8
93.7
89.0
92.5
91.7
90.7
87.6
96.3
94.8
90.9
92.9
91.4
90.6
91.4
91.0
91.0
91.6
91.2
89.8
91.0
92.1
88.6
93.4
91.8
92.4
91.8
93.1
94.1
95.0
93.0
97.4
99.1
98.9
98.8
99.8
99.7
100.1
102.8
95.2
97.8
96.5
100.0
100.8
99.2
103.1
102.7
100.7
102.9
100.5
101.5
100.8
101.1
101.0
102.2
102.0
97.6
100.3
102.4
98.2
95.6
101.6
96.7
95.4
96.6
101.8
101.3
106.9
105.7
105.8
103.9
100.7
100.1
99.9
99.0
99.4
101.2
95.1
93.1
96.1
96.4
92.5
95.3
91.7
93.9
94.4
96.9
93.6
95.4
96.7
93.9
94.7
100.5
102.8
98.2
103.6
107.4
104.9
100.4
100.8
100.4
101.0
104.0
105.8
100.0
100.5
105.1
105.7
102.0
102.6
106.4
107.6
107.4
103.8
107.6
109.7
106.1
105.9
106.5
107.2
105.8
107.6
109.5
107.4
107.3
106.3
106.6
106.7
104.9
103.3
103.8
102.3
105.2
104.5
109.5
105.6
106.8
109.5
105.7
103.2
108.5
105.3
103.4
104.1
106.1
106.9
112.7
107.4
111.3
104.0
105.2
109.8
108.8
107.1
113.5
105.3
104.9
105.8
106.5
106.7
104.2
107.8
106.1
106.9
105.5
106.9
104.2
101.4
103.2
104.8
103.9
101.5
102.9
105.2
104.5
102.0
104.4
100.4
101.6
104.8
103.0
100.6
101.4
104.4
105.7
100.9
103.4
102.6
98.2
99.7
94.0
98.2
98.5
99.1
99.2
99.3
100.2
98.8
99.1
99.1
97.4
98.4
102.7
101.5
101.4
95.6
97.4
96.5
95.7
93.7
95.5
99.7
102.5
97.3
101.8
98.9
96.2
95.4
94.7
94.7
93.5
97.5
97.4
92.4
94.7
96.9
95.5
93.0
100.6
104.6
104.7
102.3
102.8
103.4
100.3
100.1
97.8
105.0
98.5
99.2
96.8
99.6
96.6
98.3
97.7
102.3
101.0
100.2
103.9
105.8
105.9
100.7
100.4
103.8
102.8
99.2
104.1
109.1
101.9
103.6
104.2
103.2
98.7
102.3
98.9
100.5
99.1
96.8
105.3
101.9
104.5
104.8
106.2
102.2
101.2
106.2
107.0
103.3
101.9
101.7
104.7
105.6
102.1
99.1
95.7
97.5
97.4
95.0
98.0
100.0
92.5
95.2
95.2
95.4
93.9
99.5
98.1
95.0
102.4
103.8
102.9
98.3
95.5
100.2
108.0
98.9
99.4
100.7
102.6
100.1
102.8
98.1
112.4
103.1
102.2
106.2
101.0
102.0
100.9
99.1
106.2
103.5
105.0
105.3
104.1
106.3
104.1
107.7
100.0
100.3
100.3
98.9
105.7
95.3
99.4
93.5
107.5
104.9
114.1
115.3
114.8
108.1
103.5
104.2
99.7
97.3
92.0
96.4
95.3
90.7
92.1
86.6
88.7
89.6
86.2
89.4
89.1
87.1
89.3
87.9
86.2
84.3
80.1
83.3
78.4
83.3
80.4
86.0
82.4
82.8
85.0
82.5
83.3
82.6
81.6
80.4
84.7
80.9
78.7
81.1
78.7
75.0
71.5
77.4
75.3
76.3
76.8
78.6
75.7
76.5
78.9
76.4
81.3
76.3
79.2
74.9
78.5
73.1
75.0
69.4
70.4
63.4
67.4
69.7
68.8
73.0
73.9
71.6
70.0
72.9
71.9
72.0
69.9
71.3
71.4
70.7
70.1
70.5
68.4
75.8
72.5
79.2
77.2
77.8
74.1
79.7
72.4
72.1
70.2
74.2
73.0
71.1
73.7
72.5
71.9
72.2
69.3
71.2
70.0
71.6
76.0
76.5
76.7
74.3
75.7
76.4
76.9
78.7
75.6
80.5
80.0
79.2
80.0
82.3
81.7
84.8
86.0
87.5
83.7
86.4
85.1
96.6
92.3
91.5
90.7
87.4
85.9
94.1
93.5
92.5
89.5
97.2
98.7
104.7
103.2
96.5
100.5
104.8
100.8
104.8
100.3
104.4
98.5
99.9
99.3
100.4
99.6
101.2
103.6
107.7
104.2
101.8
105.5
102.8
102.7
105.3
103.5
104.8
108.0
103.6
102.3
100.2
102.7
112.4
107.9
105.3
106.2
100.1
107.2
102.4
102.0
101.1
97.6
102.5
98.9
97.7
94.7
94.5
94.6
89.8
93.7
94.6
92.5
94.0
99.2
100.6
97.9
93.0
91.6
96.2
93.5
94.2
91.8
93.2
96.7
93.3
86.5
88.6
92.1
93.0
100.2
89.6
93.9
92.3
90.0
88.0
93.2
87.8
84.8
84.6
86.3
90.2
82.8
80.6
81.8
79.3
81.6
86.7
80.6
81.2
79.0
77.8
81.0
75.9
75.7
78.1
76.8
78.4
81.7
78.8
79.2
78.0
79.7
78.3
83.4
81.0
78.4
76.8
83.0
80.7
81.4
79.6
79.9
84.3
80.4
78.5
80.7
84.6
82.4
81.8
81.2
85.6
82.2
81.0
83.7
82.4
83.7
82.9
82.1
84.0
86.5
81.7
83.0
82.8
81.8
90.1
82.9
81.0
81.9
81.3
83.7
84.3
82.6
85.2
84.8
84.1
80.5
82.8
84.1
81.3
83.9
81.9
86.4
82.5
84.0
82.7
84.2
82.2
85.7
84.8
82.6
86.6
86.2
81.5
80.7
84.1
82.1
80.3
82.9
81.3
84.8
82.7
89.0
84.5
90.5
86.8
89.3
90.7
87.5
87.0
85.3
89.3
88.2
89.3
87.4
86.3
85.7
85.5
84.3
88.0
83.4
88.3
86.6
86.6
88.0
86.9
84.6
87.7
84.2
83.4
87.1
84.2
83.2
81.7
82.3
85.3
81.3
82.8
80.7
81.2
85.3
79.5
78.0
81.2
83.7
84.5
78.9
75.1
77.9
75.6
78.7
78.7
76.2
76.6
76.9
76.7
71.3
73.3
76.3
75.4
74.1
74.0
71.4
73.2
74.5
71.7
75.1
71.5
74.1
72.7
74.1
75.2
76.1
70.6
72.5
73.2
74.7
70.2
72.9
73.1
72.7
73.8
71.5
75.4
74.1
74.1
72.3
78.3
77.2
79.3
76.5
77.6
77.5
77.0
74.2
75.1
73.6
75.7
78.0
77.6
85.3
85.2
88.4
88.2
85.2
87.7
89.9
85.3
88.8
90.4
90.9
89.0
88.3
87.3
92.4
98.7
87.8
88.8
88.9
91.0
88.7
96.9
93.7
90.3
92.3
90.5
95.0
87.5
91.5
87.6
94.8
90.4
89.1
88.2
89.4
90.1
89.7
88.4
92.7
90.3
90.7
87.1
88.1
90.2
88.2
94.0
85.6
88.9
90.4
87.2
91.4
89.4
91.6
90.0
89.3
87.3
85.9
88.5
88.3
87.9
90.5
86.1
85.7
88.3
88.5
85.1
83.1
87.5
85.0
84.8
85.3
86.5
89.8
83.8
85.3
86.2
87.4
86.2
88.4
85.0
84.6
87.6
85.7
89.0
87.2
89.5
99.1
97.6
97.4
97.0
96.0
98.3
97.9
100.9
101.9
97.2
102.4
102.3
97.3
97.4
102.5
100.4
92.0
97.7
98.0
96.3
93.6
97.7
93.5
99.5
94.2
98.1
99.8
97.4
99.9
109.4
98.7
103.9
104.5
99.8
101.2
101.1
98.4
99.8
102.0
102.8
100.4
99.7
102.2
100.0
103.8
98.6
100.6
105.1
99.0
97.7
104.1
102.3
101.3
98.6
100.7
101.7
101.8
98.6
101.1
99.3
95.3
101.7
95.2
94.0
93.5
97.0
100.5
100.2
95.8
99.7
98.1
98.8
99.5
92.8
95.4
97.7
95.7
94.5
92.8
94.3
95.1
87.2
89.1
91.4
94.5
97.8
99.6
96.9
90.5
98.7
98.1
92.2
92.0
89.1
91.8
94.7
88.6
93.0
93.0
92.3
94.7
93.8
91.6
95.8
91.5
92.0
98.2
94.8
94.4
98.2
95.6
95.2
94.1
93.6
94.0
90.1
93.6
98.2
104.1
94.7
93.2
98.4
93.1
97.3
95.0
95.3
95.9
95.6
92.6
92.7
91.8
92.0
91.5
91.6
93.7
92.0
89.0
88.6
87.5
87.2
87.0
87.4
87.3
86.5
84.3
83.7
89.4
84.1
84.9
85.9
85.3
82.5
83.9
87.3
86.0
83.7
85.1
88.4
89.2
92.2
87.9
92.1
93.3
94.5
94.7
96.3
96.9
96.6
95.6
94.3
91.8
91.5
92.6
91.6
92.3
97.7
92.2
95.0
93.4
91.5
93.4
91.2
93.0
92.1
92.4
90.6
94.5
91.6
89.6
91.4
89.7
90.1
90.2
88.6
88.8
92.8
93.3
92.2
96.0
94.8
94.1
93.8
92.8
95.6
94.4
99.7
97.6
91.8
95.6
96.0
94.3
95.0
93.7
94.9
95.7
92.9
94.7
91.8
94.1
89.0
86.1
87.9
91.4
88.0
88.5
84.0
86.4
93.5
88.7
90.8
91.4
88.5
85.3
86.7
90.9
85.5
85.5
86.9
88.2
88.0
89.6
92.5
93.1
88.2
88.9
86.6
85.6
88.8
82.4
84.4
83.7
82.8
92.1
90.2
92.9
91.6
89.0
89.2
91.6
93.8
91.6
89.4
89.5
91.4
91.5
88.2
95.3
94.7
90.9
89.3
89.3
89.3
90.9
87.7
91.7
91.7
89.8
90.2
91.1
94.1
94.5
93.5
91.4
91.9
95.7
94.0
94.9
94.6
98.9
95.0
98.1
94.7
95.5
94.8
94.2
94.2
92.0
94.4
95.6
93.0
91.1
90.3
92.5
92.8
89.9
91.6
89.6
90.1
90.3
90.0
90.3
91.3
91.1
91.0
87.5
86.8
90.1
90.2
89.5
90.2
90.6
89.5
90.2
92.4
91.3
88.0
87.5
86.0
90.4
88.2
89.2
87.2
88.9
97.0
88.4
87.7
85.7
89.7
87.0
89.9
87.4
87.9
94.5
88.8
88.2
90.3
91.1
90.1
87.0
87.4
90.6
90.9
90.6
91.0
89.4
84.9
87.7
87.0
89.2
92.0
88.3
90.5
90.7
88.5
92.2
91.7
86.7
88.7
91.3
92.5
89.8
89.0
90.5
85.0
83.8
87.1
88.3
92.0
91.0
90.2
87.0
89.5
88.0
86.4
83.7
83.2
83.3
80.9
80.1
80.3
83.6
86.6
93.3
94.9
99.3
97.4
109.8
100.8
104.8
110.0
109.0
109.3
108.9
103.5
103.5
100.8
95.9
93.9
90.9
87.1
85.2
80.4
82.7
76.8
79.6
71.6
75.1
74.5
77.8
74.8
75.7
78.6
81.6
86.5
91.1
89.5
89.1
84.1
83.0
81.0
86.8
80.5
78.6
84.2
76.8
73.1
76.9
75.6
72.2
71.6
70.8
71.9
74.1
81.9
88.2
87.7
90.6
93.0
87.5
87.7
90.0
89.5
91.8
89.7
86.7
88.4
89.1
88.5
92.1
89.6
85.5
81.6
88.6
82.2
83.8
82.9
82.5
84.6
83.5
87.9
82.9
83.4
84.8
85.1
80.6
83.1
84.2
83.3
82.0
86.5
84.5
83.9
83.8
85.3
82.7
82.3
81.9
83.7
82.6
84.3
83.7
83.8
80.8
79.8
82.4
83.7
82.3
82.3
82.2
82.1
86.0
83.2
83.0
81.3
88.6
88.1
90.8
89.4
92.2
92.4
89.8
90.1
87.1
89.9
86.5
89.2
85.1
89.5
88.9
87.4
88.1
88.3
90.4
87.6
85.8
86.9
85.5
84.4
82.7
85.5
80.9
85.2
84.0
82.7
82.5
81.5
82.0
83.2
81.3
82.0
80.1
78.9
78.4
85.1
76.1
75.4
75.9
76.1
72.1
78.0
74.9
77.2
74.3
72.5
72.1
75.7
75.1
74.2
70.7
70.0
75.5
73.3
71.8
72.0
73.7
70.4
72.4
72.4
75.7
75.5
75.3
73.8
74.7
73.0
71.6
76.1
75.2
75.4
78.1
82.1
84.5
84.8
84.3
85.4
85.8
83.9
85.7
83.4
81.8
87.0
83.8
84.0
84.1
85.5
87.7
83.3
84.4
82.5
86.9
84.7
86.4
85.0
81.9
87.7
87.9
86.9
82.9
85.8
82.9
85.1
84.5
85.4
84.9
88.4
83.3
86.5
85.3
82.4
84.1
84.0
84.9
87.8
86.1
83.0
87.6
86.0
85.4
88.1
85.7
83.3
86.7
84.9
86.7
86.9
84.5
82.7
89.4
84.5
84.3
85.0
81.9
86.7
84.3
80.7
82.1
86.3
86.1
85.4
85.7
87.7
87.8
88.3
83.9
85.8
87.6
87.8
88.0
87.0
85.5
87.5
86.8
88.0
89.6
90.4
87.0
86.6
89.1
90.8
89.1
89.2
86.0
84.8
88.4
85.7
85.1
87.4
89.1
86.0
86.4
85.2
84.9
87.4
88.5
85.8
85.4
83.3
81.9
83.9
85.3
87.0
86.6
87.9
89.6
88.9
87.5
87.4
89.9
88.5
87.7
87.3
89.5
88.3
84.9
86.9
89.8
87.1
88.8
88.5
89.4
88.4
87.8
86.5
89.2
84.0
84.0
84.0
83.4
81.9
81.7
80.6
80.6
83.2
83.0
85.6
87.9
88.1
88.9
87.4
88.0
87.3
88.7
88.2
85.9
88.1
85.4
83.6
84.8
83.9
87.9
88.6
87.9
88.0
85.7
86.4
84.8
81.9
80.8
82.4
83.1
83.4
80.4
80.7
80.4
79.8
78.7
80.6
85.0
86.9
88.1
86.2
86.2
87.7
88.1
92.0
89.4
91.1
87.7
85.8
85.6
86.1
86.9
84.2
85.9
86.1
86.2
82.2
86.1
87.2
85.6
86.5
90.7
89.1
88.5
89.7
88.1
89.4
85.4
86.2
87.9
85.1
85.2
84.0
85.3
86.3
86.2
86.2
83.6
85.8
96.3
104.7
105.7
106.1
106.2
105.7
105.1
102.7
102.8
100.3
100.9
99.9
100.9
101.7
101.2
100.6
100.8
102.1
99.5
97.6
100.2
103.4
101.5
100.7
102.8
100.1
101.1
98.6
99.5
100.5
99.7
99.0
99.3
96.7
100.4
98.8
97.3
94.0
93.2
93.1
90.6
91.7
94.7
93.5
92.1
90.9
90.7
89.9
89.8
86.8
89.1
89.0
89.8
87.1
87.9
84.1
84.3
84.9
83.4
85.7
81.8
82.5
83.8
82.9
82.6
82.0
81.9
85.0
83.5
81.4
83.5
82.7
80.5
82.5
82.0
81.5
81.53333333333333
81.3
84.7
91.2
103.9
111.0
111.7
106.4
107.7
107.6
103.4
102.1
101.9
97.3
100.8
96.3
96.8
102.3
95.5
98.5
94.8
93.8
90.1
91.1
92.8
90.9
92.2
89.5
88.6
90.3
89.6
90.4
90.2
87.3
86.4
89.7
85.1
87.2
86.8
85.6
87.3
84.6
86.9
84.3
86.4
83.8
83.1
85.7
83.8
82.5
84.6
86.8
87.4
85.8
85.8
83.2
82.4
84.2
84.7
85.2
86.7
86.8
87.8
84.0
85.2
85.2
83.7
83.9
82.9
80.3
82.0
80.4
82.6
81.0
82.2
83.0
78.9
81.2
80.9
84.9
82.3
87.7
85.9
85.0
86.5
85.3
82.0
83.5
83.7
85.5
87.1
85.0
87.2
87.9
86.5
87.5
85.3
86.6
83.8
85.1
82.4
87.2
84.2
82.7
85.8
86.7
85.5
85.1
87.3
86.2
83.9
87.9
86.2
81.0
87.1
85.2
85.6
85.4
85.4
85.9
84.9
87.3
81.8
84.8
82.5
84.6
86.5
86.2
85.2
83.4
83.3
83.5
84.0
88.6
83.1
84.0
84.0
82.0
78.5
81.6
81.7
77.9
77.4
76.5
80.2
79.7
80.1
77.0
78.3
78.0
75.8
74.6
78.0
74.8
74.0
76.0
79.2
79.7
82.4
81.0
83.9
81.3
78.7
77.2
79.6
78.8
78.3
80.2
78.5
82.0
82.6
79.5
83.1
79.7
79.8
82.6
79.5
83.8
79.2
77.5
80.3
80.4
78.3
77.7
75.9
73.9
77.7
77.1
75.7
79.1
78.3
77.1
78.3
76.0
76.0
78.4
78.3
78.9
79.4
76.6
77.8
75.0
77.8
75.4
78.7
73.4
77.1
76.0
75.2
77.8
77.7
81.9
86.6
82.0
86.6
83.0
84.1
85.3
84.5
83.5
83.5
80.6
81.6
77.4
78.7
80.0
78.0
77.0
76.4
76.7
76.9
76.3
78.7
76.9
75.5
74.6
76.4
72.8
77.1
71.2
75.1
75.3
71.9
71.2
70.8
74.7
71.7
70.2
71.0
72.6
74.6
74.0
70.0
70.3
72.6
72.1
73.9
74.1
71.6
74.6
77.8
74.2
75.3
74.9
77.6
78.6
79.4
79.2
80.4
77.7
80.6
80.6
83.4
81.6
80.9
83.5
77.8
77.6
75.0
78.5
76.3
78.2
74.2
76.5
73.2
73.8
75.3
76.8
75.4
70.5
74.6
74.7
73.7
74.0
75.4
78.0
76.7
74.9
76.6
76.8
78.5
79.2
77.2
68.9
77.6
76.7
73.4
78.2
74.8
76.1
72.6
74.3
76.1
76.4
77.2
78.9
77.9
74.5
76.4
71.6
73.1
70.5
69.7
74.0
72.4
71.9
71.5
71.1
71.5
73.7
75.2
72.2
73.1
74.2
73.9
81.0
75.1
79.9
81.3
79.3
76.9
75.9
80.8
77.5
75.8
76.5
73.3
77.2
74.0
75.8
71.4
72.0
71.2
73.5
73.7
70.5
68.1
68.4
69.6
68.8
72.7
71.0
70.4
69.4
78.6
77.3
73.4
76.3
71.5
72.9
71.9
74.7
75.8
71.4
76.3
73.5
75.8
72.7
72.9
78.5
77.9
77.3
68.6
76.6
75.4
75.3
71.0
72.8
72.5
70.0
74.0
72.3
72.3
69.1
72.7
72.3
72.5
74.6
76.5
72.5
74.7
74.0
75.9
74.1
78.4
80.3
81.4
83.3
83.6
84.1
82.2
81.8
81.7
79.7
81.6
80.3
82.7
80.6
81.6
79.6
80.1
83.5
79.2
78.2
81.1
81.4
76.6
78.5
77.7
79.7
76.9
76.5
76.6
75.1
73.8
74.0
69.9
73.1
71.0
72.0
71.8
71.8
77.9
74.8
75.9
72.5
75.4
73.6
76.4
71.4
72.5
70.3
78.4
77.5
75.4
80.5
79.6
81.9
76.2
79.2
78.2
81.5
78.5
80.4
81.6
79.0
80.1
82.7
80.7
76.5
73.1
75.6
78.2
75.1
79.4
80.9
86.7
87.9
81.2
77.7
78.2
74.3
77.6
78.0
72.8
77.7
78.5
74.6
75.3
77.5
76.5
76.7
77.0
77.2
78.2
78.5
80.1
78.4
81.3
79.2
78.1
80.6
80.7
80.5
77.4
78.4
82.2
77.7
76.5
78.0
74.0
76.6
77.0
78.2
79.1
74.2
76.6
77.6
73.9
78.5
76.7
78.4
82.1
79.9
80.2
76.3
77.8
79.0
80.3
79.8
80.2
79.2
72.0
77.1
71.9
71.4
68.6
67.0
71.0
64.7
68.1
71.2
76.2
75.5
75.6
77.1
72.9
72.7
71.0
69.6
70.6
70.6
69.0
70.9
70.9
68.8
67.5
69.5
71.2
73.2
71.4
72.2
68.7
72.9
69.7
73.0
74.8
76.9
76.4
76.5
75.3
76.2
69.9
67.4
70.8
71.1
70.9
71.1
72.4
76.0
74.8
72.3
74.5
75.1
71.7
73.3
72.4
76.8
78.4
80.3
80.0
79.3
76.6
80.8
80.4
81.7
77.0
76.6
77.2
78.7
78.2
80.9
80.4
82.1
89.2
78.0
80.1
78.2
80.9
84.4
79.0
78.8
79.4
78.5
81.6
81.4
78.6
78.0
79.4
77.9
75.4
80.1
80.2
79.1
77.5
79.2
82.5
77.4
80.6
81.7
82.5
79.5
78.9
79.7
78.4
78.6
80.6
79.8
79.2
76.3
78.5
79.2
81.6
78.7
82.5
88.7
83.9
84.6
85.5
84.7
84.5
87.2
85.3
87.4
88.3
92.2
92.0
91.4
91.2
89.6
88.4
90.2
95.8
99.4
95.7
92.7
90.8
92.4
90.1
91.8
91.0
89.5
94.6
91.9
90.0
92.1
95.2
88.8
88.8
86.1
87.1
82.9
85.3
82.2
79.7
83.1
88.0
87.7
86.9
86.5
85.8
85.0
82.8
82.8
85.6
80.7
79.5
77.3
77.8
83.2
84.1
85.7
83.5
85.9
83.6
84.7
84.5
82.7
80.0
78.8
77.6
76.7
76.4
74.5
75.1
75.5
74.7
75.8
77.4
75.8
78.0
82.6
80.9
82.0
79.4
86.1
83.8
85.4
83.4
82.0
87.2
86.9
84.7
83.2
86.0
87.7
84.1
85.2
84.9
83.3
81.6
82.4
83.0
84.7
84.7
84.6
81.6
80.8
82.7
78.5
80.7
78.4
78.0
76.7
77.9
79.4
76.2
76.3
75.3
74.4
76.6
77.7
77.8
76.9
77.9
75.8
76.8
76.5
73.5
77.1
74.0
77.9
79.4
75.4
79.5
75.6
79.1
74.6
78.1
79.0
77.2
82.7
78.4
77.0
77.3
78.3
79.0
82.6
83.0
77.7
85.5
86.1
81.8
83.2
84.6
83.7
85.3
84.7
85.2
82.3
85.9
84.7
82.5
80.7
81.4
80.8
82.8
82.9
78.9
81.4
84.4
79.2
80.6
82.0
82.2
84.0
84.3
81.8
83.5
80.8
84.9
82.4
86.3
84.4
80.3
80.1
82.4
82.1
83.2
83.7
78.6
85.0
77.3
79.3
79.7
81.2
77.1
76.9
80.2
81.1
79.7
80.6
80.1
80.0
80.7
84.5
85.4
85.0
85.0
83.1
83.1
80.8
77.5
79.3
80.8
85.5
83.5
84.2
82.4
80.60000000000001
84.04
84.86
85.68
86.5
88.4
83.8
81.7
84.6
84.0
85.9
83.8
83.1
83.0
86.1
82.5
86.3
88.2
89.3
87.3
89.0
86.6
87.9
85.3
85.8
89.5
88.4
89.6
88.4
89.3
93.9
92.0
91.4
92.0
90.0
89.5
88.1
87.6
87.9
91.3
90.7
88.1
89.3
90.3
90.8
88.8
85.1
87.4
88.2
82.9
82.8
82.9
80.3
81.8
82.2
82.5
82.3
80.7
79.0
81.6
79.5
75.8
77.5
79.6
77.8
77.7
84.5
85.1
79.9
79.6
79.9
77.2
82.1
76.1
78.5
81.9
78.7
82.0
80.6
82.1
80.0
82.2
87.3
87.3
85.4
83.3
86.8
88.7
87.7
87.6
85.5
88.0
88.4
83.6
87.1
85.8
86.8
87.2
84.2
84.4
83.1
81.8
81.1
80.8
82.1
83.39999999999999
78.9
79.1
79.9
79.1
79.5
80.7
76.1
79.1
77.6
77.7
78.8
77.1
78.5
80.2
80.1
79.3
77.3
79.6
79.8
78.2
82.2
80.1
79.4
75.4
78.8
78.6
79.9
78.0
78.9
82.8
81.5
81.3
81.4
84.1
87.3
87.5
89.3
87.1
88.4
88.4
87.4
85.8
86.6
86.0
84.0
86.4
83.0
83.2
84.2
84.7
88.0
88.9
88.9
86.8
83.4
83.4
83.1
78.4
81.2
80.9
78.8
83.4
79.9
77.6
81.6
83.2
79.3
82.3
80.0
76.8
81.0
76.1
73.0
77.4
73.7
72.8
75.0
79.3
74.9
73.4
76.8
72.9
73.7
76.5
76.3
76.2
74.4
75.2
79.5
83.8
82.5
84.1
85.1
84.8
87.6
83.9
84.1
79.7
82.1
81.0
83.5
86.8
83.6
86.8
84.9
84.9
86.1
88.4
84.4
80.5
83.0
83.8
85.4
83.8
86.6
84.3
83.0
83.5
84.5
83.2
85.2
85.0
85.3
84.0
86.3
82.2
82.5
82.1
82.3
85.2
81.5
81.8
84.7
83.5
84.3
85.8
85.1
86.0
85.0
83.2
85.6
89.4
85.2
84.3
80.7
81.4
78.9
76.7
81.4
85.1
82.8
86.1
87.0
83.1
85.9
87.1
84.0
85.5
86.6
86.0
84.0
83.7
85.1
85.4
82.9
86.0
84.6
83.4
84.5
85.6
87.1
87.1
87.0
85.7
84.0
81.3
85.9
81.0
82.0
82.5
80.7
80.9
80.8
77.4
76.7
80.2
75.9
81.9
85.4
86.1
86.5
91.7
86.1
88.6
91.2
90.1
89.5
90.4
86.7
90.0
89.3
90.3
90.7
89.1
90.5
90.0
87.9
87.3
88.7
89.2
86.8
86.3
86.1
91.6
89.2
87.4
87.5
90.0
89.4
88.2
88.6
86.9
85.6
86.0
90.3
90.0
90.3
94.5
94.2
93.7
88.0
91.3
94.5
93.2
94.4
94.9
92.3
89.2
91.5
88.3
88.0
89.3
90.1
91.6
91.3
90.5
95.0
95.3
94.9
95.8
91.0
96.7
97.2
99.6
94.1
97.5
96.5
96.6
102.6
101.7
99.0
100.2
98.8
96.2
94.8
95.2
97.8
96.3
95.9
96.4
95.3
93.5
95.5
93.1
93.9
93.4
94.7
95.9
93.8
92.2
92.2
90.2
90.8
90.6
93.5
95.0
91.2
93.7
90.3
91.8
91.3
91.6
89.9
85.5
88.0
90.4
92.0
95.3
96.2
92.2
91.6
95.2
91.9
94.0
94.4
90.9
92.1
90.1
89.2
94.6
91.9
96.5
95.6
96.0
96.9
94.6
97.8
94.0
92.7
94.4
90.6
93.6
87.8
90.4
89.2
88.7
86.8
84.6
84.9
81.3
84.5
86.8
82.4
83.6
86.2
88.4
90.2
90.4
90.7
89.9
88.0
87.1
88.5
83.8
83.4
85.2
84.0
83.8
83.4
82.6
80.6
80.4
82.2
80.7
82.0
81.7
78.1
77.3
79.0
80.3
80.9
78.1
81.3
81.4
79.8
80.1
80.7
83.1
82.3
79.5
82.0
85.6
86.5
90.3
92.9
87.5
90.6
88.5
88.9
85.7
86.8
85.7
89.5
90.4
88.4
91.4
87.5
92.4
91.3
90.0
89.3
90.0
89.4
86.9
87.0
89.9
89.7
84.9
86.4
84.2
85.0
84.9
80.8
82.6
82.0
77.6
79.4
78.1
75.4
77.6
81.1
77.7
75.2
77.9
76.7
74.5
83.7
77.6
74.8
76.8
78.8
75.4
78.2
79.3
80.6
77.0
80.2
86.9
83.3
81.9
82.9
80.7
80.6
84.6
79.7
85.1
84.0
91.0
90.5
85.6
87.8
87.8
87.2
86.7
89.1
88.8
87.2
86.6
85.0
88.9
90.3
90.5
88.6
87.2
84.5
85.5
83.7
84.3
86.5
88.0
87.3
87.6
84.4
85.5
82.7
82.1
85.9
83.2
82.5
82.6
82.7
82.4
82.6
79.8
81.3
79.8
79.6
82.9
81.1
83.5
85.0
82.1
82.7
79.3
82.8
84.9
82.4
85.6
82.8
80.8
78.8
77.9
79.7
78.4
79.3
80.1
77.1
74.7
79.0
79.2
77.0
76.4
77.3
78.0
75.6
76.8
77.9
80.1
75.4
75.4
80.0
78.3
77.0
75.9
72.5
75.7
75.0
76.2
74.1
75.8
76.5
75.7
75.6
75.3
74.1
76.4
70.5
72.9
71.3
69.6
72.4
69.7
68.9
67.9
69.2
69.1
67.5
69.3
67.3
68.8
68.1
71.9
