71.8
75.8
71.2
71.5
71.8
72.3
73.0
72.0
73.4
74.0
72.5
73.0
72.9
74.6
72.5
76.7
74.7
77.1
78.8
76.1
75.2
74.7
76.3
75.8
75.1
74.9
76.4
74.0
73.9
73.5
73.0
74.3
73.3
73.6
73.3
73.3
73.6
106.5
106.7
76.2
76.0
75.4
75.6
77.4
78.2
78.1
77.8
76.1
78.1
78.5
80.1
80.2
80.1
78.0
76.6
78.5
77.3
78.2
77.6
77.2
77.9
79.6
80.4
81.4
81.1
80.3
81.3
80.4
80.8
80.4
79.9
79.8
80.4
78.9
78.7
78.1
79.9
78.8
78.7
78.2
79.8
83.0
82.2
82.5
84.6
84.1
85.3
83.5
82.0
81.4
83.3
82.3
81.5
80.2
78.9
80.4
82.0
80.8
80.9
81.8
80.1
79.9
80.6
81.0
77.7
74.5
64.3
62.6
63.8
64.9
64.9
64.6
64.4
64.6
65.7
64.3
64.9
67.7
78.5
80.2
76.5
75.7
76.4
79.1
76.3
68.8
76.9
71.6
68.5
70.2
67.1
68.4
64.6
70.9
57.9
60.2
62.1
54.5
60.9
55.8
62.6
54.6
72.3
67.8
62.7
63.8
68.6
58.4
63.5
66.9
71.5
67.8
68.3
58.6
53.3
57.9
65.1
63.3
69.8
85.4
69.9
85.3
91.5
91.4
87.7
86.9
89.8
82.6
84.1
79.1
65.5
89.0
85.9
82.5
63.0
80.5
86.5
80.4
83.6
85.8
77.1
71.5
73.4
77.6
80.1
82.2
84.7
80.0
92.2
89.7
90.7
88.2
92.6
93.9
95.2
91.7
91.4
89.1
79.1
57.2
59.5
69.7
79.7
68.6
56.5
55.3
55.5
62.3
57.0
56.9
78.5
58.5
65.5
59.2
59.8
94.6
81.3
60.4
69.1
66.8
57.6
59.2
66.9
56.2
63.1
58.3
68.4
59.7
59.1
73.7
72.8
67.9
60.7
61.6
60.4
65.2
67.1
87.6
67.1
64.7
60.7
65.3
75.9
65.3
68.2
79.6
66.4
72.0
72.7
67.9
71.9
94.2
78.9
65.9
75.1
68.4
76.3
75.5
64.1
89.9
95.4
83.5
79.2
64.9
57.6
60.3
78.4
94.7
91.8
98.1
93.1
87.0
86.1
62.7
78.5
85.7
88.7
92.1
78.5
64.8
83.6
80.8
94.8
90.2
86.6
94.8
92.4
91.8
92.1
78.8
86.9
88.3
92.6
87.8
77.8
84.1
84.1
68.3
66.3
68.5
96.9
96.5
91.8
93.7
97.8
97.7
96.2
97.0
93.8
95.5
92.9
96.2
93.9
91.8
89.2
92.0
89.4
90.8
90.0
84.0
89.2
87.8
84.6
75.3
77.3
85.6
87.3
89.0
94.6
94.1
94.2
94.8
84.0
80.0
83.4
79.9
87.7
78.6
79.6
87.2
84.2
82.1
86.4
91.6
87.9
86.2
81.2
85.8
78.9
82.5
81.4
76.8
80.4
77.2
79.1
78.4
82.4
79.6
87.4
80.4
76.9
76.6
89.1
85.2
86.7
88.2
90.2
81.3
84.6
76.4
72.1
84.8
95.5
93.5
94.6
92.2
92.4
94.2
91.1
92.3
92.3
93.0
92.2
92.0
90.9
88.5
90.5
88.5
92.1
82.0
85.7
82.5
84.9
91.1
86.1
84.7
85.6
79.6
84.2
81.0
80.9
77.3
81.1
84.4
82.1
80.8
81.0
90.3
82.9
85.9
81.4
84.9
80.8
81.4
82.2
81.6
83.1
81.0
87.1
92.2
89.3
90.0
86.8
85.8
86.7
84.0
84.1
82.1
80.0
82.0
84.0
91.4
93.2
91.0
89.1
93.3
101.7
106.8
99.6
105.8
114.6
106.5
91.8
89.5
86.0
81.6
89.8
91.6
89.5
88.9
85.0
93.7
93.5
93.0
93.4
92.6
93.3
95.3
91.3
93.2
93.3
93.4
91.5
90.3
91.1
92.1
88.2
89.3
91.9
87.5
92.2
85.6
85.8
85.1
90.2
86.8
86.8
87.7
90.2
87.3
88.1
88.6
83.1
83.1
84.2
87.3
93.3
92.6
89.8
88.2
87.7
88.0
86.1
89.6
91.4
89.2
90.1
90.7
89.9
88.4
93.2
91.4
92.4
93.5
89.5
91.7
93.5
98.0
97.2
93.2
90.7
88.9
88.8
89.8
91.6
94.2
94.0
89.1
95.5
101.1
100.9
100.70000000000002
102.56666666666668
103.4
97.6
87.7
85.1
87.1
85.4
83.8
87.4
87.8
85.1
86.1
96.3
88.4
80.50000000000001
83.0
79.1
83.3
77.4
78.1
86.3
81.0
79.4
81.2
82.2
78.7
86.7
79.1
83.5
85.1
89.5
89.8
77.4
74.6
76.2
80.4
79.3
84.2
79.1
81.2
82.1
85.2
84.0
79.8
83.1
77.4
81.1
83.6
82.5
82.6
79.3
80.1
81.0
82.0
80.2
78.2
79.5
79.6
83.1
82.0
83.7
82.2
81.2
81.0
81.4
82.5
92.2
93.2
94.2
94.6
92.1
92.1
90.4
92.9
89.8
87.1
93.4
93.8
93.6
95.3
92.7
94.0
91.0
91.5
89.5
92.8
90.9
85.3
87.4
81.3
85.2
83.5
81.2
78.6
83.2
86.1
86.9
93.2
91.3
81.9
80.9
81.1
84.1
85.9
86.0
85.5
87.6
84.7
84.2
86.2
85.1
87.1
83.6
83.9
86.2
83.9
87.8
86.3
87.6
87.0
86.5
86.5
86.6
87.7
86.8
88.8
85.5
87.9
87.6
87.0
88.3
88.2
88.7
89.2
90.7
89.5
88.0
88.4
90.3
91.7
89.2
89.8
87.7
88.2
90.4
88.7
90.1
88.6
90.1
89.7
90.4
90.8
91.8
90.3
90.9
90.6
89.4
90.8
97.0
99.3
102.6
104.3
96.6
97.6
93.7
96.2
95.7
93.9
94.5
93.7
94.0
94.1
93.3
94.3
98.1
95.1
94.7
95.4
98.1
94.4
94.2
95.3
97.2
96.7
96.8
95.4
101.2
96.8
97.7
94.4
94.9
100.2
99.1
95.0
93.4
94.6
94.2
93.8
95.0
96.1
95.6
95.5
96.7
110.0
105.6
97.1
99.0
95.4
96.4
99.4
95.2
95.5
92.3
92.8
92.6
93.0
93.5
93.5
93.2
93.3
93.8
93.8
93.9
94.7
94.9
94.5
95.8
95.8
93.6
94.3
94.2
93.4
94.6
94.4
94.2
95.3
94.3
95.1
94.5
94.0
94.0
94.4
95.7
94.6
94.1
93.3
93.9
97.6
96.3
96.0
95.0
92.6
94.0
94.4
93.3
93.4
93.3
93.3
93.6
93.8
93.4
93.4
93.7
93.8
94.6
94.6
94.4
94.6
94.5
96.9
94.2
94.0
94.1
94.2
93.1
94.2
95.2
93.3
94.0
93.8
93.8
96.9
94.8
95.3
93.8
94.5
94.5
94.8
95.5
96.4
95.0
96.3
95.1
95.1
94.7
100.7
99.4
100.9
97.6
96.1
95.2
94.9
95.3
95.1
94.9
95.0
94.0
94.9
95.1
95.1
96.1
95.4
95.7
94.6
94.7
94.6
96.6
95.9
95.6
96.0
97.1
95.6
95.4
95.1
95.0
95.5
98.3
94.6
93.8
96.0
95.7
94.3
94.0
95.1
93.7
93.6
94.9
95.1
94.5
94.0
95.5
95.7
95.0
94.7
95.7
95.6
94.3
95.6
101.1
97.9
97.6
97.4
94.8
94.3
94.3
94.9
93.8
94.4
94.2
94.3
94.7
95.1
95.7
95.0
95.1
95.1
95.1
95.3
95.2
95.2
95.1
94.1
95.4
94.6
95.1
94.6
95.1
94.4
95.4
95.0
96.3
96.3
96.3
95.8
93.8
94.8
94.8
94.6
94.1
94.5
94.3
95.1
94.8
94.5
94.6
94.6
94.2
94.8
95.7
95.3
95.5
94.9
95.2
95.1
95.4
96.2
94.9
96.8
96.4
96.8
97.0
96.8
95.6
95.4
95.3
95.1
96.1
95.9
96.9
102.6
100.8
99.4
101.4
98.7
99.6
93.7
94.4
93.4
91.7
92.6
91.8
92.4
94.6
92.3
93.2
93.5
92.8
93.1
94.4
94.7
95.2
94.8
93.1
93.9
93.5
93.8
93.3
94.0
94.1
93.3
94.2
93.6
93.4
94.0
94.2
95.1
94.3
95.2
94.7
94.6
93.8
94.3
94.5
93.9
95.0
95.1
95.2
94.7
94.6
94.2
94.7
94.7
94.2
97.3
95.0
94.3
95.0
94.7
97.4
96.2
98.5
96.0
97.4
95.6
97.7
99.5
103.0
104.9
104.7
101.1
100.4
99.1
99.9
98.1
97.9
97.8
97.1
95.4
96.3
97.5
97.9
95.8
95.7
96.0
95.6
94.6
96.4
96.7
95.0
94.2
93.7
93.1
97.5
97.4
97.4
96.8
94.5
93.7
93.7
92.4
91.0
97.0
97.6
96.1
93.6
93.5
98.6
98.4
93.7
92.3
91.0
91.5
93.2
90.2
90.2
91.7
90.9
90.5
90.1
90.6
90.5
91.1
90.7
91.2
90.8
90.1
91.5
91.4
90.0
92.4
91.2
91.9
90.8
92.2
91.2
91.3
91.0
91.2
91.5
91.0
91.3
91.2
92.0
92.2
92.7
95.7
90.6
91.0
90.0
90.2
89.4
90.3
91.1
90.7
90.0
89.1
91.0
90.2
91.0
91.7
91.9
91.4
90.8
91.5
91.9
91.3
92.2
92.2
93.0
93.8
96.1
92.1
96.0
98.7
97.8
96.8
101.7
98.8
96.2
94.9
95.1
94.3
96.7
98.0
99.6
98.6
98.9
100.9
98.0
97.8
96.7
96.3
96.0
93.7
97.3
94.6
94.8
93.0
94.1
98.0
95.5
95.5
93.3
94.5
93.5
94.6
94.3
93.5
91.7
92.2
97.3
92.2
97.6
96.4
95.8
93.2
91.4
91.6
91.0
96.8
94.8
93.4
97.7
101.2
96.4
95.6
95.5
94.1
94.1
92.9
96.3
100.5
101.9
101.9
103.8
103.6
104.3
103.9
103.5
102.6
102.3
100.4
95.9
97.9
98.1
100.0
99.9
100.7
99.4
102.5
100.2
98.1
95.1
92.6
93.3
94.3
95.3
95.4
91.3
89.7
90.7
90.7
91.7
90.8
92.7
90.6
90.8
98.0
92.8
91.2
94.3
91.4
91.1
91.6
96.0
98.9
98.6
98.1
94.5
95.3
94.0
92.4
95.5
92.4
90.8
90.8
91.3
91.0
91.4
94.1
94.0
92.4
93.2
95.8
95.7
98.2
96.9
93.5
92.6
94.2
95.0
93.9
92.5
91.3
92.8
90.9
90.2
90.0
89.7
91.4
96.0
95.8
94.5
95.9
96.3
106.6
115.1
114.0
109.9
107.0
103.6
103.0
103.2
103.8
106.6
103.6
102.0
100.3
102.5
101.9
99.4
100.5
99.3
98.6
97.2
99.6
97.5
97.4
97.1
98.7
97.6
97.2
95.1
95.2
95.3
95.2
94.8
93.4
95.4
96.5
95.9
94.8
98.4
95.8
95.2
95.7
95.0
97.2
96.2
98.7
97.7
97.4
97.5
98.4
97.2
95.2
96.8
96.3
97.6
96.3
96.4
97.7
97.4
95.6
97.2
99.1
104.4
107.2
108.5
110.0
109.8
109.1
110.5
111.9
111.5
117.2
116.0
108.5
104.1
102.6
100.5
98.5
99.1
102.3
99.9
99.5
98.2
98.8
98.3
96.2
96.6
98.7
98.6
98.7
97.7
97.7
97.5
96.4
95.7
97.4
95.1
92.6
95.2
96.7
93.5
93.4
93.5
91.8
91.7
91.7
93.6
94.0
93.7
92.1
93.8
94.0
91.2
94.8
97.5
99.0
97.5
99.0
98.0
98.1
98.1
98.6
98.4
98.8
99.0
99.1
98.2
98.6
98.4
97.2
97.8
101.3
99.3
98.2
98.6
97.7
98.2
99.1
98.1
98.0
96.9
99.6
99.6
98.7
98.4
97.9
98.5
98.4
98.8
96.7
97.1
102.3
106.8
105.6
101.0
102.1
100.6
102.3
101.8
101.3
101.2
101.8
101.0
101.8
101.8
101.7
100.2
99.4
99.3
100.0
100.5
101.8
102.1
100.7
102.1
102.3
101.3
101.6
101.0
100.5
100.6
99.4
100.4
101.4
101.7
102.1
102.1
102.1
103.8
102.5
97.8
99.1
97.9
98.8
100.2
99.8
101.1
101.4
100.3
101.5
98.3
96.8
96.1
96.3
94.9
95.0
95.0
96.8
94.1
95.8
94.6
94.9
94.7
95.0
95.5
97.2
99.5
98.0
96.6
96.8
97.7
97.9
98.2
98.6
