100.1
99.1
98.6
97.8
100.3
94.7
98.5
96.3
96.4
97.5
98.0
98.9
99.1
98.8
99.0
99.7
99.1
99.8
99.4
99.0
99.0
98.9
99.0
98.2
98.4
98.1
98.2
98.2
98.1
98.2
97.9
98.4
98.9
97.7
97.9
97.1
97.6
99.1
97.7
97.3
97.9
97.8
97.5
97.2
96.6
96.2
95.6
96.0
95.9
95.5
95.3
95.3
95.8
96.0
95.9
96.4
96.9
96.8
96.9
96.6
96.4
96.5
97.3
96.0
96.5
96.3
96.2
96.2
96.3
96.3
96.3
96.4
96.1
94.9
95.0
95.1
94.8
95.1
95.1
94.9
95.2
94.6
95.5
94.9
94.9
95.5
95.0
95.2
94.3
95.3
95.6
96.1
95.7
95.9
96.1
96.4
96.1
96.3
96.3
96.0
96.6
96.3
96.4
96.7
98.1
97.6
97.1
97.4
97.3
97.7
97.1
97.4
97.8
97.4
97.8
97.8
97.5
98.2
98.2
97.8
98.4
99.0
98.5
99.4
99.5
99.9
100.0
99.6
99.6
99.7
100.1
100.0
99.9
99.3
99.5
99.2
99.8
99.2
99.1
99.3
99.3
99.7
99.4
100.0
99.0
99.9
100.5
97.3
100.8
102.2
101.6
103.2
103.1
101.1
101.3
101.0
100.0
99.2
98.8
98.2
98.0
98.4
97.8
97.6
97.5
97.3
96.9
97.2
97.2
97.1
96.8
96.4
97.3
97.3
96.3
96.0
96.7
96.9
98.1
98.8
98.8
98.6
97.7
98.8
98.9
98.2
99.7
101.4
100.8
99.7
98.7
97.5
97.8
99.0
96.4
97.9
96.8
96.9
96.0
96.4
96.0
96.3
97.5
97.5
97.7
96.8
96.7
96.6
96.2
96.2
96.1
96.4
97.0
97.1
96.0
96.2
95.5
96.1
96.3
96.8
94.6
94.9
93.7
94.9
95.0
95.4
95.1
95.0
95.2
95.4
96.0
97.2
95.9
96.2
95.4
96.2
96.1
96.3
96.0
96.3
96.9
97.0
96.8
96.6
97.5
98.0
98.1
98.3
98.1
98.4
98.2
98.4
98.9
99.1
99.4
99.4
99.0
99.8
99.9
100.2
101.2
102.3
103.2
101.9
101.4
102.2
101.8
101.0
102.1
102.1
102.0
102.9
103.4
101.9
103.1
104.4
103.6
104.3
103.8
103.4
105.2
104.3
104.9
104.8
104.9
104.3
103.7
103.7
103.9
103.3
102.9
102.7
102.5
102.8
102.0
102.6
102.9
101.4
102.0
102.3
102.2
102.4
102.2
101.9
101.6
101.5
101.7
101.5
101.6
101.6
101.7
101.9
101.8
101.4
102.0
101.9
101.6
101.8
102.2
101.8
101.8
102.1
102.2
101.9
102.0
101.0
99.7
100.1
99.6
100.2
100.0
100.4
100.7
101.2
102.1
102.6
103.1
103.9
104.0
104.2
103.9
104.1
104.0
104.1
103.2
103.4
102.7
102.9
104.4
105.2
106.8
106.0
105.7
107.1
106.4
107.2
107.4
107.8
108.2
108.3
107.7
107.9
108.0
107.1
106.8
106.8
110.0
110.8
111.6
111.9
111.9
113.0
112.9
113.6
113.1
114.6
115.1
115.9
116.3
115.8
115.6
115.5
114.9
114.6
113.2
112.3
111.1
110.3
110.0
110.4
109.6
109.2
109.7
110.1
109.1
109.3
109.7
109.3
109.4
109.2
109.0
109.2
109.7
109.4
111.3
109.8
111.0
109.8
109.7
109.5
108.6
109.4
110.1
111.1
111.0
110.7
109.8
109.0
108.9
108.7
108.4
108.8
108.3
108.6
108.0
108.2
108.3
109.1
107.8
108.3
107.9
108.0
108.5
109.9
109.2
108.6
108.2
107.5
107.6
107.4
107.0
107.4
107.4
106.8
107.4
109.2
109.1
109.3
109.5
109.4
109.6
110.3
110.7
111.4
111.4
112.1
112.3
113.7
112.7
112.8
113.3
112.0
110.0
110.4
109.2
109.4
110.0
108.8
109.9
108.9
109.4
108.4
108.9
108.4
108.9
110.6
110.6
110.6
110.8
111.0
111.0
111.4
110.9
110.7
110.1
111.0
110.9
110.8
111.0
112.1
111.7
111.8
111.4
111.7
111.9
110.3
110.3
110.3
109.6
109.25
108.9
108.55
108.2
109.9
109.5
109.5
111.6
111.0
110.1
110.2
111.2
110.9
110.7
110.4
110.7
111.0
111.6
111.9
111.0
110.0
110.0
108.5
106.7
106.8
106.1
104.4
105.8
105.1
108.0
109.0
108.8
109.1
109.0
107.9
108.9
108.1
107.3
106.3
105.0
104.7
104.2
104.1
103.9
103.8
104.4
104.9
103.7
103.9
104.9
104.1
104.5
105.1
104.2
104.3
104.7
104.7
104.1
104.8
104.0
104.1
104.0
104.3
103.8
103.1
103.3
102.5
102.8
102.8
102.0
102.1
102.6
102.6
103.3
103.6
104.1
105.0
104.8
105.9
107.4
105.8
105.5
105.1
103.4
103.1
102.4
102.2
101.4
101.3
101.1
101.0
100.5
100.2
100.2
100.2
100.2
99.9
100.4
98.0
100.1
99.8
99.6
98.8
98.6
99.3
98.4
98.0
98.8
98.5
97.3
98.9
100.4
101.2
103.1
102.0
101.8
101.5
101.6
101.0
104.1
104.0
104.7
105.5
103.3
103.5
103.5
103.0
102.7
103.1
102.5
101.7
101.2
100.8
99.9
98.8
98.1
96.8
96.6
96.2
95.6
95.6
95.5
95.3
94.7
95.0
94.6
95.1
94.2
93.8
94.6
94.2
94.1
92.7
93.3
93.4
93.5
93.4
93.8
94.0
93.4
93.9
94.0
93.3
93.2
93.2
93.8
93.0
92.6
92.8
92.5
92.1
92.6
92.0
92.7
93.6
92.9
95.3
94.0
92.8
93.9
94.3
94.0
95.3
95.6
95.1
95.0
96.0
95.3
95.2
95.4
94.5
94.3
94.6
94.0
93.9
94.0
93.9
93.6
94.1
92.8
93.2
93.2
93.3
93.4
93.7
93.8
93.7
94.1
93.9
93.6
93.0
93.0
93.6
93.4
94.5
93.0
93.8
94.1
94.5
94.9
95.3
95.9
95.7
95.8
96.1
95.9
95.4
95.8
95.0
94.9
94.7
95.0
94.2
94.8
94.2
93.6
93.8
93.5
93.5
92.7
92.3
92.6
92.3
92.3
91.6
92.2
92.3
91.9
92.3
92.0
92.3
92.2
91.9
91.2
91.5
92.1
92.5
93.0
92.2
92.7
92.2
93.6
93.9
92.8
93.3
92.0
91.9
91.6
92.5
92.8
91.1
91.3
91.4
92.4
92.0
92.9
91.6
93.0
91.4
92.0
91.9
91.8
91.6
91.3
90.8
91.5
89.4
89.7
90.0
89.3
89.3
89.3
88.9
88.9
89.1
89.0
89.2
89.2
89.7
89.3
89.8
89.8
89.0
89.3
89.7
89.5
89.6
90.1
89.6
89.8
91.1
90.1
88.9
89.6
89.9
90.1
89.9
89.4
90.0
89.6
89.7
89.8
89.7
89.9
90.0
89.4
89.6
89.6
89.5
89.5
89.4
89.3
89.6
89.5
89.8
89.3
88.5
89.4
89.4
89.2
89.3
89.7
90.0
89.6
88.8
89.2
89.3
90.0
91.8
91.4
92.8
94.2
94.0
94.8
95.2
94.9
95.3
94.7
95.3
94.0
95.0
95.5
95.2
95.4
92.3
92.9
93.0
92.1
91.9
92.2
92.3
90.8
91.0
91.4
91.2
90.8
91.2
91.8
90.6
91.0
91.0
90.6
89.8
89.3
89.2
88.9
88.7
88.6
89.2
89.3
88.6
90.0
89.4
88.1
88.4
89.4
91.7
87.9
88.6
91.4
90.6
91.5
92.1
92.2
93.3
93.4
93.6
93.8
92.9
93.9
92.5
94.4
93.5
93.7
94.0
94.3
94.4
93.8
94.1
94.6
94.0
94.2
95.1
94.5
94.2
95.0
93.1
94.2
94.2
94.1
93.2
93.9
93.4
94.0
93.2
93.2
92.9
92.4
91.7
91.7
92.1
91.9
92.0
93.8
91.6
91.2
91.4
91.4
91.2
91.2
91.7
91.4
91.6
91.0
91.4
90.8
91.6
91.1
91.0
90.6
90.7
91.3
90.8
90.9
90.7
90.7
90.4
93.0
95.9
101.5
103.6
105.69999999999999
100.05
98.275
96.5
95.9
96.6
96.3
95.6
95.5
95.1
94.2
93.9
93.0
92.9
92.5
92.2
92.7
92.3
91.6
91.3
91.7
92.1
91.1
91.3
91.4
91.8
92.6
92.3
92.4
93.1
92.5
92.0
92.4
92.2
93.0
91.8
90.8
91.6
89.6
89.3
89.7
89.5
89.2
90.0
89.7
90.2
89.3
89.9
89.1
89.4
89.3
89.3
89.3
88.9
89.4
89.0
88.9
88.8
88.6
89.1
89.0
88.8
88.6
88.8
88.7
88.8
88.3
88.5
87.6
89.0
88.5
88.3
88.6
88.3
88.6
87.9
88.3
88.3
88.1
88.5
88.2
88.2
88.2
88.3
87.9
87.9
87.3
88.2
87.7
87.8
88.4
87.9
88.1
88.1
87.3
87.8
88.7
87.9
88.8
88.5
88.6
88.8
88.3
87.9
87.3
87.5
87.9
87.5
88.4
88.5
89.5
89.8
90.0
90.2
89.6
89.9
90.5
89.6
90.7
90.2
89.9
90.8
90.3
90.0
89.9
89.7
89.5
89.3
89.9
89.8
89.2
89.1
89.7
89.6
89.7
89.6
89.7
89.7
89.3
89.5
89.8
89.5
89.5
92.7
94.1
92.7
91.5
92.9
93.2
93.6
94.5
95.0
94.6
94.5
93.8
94.0
92.6
92.8
93.1
92.2
92.1
92.2
92.3
92.0
91.7
92.0
91.6
91.4
91.8
91.4
91.6
91.8
91.8
92.1
92.7
92.5
92.4
92.7
93.3
92.4
93.3
93.3
93.2
94.1
93.0
94.5
93.6
93.1
93.4
92.9
92.6
92.6
92.8
92.2
92.2
92.0
91.9
91.8
91.8
91.7
91.9
91.6
91.9
91.6
91.8
92.3
91.9
91.6
92.0
90.8
89.9
91.7
91.8
92.2
93.8
93.1
92.9
95.1
93.4
91.9
91.7
92.7
93.5
93.7
95.0
95.9
94.7
94.4
94.3
94.19999999999999
93.63333333333333
93.3
94.3
96.5
96.9
97.1
95.6
96.3
95.1
93.9
92.5
92.5
92.1
91.6
91.7
91.7
91.2
91.2
91.3
91.1
91.0
91.1
90.5
90.7
91.1
90.9
90.9
91.1
91.1
91.2
91.4
90.9
91.9
90.9
90.9
90.7
91.8
91.8
92.1
92.2
91.3
91.6
92.3
91.2
90.4
90.4
89.6
89.3
88.9
89.1
88.8
89.1
88.8
88.7
88.9
88.9
89.1
89.0
89.0
88.7
89.3
89.0
89.3
89.4
89.2
89.7
89.6
89.3
88.6
89.4
89.2
89.4
89.8
89.9
90.0
90.0
90.3
90.5
91.5
91.8
91.3
92.4
92.1
91.9
92.9
93.1
93.7
94.2
93.9
94.2
94.1
95.2
94.5
94.8
94.8
95.2
95.1
94.4
94.3
94.1
96.5
95.9
95.5
95.0
94.2
94.1
94.4
94.1
94.2
94.2
94.7
94.3
95.3
94.6
94.9
94.9
94.7
95.7
95.7
95.5
95.8
96.1
95.9
96.6
98.8
97.6
97.9
98.6
97.4
97.0
96.1
95.4
95.7
96.3
97.1
96.4
95.3
96.6
95.7
96.4
97.3
96.8
97.6
97.8
97.7
98.5
98.4
98.1
97.5
98.1
98.2
98.0
98.7
98.7
98.0
98.3
98.4
98.3
97.6
96.5
96.9
96.8
97.3
97.2
97.4
99.7
98.8
98.1
96.5
95.6
94.8
92.3
93.4
92.9
92.8
92.2
91.8
92.1
91.4
91.9
92.6
91.9
94.1
93.8
93.6
94.5
94.7
93.9
93.6
93.0
93.1
92.5
93.1
92.8
92.4
93.7
93.1
92.7
92.9
92.3
92.4
93.5
93.7
94.4
92.6
93.5
92.9
92.0
91.8
91.1
91.2
90.8
90.8
90.9
90.8
91.2
90.8
91.0
91.1
91.1
90.8
90.8
91.2
90.8
91.2
90.9
90.8
91.0
91.7
91.5
91.8
92.0
91.9
91.1
91.3
91.2
92.2
91.9
91.1
91.9
91.6
92.3
92.2
91.6
92.2
92.0
92.1
92.5
92.2
92.1
92.6
93.1
93.0
92.3
92.8
93.9
93.2
94.7
95.2
94.9
94.3
92.9
92.1
90.9
91.1
90.9
91.5
91.2
90.7
91.4
91.5
90.9
92.2
91.2
91.3
91.8
91.7
91.7
91.7
92.0
92.6
92.2
93.5
93.4
92.0
92.1
91.0
91.3
91.0
91.6
91.0
90.9
90.7
91.6
91.1
91.0
91.2
91.1
92.2
92.5
92.1
92.8
93.8
92.7
91.5
92.3
92.1
91.9
91.7
92.2
92.8
92.7
92.9
93.2
92.1
92.2
91.6
91.8
91.4
91.5
91.0
91.3
91.7
90.9
91.4
91.6
91.7
91.9
92.4
92.2
91.9
91.9
92.5
91.7
92.5
92.8
92.2
91.8
91.8
92.0
92.1
92.4
92.7
94.2
93.3
92.2
92.1
91.8
91.7
92.6
92.4
91.8
91.5
91.4
91.3
92.9
91.8
91.6
91.8
91.7
91.7
92.4
91.6
93.1
91.5
91.5
92.3
93.3
92.0
92.6
95.7
95.8
95.7
96.0
96.3
95.8
95.2
95.5
93.4
93.3
98.3
96.9
96.3
94.3
93.8
93.5
93.1
93.1
93.1
92.5
92.6
92.4
92.1
92.8
92.1
91.4
91.6
92.9
91.1
91.1
90.8
90.1
90.3
90.3
90.0
89.4
89.5
89.5
89.9
89.5
89.2
89.6
89.9
89.7
89.5
89.6
90.1
90.0
90.0
89.7
89.9
90.0
89.5
89.7
89.4
89.7
89.8
89.6
89.6
89.4
89.2
91.3
89.3
87.3
89.4
90.4
90.5
90.7
90.9
90.8
91.2
90.7
91.2
90.9
90.8
90.8
91.2
90.8
89.7
89.5
89.5
89.8
89.9
89.0
89.0
89.1
88.4
88.9
88.2
88.6
88.6
87.2
89.0
88.1
88.5
88.5
88.6
88.8
89.2
89.1
88.9
89.4
89.7
89.4
89.6
89.6
89.6
89.4
89.7
89.7
89.7
89.9
89.4
89.5
89.9
89.5
89.9
90.1
89.5
89.9
89.6
90.8
90.4
90.4
90.7
91.0
91.2
91.8
91.2
91.0
91.3
91.1
91.4
91.1
92.1
91.2
90.8
90.9
90.5
88.4
90.3
90.2
90.0
89.6
90.3
90.9
90.8
90.9
90.6
90.5
90.9
91.4
92.2
91.5
91.7
90.9
91.1
91.0
91.6
91.6
91.3
91.4
91.7
92.1
92.0
91.9
91.5
91.6
91.6
91.5
91.1
92.0
91.1
91.9
91.4
91.4
91.5
91.6
91.1
91.1
91.6
91.8
91.8
92.0
91.8
92.2
94.5
93.7
93.6
93.6
93.4
93.1
93.4
93.2
93.2
92.9
91.4
93.0
92.2
92.0
92.1
91.4
91.4
91.5
91.6
91.9
92.5
92.5
92.7
92.7
93.3
94.2
93.7
95.0
95.0
95.2
94.6
94.5
95.8
94.9
94.9
95.6
94.8
95.7
96.3
96.0
95.9
96.6
97.2
98.5
97.2
96.5
98.5
99.0
98.0
97.4
97.2
96.7
95.9
97.0
97.2
96.4
96.8
97.2
96.3
96.1
96.2
96.1
95.3
94.7
94.7
94.4
93.9
93.9
93.8
93.4
93.8
93.3
92.9
93.4
94.5
94.4
94.8
94.6
93.9
93.6
94.4
93.5
93.4
94.3
92.9
94.7
95.0
94.0
93.5
93.2
94.2
93.0
96.9
96.5
95.8
96.1
95.4
95.8
94.9
94.3
93.8
93.2
92.7
93.1
92.0
93.3
93.4
92.8
93.3
93.4
94.0
94.4
94.0
93.8
93.5
94.7
94.5
95.1
94.9
94.0
95.1
94.8
96.0
96.6
95.6
96.0
96.2
95.7
96.1
96.0
96.4
95.8
96.5
97.0
95.8
92.7
93.0
93.6
93.5
94.9
93.4
94.1
93.7
93.9
94.4
93.4
93.9
94.2
95.0
94.6
95.2
94.9
94.5
94.7
94.6
94.1
94.3
93.7
95.4
95.6
96.1
95.7
96.7
96.4
96.6
96.3
97.8
97.0
96.4
96.3
95.5
96.1
95.5
95.3
97.2
96.9
97.1
95.5
95.1
98.2
97.1
98.3
97.7
98.0
95.7
95.0
94.0
97.0
96.8
96.5
93.7
95.6
95.1
94.6
97.35
98.475
99.6
101.0
100.1
100.0
99.2
97.9
97.0
96.6
96.4
95.8
95.3
95.5
95.9
95.9
96.9
97.4
96.4
96.3
93.5
94.0
97.6
96.4
99.4
105.4
104.4
104.6
103.9
104.7
105.5
105.9
106.6
103.6
101.0
99.9
99.0
98.1
96.9
96.5
95.9
95.4
95.3
94.7
93.9
94.0
94.7
93.0
94.9
94.3
93.5
92.5
121.0
116.1
113.4
112.6
111.6
113.1
111.7
111.4
114.5
112.3
113.3
115.1
115.4
114.6
115.6
114.8
115.1
114.7
114.3
115.1
113.7
113.2
113.1
114.0
113.9
113.3
114.5
114.6
113.6
114.4
115.7
114.1
114.8
115.4
114.3
116.9
116.1
116.3
116.4
114.9
115.8
115.3
113.6
114.5
116.0
114.9
115.7
114.5
115.4
115.7
115.2
115.0
115.4
114.8
116.4
113.6
115.2
117.2
116.5
116.2
118.1
116.2
117.8
118.3
118.8
118.2
117.8
118.3
118.6
118.0
118.9
118.3
118.3
117.2
116.7
118.0
116.7
117.2
115.6
116.9
116.1
117.5
114.8
116.7
117.1
117.1
116.0
114.6
114.4
115.0
114.1
113.5
114.8
114.6
113.2
116.4
114.4
114.1
115.6
113.8
113.4
113.6
112.8
112.4
113.4
112.8
113.1
114.5
112.7
113.7
114.5
116.2
113.8
113.7
113.4
115.1
113.6
115.3
114.1
114.3
112.7
112.1
111.7
112.8
111.0
111.1
110.8
109.8
109.1
108.4
112.1
113.8
114.3
113.5
114.3
114.2
113.9
112.8
111.9
111.8
112.4
112.5
111.7
111.6
111.4
112.3
111.8
112.5
112.2
112.2
112.5
112.7
113.4
112.6
112.9
113.0
113.1
113.1
112.8
113.9
113.0
113.1
113.1
113.2
112.7
112.5
113.1
113.0
112.8
114.2
112.1
113.4
111.8
112.1
113.2
112.2
112.5
112.4
112.3
112.2
112.4
112.6
113.2
112.1
113.7
112.9
111.4
112.6
111.6
111.8
110.1
105.3
105.2
106.8
107.8
111.5
110.2
110.6
109.0
109.7
109.8
108.5
109.3
110.6
111.2
109.0
106.6
103.9
107.0
109.8
109.9
107.5
108.4
110.8
111.0
109.5
110.1
111.3
115.6
115.9
116.3
116.8
112.0
111.5
111.3
112.5
112.2
113.0
113.0
112.4
112.8
112.1
111.5
112.1
111.2
110.6
111.5
110.9
110.7
109.7
110.4
109.5
106.3
104.5
104.9
106.6
116.0
117.6
118.3
119.9
123.4
119.5
114.3
111.7
111.1
110.3
108.8
108.4
108.9
107.7
107.0
106.8
105.7
105.4
105.7
104.9
105.9
104.3
105.5
104.4
103.2
101.9
101.6
103.6
102.8
102.6
102.2
103.5
102.4
102.3
104.2
102.3
102.2
102.2
101.3
103.2
102.0
102.2
101.9
102.5
102.4
102.0
102.2
100.0
100.7
100.8
99.7
100.5
100.5
98.7
99.9
100.2
99.6
98.3
98.8
97.1
99.3
98.7
100.1
100.2
98.0
95.7
96.2
97.4
96.7
96.2
96.4
100.8
100.2
96.8
97.0
95.1
95.8
93.7
93.7
93.2
93.4
91.9
95.7
93.2
93.3
93.2
94.6
94.1
94.3
92.4
94.4
94.9
93.3
93.3
93.5
93.3
92.5
93.4
92.3
93.1
93.6
93.1
92.5
92.9
90.8
92.3
93.0
92.3
91.1
92.5
90.2
93.1
91.0
92.0
91.0
91.3
91.6
90.0
92.2
92.1
91.5
92.0
92.4
93.1
93.0
93.1
92.0
93.1
92.7
93.1
92.4
93.4
92.0
92.8
91.2
92.6
91.7
90.0
92.7
92.1
91.5
93.3
93.2
92.3
92.6
92.0
91.7
93.3
93.4
93.1
92.6
93.3
93.4
93.4
92.7
93.5
93.4
92.6
93.4
93.4
93.4
93.4
93.5
93.2
92.1
91.9
92.0
92.4
90.5
89.7
91.9
88.2
89.0
89.1
88.7
87.8
87.3
88.7
87.2
87.7
90.2
87.3
89.5
85.5
89.1
88.0
88.1
86.1
87.0
86.1
86.5
85.1
83.8
86.8
87.1
91.0
86.4
85.7
87.0
85.7
89.6
90.2
90.1
91.3
89.5
87.6
87.2
87.6
88.3
88.3
87.8
89.3
86.3
87.5
88.9
85.2
87.2
87.8
86.2
87.3
85.8
86.8
89.1
87.5
86.2
88.6
86.3
87.5
87.9
87.2
89.4
87.4
88.8
87.6
86.1
88.4
86.3
89.1
86.6
87.6
86.6
87.0
87.8
87.7
87.4
90.6
91.6
88.1
87.6
87.1
86.5
88.2
88.6
87.9
87.8
88.7
88.5
87.6
85.3
87.5
87.9
87.6
88.8
88.0
90.6
90.9
92.2
91.8
92.7
88.6
87.3
83.8
86.3
85.0
84.8
84.1
82.3
81.1
83.8
82.4
81.2
83.1
84.4
92.4
86.9
94.0
97.1
106.6
94.2
109.3
100.9
97.8
108.0
102.4
99.9
100.7
95.9
93.1
93.8
93.6
93.7
93.7
93.7
92.2
92.3
88.6
90.8
91.3
92.0
90.4
89.3
86.7
87.4
87.2
84.7
86.5
84.9
87.2
85.1
87.1
88.0
86.3
87.1
85.8
87.1
86.2
84.1
87.5
85.5
86.0
86.9
86.3
88.4
86.9
91.5
93.7
94.3
94.9
95.2
95.4
95.1
94.5
95.1
95.0
95.2
95.6
95.4
95.1
95.0
95.0
94.9
94.5
94.0
93.5
94.2
93.8
93.0
95.0
94.3
94.3
92.7
94.9
94.7
94.2
95.0
94.8
94.4
94.9
94.2
94.4
94.6
95.3
95.6
95.2
95.2
95.2
95.2
94.1
95.0
95.1
95.3
95.0
95.1
95.1
95.3
95.4
95.4
94.0
95.4
93.0
93.1
92.9
93.0
93.0
92.6
92.5
94.5
96.0
98.5
98.4
96.8
98.9
97.9
96.2
94.5
98.73333333333333
100.0
101.26666666666667
102.53333333333333
103.8
103.9
102.0
102.9
102.4
103.0
102.5
103.3
101.2
102.8
101.9
100.5
102.0
101.4
99.9
98.6
98.3
101.5
103.6
102.6
110.2
111.6
109.4
105.1
103.4
103.1
102.3
102.0
102.8
102.3
100.3
100.1
100.0
99.0
97.4
98.7
97.6
96.0
96.1
95.5
95.1
95.3
95.2
95.0
95.9
95.5
95.1
94.9
94.6
94.2
94.3
94.6
94.1
94.1
94.6
96.3
94.8
96.7
94.5
95.6
94.8
95.6
97.6
95.4
97.4
96.5
96.8
96.5
95.6
95.5
96.1
96.9
96.2
95.3
95.4
95.7
94.5
93.9
94.5
95.4
94.6
94.1
94.9
94.0
94.7
96.9
97.8
97.4
96.9
96.2
97.0
93.7
94.4
94.7
95.2
94.2
94.0
91.5
94.1
93.4
93.8
94.7
95.4
92.8
95.6
94.1
95.3
94.0
94.1
94.1
94.4
93.7
95.0
93.6
93.4
93.9
93.5
92.6
92.4
93.7
93.4
93.8
93.9
93.8
94.2
93.0
94.2
93.3
94.0
94.1
94.2
94.0
93.1
94.2
94.1
93.8
94.1
94.0
93.5
94.2
94.3
94.3
94.7
94.3
94.5
94.5
94.6
95.1
94.1
94.8
93.7
93.8
93.9
93.7
92.0
93.7
94.1
94.5
94.4
94.6
94.2
95.2
94.7
94.7
94.5
94.7
94.5
94.4
92.1
92.5
93.1
92.2
92.9
88.0
90.4
89.7
89.5
90.3
89.8
91.0
88.4
89.3
90.9
92.4
91.5
88.5
90.1
89.1
92.8
92.9
92.9
93.0
92.9
92.6
92.7
92.6
93.2
92.9
92.7
91.9
92.5
90.5
93.6
87.1
90.4
91.0
90.7
90.1
89.5
89.3
87.7
90.0
89.4
89.7
90.5
91.6
90.2
91.6
91.4
93.7
93.9
92.4
90.3
88.4
92.0
92.1
92.4
94.0
94.0
93.9
93.8
93.9
93.7
93.8
93.6
92.9
93.2
93.5
93.5
93.1
93.5
93.4
93.9
94.0
93.2
96.9
93.0
96.0
97.2
99.5
97.9
97.0
97.9
95.5
94.1
94.6
96.1
97.7
96.8
98.4
93.9
95.5
94.0
98.4
100.4
103.4
100.6
98.2
95.0
96.3
96.8
95.3
96.7
95.3
96.1
94.9
95.4
94.7
94.6
96.5
94.7
96.0
94.9
94.7
92.8
95.0
94.7
94.2
93.6
95.5
94.9
94.1
95.3
93.5
95.9
94.9
95.2
96.0
94.8
95.3
97.7
97.8
98.4
97.9
98.5
97.5
98.5
96.6
97.1
97.8
97.7
97.6
95.3
94.0
94.8
94.6
95.4
94.4
94.3
93.3
95.6
92.0
93.2
93.1
93.8
94.6
93.2
93.9
94.1
91.4
93.9
95.4
95.0
94.2
94.4
93.7
93.9
94.4
97.6
95.8
95.0
94.2
95.0
94.3
94.2
93.2
94.2
94.4
94.0
94.0
93.7
94.2
94.5
92.8
93.5
94.5
94.1
94.3
94.7
94.8
94.4
94.6
93.8
94.6
95.5
94.3
96.0
96.0
95.8
95.3
96.6
97.8
97.9
96.8
95.7
96.7
96.1
97.3
96.1
96.1
97.3
95.3
94.5
93.4
101.1
106.4
105.6
101.5
101.2
98.3
99.6
99.2
98.9
98.3
99.0
97.6
97.4
97.8
95.9
95.9
96.9
96.5
99.6
96.1
99.0
96.4
97.8
99.4
98.2
96.5
97.6
99.9
98.2
97.5
97.1
98.7
97.2
95.8
94.5
95.8
93.3
92.7
95.8
94.0
95.4
93.4
93.0
93.9
94.2
95.2
94.9
94.8
94.8
94.5
94.2
95.0
95.6
94.8
94.7
94.6
94.5
94.3
94.7
95.1
96.0
94.1
96.5
94.8
95.7
93.6
95.5
95.2
96.7
96.0
96.7
95.1
95.8
96.0
93.6
97.9
95.6
96.7
97.0
97.7
96.6
96.8
98.0
99.4
97.9
99.9
97.5
98.0
98.2
99.4
99.2
99.1
98.4
92.7
96.7
96.2
97.3
97.1
99.6
102.7
101.5
102.7
100.5
101.2
101.7
97.4
100.4
98.2
99.1
102.6
103.5
102.6
105.7
105.6
103.6
103.1
103.3
103.1
102.9
100.9
102.0
97.7
99.1
100.9
98.4
99.0
98.5
101.7
101.0
100.5
100.1
102.4
102.5
104.2
103.6
104.7
104.6
104.6
104.7
104.9
104.9
104.9
105.5
104.3
102.2
101.3
103.3
98.2
102.1
98.6
98.3
98.7
98.6
98.9
99.6
99.8
99.4
102.6
101.8
102.3
103.7
101.6
101.6
101.4
101.8
101.5
101.7
101.8
99.8
101.1
101.4
101.6
101.0
100.5
99.9
101.1
101.2
102.4
101.4
100.4
100.5
100.6
101.2
99.6
101.0
101.3
104.3
99.6
100.6
100.9
101.1
99.9
101.5
101.2
99.9
103.0
104.1
102.9
104.0
103.6
104.2
104.3
98.6
99.1
99.6
101.7
99.7
101.5
95.8
98.8
100.1
100.9
101.7
101.6
102.2
100.3
103.1
100.9
98.0
101.5
106.8
102.2
103.1
102.5
103.4
103.8
103.8
104.1
107.1
109.8
107.7
106.2
105.6
104.3
104.2
104.4
104.2
104.4
104.1
103.3
101.7
101.8
102.0
100.0
98.4
100.4
101.7
98.5
100.9
99.6
99.0
99.6
100.7
101.1
98.1
101.8
104.3
104.0
103.5
103.9
105.6
106.1
105.5
105.1
105.1
105.0
104.2
104.0
104.1
103.4
103.9
103.6
103.8
103.8
103.8
105.1
104.4
104.4
104.2
104.4
104.3
104.9
105.9
104.8
105.0
105.0
104.8
104.7
104.8
104.3
104.4
104.6
104.8
104.5
104.6
104.9
104.7
105.3
104.9
104.7
104.3
104.2
104.0
104.7
104.2
104.4
105.8
105.1
106.8
105.8
106.8
106.0
106.8
105.5
105.5
105.5
106.0
105.6
106.0
107.1
106.1
107.9
105.6
106.2
105.9
106.0
106.6
106.5
106.5
106.4
106.6
106.5
106.5
106.2
106.8
104.1
104.7
106.3
106.4
106.1
107.0
106.9
106.1
107.1
107.1
106.8
106.8
107.1
106.9
107.0
106.9
106.7
106.9
106.9
106.4
106.8
106.3
106.2
106.4
106.5
106.6
106.5
107.3
107.2
106.8
107.4
105.0
106.5
108.2
106.6
107.5
107.5
107.0
106.2
106.9
106.4
106.1
106.8
106.7
106.1
106.9
106.9
107.0
106.8
106.6
108.0
108.3
106.6
108.5
104.6
106.8
106.1
106.1
104.9
105.0
104.2
104.3
105.3
103.5
108.5
107.9
108.7
108.8
108.0
110.7
110.3
109.5
109.0
108.5
109.1
108.8
105.6
104.9
105.6
105.5
105.5
106.1
106.5
107.9
107.2
107.6
108.6
108.7
110.3
110.4
108.9
108.6
109.0
108.0
107.7
106.9
107.2
106.0
109.2
106.0
104.3
109.0
108.4
107.3
107.0
107.2
107.6
107.7
107.9
107.8
108.5
106.9
109.9
106.5
105.5
105.7
104.0
106.8
108.3
120.9
114.9
121.4
117.9
116.2
114.8
115.9
118.8
116.4
115.1
114.4
114.8
113.9
113.9
113.4
113.5
113.8
112.4
112.7
112.9
113.1
113.3
111.8
111.2
111.8
110.5
110.7
109.5
110.0
107.3
107.0
106.7
105.0
108.3
109.2
108.8
109.9
109.6
110.0
110.6
111.5
110.2
110.4
108.2
109.0
109.0
109.7
114.2
113.9
114.0
112.5
112.7
111.3
111.0
112.3
112.1
111.1
111.1
110.7
110.1
110.5
111.3
110.6
110.6
111.1
111.9
110.9
111.4
111.4
112.4
112.6
112.8
113.6
113.6
112.9
112.2
112.7
112.6
111.1
112.0
111.7
111.3
112.0
112.0
112.4
112.2
111.7
112.5
111.6
112.9
112.8
113.5
112.8
113.2
112.1
111.6
111.1
111.8
112.5
112.3
113.2
113.8
113.0
114.4
115.0
113.9
114.9
116.0
112.6
110.8
110.5
110.0
110.2
109.1
109.7
109.7
109.4
110.2
111.7
110.5
109.6
109.9
109.2
108.7
108.7
108.3
108.2
108.9
109.5
108.7
109.2
109.2
109.7
109.2
108.6
109.2
110.5
109.2
109.2
108.7
108.7
109.6
108.9
109.0
108.4
109.0
109.9
110.1
109.1
109.1
109.7
108.9
108.5
108.9
108.7
108.7
109.0
108.5
108.9
108.1
109.2
109.5
108.5
109.3
108.7
108.2
110.2
111.1
109.2
118.6
112.9
112.5
120.7
114.1
113.1
111.9
110.6
110.2
110.0
108.9
109.3
108.1
107.2
105.7
103.0
103.9
103.9
102.9
105.5
106.5
106.3
107.4
107.8
105.7
97.4
100.8
101.5
103.8
107.6
106.5
109.3
110.3
111.4
110.2
111.7
112.3
112.6
111.8
108.5
108.8
108.5
108.5
108.9
109.9
109.5
108.8
110.2
110.4
110.8
110.8
109.7
110.5
108.5
109.1
107.9
108.3
108.4
108.4
107.9
108.4
108.9
108.6
108.8
108.8
108.5
108.3
108.5
108.8
108.8
108.4
108.9
108.6
108.2
108.1
107.9
108.3
108.7
109.5
108.3
109.5
109.8
109.6
109.3
109.1
109.1
108.7
108.9
109.5
109.1
108.9
109.5
109.3
109.3
109.9
109.2
109.0
109.1
109.4
109.0
109.2
109.5
109.4
109.1
108.8
108.6
108.4
107.6
107.4
106.9
106.9
108.4
106.7
105.8
105.8
106.4
105.6
105.6
105.7
105.7
106.3
106.3
106.7
107.0
106.3
106.6
106.6
107.2
107.8
108.7
106.8
107.2
106.3
105.8
107.8
107.8
105.9
106.2
107.0
107.4
106.8
106.6
105.0
105.6
105.2
105.5
105.8
105.8
106.6
107.5
107.0
105.1
105.1
104.8
105.7
105.7
105.2
105.0
105.2
105.3
105.8
106.0
105.3
105.4
105.4
105.0
106.4
106.1
106.2
106.6
107.8
107.8
108.2
108.2
108.9
109.4
109.7
109.9
110.1
108.6
110.6
110.0
108.8
109.0
109.3
109.4
107.9
107.8
108.1
107.6
108.3
108.2
107.7
107.3
107.5
108.0
108.5
108.2
108.5
109.2
108.9
108.2
107.5
108.5
108.3
108.3
106.5
108.5
108.5
107.9
108.4
109.1
108.7
110.9
109.7
110.8
110.0
109.1
107.0
106.0
105.8
104.6
104.6
104.5
104.3
104.6
104.5
104.9
105.0
104.9
105.4
104.3
105.3
104.6
104.8
104.8
105.2
105.2
104.9
104.9
104.8
104.8
104.6
105.3
106.3
104.6
105.4
107.2
105.8
106.5
106.9
107.6
107.3
106.4
105.5
105.2
106.3
105.6
105.5
106.0
105.2
104.3
105.8
105.6
106.2
106.7
106.4
108.1
105.6
108.0
107.8
108.9
109.7
108.8
109.4
109.7
108.6
109.0
108.7
108.6
108.2
107.1
106.4
106.0
105.5
105.3
104.2
103.7
105.1
104.8
104.6
104.4
104.5
104.2
104.9
105.8
104.4
103.7
105.0
104.8
104.7
104.1
103.9
104.2
103.5
102.9
103.2
103.8
103.8
104.5
103.9
104.3
104.3
104.8
104.4
105.1
105.9
105.0
105.8
105.7
105.3
104.3
104.4
104.4
104.6
105.1
105.3
104.9
105.2
105.2
105.0
105.7
106.0
105.0
103.8
103.7
104.9
105.8
105.8
108.6
108.0
109.0
108.5
109.0
109.2
108.3
106.8
105.4
104.3
103.5
103.9
104.0
103.9
103.7
103.8
104.9
103.6
104.2
105.6
106.3
104.0
103.9
103.5
103.9
104.0
103.4
103.4
103.5
103.5
103.4
103.7
103.5
102.9
103.1
104.0
103.2
103.9
103.6
103.1
104.0
103.3
102.8
103.4
103.7
103.4
103.9
103.6
103.0
104.1
104.3
103.9
103.1
103.5
104.0
104.6
105.6
105.0
105.8
106.9
107.0
107.3
107.4
106.6
107.4
107.2
107.4
109.1
109.1
109.2
109.2
109.7
109.6
110.2
109.3
109.1
109.8
109.1
109.0
107.7
107.0
107.6
107.4
107.1
105.9
106.5
105.7
105.3
104.2
103.1
103.4
103.8
103.6
104.0
103.8
103.2
104.2
103.5
104.3
103.8
104.2
103.8
103.8
103.7
103.9
104.3
103.9
103.6
104.3
104.5
105.9
105.4
105.6
106.1
106.2
106.9
106.8
106.9
106.7
106.1
106.4
108.3
106.6
106.5
106.4
105.5
105.3
105.5
106.1
105.1
104.7
105.6
106.3
105.8
105.4
106.1
105.4
105.3
105.9
105.6
105.0
106.8
107.4
107.8
98.4
106.0
118.3
119.6
120.7
119.0
124.1
120.7
120.5
120.0
120.4
121.0
121.4
123.1
122.1
123.0
106.0
102.3
102.4
101.1
100.5
100.3
100.2
100.0
100.2
99.5
100.2
99.5
98.9
98.5
98.4
99.0
98.1
98.2
98.1
98.4
98.3
98.9
98.4
98.9
98.5
98.6
98.8
98.6
99.1
99.0
97.8
98.0
97.8
97.3
97.4
98.0
97.4
97.9
97.3
97.7
97.8
97.9
97.2
96.7
96.7
96.4
96.6
96.3
96.0
96.0
96.0
96.0
95.8
95.9
95.7
96.0
95.9
96.2
96.1
95.9
96.1
95.7
96.2
96.4
95.7
96.0
95.9
95.8
95.8
95.9
95.8
96.0
95.9
95.7
96.0
96.1
96.1
96.7
96.7
96.9
96.7
95.5
96.7
96.6
97.0
97.0
96.9
96.7
96.6
98.1
98.3
97.6
97.1
97.0
97.0
97.1
97.1
97.1
97.0
97.0
97.0
97.0
97.0
96.7
96.6
96.5
96.6
96.2
96.3
96.2
96.2
96.2
96.3
96.4
96.1
96.2
96.1
96.3
96.0
96.0
96.0
96.1
96.4
96.4
96.2
96.3
96.2
96.1
96.0
96.0
96.0
96.0
96.0
96.5
96.4
96.5
96.4
96.7
96.9
96.4
96.2
96.2
96.3
96.2
96.2
96.2
96.2
96.2
96.1
96.0
96.0
96.0
96.0
95.7
95.8
95.3
95.8
95.2
95.3
95.1
95.3
95.1
95.0
95.0
95.0
95.0
95.0
95.0
95.0
95.0
95.0
95.0
95.4
95.7
95.8
95.9
96.1
96.0
95.9
96.1
96.0
95.8
96.0
96.0
96.2
95.9
96.0
95.8
96.1
95.9
96.3
96.1
96.5
96.2
96.6
96.2
96.1
96.0
95.9
96.2
96.2
95.9
95.2
95.4
94.8
95.1
94.2
94.9
94.7
94.9
94.6
94.7
94.7
94.5
94.5
94.4
94.1
94.0
94.2
93.9
94.0
94.0
94.0
93.9
94.0
93.9
95.1
95.3
94.8
94.2
94.3
94.5
94.4
94.4
94.7
94.3
94.3
94.3
94.1
94.0
94.1
93.9
93.8
93.5
93.8
93.6
93.9
93.6
93.4
93.5
93.5
93.8
93.7
93.2
93.0
93.4
93.3
93.4
92.0
90.6
92.7
93.4
95.1
94.8
94.2
93.5
93.2
93.0
92.5
92.7
92.6
93.1
93.5
94.0
94.0
93.8
93.9
93.9
94.0
94.0
94.0
94.1
93.8
93.9
93.9
93.8
93.9
93.6
93.4
93.8
93.4
93.3
93.4
93.2
93.6
93.8
93.4
93.5
93.5
93.8
93.6
93.3
93.1
93.3
93.1
93.4
93.1
93.5
93.3
93.5
93.5
93.4
93.3
93.4
93.8
93.6
93.6
93.7
93.5
93.4
93.2
93.5
94.6
94.1
93.9
94.0
93.9
93.5
93.1
94.4
94.9
94.8
94.0
94.0
94.0
94.2
94.0
94.2
94.0
94.1
94.1
93.7
93.4
93.1
93.0
93.3
93.7
94.0
93.8
94.0
94.0
94.0
94.1
94.0
93.9
93.8
94.0
93.8
93.3
93.5
93.0
93.2
93.1
93.0
93.0
93.0
93.0
93.0
93.0
93.0
93.0
92.9
93.0
92.9
93.0
93.0
92.9
92.9
93.9
93.5
93.8
94.0
93.4
92.0
92.1
93.0
93.1
93.1
93.7
93.9
94.0
93.9
94.0
94.0
94.0
94.1
94.7
94.8
94.5
94.9
94.2
93.5
93.9
94.3
94.2
94.4
93.3
95.3
93.3
94.0
94.1
94.19999999999999
94.5
94.3
94.6
94.6
94.5
94.6
94.9
94.2
94.1
93.6
93.5
93.8
94.4
94.3
94.0
94.2
94.6
94.1
94.7
94.4
94.4
94.1
94.0
94.1
94.3
94.0
93.6
94.0
94.1
93.9
94.0
93.4
93.8
93.6
93.3
93.5
93.3
93.3
93.2
93.9
93.8
94.4
94.1
93.9
94.1
93.9
94.1
93.8
93.7
93.9
93.9
94.1
94.1
94.2
94.1
94.5
94.2
94.4
95.0
94.1
94.5
94.3
94.1
94.3
94.2
94.3
94.4
94.1
94.5
94.3
94.3
94.4
94.6
94.1
94.1
94.3
94.1
94.3
94.3
94.5
94.7
94.4
94.8
94.2
94.9
94.1
94.5
94.6
94.1
94.5
94.3
95.2
94.4
95.2
95.1
93.5
86.7
98.9
95.5
95.9
96.6
96.7
96.4
95.7
95.4
95.3
95.0
95.5
94.6
94.6
94.9
94.7
95.8
96.0
96.0
96.7
96.7
96.4
96.7
97.1
97.3
97.1
97.2
92.6
94.9
95.1
100.8
98.7
94.8
94.3
99.2
100.9
99.2
94.6
91.8
99.7
102.0
100.9
99.4
98.9
97.4
97.6
98.9
98.7
98.0
98.0
97.6
97.6
97.4
97.4
97.4
97.5
97.6
97.4
96.9
96.9
97.0
96.4
97.1
96.8
97.0
96.8
96.9
97.1
97.5
96.7
97.1
96.9
97.1
97.0
97.1
96.8
97.2
96.9
96.4
96.9
97.2
97.8
97.9
97.9
98.0
97.3
97.4
97.8
98.2
97.3
98.0
98.2
98.1
98.0
98.8
98.1
97.8
96.7
96.9
97.2
97.5
97.1
96.7
96.6
95.8
96.1
95.3
95.9
96.6
96.8
97.3
97.4
97.3
97.3
96.8
98.0
98.0
97.6
96.4
97.0
97.2
96.9
96.5
96.1
96.0
96.2
96.6
96.0
96.6
96.5
96.9
96.7
96.6
96.4
96.6
97.1
96.6
96.9
96.9
96.7
97.2
97.0
97.3
97.5
97.4
97.4
97.0
97.1
97.1
97.1
97.2
97.5
96.8
97.4
97.5
97.7
97.3
97.4
97.6
98.0
97.6
96.1
97.7
96.7
95.6
96.4
96.0
95.8
96.2
96.7
96.6
96.2
96.4
96.8
96.0
96.8
96.2
95.9
96.5
96.2
95.8
97.0
97.2
97.4
97.7
96.5
96.9
97.0
96.7
96.7
96.2
96.0
96.1
96.4
96.8
96.8
97.0
96.3
99.8
98.1
98.5
98.0
97.6
97.9
97.2
97.5
97.6
97.0
97.8
97.5
97.8
97.6
97.1
97.1
96.6
97.0
97.1
96.7
96.7
96.4
96.5
96.7
96.6
96.5
96.4
96.9
97.7
97.9
97.5
97.2
97.5
97.2
96.7
96.5
96.6
97.1
96.6
96.8
96.6
95.7
96.8
96.0
96.1
97.3
97.1
96.6
96.0
96.3
95.4
96.1
90.1
84.1
103.7
100.9
102.6
97.2
98.9
100.3
99.3
99.2
98.5
98.0
97.8
98.0
96.9
97.3
96.5
96.8
96.4
96.6
98.0
96.6
97.4
97.7
98.0
98.9
97.8
98.3
98.2
98.2
98.3
98.0
98.1
98.7
98.4
98.0
98.4
97.9
98.8
98.9
100.1
100.1
100.1
100.7
100.4
100.2
100.6
100.9
100.4
100.8
101.0
100.3
101.4
101.4
101.2
101.0
101.3
101.3
101.3
100.7
100.9
101.0
100.7
100.7
101.0
101.7
101.1
99.9
100.7
100.8
99.1
100.1
99.8
99.7
99.9
98.9
99.3
99.1
99.2
98.8
98.2
97.9
98.2
97.9
98.2
98.8
98.7
99.2
98.8
98.8
99.0
99.2
98.6
98.4
98.5
98.5
98.2
98.7
98.7
98.8
99.2
99.0
99.1
99.2
99.3
99.1
99.0
99.7
99.4
99.6
99.4
98.8
99.2
98.9
99.0
99.3
98.6
99.0
100.1
99.3
99.7
99.2
99.7
99.3
98.6
99.1
99.1
99.5
100.1
99.9
99.8
100.1
99.8
99.6
99.7
99.9
99.4
100.5
100.4
99.9
100.6
100.5
100.3
100.3
100.8
100.4
99.4
98.5
99.4
99.3
99.3
99.3
100.0
99.9
100.5
100.9
100.7
100.8
100.6
97.1
99.2
100.5
99.5
101.6
101.7
100.5
104.3
103.3
102.5
101.1
100.3
99.8
99.9
99.4
100.1
100.3
100.9
101.1
100.2
100.2
100.6
101.2
100.8
100.5
100.3
100.6
100.8
99.4
99.5
99.9
99.0
99.8
99.4
98.2
98.3
98.0
93.5
104.0
105.1
104.4
96.8
108.4
104.7
109.2
105.8
103.9
102.3
102.7
103.2
102.3
101.8
101.2
100.7
100.5
99.6
99.6
99.3
100.1
101.2
102.30000000000001
102.1
102.8
102.0
101.2
98.0
103.7
102.9
102.0
104.3
101.4
100.4
99.8
100.5
100.1
99.7
98.5
98.2
98.4
99.0
98.1
97.8
98.3
98.0
98.2
98.3
98.3
98.0
97.8
98.0
97.5
97.7
98.3
97.5
98.1
97.3
98.1
97.8
97.5
97.4
98.5
98.9
98.5
98.0
98.0
97.9
97.6
97.4
97.2
97.7
97.8
98.3
97.7
97.9
97.5
97.7
97.5
97.7
97.6
97.8
98.0
97.7
97.9
97.7
97.7
97.7
97.9
98.1
98.2
98.4
98.4
98.0
98.0
98.3
98.8
99.0
98.7
99.1
98.5
98.8
99.6
100.0
100.2
100.5
100.4
100.8
100.8
101.0
101.0
100.9
100.9
100.9
101.3
101.2
100.9
100.6
100.6
100.4
100.2
99.9
100.6
100.8
100.5
100.3
100.7
100.8
101.2
101.4
99.7
100.2
99.4
99.3
99.6
99.9
100.0
100.5
100.7
100.7
100.0
100.4
99.4
99.5
99.8
100.0
99.6
100.1
100.9
100.6
101.1
100.6
100.0
100.6
99.8
100.6
101.1
100.3
99.4
108.5
103.9
103.1
101.5
100.4
100.1
100.3
101.0
100.5
101.3
102.4
102.6
102.9
102.2
101.5
101.1
100.9
100.1
100.2
100.4
100.0
100.7
100.6
100.8
100.9
101.5
102.3
103.3
102.4
102.4
101.4
101.5
101.4
101.0
100.8
100.8
101.0
101.5
101.2
101.6
101.1
101.7
101.8
101.4
101.0
100.8
101.0
101.1
101.0
101.1
101.1
100.6
100.8
101.0
101.6
101.3
101.4
101.8
101.7
101.1
101.3
100.9
100.6
100.9
101.0
100.7
101.3
100.9
100.8
100.6
99.9
100.8
99.8
100.6
100.6
101.2
100.6
100.0
100.4
100.6
99.8
99.8
99.2
99.1
99.3
98.9
99.3
99.4
98.6
99.1
99.1
99.0
98.7
99.1
98.7
98.6
98.7
99.3
98.6
99.4
99.3
99.4
99.4
99.4
99.7
99.8
100.1
100.5
100.0
100.2
100.8
100.5
100.5
100.1
100.5
101.3
100.9
101.9
101.4
101.3
101.3
101.5
101.4
102.8
103.9
102.7
103.5
103.2
103.1
103.8
103.3
103.3
103.5
103.4
103.0
102.8
103.6
104.0
104.3
105.1
104.9
104.8
104.8
104.6
104.1
103.9
103.3
104.1
104.89999999999999
104.40756302521008
104.56134453781512
104.71512605042017
104.8689075630252
105.02268907563025
105.17647058823529
105.33025210084033
105.48403361344538
105.63781512605041
105.79159663865546
105.9453781512605
106.09915966386554
106.25294117647059
106.40672268907562
106.56050420168067
106.71428571428571
106.86806722689076
107.0218487394958
107.17563025210083
107.32941176470588
107.48319327731092
107.63697478991597
107.790756302521
107.94453781512604
108.09831932773109
108.25210084033613
108.40588235294118
108.55966386554621
108.71344537815126
108.8672268907563
109.02100840336134
109.17478991596639
109.32857142857142
109.48235294117647
109.63613445378151
109.78991596638656
109.9436974789916
110.09747899159663
110.25126050420168
110.40504201680672
110.55882352941177
110.7126050420168
110.86638655462184
111.02016806722689
111.17394957983193
111.32773109243698
111.48151260504201
111.63529411764706
111.7890756302521
111.94285714285714
112.09663865546219
112.25042016806722
112.40420168067227
112.55798319327731
112.71176470588236
112.8655462184874
113.01932773109243
113.17310924369748
113.32689075630252
113.48067226890757
113.6344537815126
113.78823529411764
113.94201680672269
114.09579831932773
114.24957983193278
114.40336134453781
114.55714285714285
114.7109243697479
114.86470588235294
115.01848739495799
115.17226890756302
115.32605042016807
115.47983193277311
115.63361344537816
115.7873949579832
115.94117647058823
116.09495798319328
116.24873949579832
116.40252100840337
116.5563025210084
116.71008403361344
116.86386554621849
117.01764705882353
117.17142857142858
117.32521008403361
117.47899159663865
117.6327731092437
117.78655462184874
117.94033613445379
118.09411764705882
118.24789915966387
118.40168067226891
118.55546218487396
118.709243697479
118.86302521008403
119.01680672268908
119.17058823529412
119.32436974789917
119.4781512605042
119.63193277310924
119.78571428571429
119.93949579831933
120.09327731092438
120.24705882352941
120.40084033613445
120.5546218487395
120.70840336134454
120.86218487394959
121.01596638655462
121.16974789915966
121.32352941176471
121.47731092436976
121.6310924369748
121.78487394957983
121.93865546218488
122.09243697478992
122.24621848739497
122.4
121.8
122.3
124.0
125.0
125.4
125.3
125.4
126.4
126.9
125.8
123.0
123.0
122.9
122.2
122.0
122.6
122.3
123.0
123.0
122.9
123.0
123.5
123.7
125.0
126.4
124.4
122.9
119.0
118.7
118.3
117.4
116.9
116.3
116.7
116.5
116.9
116.6
115.9
116.0
115.4
115.3
114.9
114.7
114.8
114.3
114.2
113.7
114.2
112.9
112.2
112.2
111.4
111.0
111.1
110.3
110.1
109.8
109.4
109.1
109.2
109.7
109.9
110.2
109.7
109.4
109.3
108.9
109.7
109.0
108.3
108.2
108.1
107.9
107.2
107.1
107.3
106.9
106.3
106.3
106.0
105.5
105.8
105.9
105.9
105.6
105.8
105.6
105.4
105.4
105.1
105.7
105.0
105.5
104.7
105.4
105.2
105.9
106.5
107.3
107.8
107.3
108.4
108.5
108.0
108.1
106.9
106.5
105.6
104.9
104.9
104.2
104.1
104.7
104.5
106.1
106.4
106.9
107.5
107.4
107.1
106.0
105.9
105.1
104.3
104.1
104.0
104.7
103.9
103.9
104.5
104.1
104.5
104.1
104.0
104.1
104.4
103.8
104.1
104.1
104.3
104.2
104.3
104.6
104.3
104.6
104.6
104.4
104.7
104.9
105.4
105.8
105.9
105.4
105.9
106.2
106.8
107.1
106.9
107.0
107.2
107.7
106.8
106.8
107.3
106.2
105.9
107.0
106.7
106.6
107.3
107.4
107.5
108.8
107.9
107.6
107.5
107.1
107.6
106.8
106.4
106.4
106.3
106.0
105.8
106.9
107.2
107.2
107.0
107.4
107.1
106.3
106.1
106.9
106.3
105.9
106.7
107.7
108.0
107.1
109.2
111.0
112.8
115.1
117.15
119.2
121.25
123.3
123.8
124.5
125.4
127.1
128.0
127.8
127.5
127.0
121.4
120.2
118.7
117.9
116.8
115.9
115.1
113.8
112.7
112.4
111.4
111.0
109.8
109.6
109.7
110.0
109.3
108.7
108.2
107.4
106.8
106.4
106.5
106.1
106.4
106.3
106.1
106.2
106.0
106.0
106.0
106.0
106.0
106.0
105.9
105.2
105.3
105.0
105.1
104.9
105.1
104.9
105.2
105.0
104.7
105.0
105.2
105.0
105.2
105.0
104.8
104.9
106.0
106.1
107.0
106.0
105.8
105.6
105.2
105.3
104.9
105.0
105.1
104.9
104.9
105.2
105.0
105.2
105.6
105.3
104.7
104.4
104.10000000000001
104.47058823529412
104.50588235294119
104.54117647058824
104.5764705882353
104.61176470588235
104.64705882352942
104.68235294117648
104.71764705882353
104.75294117647059
104.78823529411765
104.82352941176471
104.85882352941177
104.89411764705882
104.92941176470589
104.96470588235294
105.0
104.2
104.1
104.3
105.0
105.3
105.1
104.6
104.3
103.5
103.7
103.3
103.1
103.0
102.8
102.6
102.6
102.2
101.3
101.2
100.6
100.7
100.1
100.0
99.8
99.9
99.3
99.8
99.3
99.4
99.7
99.2
99.6
99.8
99.5
100.2
101.2
100.4
99.8
100.2
99.7
99.1
99.1
98.9
98.6
98.2
98.2
98.3
97.9
98.1
98.0
97.6
97.4
97.4
97.3
97.5
97.5
97.7
98.5
99.0
98.4
99.1
99.1
98.8
99.0
99.0
99.0
99.5
100.1
100.9
101.8
102.1
102.6
102.0
102.1
101.7
101.8
101.4
101.9
101.4
101.0
100.5
100.3
101.7
102.2
102.1
101.2
103.1
101.5
100.6
100.5
101.0
100.4
100.8
100.6
101.2
101.1
101.0
101.6
101.2
101.8
102.2
102.0
102.4
102.7
103.7
103.9
104.2
105.1
104.9
105.6
105.8
106.2
106.5
106.4
106.1
107.3
107.0
107.1
107.0
107.4
107.5
106.9
108.2
108.6
109.0
108.4
109.1
109.4
109.4
108.7
108.5
108.8
108.5
108.8
109.1
109.3
108.6
108.5
108.4
108.1
108.6
108.2
106.0
105.4
105.6
105.6
105.6
105.5
106.2
106.1
105.7
105.5
105.6
105.4
106.6
107.4
108.1
107.7
108.0
108.0
107.7
107.7
107.9
107.3
107.3
107.1
106.7
106.9
106.8
107.2
107.1
107.8
108.0
108.1
108.0
108.3
107.9
108.1
108.3
108.1
108.0
108.0
107.9
108.3
108.2
107.9
107.8
107.4
107.3
106.9
107.7
107.0
107.0
107.4
107.6
107.3
107.0
107.4
107.5
107.3
107.5
107.6
107.3
107.5
107.6
107.8
108.2
108.2
107.9
108.1
108.2
107.9
108.5
108.7
109.0
109.0
109.1
109.4
109.6
109.5
109.5
109.4
109.6
109.5
109.1
109.0
108.9
109.2
108.2
108.2
108.8
108.2
108.3
108.2
108.5
109.3
108.9
108.7
109.1
109.5
109.0
109.3
109.0
109.1
109.3
109.2
109.6
109.0
109.1
109.6
110.3
108.9
108.8
109.0
108.5
108.4
108.5
108.7
108.8
108.9
108.9
108.7
108.3
106.8
109.0
108.5
108.8
108.4
107.2
109.4
108.8
109.0
108.3
108.4
107.5
106.8
106.5
105.5
104.6
104.3
103.6
103.1
102.5
102.0
101.9
101.7
101.9
101.4
101.6
101.6
101.2
101.0
101.1
101.0
101.0
100.9
100.8
101.0
100.4
100.2
100.6
100.3
100.1
99.9
100.3
101.9
102.1
101.5
101.9
104.8
106.4
105.4
107.2
105.1
103.1
101.7
100.9
101.1
101.2
100.4
100.5
100.3
100.2
100.5
100.1
99.8
99.6
99.8
99.9
99.6
99.3
100.5
100.7
100.6
100.9
100.4
100.1
100.2
100.6
100.4
101.3
101.6
102.5
102.7
102.3
101.9
102.4
102.6
102.2
101.9
101.3
102.4
102.5
104.0
104.6
105.0
105.0
104.8
105.0
104.6
104.5
104.3
104.5
105.1
104.7
105.7
105.7
104.6
104.9
105.1
104.7
104.4
104.6
104.7
104.9
104.8
105.6
106.4
106.4
105.5
106.2
106.0
106.0
106.7
107.1
106.0
106.8
106.7
105.8
106.3
106.4
105.7
106.0
106.3
106.5
106.2
106.4
107.1
108.3
107.6
109.8
110.3
110.2
111.4
112.5
111.4
111.7
113.4
111.9
117.7
118.3
117.4
122.4
121.3
119.2
116.5
116.0
116.0
116.2
116.4
116.2
116.0
116.1
116.0
116.8
115.7
115.3
114.8
114.9
114.2
114.7
111.4
113.9
110.3
109.7
110.1
108.6
111.7
110.2
110.2
111.9
111.9
111.7
112.0
112.5
111.5
111.6
111.8
110.7
110.1
109.8
109.2
109.3
108.8
107.2
107.6
108.5
108.2
108.0
107.9
107.2
107.6
107.8
107.5
107.6
107.4
106.9
106.6
106.3
106.1
106.0
106.3
105.9
106.0
105.7
106.0
105.8
105.6
105.5
105.3
105.2
105.0
104.8
104.8
104.9
104.8
104.6
104.5
104.5
104.3
104.3
104.1
104.1
103.9
104.2
103.9
104.2
103.9
103.7
104.3
104.7
105.7
105.8
105.9
106.3
106.3
106.5
106.6
106.7
106.7
106.3
106.0
106.5
105.7
105.3
104.7
103.9
103.3
103.3
103.5
103.1
103.0
103.3
103.8
103.9
105.1
107.3
107.1
105.3
104.5
104.6
104.6
104.0
103.9
103.6
103.5
103.3
103.4
103.8
103.6
103.6
103.4
103.5
103.7
103.5
103.6
103.6
103.3
103.6
103.7
103.9
103.4
103.4
103.6
104.1
103.8
104.0
104.4
103.9
104.5
105.8
105.7
106.2
106.5
106.7
106.9
107.5
107.9
108.1
108.5
108.3
108.3
107.7
107.7
106.9
107.0
107.1
106.1
106.3
106.2
105.9
106.3
106.0
105.8
106.0
105.9
106.2
105.8
106.3
106.1
106.3
106.2
106.6
106.8
107.3
107.4
107.3
107.7
107.7
108.0
107.8
108.0
107.8
107.9
108.1
108.3
108.2
108.6
108.4
108.9
108.6
109.1
109.3
109.2
109.2
109.6
110.1
109.6
109.6
111.0
111.4
110.3
111.8
111.2
110.7
112.8
109.7
108.3
107.3
106.9
108.4
109.0
110.1
110.6
111.7
112.1
112.0
111.9
112.6
112.3
112.7
117.2
114.7
114.9
114.6
113.9
113.6
113.3
113.0
112.5
112.6
112.1
112.2
112.1
112.0
111.9
111.7
112.3
111.9
111.7
111.5
111.1
110.9
110.9
110.6
110.9
111.9
110.9
110.9
110.8
110.9
110.4
110.7
110.2
110.6
110.2
110.5
109.8
109.9
109.8
109.9
109.6
109.9
110.0
110.1
109.9
109.9
110.1
110.1
109.6
110.1
110.1
109.8
109.7
109.9
109.6
110.6
110.7
109.4
110.4
109.1
108.4
107.70000000000002
108.57362637362638
108.66043956043957
108.74725274725276
108.83406593406593
108.92087912087912
109.00769230769231
109.0945054945055
109.18131868131869
109.26813186813187
109.35494505494506
109.44175824175825
109.52857142857144
109.61538461538463
109.7021978021978
109.78901098901099
109.87582417582418
109.96263736263737
110.04945054945055
110.13626373626374
110.22307692307693
110.30989010989012
110.39670329670331
110.4835164835165
110.57032967032967
110.65714285714286
110.74395604395605
110.83076923076923
110.91758241758242
111.00439560439561
111.0912087912088
111.17802197802199
111.26483516483518
111.35164835164835
111.43846153846154
111.52527472527473
111.61208791208792
111.6989010989011
111.78571428571429
111.87252747252748
111.95934065934067
112.04615384615386
112.13296703296703
112.21978021978022
112.30659340659341
112.3934065934066
112.48021978021978
112.56703296703297
112.65384615384616
112.74065934065935
112.82747252747254
112.91428571428573
113.0010989010989
113.08791208791209
113.17472527472528
113.26153846153846
113.34835164835165
113.43516483516484
113.52197802197803
113.60879120879122
113.6956043956044
113.7824175824176
113.86923076923077
113.95604395604396
114.04285714285714
114.12967032967033
114.21648351648352
114.30329670329671
114.3901098901099
114.47692307692309
114.56373626373627
114.65054945054945
114.73736263736264
114.82417582417582
114.91098901098901
114.9978021978022
115.08461538461539
115.17142857142858
115.25824175824177
115.34505494505495
115.43186813186814
115.51868131868132
115.6054945054945
115.6923076923077
115.77912087912088
115.86593406593407
115.95274725274726
116.03956043956045
116.12637362637363
116.21318681318682
116.30000000000001
116.38681318681319
116.47362637362637
116.56043956043956
116.64725274725275
116.73406593406594
116.82087912087913
116.90769230769232
116.9945054945055
117.08131868131869
117.16813186813187
117.25494505494505
117.34175824175824
117.42857142857143
117.51538461538462
117.60219780219781
117.689010989011
117.77582417582418
117.86263736263737
117.94945054945055
118.03626373626373
118.12307692307692
118.20989010989011
118.2967032967033
118.38351648351649
118.47032967032968
118.55714285714286
118.64395604395605
118.73076923076924
118.81758241758243
118.9043956043956
118.99120879120879
119.07802197802198
119.16483516483517
119.25164835164836
119.33846153846154
119.42527472527473
119.51208791208792
119.59890109890111
119.68571428571428
119.77252747252747
119.85934065934066
119.94615384615385
120.03296703296704
120.11978021978022
120.20659340659341
120.2934065934066
120.38021978021979
120.46703296703296
120.55384615384615
120.64065934065934
120.72747252747253
120.81428571428572
120.9010989010989
120.9879120879121
121.07472527472528
121.16153846153847
121.24835164835164
121.33516483516483
121.42197802197802
121.50879120879121
121.5956043956044
121.68241758241759
121.76923076923077
121.85604395604396
121.94285714285715
122.02967032967034
122.11648351648353
122.2032967032967
122.29010989010989
122.37692307692308
122.46373626373627
122.55054945054945
122.63736263736264
122.72417582417583
122.81098901098902
122.8978021978022
122.98461538461538
123.07142857142857
123.15824175824176
123.24505494505495
123.33186813186813
123.41868131868132
123.50549450549451
123.5923076923077
123.67912087912089
123.76593406593406
123.85274725274725
123.93956043956044
124.02637362637363
124.11318681318681
124.2
124.7
124.0
124.1
125.3
125.7
125.5
125.4
124.0
123.9
123.5
125.9
123.6
122.1
122.1
124.4
126.70000000000002
123.66666666666667
123.3
121.3
120.2
119.4
119.8
120.0
119.8
118.6
119.2
120.5
121.8
121.9
120.3
119.4
119.0
118.9
118.0
118.8
119.5
118.9
118.0
118.3
118.4
118.7
119.5
120.4
119.2
118.3
118.2
118.2
118.1
118.2
117.6
117.7
117.1
117.3
119.7
118.7
118.8
117.4
118.0
118.1
118.0
118.0
118.1
118.3
118.8
118.8
118.9
117.8
117.4
117.2
117.3
117.2
118.0
119.0
118.0
117.5
115.2
114.8
114.8
114.9
114.6
115.6
115.6
116.4
116.8
117.0
117.0
117.0
117.1
114.6
113.0
112.9
112.7
112.7
113.5
113.9
113.8
114.1
114.2
114.4
114.7
115.0
115.0
115.0
113.6
111.4
109.7
108.1
108.0
108.0
108.0
108.6
109.0
109.0
109.0
109.0
109.2
109.1
109.0
109.0
109.0
109.2
109.0
109.1
109.6
110.2
110.7
112.2
113.8
114.7
115.2
114.2
113.3
113.0
113.0
113.0
112.1
112.1
112.0
111.4
111.1
111.2
111.0
111.0
111.0
111.2
112.0
112.0
112.0
112.2
112.1
112.2
112.4
112.5
112.5
112.5
112.3
112.6
112.5
112.7
112.9
113.5
113.7
113.6
114.5
113.8
114.6
114.2
114.1
114.1
114.1
114.1
114.0
114.0
114.3
113.9
114.3
113.9
114.2
114.3
114.3
114.2
114.1
114.6
114.4
115.0
115.1
115.2
115.5
115.6
115.9
116.1
116.2
115.8
116.8
117.1
117.0
117.0
117.0
117.2
116.9
116.5
116.6
115.5
116.0
115.2
115.1
115.2
115.0
115.0
115.0
114.9
114.9
114.9
114.5
114.7
114.9
114.9
115.0
115.0
114.7
114.6
114.6
114.2
114.2
114.5
114.3
114.6
114.3
114.7
114.4
114.5
114.7
114.6
114.2
114.4
114.8
114.7
114.7
114.7
114.9
115.0
114.8
115.3
115.1
115.2
115.7
115.4
115.5
115.6
115.6
115.8
115.6
116.1
115.8
116.1
116.4
116.2
116.9
116.6
116.6
116.7
116.6
116.2
116.1
115.4
115.6
116.3
115.7
115.5
115.8
115.5
115.5
115.7
115.2
115.4
115.6
115.3
115.3
115.4
115.3
115.3
115.0
115.0
114.8
115.2
115.4
115.1
115.9
115.2
115.2
115.8
115.5
115.4
115.5
116.0
116.1
116.0
116.1
115.7
116.1
116.2
116.3
116.7
116.4
116.8
117.0
117.6
117.0
116.3
116.0
116.1
116.6
116.2
115.9
115.6
115.9
115.6
115.7
115.8
115.8
115.6
115.9
115.7
115.9
116.0
115.7
115.6
115.3
115.7
116.3
115.8
115.8
115.8
116.0
116.0
116.0
116.0
116.2
116.1
116.1
116.1
115.8
116.0
115.7
115.8
115.7
116.1
116.8
116.7
116.6
116.6
116.7
116.9
116.6
116.7
116.9
116.6
116.7
116.6
116.6
117.2
117.1
117.7
117.4
117.7
117.7
117.5
118.2
118.4
118.6
118.9
118.7
118.5
118.2
118.1
117.9
117.9
117.8
118.4
118.0
118.6
119.0
119.2
119.4
119.3
120.3
119.6
119.6
119.5
120.0
119.6
119.8
119.6
120.0
119.7
120.0
120.9
121.6
119.8
115.9
114.1
112.7
111.9
112.0
112.0
112.1
112.8
113.6
114.6
115.1
116.6
116.7
117.2
117.9
117.7
118.2
119.2
119.1
119.1
120.0
120.0
120.5
120.8
121.0
121.4
121.2
121.8
122.2
122.2
122.1
122.5
123.0
123.3
123.2
123.6
124.0
124.0
124.4
125.4
125.8
126.0
126.1
126.9
127.7
128.0
128.0
128.8
129.4
129.5
129.5
129.9
130.0
130.8
128.8
126.8
126.1
125.6
124.9
125.0
125.3
124.9
123.4
120.6
123.1
124.6
126.2
127.5
127.9
128.0
128.2
128.1
128.0
128.3
128.6
129.0
129.0
128.9
129.2
130.2
130.3
130.9
131.2
131.8
131.4
130.8
131.1
131.2
131.7
132.9
133.0
133.8
134.0
134.8
135.5
135.8
134.9
134.6
135.0
135.5
134.8
132.9
132.1
132.0
131.8
131.9
132.0
131.9
132.0
131.5
131.5
132.0
131.3
130.9
130.4
130.1
130.0
130.0
130.0
130.0
130.0
129.3
129.7
129.5
129.0
127.8
127.0
127.2
128.0
128.4
128.6
128.2
128.0
128.1
127.4
127.6
127.4
127.0
126.9
127.0
126.9
126.2
126.2
126.0
126.5
126.0
125.7
125.7
125.5
125.1
125.1
124.1
124.3
124.1
124.5
124.6
124.8
123.7
123.4
123.1
123.0
122.6
122.7
122.1
122.0
121.6
121.4
121.3
120.7
120.6
120.4
119.5
119.7
119.2
119.0
118.6
118.8
118.3
118.2
118.5
117.9
118.0
117.7
117.7
117.7
117.3
117.5
117.8
117.0
116.9
117.2
116.4
116.0
116.5
115.9
115.2
114.7
115.0
115.4
114.9
115.1
115.2
115.2
115.4
115.2
115.1
115.2
115.0
114.9
114.7
114.5
114.6
114.3
114.4
113.9
113.8
114.2
113.7
113.6
113.2
113.6
113.2
113.1
113.3
113.2
113.1
113.7
115.2
116.8
117.7
117.4
115.8
114.4
113.8
113.8
112.2
31.7
-48.8
90.0
111.4
111.1
111.4
111.0
110.5
110.7
110.8
110.6
111.1
111.7
115.3
115.8
117.2
116.1
116.1
116.1
110.34
107.46000000000001
104.58
101.7
120.5
123.5
123.9
124.0
123.6
123.19999999999999
124.0
124.2
123.82222222222222
123.73333333333333
123.64444444444445
123.55555555555556
123.46666666666667
123.37777777777778
123.28888888888889
123.2
122.6
122.6
122.6
123.0
123.1
122.0
121.6
120.5
117.9
117.2
117.4
117.2
116.8
117.3
117.1
116.5
116.2
116.1
116.6
117.0
117.8
117.8
117.8
118.0
117.0
117.1
117.7
117.7
117.1
114.7
113.7
113.6
114.7
114.9
114.4
114.0
113.2
113.1
113.0
113.5
113.2
113.2
113.5
113.7
114.0
115.4
117.2
118.9
119.3
117.4
113.8
112.9
113.0
113.0
113.0
112.3
112.2
112.0
112.5
112.7
113.0
113.9
114.2
114.9
116.0
115.7
115.9
116.0
116.4
116.9
116.9
116.7
117.0
116.8
117.2
117.0
117.3
117.2
116.8
116.8
116.6
116.9
117.0
116.8
117.0
116.3
116.0
116.6
116.1
116.0
115.8
115.6
116.0
116.4
116.8
117.0
117.0
116.4
116.8
116.3
116.0
115.9
116.1
116.0
115.9
115.9
115.4
115.3
115.6
115.4
115.2
115.2
115.2
115.2
115.1
115.0
114.9
114.4
114.3
114.2
113.8
113.5
113.1
113.5
113.0
112.5
112.1
111.9
111.8
111.9
112.9
112.1
111.4
111.8
111.5
112.1
112.8
113.5
113.0
112.2
112.7
112.0
111.7
112.0
112.2
112.1
112.4
112.7
112.9
112.7
112.7
112.7
112.5
112.0
112.3
112.0
112.0
112.0
111.0
111.7
111.3
111.4
111.2
110.7
111.1
111.5
112.0
112.3
111.1
111.1
111.2
110.5
110.7
110.7
110.6
110.2
111.2
111.0
110.4
110.4
110.5
111.2
110.6
111.0
111.5
111.2
112.2
112.4
111.7
110.0
110.3
111.4
112.3
112.4
113.3
112.9
113.0
113.3
113.3
113.8
114.5
114.6
114.4
114.9
115.2
116.2
116.4
116.2
116.3
116.1
116.1
116.1
115.5
115.6
116.4
116.4
116.8
118.1
117.9
117.5
117.2
116.9
117.2
117.2
116.7
116.7
116.7
117.0
116.2
115.8
116.1
116.5
116.8
117.4
117.5
117.8
117.6
117.5
117.8
117.8
117.8
117.7
117.4
117.0
117.0
116.9
116.5
116.8
117.0
117.2
117.5
118.0
118.0
118.0
117.8
117.2
117.0
116.9
117.5
117.8
116.8
117.5
117.4
117.0
117.4
118.1
118.3
118.2
118.1
118.4
118.8
119.2
119.0
118.8
119.1
119.8
119.7
119.5
119.6
119.0
119.1
119.1
118.9
118.9
119.1
119.2
119.8
119.9
119.2
118.8
118.4
118.2
118.8
118.1
118.2
118.2
118.7
118.7
119.0
119.3
120.0
120.0
120.0
120.3
120.1
119.7
119.7
119.9
119.7
119.7
119.6
119.4
119.9
119.8
119.7
119.4
119.3
118.6
118.5
118.2
118.0
118.0
118.0
118.1
117.8
117.8
117.9
118.3
118.1
118.9
118.7
119.0
119.0
118.3
118.7
118.2
118.4
118.6
117.6
117.9
117.5
117.6
117.5
117.3
117.4
117.6
117.4
117.0
117.5
117.6
118.4
118.2
117.2
116.4
116.7
116.3
116.3
116.5
116.3
116.6
116.7
116.4
116.8
116.4
117.3
117.6
117.0
116.9
116.7
116.5
116.5
116.8
116.7
116.5
116.6
116.3
116.2
115.9
116.1
115.6
115.7
115.7
115.5
114.9
115.1
114.9
114.6
114.8
114.2
114.5
115.1
114.1
113.4
114.0
114.5
114.6
114.9
114.2
114.0
113.5
113.4
112.7
112.4
112.7
113.5
114.1
114.2
113.4
113.3
113.1
113.2
113.2
112.9
112.3
113.9
116.1
116.9
117.0
117.7
118.0
117.2
117.1
116.6
116.1
116.2
115.9
115.6
115.9
116.4
116.7
116.4
116.4
116.7
115.9
116.0
116.1
115.9
116.2
116.4
116.3
116.4
116.3
115.8
115.4
115.7
115.6
115.9
115.7
115.4
115.2
115.4
115.4
115.3
115.4
114.9
115.1
114.9
115.9
115.6
115.2
115.5
116.0
115.9
116.1
115.8
116.5
116.5
115.8
116.3
116.4
116.6
116.4
116.6
116.3
116.2
116.3
116.2
116.9
116.7
116.5
116.7
116.4
116.7
116.7
116.9
116.4
116.6
116.8
116.4
116.5
116.4
116.1
116.3
116.2
116.2
116.2
115.9
116.3
116.6
117.3
116.8
115.8
116.1
115.6
116.5
116.4
116.5
116.4
115.7
116.5
116.0
115.9
115.9
116.6
116.0
116.2
116.2
116.6
116.5
116.3
116.6
116.6
116.5
116.3
116.1
115.9
115.8
115.7
116.0
116.3
116.1
116.1
116.4
116.6
117.0
117.0
117.5
117.6
117.9
117.9
117.3
116.1
116.6
116.8
116.4
116.7
116.6
116.6
116.7
117.3
117.1
117.8
117.4
117.6
117.8
118.0
118.1
118.5
118.3
118.3
118.1
118.2
119.2
119.3
118.8
118.7
118.9
118.9
118.8
118.9
118.6
118.6
118.6
118.7
118.2
117.9
117.9
117.5
117.6
117.5
117.2
117.4
118.1
117.1
117.2
117.5
117.6
117.8
118.0
118.4
117.7
117.5
117.8
118.2
118.4
118.5
118.7
118.6
118.1
118.2
118.4
118.0
118.6
118.2
118.4
118.4
118.8
119.1
119.1
118.9
120.3
120.1
120.2
119.2
118.3
120.4
122.7
123.9
124.3
124.9
122.7
122.0
121.3
122.36626506024096
122.54939759036145
122.73253012048193
122.91566265060241
123.09879518072289
123.28192771084338
123.46506024096385
123.64819277108434
123.83132530120481
124.0144578313253
124.19759036144578
124.38072289156626
124.56385542168674
124.74698795180723
124.9301204819277
125.11325301204819
125.29638554216868
125.47951807228915
125.66265060240964
125.84578313253012
126.0289156626506
126.21204819277108
126.39518072289157
126.57831325301204
126.76144578313253
126.944578313253
127.12771084337349
127.31084337349397
127.49397590361446
127.67710843373493
127.86024096385542
128.0433734939759
128.22650602409638
128.40963855421685
128.59277108433736
128.77590361445783
128.9590361445783
129.14216867469878
129.32530120481928
129.50843373493976
129.69156626506023
129.8746987951807
130.0578313253012
130.24096385542168
130.42409638554216
130.60722891566263
130.79036144578313
130.9734939759036
131.15662650602408
131.33975903614459
131.52289156626506
131.70602409638553
131.889156626506
132.0722891566265
132.25542168674698
132.43855421686746
132.62168674698793
132.80481927710844
132.9879518072289
133.17108433734938
133.35421686746986
133.53734939759036
133.72048192771084
133.9036144578313
134.08674698795178
134.2698795180723
134.45301204819276
134.63614457831324
134.8192771084337
135.0024096385542
135.1855421686747
135.36867469879516
135.55180722891566
135.73493975903614
135.9180722891566
136.1012048192771
136.2843373493976
136.46746987951806
136.65060240963854
136.833734939759
137.01686746987951
137.2
137.38313253012046
138.4
139.0
139.0
141.2
142.4
138.2
135.0
133.8
134.0
134.7
134.9
135.7
136.5
137.9
137.7
139.2
139.8
140.8
138.5
137.8
138.0
138.0
137.8
137.8
138.0
138.2
138.3
138.45
138.6
138.6
139.9
140.2
139.9
138.8
139.3
140.5
140.4
137.4
139.6
138.4
139.9
137.3
135.0
135.0
135.4
136.0
135.9
135.0
135.0
134.1
134.0
133.9
133.9
134.0
134.0
133.8
134.2
134.0
134.1
134.1
134.4
134.2
134.4
134.8
134.9
135.0
134.3
134.4
134.4
134.2
134.1
134.6
134.3
134.0
134.4
134.0
133.9
133.6
134.0
133.8
133.7
133.7
133.3
133.6
133.6
133.9
134.5
134.7
134.9
134.4
134.3
134.2
134.0
133.9
133.9
133.9
134.2
134.1
134.6
134.7
134.4
134.5
134.3
134.4
134.8
134.2
133.9
134.0
134.2
133.8
130.8
130.7
130.0
130.1
130.1
130.1
131.1
130.8
130.6
130.5
130.7
130.6
130.6
130.3
130.1
130.1
130.0
130.1
130.1
129.9
131.3
131.4
130.9
130.1
130.0
129.8
129.4
129.1
129.1
128.8
128.8
129.1
129.6
129.8
130.0
130.2
130.1
129.9
129.5
129.4
129.0
129.0
128.2
128.1
128.2
128.0
127.6
127.5
127.1
127.6
127.1
127.4
127.0
126.9
126.6
126.6
126.3
126.3
126.5
126.6
126.6
126.8
126.6
126.8
126.5
126.1
126.4
126.5
126.5
126.4
126.1
126.1
126.2
126.0
126.0
126.0
126.0
126.0
126.2
126.0
125.9
126.1
125.8
126.2
126.1
126.2
126.1
126.1
126.5
126.5
126.9
127.0
127.0
127.4
127.1
127.4
127.5
125.5
124.8
125.7
126.0
126.2
127.4
126.8
126.0
126.8
129.9
130.7
131.5
131.9
132.0
132.0
131.9
132.0
131.8
131.8
131.2
130.9
131.1
130.8
131.0
131.0
131.0
130.8
131.1
131.0
130.7
130.8
130.6
130.8
129.9
129.4
129.0
128.9
128.6
128.1
128.0
127.9
127.9
127.3
127.3
127.1
127.0
127.0
126.8
126.6
127.0
126.3
126.3
126.0
126.0
125.9
126.0
125.8
125.7
126.7
125.5
125.2
125.1
125.0
125.1
125.1
125.0
125.0
125.7
126.0
125.8
125.8
125.5
125.6
125.5
125.7
125.2
125.3
125.6
125.6
124.9
125.4
125.2
125.1
124.8
124.5
124.5
124.1
124.1
124.0
123.9
124.0
123.8
123.8
123.8
123.8
123.1
123.1
123.1
123.0
123.0
123.2
123.1
123.0
122.9
122.9
122.8
122.9
123.8
123.4
123.5
123.7
123.1
123.1
123.2
123.1
123.4
123.6
124.3
124.4
124.5
124.4
124.8
124.5
124.5
124.7
124.1
124.2
124.5
124.5
124.3
124.1
123.9
123.7
123.6
123.4
124.0
124.4
126.4
125.3
125.0
125.0
124.2
124.1
124.0
123.7
123.0
123.0
122.9
122.8
122.9
123.1
123.1
123.1
123.7
123.8
123.7
123.9
124.0
123.4
123.8
123.9
123.5
123.0
122.5
122.0
122.1
122.0
121.8
121.9
121.6
121.7
121.9
121.9
121.2
121.3
121.1
121.1
121.0
121.0
121.0
121.0
120.9
121.0
121.0
121.0
121.1
121.3
121.2
121.0
121.8
121.5
121.8
121.8
121.9
122.0
122.0
122.0
122.4
122.1
122.2
122.5
122.1
122.4
122.3
122.8
122.6
123.1
123.1
123.1
123.1
122.9
123.0
123.0
123.0
123.1
123.5
123.1
123.0
123.0
123.1
123.1
123.0
122.9
122.9
122.8
122.7
122.9
122.9
123.0
122.8
122.7
122.7
122.8
122.7
122.3
122.8
122.3
122.3
122.4
122.2
122.5
122.8
123.0
122.9
123.0
122.9
123.5
124.0
123.7
123.9
124.0
124.1
124.3
124.2
124.3
123.9
124.2
123.0
123.4
123.1
123.0
123.0
122.6
123.0
123.2
123.6
124.0
123.7
123.4
123.9
123.6
123.6
123.7
123.9
123.9
124.4
124.0
124.0
123.5
123.8
124.0
123.5
123.2
123.0
123.1
123.5
123.0
123.0
123.0
123.1
123.0
123.0
123.0
123.0
123.0
123.0
123.0
123.0
123.3
123.2
123.0
123.0
123.0
123.1
123.1
123.5
122.9
123.0
123.0
123.0
123.0
123.0
123.1
123.2
123.6
123.0
123.0
123.0
123.1
123.0
123.1
123.4
123.0
123.4
123.2
123.1
123.0
123.1
122.9
122.9
123.3
123.4
123.6
124.0
124.0
124.0
124.1
124.3
124.9
125.0
125.4
125.1
125.3
125.7
126.2
126.0
126.2
126.3
126.9
127.0
127.0
127.1
127.0
127.4
127.9
128.0
128.3
128.0
128.3
128.5
128.3
128.7
128.9
129.0
129.0
129.0
129.4
129.7
129.3
130.0
129.6
130.0
130.0
130.0
129.9
129.9
130.0
130.0
130.1
130.3
130.2
130.4
130.4
130.8
131.0
131.0
131.1
131.3
131.0
131.0
131.3
131.2
131.2
131.0
131.4
131.2
131.2
131.9
131.6
131.7
131.3
131.6
131.5
131.5
131.8
131.7
131.9
131.8
132.3
132.4
132.8
133.0
133.1
133.5
133.3
133.6
133.6
133.5
133.4
133.8
133.5
133.8
133.9
133.9
133.5
133.8
133.4
133.2
133.1
133.1
133.7
133.3
133.0
133.0
133.0
133.0
133.0
133.0
133.0
133.0
133.0
133.0
133.0
133.0
133.0
133.3
133.0
133.0
132.9
133.0
133.0
133.0
133.0
133.1
133.3
133.0
133.1
133.1
133.0
133.2
133.2
133.2
133.4
133.7
133.6
133.3
133.5
133.3
134.0
133.9
134.0
134.0
134.0
134.0
133.9
134.0
134.0
134.0
134.0
133.9
134.4
134.0
134.1
134.0
134.0
134.0
134.1
134.0
134.0
133.9
134.2
134.6
134.2
134.8
134.1
134.3
134.1
134.0
134.0
134.0
134.1
134.1
134.1
134.9
134.9
134.9
135.0
135.0
135.0
135.0
135.0
135.1
135.1
135.3
135.3
135.9
136.1
135.6
135.2
135.2
135.3
135.1
135.6
135.1
135.5
135.8
135.5
135.6
135.4
135.4
135.2
135.7
136.0
136.0
136.0
136.0
135.7
136.0
136.1
136.4
136.6
137.2
136.5
136.1
136.7
136.9
136.7
136.6
136.8
137.0
137.0
136.7
137.1
137.0
137.0
137.0
137.0
137.0
137.0
137.0
137.0
137.0
137.0
137.0
136.8
137.1
137.0
137.0
137.0
137.2
137.3
137.9
137.6
137.6
138.0
137.9
137.0
137.3
138.0
140.2
138.9
138.0
138.0
137.7
137.3
137.0
137.0
137.0
136.6
136.0
136.0
135.4
135.2
135.1
135.0
135.0
134.8
134.6
134.1
134.2
134.2
134.0
133.8
133.2
133.1
133.1
133.0
133.0
133.0
132.9
132.9
132.9
133.0
133.3
133.3
133.8
133.6
133.7
133.7
134.0
133.2
133.2
132.4
132.5
132.2
132.6
132.0
132.0
132.0
131.9
131.8
131.7
131.6
131.6
131.2
131.3
131.5
131.9
131.2
131.3
131.3
131.5
131.1
131.0
131.0
131.0
131.0
130.9
130.8
130.6
130.8
130.6
130.7
130.7
130.8
131.1
131.1
131.0
131.2
131.5
131.7
132.0
132.0
132.2
132.4
132.6
133.1
132.9
133.1
133.2
133.0
133.1
132.8
132.4
132.0
132.2
132.1
131.9
132.1
132.2
132.0
132.0
132.2
132.2
132.0
131.8
131.9
131.1
131.0
131.0
131.0
131.0
130.9
130.7
130.8
130.9
130.7
130.6
130.8
131.0
131.0
131.4
131.8
131.9
132.0
132.1
132.1
131.9
131.8
131.4
131.2
131.1
131.2
131.0
131.2
131.1
130.8
131.0
131.0
130.9
130.8
130.7
130.8
130.9
131.1
131.0
131.0
130.9
130.8
130.8
130.7
130.6
130.6
130.3
130.0
130.0
130.0
130.0
130.0
130.0
130.2
130.2
130.0
130.2
130.3
130.0
130.0
130.1
130.0
129.9
130.0
130.0
130.0
130.0
130.0
130.0
130.0
130.0
130.0
130.0
129.9
130.0
129.8
129.9
129.9
130.3
130.0
129.9
130.0
130.2
130.0
130.3
130.0
130.5
130.8
131.2
131.1
131.8
132.2
132.8
133.0
133.2
133.0
133.0
133.4
133.3
133.3
133.3
134.0
134.0
134.0
134.0
134.1
134.1
134.0
134.1
134.2
134.5
134.8
135.0
135.8
136.4
137.1
137.1
137.8
137.8
138.1
138.4
138.6
139.0
138.1
138.0
137.5
137.1
137.1
136.8
136.3
136.8
136.2
135.9
136.4
138.4
140.6
139.5
136.1
132.5
131.2
133.3
131.6
131.0
131.1
131.5
131.6
132.0
132.0
132.0
132.5
132.8
133.0
133.2
133.7
134.0
135.0
135.0
135.0
135.5
136.0
136.0
136.2
136.9
137.0
137.8
137.8
138.4
138.9
139.0
139.9
140.0
140.7
141.5
141.4
141.0
140.7
141.4
141.4
141.6
142.0
142.3
142.5
141.7
140.6
140.2
141.7
142.5
142.9
143.3
143.8
144.0
144.2
145.0
144.9
145.0
145.0
145.4
146.0
146.3
146.1
146.8
147.1
147.5
147.8
148.0
148.5
149.0
149.0
149.4
149.4
149.7
150.1
150.1
150.8
151.4
151.9
151.7
151.0
149.9
151.0
151.0
151.9
152.0
152.0
152.0
152.0
152.0
152.1
152.6
153.0
153.0
153.0
153.0
153.5
153.5
153.1
153.0
152.0
152.3
152.2
152.8
153.6
153.9
154.2
154.1
154.2
154.3
155.0
155.0
155.0
155.0
155.1
155.0
155.0
155.0
155.0
155.0
155.0
155.2
155.7
155.7
155.6
155.6
155.4
154.4
153.9
153.3
151.7
151.0
151.0
150.2
149.1
147.5
146.0
143.6
141.7
140.8
139.4
138.3
137.3
137.0
135.9
135.1
134.2
133.5
133.0
132.6
132.0
131.8
131.0
131.0
130.5
130.6
130.3
130.1
130.4
130.70000000000002
130.4
130.0
129.2
128.3
126.9
128.0
131.0
130.7
127.0
125.4
123.9
122.4
122.0
120.8
119.8
120.0
120.0
120.0
119.7
119.2
118.3
118.0
115.8
116.8
117.2
116.3
116.3
116.1
116.1
120.4
125.0
124.5
127.0
130.9
133.6
130.8
129.5
129.6
130.9
133.4
132.2
132.2
128.7
126.6
129.1
131.2
132.9
132.3
136.2
138.1
141.5
144.3
139.2
135.6
136.7
140.0
143.3
145.4
143.8
141.6
140.2
142.3
141.7
140.4
139.4
139.4
137.8
137.5
137.4
136.9
136.9
135.4
135.9
134.8
137.2
134.3
133.0
133.2
133.0
132.8
132.9
132.8
132.8
133.0
133.1
137.9
133.9
133.4
133.3
133.9
134.1
133.9
134.5
134.7
135.0
134.9
134.8
134.8
134.7
135.0
131.8
135.0
134.7
134.3
132.5
132.6
133.0
132.7
132.7
132.5
132.2
132.3
132.4
132.6
133.0
133.0
134.2
133.7
133.5
133.5
133.5
133.4
133.9
134.2
132.5
133.6
133.2
133.3
133.1
133.4
133.0
133.0
132.1
133.0
132.7
132.6
132.5
134.0
132.5
133.5
132.1
132.2
132.3
132.1
133.1
134.6
133.0
131.9
131.8
131.5
131.4
131.3
131.1
131.9
131.5
132.4
133.7
130.5
130.8
130.7
131.0
130.4
130.5
130.9
130.3
130.0
130.0
130.0
130.0
130.0
129.3
129.6
129.9
129.3
129.0
128.9
129.0
131.3
130.9
129.4
129.5
129.1
129.3
131.5
130.9
129.8
129.4
129.5
129.2
129.1
129.0
128.5
128.1
128.0
128.0
128.0
126.8
126.3
126.4
126.1
125.9
125.8
126.6
127.6
128.8
129.1
129.8
130.0
129.7
130.1
130.2
130.1
130.1
130.3
130.2
130.3
130.5
130.7
130.0
130.0
129.3
128.8
129.0
128.9
128.3
128.2
127.3
127.1
126.7
127.0
127.6
128.1
128.0
128.0
125.9
127.5
126.9
126.7
126.6
126.4
126.1
126.2
126.3
126.5
125.0
126.1
126.0
126.0
126.0
126.0
126.6
127.0
127.5
130.2
128.9
128.0
127.1
127.0
127.0
127.0
126.7
126.1
126.1
126.0
126.0
126.0
126.0
125.9
126.0
126.0
126.0
126.0
126.0
126.0
126.0
126.0
125.9
125.6
125.9
125.9
124.3
125.1
125.0
124.8
124.9
125.0
125.0
125.0
125.0
125.0
125.0
125.0
125.0
125.0
125.1
125.0
125.6
125.3
125.1
125.1
125.0
125.0
125.0
125.0
125.1
125.0
125.3
125.0
125.1
125.0
125.0
125.1
125.1
125.0
125.2
125.5
125.7
125.4
125.0
125.2
125.1
125.4
125.9
125.9
125.5
125.2
124.9
125.9
125.7
126.0
126.1
126.0
126.1
125.6
125.2
126.0
126.0
126.0
126.0
126.1
126.0
126.0
126.0
125.7
125.5
125.3
125.0
125.0
125.1
125.1
125.1
125.1
125.4
125.7
125.9
126.0
126.0
126.0
125.9
125.7
126.0
126.3
126.3
126.4
126.9
126.8
126.6
126.2
126.1
126.0
126.0
126.0
126.0
126.0
126.0
126.0
126.0
126.0
126.0
126.0
126.0
125.7
125.4
125.0
125.0
125.0
125.0
125.0
125.0
125.0
125.0
125.0
125.0
125.1
125.0
125.0
124.7
130.4
124.6
124.5
124.3
124.6
124.8
124.7
124.6
124.9
124.8
125.0
124.8
124.5
124.7
124.6
124.8
124.8
124.8
124.9
124.6
124.5
125.0
124.8
124.9
124.9
124.8
124.1
124.1
124.2
124.0
124.0
124.0
124.0
124.0
124.0
124.0
124.0
124.0
124.0
124.0
124.0
124.1
124.0
124.0
123.9
124.0
124.0
124.1
123.2
124.2
124.2
124.6
125.0
125.0
125.0
125.1
125.0
125.0
125.0
124.9
124.8
124.2
124.0
124.0
123.7
123.8
123.2
123.1
123.0
123.0
122.9
122.3
122.4
122.6
122.1
122.0
122.0
122.0
122.0
122.0
122.0
122.0
122.0
121.9
121.7
121.5
121.2
121.0
121.0
121.0
121.0
121.0
121.3
121.6
121.0
121.0
121.0
121.0
121.0
121.0
121.0
121.0
121.0
121.0
121.0
121.0
121.0
121.0
121.0
121.0
121.0
121.4
121.0
121.1
121.0
121.0
121.0
121.1
121.0
121.0
121.1
121.4
121.0
121.0
121.0
121.0
121.0
121.0
121.0
121.0
121.0
121.0
121.0
121.1
121.0
121.0
120.5
120.0
120.3
121.0
121.0
121.0
121.1
121.0
121.0
121.0
121.0
121.0
121.0
121.2
121.9
121.2
121.0
121.0
121.0
121.1
121.4
121.1
121.0
121.0
121.0
121.0
121.0
121.0
121.0
121.0
121.9
122.0
122.0
121.9
121.8
121.2
121.0
121.0
121.0
121.0
121.0
121.0
120.6
120.5
120.8
120.8
120.6
120.1
120.0
120.0
120.3
120.0
120.0
120.0
119.8
119.6
119.0
119.0
119.0
119.0
119.0
118.9
118.8
119.0
119.0
118.9
119.0
119.0
119.0
119.0
119.0
119.0
119.0
119.0
119.0
119.0
119.0
119.0
119.0
119.0
119.0
119.0
119.0
118.8
118.5
119.0
119.0
119.0
119.0
119.3
119.0
119.0
119.0
119.0
119.0
119.0
118.9
118.7
118.3
118.2
118.1
118.0
118.2
118.1
118.0
118.0
118.0
118.0
118.0
118.0
118.0
118.0
118.0
118.0
118.0
118.0
117.9
117.6
117.9
117.7
117.3
117.0
117.0
117.0
117.0
117.0
117.0
117.0
117.0
117.0
117.0
117.0
117.0
117.0
117.0
117.0
117.0
116.7
116.9
117.0
116.3
116.6
116.4
116.3
116.5
116.4
116.9
116.3
116.1
116.0
116.0
116.0
116.0
116.0
116.0
116.0
116.0
116.0
116.0
116.0
116.0
116.0
115.7
115.2
115.0
114.9
115.0
115.1
115.0
114.4
115.8
115.8
116.0
116.5
118.0
119.5
117.0
115.7
114.9
114.3
114.0
114.0
114.6
115.0
115.0
115.0
115.0
115.0
115.0
115.0
114.5
114.0
114.0
114.0
114.0
114.0
114.0
114.0
114.0
113.2
113.0
113.0
113.0
113.0
113.0
113.0
113.0
112.8
112.0
112.0
112.0
112.0
112.0
112.0
112.0
112.0
112.0
112.0
112.0
112.0
112.0
111.5
111.0
111.0
111.0
111.0
110.9
110.3
110.0
110.0
110.0
110.0
110.0
110.0
110.0
110.0
110.0
110.0
109.5
109.1
109.7
109.4
109.0
109.0
109.0
109.0
109.0
109.0
109.0
109.0
109.0
109.0
109.0
109.0
109.0
108.4
108.0
107.6
107.0
107.0
107.0
107.0
107.0
107.0
107.0
106.8
107.0
106.6
106.2
106.0
106.0
106.0
106.0
106.0
106.0
106.0
106.0
106.0
106.0
106.0
106.0
105.9
105.8
105.1
105.0
105.0
105.0
105.0
105.0
105.0
105.0
105.0
105.0
105.0
105.0
104.3
104.0
104.0
104.0
104.0
104.0
103.9
103.2
103.0
103.0
103.0
103.0
103.0
103.0
102.9
102.5
102.8
103.0
103.0
102.6
102.0
102.5
103.0
103.0
103.0
102.7
101.5
99.4
98.2
98.6
100.0
100.7
101.0
101.5
102.0
101.9
102.0
102.0
102.0
102.0
102.0
102.0
102.0
102.0
102.0
102.1
102.5
102.9
102.7
102.1
102.7
103.0
103.0
103.0
103.0
103.0
103.0
103.0
103.0
103.0
103.0
103.0
103.0
103.0
102.2
102.0
102.0
102.4
103.0
103.0
102.4
102.0
102.0
102.0
102.0
102.0
102.0
102.0
102.0
102.0
102.0
102.0
102.0
102.0
102.0
102.0
102.0
102.0
102.0
102.0
102.0
102.7
102.7
102.4
102.4
102.0
102.5
103.0
102.8
102.2
102.0
102.0
102.0
102.3
103.0
103.0
103.0
103.0
102.2
102.7
102.7
102.0
102.6
102.5
102.2
102.6
103.0
103.0
103.0
103.0
103.0
103.0
103.0
103.0
103.0
103.0
103.0
103.0
103.0
103.0
103.0
103.0
102.7
102.0
102.7
103.0
102.7
102.0
102.5
102.9
103.0
102.3
102.0
102.0
102.0
102.0
102.4
102.9
103.0
103.0
103.0
103.0
103.0
103.0
103.0
103.0
103.0
102.7
102.0
101.0
101.0
101.0
101.8
102.0
102.0
102.0
102.0
102.0
102.1
102.0
102.6
102.1
102.0
102.0
102.0
102.0
102.0
101.7
101.1
103.5
105.8
106.0
105.1
104.4
104.0
103.9
103.0
103.0
102.9
102.7
102.4
102.0
101.7
101.0
102.2
102.0
102.0
102.0
102.0
102.0
102.0
102.0
102.0
102.0
102.0
102.0
102.0
102.0
102.0
102.0
102.0
102.0
102.0
102.0
102.0
102.0
102.0
102.0
102.0
102.0
102.0
102.0
102.0
102.0
102.0
102.0
102.0
102.0
102.0
102.0
101.5
101.6
102.0
101.7
101.2
101.9
101.7
101.0
101.0
101.0
101.0
101.1
101.2
101.1
101.2
101.0
101.1
101.0
101.0
101.0
101.0
101.0
101.1
102.0
102.0
102.0
102.0
102.0
101.7
101.1
101.1
101.0
101.0
101.0
100.1
102.0
104.2
104.5
104.9
104.0
103.9
103.0
103.0
103.0
103.0
102.8
102.3
102.0
102.0
102.0
102.0
102.0
102.0
102.0
102.0
102.0
102.2
102.8
102.8
102.8
102.0
102.0
102.0
102.0
102.0
102.0
102.0
102.0
102.0
102.0
101.7
101.7
101.2
101.0
101.1
101.0
101.5
101.3
101.0
101.0
101.0
101.0
101.0
101.0
101.0
101.0
101.0
101.0
101.0
101.0
101.0
101.0
101.0
101.0
100.9
100.6
100.0
100.0
100.0
100.0
100.0
100.0
99.3
99.0
99.0
99.0
99.0
99.0
99.0
99.0
99.0
99.0
99.0
99.0
99.0
99.0
99.0
99.0
99.0
99.0
99.0
99.0
99.0
99.0
99.0
99.0
99.0
99.0
99.7
100.0
100.0
100.0
100.8
101.7
101.9
101.3
101.0
101.0
101.0
101.0
101.0
101.0
100.3
99.0
100.0
100.0
100.0
100.0
100.0
100.0
100.0
100.0
99.3
99.0
99.0
99.0
99.0
99.0
99.0
99.0
99.0
99.0
99.0
99.0
99.0
99.0
99.0
99.0
99.0
98.8
98.6
98.2
98.0
98.0
98.0
98.0
98.0
98.0
98.0
98.0
98.0
98.0
98.0
98.0
97.9
97.6
97.3
97.2
97.2
97.1
97.5
98.0
98.0
97.4
97.0
96.6
96.0
96.0
96.0
96.8
97.0
97.0
98.0
97.0
97.0
96.8
96.9
96.9
96.2
96.2
96.5
96.1
96.0
96.0
96.0
96.0
96.0
96.0
96.0
96.0
96.0
96.0
96.0
96.0
96.0
96.0
96.0
96.0
96.0
96.0
96.0
96.0
96.0
96.0
96.0
95.9
95.8
95.2
95.5
95.3
95.1
95.1
95.6
95.1
95.0
95.0
95.0
95.0
95.0
95.0
95.0
94.4
94.8
94.9
94.4
94.3
94.1
94.0
94.0
94.0
94.0
94.0
93.8
93.6
93.0
93.6
94.0
94.0
94.0
94.0
94.0
93.1
93.0
93.0
93.0
93.0
93.0
93.0
93.0
93.0
93.0
93.0
92.8
93.0
93.0
93.0
93.0
93.0
92.5
92.6
92.2
92.0
92.0
92.0
92.0
92.0
92.0
92.0
92.0
92.9
92.1
92.0
92.0
92.1
91.9
91.9
91.7
91.5
91.3
91.1
90.9
90.7
90.5
91.0
90.0
90.3
93.2
92.5
91.3
90.6
90.0
90.0
90.9
91.5
91.9
92.0
92.0
92.0
92.0
92.0
92.0
92.0
92.0
92.5
92.8
93.0
93.0
93.0
93.0
93.9
94.0
94.0
94.0
94.0
94.0
94.0
94.0
94.5
95.0
94.8
95.0
95.0
94.9
95.0
95.0
95.0
95.0
95.0
95.0
95.0
95.0
95.0
95.1
95.5
95.4
95.9
96.0
96.0
96.0
96.0
96.0
96.0
95.3
95.1
95.0
95.0
95.0
95.0
95.0
95.0
95.0
95.0
95.0
95.0
95.0
95.0
95.0
95.0
95.0
95.0
95.0
95.0
95.0
95.0
95.0
95.0
95.0
95.0
95.0
95.0
95.0
95.0
95.0
95.0
95.0
95.0
94.8
94.5
94.3
94.7
94.3
94.0
94.0
94.0
94.0
94.0
94.0
94.0
94.0
94.0
94.0
94.0
94.0
94.0
94.0
94.0
94.0
94.0
94.0
94.0
94.0
94.0
94.0
93.3
93.1
93.3
92.8
92.0
92.0
92.0
92.3
92.9
92.0
92.0
92.0
92.0
92.0
91.8
91.3
92.0
92.0
92.0
92.0
92.0
92.0
92.7
93.0
93.6
94.0
94.5
95.0
95.0
96.0
96.0
96.0
96.0
97.0
97.0
97.0
96.0
96.1
96.1
95.0
96.0
96.0
96.4
97.0
97.0
97.0
97.0
97.0
97.0
97.0
97.0
97.0
97.0
97.0
97.0
96.9
96.4
97.0
97.0
97.0
97.0
97.0
97.0
97.0
96.3
96.0
96.0
96.0
96.0
96.0
96.0
96.0
96.0
95.9
31.4
-33.099999999999994
43.4
48.3
39.0
48.9
90.7
109.1
114.3
115.0
114.7
113.5
112.5
111.7
110.7
110.0
110.0
109.7
109.0
108.8
108.0
107.1
107.0
106.0
106.0
105.2
105.0
104.2
103.9
103.1
103.0
103.0
103.0
103.0
103.0
103.0
102.7
102.0
102.0
102.0
102.0
101.6
101.2
101.2
101.0
101.0
101.0
101.0
101.0
101.0
100.9
100.3
100.0
100.0
100.0
100.0
100.0
100.0
100.0
99.9
99.5
99.0
99.0
99.0
99.0
99.0
99.0
99.0
99.0
99.0
99.0
98.6
98.0
98.1
98.0
98.0
98.0
98.0
98.0
97.7
97.5
97.1
92.2
27.1
90.3
26.7
39.7
58.1
48.1
38.1
67.23333333333333
76.8
91.8
118.9
128.9
125.1
122.6
121.4
120.3
119.2
118.0
117.1
116.3
115.3
114.6
113.8
113.0
112.2
111.5
110.8
110.0
109.1
107.7
106.3
105.2
104.1
103.2
102.5
101.3
100.4
99.6
99.0
98.2
97.5
97.0
96.2
95.7
95.0
95.0
95.0
95.0
94.8
94.0
95.1
93.0
91.7
91.0
91.0
91.5
91.4
91.0
45.0
52.7
35.9
30.5
47.3
42.0
55.3
61.1
95.3
108.2
112.5
112.2
111.5
111.0
110.5
109.4
108.1
107.8
107.0
106.5
106.0
105.4
105.0
104.7
104.0
103.9
103.0
103.0
102.6
102.0
101.4
101.0
100.9
100.1
100.0
100.0
99.7
99.0
99.0
99.0
98.3
98.0
98.0
98.0
97.9
97.0
97.0
97.0
97.0
97.0
96.5
96.0
96.0
95.3
95.0
95.0
94.6
93.2
89.2
75.5
56.1
33.1
22.9
30.2
37.5
