80.0
80.0
80.0
80.0
80.0
80.0
80.0
80.0
80.0
81.1
81.4
80.0
80.0
81.1
81.3
80.0
70.4
90.0
90.2
90.0
90.8
90.7
90.0
90.0
90.0
90.0
90.0
90.0
90.0
90.0
90.0
90.0
90.0
90.0
90.0
90.0
90.0
90.0
81.4
80.0
80.0
80.9
88.9
90.0
90.0
91.2
90.0
90.3
90.2
90.0
90.0
90.3
90.7
90.0
90.0
90.0
90.0
90.0
90.0
90.0
90.0
90.0
90.0
90.0
90.0
90.3
90.0
90.0
90.0
90.0
90.0
90.1
90.0
90.0
90.0
90.0
90.0
90.0
90.0
90.0
90.0
91.4
90.0
90.0
90.0
90.0
90.0
90.0
90.0
90.0
90.0
90.0
90.0
90.0
90.0
90.0
90.0
90.0
90.0
90.3
90.0
90.0
90.0
90.0
90.0
90.0
90.1
90.0
90.0
90.0
87.5
91.0
90.0
90.0
90.0
90.0
90.0
90.0
90.0
90.0
90.0
90.1
90.0
90.0
90.0
90.0
90.0
90.0
90.0
90.0
90.0
90.2
90.0
90.0
90.0
90.3
90.0
90.0
90.0
90.0
90.0
90.0
90.0
90.0
90.0
90.0
90.3
90.0
90.0
90.0
90.0
90.0
90.0
90.0
90.0
90.0
90.0
90.0
90.0
90.0
90.0
90.0
90.0
90.0
90.0
90.0
90.0
90.0
90.0
90.0
90.0
90.0
90.0
90.0
90.2
90.1
90.1
90.0
90.0
90.0
90.0
90.0
90.1
90.0
90.0
90.0
90.0
90.0
90.0
90.0
90.0
90.3
90.0
90.0
90.0
90.0
90.0
90.0
90.0
90.0
90.0
90.9
90.0
89.1
90.0
90.0
90.0
90.0
90.1
90.1
90.0
90.0
90.0
90.0
90.0
90.0
90.0
90.0
90.0
89.1
90.0
90.0
90.0
90.0
90.2
90.0
90.0
90.0
90.0
90.0
90.0
90.0
90.0
90.0
90.0
90.0
89.3
89.9
90.2
90.0
90.0
90.0
90.2
90.0
90.0
90.0
90.0
90.0
90.0
90.1
90.0
90.1
90.0
90.0
90.0
90.0
90.0
90.0
90.0
90.0
90.0
90.2
90.0
90.0
90.0
90.0
90.0
90.0
90.0
90.0
90.0
90.0
90.0
90.0
90.0
90.0
90.0
90.0
90.0
90.0
90.0
90.1
90.0
90.0
90.0
90.0
90.0
90.0
90.0
90.0
90.0
90.0
90.0
90.0
88.3
81.8
84.9
76.4
74.5
86.5
88.7
90.0
86.0
75.9
75.1
72.1
74.8
78.9
79.0
78.4
78.2
80.6
74.4
77.2
77.3
77.9
80.1
79.1
76.4
78.7
78.1
77.8
75.8
71.2
76.6
76.5
74.5
73.5
73.3
73.5
73.7
73.8
74.4
74.1
73.7
75.3
78.2
76.8
75.4
77.8
77.5
79.0
78.9
78.9
77.9
77.0
77.2
76.2
76.4
79.8
78.3
76.7
75.1
75.0
75.3
75.6
75.7
75.6
75.0
75.1
75.1
75.4
74.9
75.1
74.8
74.4
74.3
74.5
74.4
74.3
74.1
74.0
74.0
73.7
74.0
72.9
73.5
73.4
73.4
73.0
73.2
72.7
73.1
72.3
72.4
72.9
72.3
73.2
73.2
72.7
72.6
72.4
72.2
72.6
72.0
71.9
71.5
71.2
71.4
70.9
71.4
71.4
71.1
71.4
71.4
70.7
70.9
70.9
71.7
71.2
71.0
70.8
71.0
70.6
71.7
71.4
70.8
70.8
70.6
72.1
84.4
86.9
83.7
81.5
81.8
81.4
81.6
81.3
81.1
80.9
81.6
80.9
80.3
80.7
80.2
80.3
80.1
81.0
80.4
80.1
80.4
80.6
80.2
81.1
80.7
80.7
80.1
80.0
80.0
79.9
80.4
79.9
80.0
79.4
78.9
80.3
80.0
80.0
79.2
79.0
79.3
79.9
85.2
84.9
83.0
82.6
82.0
81.7
80.9
82.4
83.3
82.9
83.1
83.1
82.7
84.3
85.4
83.7
85.4
84.9
83.7
90.5
92.7
89.1
86.8
87.9
87.8
86.6
86.6
87.1
86.9
87.0
88.3
87.8
87.9
89.3
89.0
89.0
88.2
88.2
88.0
88.6
87.8
89.8
90.8
91.0
91.8
92.0
90.0
86.1
92.3
91.7
92.1
89.8
87.1
88.5
82.7
85.3
82.7
82.8
83.5
83.3
85.3
86.3
85.6
84.2
82.7
80.8
79.7
81.4
83.9
79.5
81.3
81.8
80.7
80.7
79.3
79.7
79.3
78.6
78.9
79.4
79.5
80.4
82.3
80.0
78.5
77.1
77.7
77.8
77.0
76.9
77.7
77.1
75.9
76.3
76.6
77.9
81.1
79.5
80.7
79.2
77.8
77.6
77.6
77.5
76.6
75.8
75.2
75.3
75.3
75.4
76.0
76.0
75.1
75.2
74.9
75.0
75.6
74.5
74.9
74.6
74.1
74.5
74.1
74.3
74.2
74.1
74.1
74.2
73.7
75.3
74.4
74.0
74.7
74.6
73.7
73.5
74.0
73.5
72.9
72.0
73.6
73.1
73.8
74.3
74.5
74.4
74.6
74.5
74.0
74.6
75.0
74.8
74.7
74.9
74.3
74.6
74.0
74.3
74.8
74.8
75.1
74.9
75.4
75.1
75.0
75.0
75.2
75.4
75.2
74.9
74.8
74.5
74.2
74.0
74.3
73.9
73.9
73.6
74.1
74.5
74.1
74.3
74.1
74.5
74.4
74.7
74.3
74.7
74.2
73.6
73.5
74.2
73.6
73.5
74.6
74.7
74.3
74.4
74.8
74.6
75.1
74.2
74.6
73.8
73.8
74.3
73.7
73.5
73.4
73.2
73.7
73.4
73.2
73.6
73.8
73.5
73.4
74.3
73.5
73.1
73.0
73.2
72.6
73.0
73.5
73.0
72.5
72.8
72.9
73.7
73.3
73.9
73.9
73.8
73.5
73.9
74.0
73.5
73.4
74.0
73.8
74.0
73.6
73.7
74.1
73.9
73.8
73.8
73.7
74.2
73.7
73.8
73.6
73.4
73.3
74.0
73.7
73.9
74.1
73.8
74.1
73.9
74.0
73.4
73.7
73.5
73.7
74.1
73.9
74.2
73.7
73.3
73.7
73.6
74.6
73.8
73.6
73.4
73.0
70.0
74.3
76.0
75.8
75.4
75.0
74.9
75.2
75.3
74.9
75.0
75.3
75.0
75.3
74.1
74.8
75.3
75.6
75.0
75.1
75.8
75.2
76.0
75.9
81.1
90.0
90.4
90.0
90.0
90.0
90.0
90.0
90.0
90.0
90.0
90.0
90.0
90.0
90.0
90.0
90.0
90.0
90.0
90.0
90.0
86.0
84.8
83.7
92.1
92.0
92.0
92.0
92.0
92.0
92.0
90.9
91.8
91.6
92.0
92.0
92.0
92.0
92.0
92.0
92.0
92.0
92.0
92.0
92.0
92.0
92.0
92.0
92.0
92.0
92.0
92.0
92.0
92.0
92.0
92.0
92.0
92.0
92.0
92.0
92.0
92.0
92.1
92.0
92.0
92.0
92.0
92.0
92.0
92.0
92.0
92.0
92.0
92.0
92.0
92.0
92.0
92.0
92.0
92.0
92.0
92.3
92.0
92.0
92.0
92.0
92.0
92.0
92.0
92.0
92.0
92.0
92.0
92.0
92.0
92.0
92.0
92.0
92.0
92.0
92.0
92.0
92.0
92.0
92.0
92.0
92.0
92.0
92.0
92.0
92.0
92.0
92.0
92.0
92.0
90.0
86.7
92.0
92.0
92.0
92.0
92.0
92.1
89.5
91.4
92.0
92.0
92.0
92.0
92.0
92.0
92.0
92.0
92.0
92.0
92.0
92.0
92.0
92.0
92.0
92.0
92.0
92.0
92.0
92.0
92.0
92.0
92.0
92.0
92.1
92.0
92.0
92.0
92.0
92.0
92.0
92.0
92.0
92.0
92.0
92.0
92.0
92.0
92.0
92.0
92.0
92.0
92.0
92.0
92.0
92.0
92.0
92.0
92.0
92.0
92.0
92.0
92.0
92.0
92.0
92.0
92.0
92.0
92.0
92.0
92.0
92.0
92.0
92.0
90.6
89.0
92.0
92.0
92.0
92.0
92.0
92.0
92.0
92.0
92.0
92.0
92.0
92.0
92.0
92.0
92.0
92.0
92.0
92.0
92.0
92.0
92.0
92.0
92.0
92.0
92.0
92.0
92.0
92.0
92.0
92.0
92.0
92.0
92.0
92.0
92.0
92.0
92.0
92.0
92.0
92.0
92.0
92.0
92.0
92.0
92.0
92.0
92.0
92.0
92.0
92.0
92.0
90.8
90.5
91.6
92.0
92.0
92.0
92.0
92.0
92.0
92.0
89.2
92.0
92.0
91.5
92.0
92.0
92.0
92.0
92.0
92.0
92.0
92.0
92.0
92.0
92.0
92.0
92.0
92.0
92.0
92.0
92.0
92.0
92.0
92.0
92.0
92.0
91.1
92.0
92.0
92.0
92.0
92.0
92.0
92.0
92.0
92.0
92.0
92.0
92.0
92.0
92.0
92.0
92.0
92.0
92.0
92.0
92.0
92.0
92.0
92.0
92.0
92.0
92.0
92.0
92.0
92.0
92.0
92.0
92.0
92.0
92.0
92.0
92.0
92.0
92.0
92.0
92.0
92.0
92.0
92.0
92.0
92.0
92.0
92.0
92.0
92.0
92.0
92.0
92.0
92.0
92.0
92.0
92.0
92.0
92.0
92.0
92.0
92.0
92.0
92.0
92.0
92.0
92.0
92.0
92.0
92.0
92.0
92.0
92.0
92.0
92.0
92.0
92.0
92.0
92.0
92.0
92.0
92.0
92.0
92.0
92.0
92.0
92.0
92.0
92.0
92.0
92.0
92.0
92.0
92.0
92.0
92.0
92.0
92.0
92.0
92.0
92.0
92.0
92.0
92.0
92.0
92.0
92.0
92.0
92.0
92.0
92.0
92.0
92.0
92.0
92.0
92.0
92.0
92.0
92.0
92.0
92.0
92.0
92.0
92.0
92.0
92.0
92.0
92.0
92.0
92.0
92.0
92.0
92.0
92.0
92.0
92.0
92.0
92.0
92.0
92.0
92.0
92.0
92.0
92.0
92.0
92.0
92.0
92.0
92.0
92.0
92.0
92.0
92.0
92.0
92.0
92.0
92.0
92.0
92.0
92.0
92.0
92.0
92.0
92.0
92.0
92.0
92.0
92.0
92.0
92.0
92.0
92.0
92.0
92.0
92.0
92.0
92.0
92.0
92.0
92.0
92.0
92.0
92.0
92.0
92.0
92.0
92.0
92.0
92.0
92.0
92.0
92.0
92.0
92.0
92.0
92.0
92.0
92.0
92.0
92.0
92.0
92.0
92.0
92.0
92.0
91.6
92.0
92.0
92.0
92.0
92.0
92.0
92.0
92.0
90.8
92.0
92.0
92.0
92.0
92.0
92.0
92.0
92.0
92.0
92.0
92.0
92.0
92.0
92.0
92.0
92.0
92.0
92.0
92.0
92.0
92.0
92.0
92.0
92.0
92.0
92.0
92.0
92.0
92.0
92.0
92.0
92.0
92.0
92.0
92.0
92.0
92.0
92.0
92.0
92.0
92.0
92.0
92.0
92.1
92.0
92.0
92.0
92.0
92.0
92.0
92.0
92.0
92.0
92.0
92.0
92.0
92.0
92.0
92.0
92.0
92.0
92.0
92.0
92.0
92.2
92.0
92.0
92.0
92.0
92.0
92.0
92.0
92.0
92.0
92.0
92.0
92.0
92.0
92.0
92.0
92.0
92.0
92.0
92.0
92.0
92.0
92.0
92.0
92.0
92.0
92.0
92.0
92.0
92.0
92.0
92.0
92.1
92.0
92.0
92.0
92.0
92.0
92.0
92.0
92.0
92.0
92.0
92.3
91.4
92.0
92.0
92.0
92.0
92.0
92.0
92.0
92.0
92.0
92.0
92.0
92.0
92.0
92.2
92.0
92.0
92.0
92.0
92.0
92.0
92.0
92.0
92.0
92.0
92.0
92.0
92.0
92.0
92.0
92.0
92.0
92.0
92.0
92.0
92.0
92.0
92.0
92.0
92.0
92.0
92.0
92.0
92.0
92.0
92.0
92.0
92.0
92.0
92.0
92.0
92.0
92.0
92.0
92.0
92.0
92.0
92.0
92.0
92.0
92.0
92.0
92.0
92.0
92.0
92.0
92.0
92.0
92.0
92.0
92.0
92.0
92.0
92.0
92.0
92.0
92.0
92.0
92.0
92.0
92.0
92.0
92.0
92.0
92.0
92.0
92.0
92.0
92.0
92.0
92.0
92.0
92.0
92.0
92.0
92.0
92.0
92.0
92.0
92.0
92.0
92.0
92.0
92.0
92.0
92.0
92.0
92.0
92.0
92.0
92.0
92.0
92.0
92.0
92.0
92.0
92.0
92.0
92.0
92.0
92.0
92.0
92.0
92.0
92.0
92.0
92.0
92.0
92.0
92.0
92.0
92.0
92.0
92.0
92.0
92.0
92.0
92.0
92.0
92.0
92.0
92.0
92.0
92.0
92.0
92.0
92.0
92.3
92.0
92.0
92.0
76.9
77.9
87.2
85.8
92.0
92.0
92.0
92.0
92.0
92.0
92.0
92.0
92.0
92.0
92.0
92.0
92.0
92.0
92.0
92.5
92.0
92.0
92.0
92.0
92.0
92.0
92.0
92.0
92.0
92.0
92.0
92.0
92.0
92.0
92.0
92.0
88.8
82.7
82.6
90.0
90.0
90.0
90.0
90.0
90.0
90.0
90.0
90.0
90.0
90.0
90.0
90.0
90.0
90.0
90.0
90.0
90.0
90.0
90.0
90.0
90.0
90.0
90.0
90.0
90.0
90.0
90.0
90.1
90.0
90.0
90.0
90.0
90.0
90.0
90.0
90.0
90.0
90.0
90.0
90.0
90.0
90.0
90.0
90.0
90.0
90.0
90.0
90.0
90.0
90.0
90.0
90.0
90.0
90.0
90.0
90.0
90.0
90.0
90.0
90.0
90.0
90.1
90.0
90.0
90.0
90.0
90.0
90.0
90.0
90.0
90.0
90.0
89.8
86.9
90.0
90.0
90.0
90.0
90.0
90.0
90.0
90.0
90.0
90.0
90.0
90.0
90.0
90.0
90.0
90.0
90.0
90.0
90.0
90.0
90.0
77.9
84.3
90.0
95.7
92.6
90.0
90.0
90.0
90.0
90.0
90.0
90.0
90.0
90.0
90.0
90.0
90.0
90.0
90.0
90.0
90.0
90.0
90.0
90.0
90.0
90.0
90.0
90.0
90.0
90.0
90.0
90.0
90.0
90.0
90.0
90.0
90.0
90.0
90.0
90.0
90.0
90.0
90.3
90.0
90.0
90.0
90.0
90.0
90.0
90.0
90.0
90.0
90.0
90.0
90.0
90.0
90.0
90.0
90.0
90.0
90.0
90.0
90.0
90.0
90.1
90.0
90.0
90.0
90.0
90.0
90.0
90.0
90.0
90.0
90.0
90.0
90.0
90.0
90.0
90.0
90.0
90.0
90.0
90.0
90.0
90.0
90.0
90.0
90.0
90.0
90.0
90.0
90.0
90.0
90.0
90.0
90.0
90.0
90.0
90.0
90.0
90.0
90.0
90.0
90.0
90.0
90.0
90.0
90.0
90.0
90.0
90.0
90.0
90.0
90.0
90.0
90.0
90.0
90.0
90.0
90.0
90.0
90.0
90.0
90.0
90.0
90.0
90.0
90.0
90.0
90.0
90.0
90.0
90.0
90.0
90.0
90.0
90.0
90.0
90.0
90.0
90.0
90.0
90.0
90.0
90.0
90.0
90.0
90.0
90.0
90.0
90.0
90.0
90.0
90.0
90.0
90.0
90.0
90.0
90.0
90.0
90.0
90.0
90.0
90.0
90.0
90.0
90.0
90.0
90.0
90.0
89.6
90.3
90.0
90.0
90.0
90.0
90.0
90.0
89.9
90.0
90.0
90.0
90.0
90.0
90.0
90.0
90.0
90.0
90.0
90.0
90.0
90.0
90.0
90.0
90.0
90.0
90.0
90.0
90.0
90.0
90.0
90.0
90.0
90.0
90.0
90.0
90.0
90.0
90.0
90.0
90.0
90.0
90.0
90.0
90.0
90.0
90.0
90.0
90.0
90.0
90.0
90.0
90.0
87.4
84.1
90.0
90.0
90.0
90.0
89.9
89.2
90.0
90.0
90.0
90.0
90.0
90.0
90.0
90.0
90.0
90.1
90.0
90.0
90.0
90.0
90.0
90.0
90.0
90.0
90.0
90.0
90.0
90.0
90.0
90.3
90.1
90.0
90.0
90.0
90.0
90.0
90.0
90.0
90.0
90.0
90.0
90.0
90.0
90.0
90.0
90.1
90.0
90.0
90.0
90.0
90.0
90.0
90.0
90.0
90.0
90.0
90.0
90.0
90.0
90.0
90.0
89.3
81.1
87.5
90.0
90.0
90.0
90.0
89.5
89.3
90.0
90.0
90.0
90.0
90.0
90.9
91.8
91.6
91.1
92.2
92.5
92.2
93.5
93.4
93.8
93.3
92.3
91.2
92.5
92.2
92.5
92.4
92.4
92.8
92.8
93.7
93.8
94.2
94.1
94.5
94.9
94.8
93.0
93.6
94.1
93.2
92.5
92.3
93.1
92.2
91.8
91.6
92.7
91.4
92.6
93.9
94.5
94.3
94.3
94.5
95.0
95.1
94.4
94.7
95.4
94.3
95.3
95.6
94.6
93.2
90.3
90.0
90.0
90.0
90.0
90.0
90.2
90.3
90.0
90.0
90.0
90.0
90.0
90.0
90.0
88.4
89.6
89.0
91.9
91.2
92.1
92.1
90.9
91.1
91.6
92.3
90.1
90.0
90.0
90.0
90.0
90.0
90.0
90.0
90.0
90.0
90.0
89.7
90.3
89.4
90.0
88.9
91.6
91.4
91.1
90.2
90.0
90.0
90.0
90.0
89.8
90.0
90.0
90.0
90.0
90.0
90.0
90.0
90.0
90.0
90.0
90.0
88.7
89.4
90.0
90.0
90.0
90.0
90.0
90.0
90.0
90.0
90.0
90.0
90.0
90.0
90.0
90.0
90.0
90.0
90.0
90.0
90.0
90.0
90.0
90.0
90.0
90.0
90.0
90.0
90.0
90.0
90.0
90.0
90.0
90.0
90.0
90.0
90.0
90.0
90.0
90.0
90.0
90.0
90.0
90.0
90.0
90.0
90.0
90.0
90.0
90.0
90.0
90.0
90.0
90.0
90.0
90.0
90.0
90.0
90.0
90.0
90.0
90.0
90.0
90.0
90.0
90.0
90.0
90.0
90.0
90.0
90.0
90.0
90.0
90.0
90.0
90.0
90.0
90.0
90.0
90.0
90.0
90.0
90.0
90.0
90.0
90.0
90.0
90.0
90.0
90.0
90.0
90.0
90.0
90.0
90.0
90.0
90.0
90.0
90.0
90.0
90.0
90.0
90.0
90.0
90.0
90.0
90.0
90.0
90.0
90.0
90.0
90.0
81.0
89.8
90.0
90.0
90.0
90.0
90.0
90.0
90.0
90.0
90.0
90.0
90.0
90.0
90.0
90.0
90.0
90.0
90.0
90.0
90.0
88.4
96.8
105.0
83.6
80.8
79.8
79.6
79.3
79.2
79.8
79.2
80.9
78.8
80.7
80.3
79.7
81.9
83.0
82.9
80.8
82.2
80.5
81.5
81.9
80.7
80.0
79.6
80.3
80.7
80.3
79.8
80.9
82.6
82.9
82.4
83.1
82.1
81.8
82.3
82.0
81.9
82.8
82.4
80.7
80.0
78.5
78.6
78.6
77.7
77.5
77.7
78.4
77.8
78.6
81.1
79.9
82.2
82.5
84.9
85.9
87.1
84.9
84.4
87.9
85.1
85.4
84.6
84.5
83.8
81.0
80.1
78.8
78.3
77.7
77.4
77.3
77.3
77.3
77.2
78.5
78.1
79.7
80.7
80.9
82.9
82.9
86.3
88.7
89.3
85.9
81.9
80.4
79.3
78.4
77.6
77.5
77.7
78.1
78.4
78.2
78.9
78.9
78.5
79.0
79.2
78.5
79.0
78.8
78.4
78.6
78.3
78.0
77.4
77.7
77.3
77.5
77.4
77.1
76.4
78.2
77.7
78.5
78.2
79.0
79.0
78.8
78.6
78.1
77.3
78.0
78.2
78.0
77.6
78.4
79.6
79.3
79.4
79.2
79.2
79.2
79.5
81.1
81.6
81.8
81.8
81.7
83.3
83.1
83.8
83.2
83.5
82.6
80.9
78.6
78.1
77.5
76.6
76.1
76.2
75.6
75.4
76.1
76.5
76.6
76.4
76.7
75.4
75.6
76.5
76.8
76.2
76.6
77.0
76.7
77.2
76.5
76.9
77.0
77.8
77.3
74.8
71.8
78.2
81.0
79.8
79.4
79.0
79.9
79.8
79.2
78.8
78.6
78.7
78.2
78.2
79.3
79.0
79.2
79.1
79.7
79.4
79.1
79.0
79.5
79.1
79.0
76.4
79.7
85.3
84.2
82.5
81.8
81.7
81.3
80.9
81.0
81.0
80.7
81.2
80.7
80.6
81.4
81.5
82.7
81.7
80.5
79.9
79.7
79.0
78.8
78.4
78.2
77.8
77.3
78.0
77.3
78.8
79.4
79.3
80.6
81.7
81.8
83.4
81.9
80.2
79.6
79.1
78.9
78.5
78.3
78.4
78.8
79.6
80.3
80.2
81.1
81.6
81.9
81.5
81.2
79.2
79.1
79.0
78.1
79.0
79.0
78.9
79.1
79.2
76.8
80.6
79.2
77.9
78.2
77.9
77.5
77.5
77.9
77.6
79.5
80.0
81.1
81.8
81.6
83.6
81.8
79.9
79.1
78.5
78.0
77.3
78.1
77.4
77.1
77.0
78.3
77.8
77.9
78.4
77.1
78.2
78.0
77.9
77.8
77.0
77.8
78.6
78.1
77.9
78.4
77.7
79.2
77.9
78.7
78.4
79.1
80.3
81.2
78.8
81.0
81.1
80.4
80.5
78.9
79.2
79.0
77.4
77.6
76.2
76.1
75.8
75.3
75.7
75.7
75.4
75.6
75.0
75.7
76.2
77.5
76.2
76.9
77.3
77.0
76.4
76.7
76.5
76.6
76.4
75.7
75.3
74.3
76.0
74.4
75.3
75.6
77.0
79.9
80.7
80.6
79.7
79.4
79.1
81.2
78.9
71.3
70.0
70.0
77.9
82.2
82.0
79.6
78.0
77.2
77.0
76.7
76.6
76.7
76.0
76.7
77.3
77.8
77.9
78.0
78.0
78.2
77.8
77.4
78.0
78.0
78.1
77.6
77.3
77.0
76.9
76.6
76.4
76.5
76.1
76.1
76.0
75.9
75.6
75.7
75.8
75.9
77.0
77.6
77.4
77.9
77.8
77.0
76.1
76.4
76.7
76.7
76.8
77.7
78.1
78.2
78.7
80.3
75.5
81.2
83.3
83.7
84.9
86.5
87.8
88.8
88.7
89.3
91.7
92.2
93.3
93.7
93.4
91.3
88.4
86.6
84.8
83.4
82.0
80.6
80.7
80.7
80.2
79.8
80.0
80.4
80.0
79.5
79.7
79.8
80.0
79.8
79.8
79.3
79.3
79.9
80.0
79.1
80.2
79.6
79.9
79.4
80.0
79.7
79.6
79.5
78.9
79.2
78.9
78.4
78.2
79.1
79.1
79.2
78.5
79.1
78.9
77.9
77.7
77.2
77.3
77.0
76.5
77.0
77.1
76.7
77.3
77.4
77.6
77.2
76.6
77.0
76.5
76.8
76.2
76.2
75.9
76.0
75.7
75.7
76.9
77.4
76.6
76.3
79.4
80.7
80.7
80.6
81.0
80.7
80.1
80.5
80.0
80.2
81.5
78.6
76.9
76.5
76.0
75.7
75.1
75.1
75.9
76.2
76.8
76.3
77.1
77.0
76.9
76.6
77.3
77.8
77.7
77.1
76.7
77.1
77.6
77.8
78.9
79.6
79.1
80.3
81.1
82.3
82.0
82.4
83.8
84.8
84.7
83.8
85.8
85.5
84.3
84.0
84.3
84.3
85.0
85.1
84.3
83.7
83.2
83.9
83.8
82.5
81.7
81.1
80.4
80.3
80.1
79.6
78.7
78.1
78.2
75.1
88.0
86.7
84.3
82.8
82.2
80.7
80.6
80.5
81.1
81.6
80.5
80.2
80.3
80.1
80.7
80.6
80.0
80.3
80.2
80.7
80.6
81.3
81.0
80.5
80.1
79.8
79.7
79.5
79.2
78.7
79.5
80.8
81.5
80.9
79.9
79.5
79.7
79.9
79.9
88.2
86.3
84.6
82.6
81.8
81.2
81.0
80.5
80.0
79.9
79.8
80.2
79.9
80.8
80.8
80.1
79.5
79.5
79.7
79.2
79.8
79.3
81.2
83.9
85.0
85.8
85.0
83.4
81.7
82.5
82.5
82.9
82.3
83.2
80.8
79.6
79.1
78.4
78.1
78.7
78.5
78.1
79.3
79.5
79.8
81.2
81.7
81.8
82.3
84.1
83.3
85.4
84.7
84.8
85.4
83.9
82.1
81.1
80.7
81.4
80.8
80.5
82.7
83.4
82.8
78.1
80.8
79.8
75.5
77.8
80.3
79.9
79.2
79.0
78.9
78.4
77.3
77.5
78.0
78.3
78.7
78.7
79.7
79.1
78.8
78.1
77.9
77.7
77.2
76.9
76.9
77.0
77.5
77.9
76.6
77.1
76.8
77.0
77.1
76.9
77.4
77.1
76.9
76.7
76.4
77.0
77.1
77.3
78.0
78.8
77.6
76.6
76.3
76.1
75.9
75.6
75.5
75.4
75.1
74.8
74.9
75.1
75.6
75.1
75.7
76.0
76.1
76.3
74.9
74.3
74.7
74.1
73.7
73.2
73.7
72.8
72.8
72.3
72.3
73.0
72.4
72.8
72.9
73.3
73.5
73.9
73.2
73.1
73.3
73.5
73.4
73.7
73.0
72.9
73.0
73.1
72.8
72.9
72.7
73.0
72.3
72.7
72.6
72.7
73.0
72.7
72.5
71.8
72.9
73.4
73.2
73.3
73.8
72.4
71.9
72.0
71.6
72.0
71.8
71.4
71.2
71.1
71.4
71.1
71.4
72.1
72.3
72.0
71.3
71.0
71.6
71.9
71.3
71.2
71.0
71.1
71.0
70.8
71.1
71.0
71.3
73.1
73.2
72.1
71.8
72.3
72.2
71.9
72.0
72.6
72.5
72.8
72.6
72.6
73.0
72.7
73.6
74.3
74.4
73.9
73.9
73.2
72.7
72.5
71.8
71.2
72.0
72.3
72.5
73.8
70.5
77.5
81.5
84.0
81.7
79.8
78.1
76.9
78.3
81.2
81.5
81.6
84.3
84.2
82.2
82.4
82.3
78.9
77.3
76.3
75.9
74.9
74.6
74.2
74.3
74.5
74.6
74.1
74.1
74.1
74.0
73.9
74.1
73.8
73.6
73.3
73.0
73.2
73.3
72.7
72.1
72.1
72.2
72.9
72.8
72.9
72.1
72.1
72.9
73.6
74.0
74.1
74.1
73.6
72.8
72.8
72.5
72.8
72.0
72.5
72.6
72.6
71.6
71.3
71.5
71.7
71.9
71.4
72.5
72.5
72.7
71.6
71.5
71.3
71.3
71.6
72.3
72.4
72.8
73.2
73.3
73.5
73.6
74.0
73.7
74.0
73.5
73.8
73.2
73.4
72.5
72.8
77.9
80.2
78.8
79.6
78.2
77.3
75.9
74.7
73.3
72.5
71.6
71.3
72.1
71.6
71.7
72.1
72.5
72.9
72.4
72.7
72.7
71.8
71.8
72.7
72.4
72.7
72.8
72.2
72.9
72.9
73.9
73.2
72.3
72.9
73.7
72.9
73.3
72.4
72.0
72.3
72.6
72.9
72.7
77.8
80.6
77.2
76.7
75.4
74.0
73.1
73.1
72.8
72.5
72.8
72.4
72.5
72.4
72.0
72.2
72.3
72.2
72.5
72.1
72.4
72.9
72.1
72.4
73.1
73.4
73.6
73.3
73.6
73.6
73.2
72.9
72.7
75.9
73.3
74.9
74.1
72.8
71.9
71.8
71.7
72.0
71.3
70.8
71.0
70.7
70.3
70.6
70.8
70.7
70.8
70.2
70.0
70.0
70.0
70.0
70.0
70.0
70.0
70.0
70.0
70.0
70.0
70.0
70.0
70.0
70.0
70.0
70.0
70.0
70.0
70.0
70.0
70.0
70.0
70.0
70.0
70.0
70.0
70.0
70.0
70.0
70.0
70.0
70.0
70.0
70.6
70.0
70.0
70.0
70.0
70.0
70.0
70.0
70.0
70.0
70.0
71.7
78.6
78.8
76.8
74.7
72.9
71.5
71.7
72.0
71.1
70.5
70.1
70.0
70.0
70.8
70.7
70.7
70.7
70.0
70.0
70.0
70.0
70.0
70.0
70.0
70.0
70.0
70.0
70.0
70.0
70.0
70.0
70.0
70.0
70.0
70.8
72.0
72.7
71.3
73.8
81.1
82.3
80.3
78.0
75.6
73.4
72.9
72.2
71.6
70.4
71.0
70.8
70.6
72.1
77.0
77.0
71.2
70.4
71.8
73.0
72.5
72.9
71.9
71.4
71.8
71.4
71.3
70.9
70.6
70.1
70.0
70.0
70.0
70.1
70.7
71.3
70.9
71.4
71.1
71.6
70.6
70.0
70.0
70.3
70.0
70.0
70.0
70.0
70.0
70.0
70.0
70.0
70.0
70.0
70.0
70.0
70.0
70.0
70.0
70.8
72.2
72.2
73.0
72.7
73.6
72.5
74.7
75.2
74.3
75.7
74.3
72.5
72.6
73.3
73.4
72.9
72.4
74.2
74.8
74.9
73.6
72.1
72.2
72.5
71.3
71.5
71.3
71.2
70.9
70.6
71.0
70.3
70.1
70.0
70.1
70.0
70.0
70.1
70.0
70.0
70.0
70.1
70.0
70.0
70.1
70.0
70.0
70.0
70.0
70.0
70.0
70.0
71.1
71.5
72.0
70.7
70.2
70.3
70.0
70.0
70.0
70.0
70.0
70.1
70.0
70.0
70.0
70.0
70.0
70.1
70.1
71.4
72.1
73.0
74.4
70.4
79.7
79.7
78.2
76.6
75.5
74.3
73.4
73.5
73.2
72.8
73.2
73.2
74.7
75.4
75.2
74.9
74.6
74.6
74.6
74.8
74.9
74.6
74.3
74.3
74.5
74.2
74.2
73.2
72.6
74.1
73.5
74.2
76.5
74.5
75.0
74.2
75.7
73.6
73.3
74.2
74.6
74.4
74.7
73.8
75.6
74.7
73.1
74.5
73.9
74.1
74.3
74.7
74.6
74.1
73.6
73.8
73.6
73.0
73.4
72.8
72.8
73.1
72.9
73.2
73.1
72.7
72.3
72.3
72.5
72.6
72.2
72.3
72.4
72.1
72.4
72.5
72.5
72.6
72.6
72.8
71.7
72.5
72.3
72.4
72.1
73.1
72.8
72.4
72.7
74.8
75.0
72.9
72.6
73.2
73.9
73.8
75.1
73.2
72.7
72.9
73.6
73.3
74.2
75.5
79.8
82.9
81.8
80.1
80.9
84.9
82.1
79.4
76.4
76.7
76.2
75.3
74.9
75.0
74.5
74.6
75.0
74.4
74.7
74.8
75.5
75.3
75.6
75.6
75.2
74.7
75.0
74.6
75.0
75.0
74.9
74.3
74.6
74.6
74.6
72.0
79.7
81.5
78.8
78.4
77.5
76.3
75.0
75.0
77.6
78.4
76.1
75.8
76.4
76.3
75.6
76.3
77.3
76.2
74.7
70.0
70.0
71.0
72.7
74.1
75.2
75.8
76.3
76.8
81.3
78.9
76.6
75.1
74.8
74.3
73.7
73.6
75.3
75.7
75.5
74.9
74.9
74.3
74.5
74.2
73.8
73.9
73.5
73.4
73.6
73.3
73.5
74.0
72.8
72.4
73.9
73.3
73.3
73.1
73.0
73.3
70.0
70.0
71.4
73.3
74.1
73.3
72.1
70.7
70.0
70.0
69.9
70.1
70.9
71.5
72.4
72.3
72.2
71.6
71.7
72.0
71.4
71.7
71.9
72.3
73.0
72.2
72.1
72.0
71.3
70.0
70.0
70.0
70.1
70.0
70.0
70.1
70.7
71.7
70.8
71.3
70.2
70.0
70.0
70.0
70.0
72.1
72.4
70.5
70.0
70.0
70.0
70.7
70.0
71.5
70.4
71.4
71.2
74.0
73.4
73.2
73.0
73.7
73.1
73.3
72.4
72.5
72.6
72.7
73.1
73.2
72.1
71.1
74.8
75.5
75.6
75.2
74.5
73.1
74.0
73.2
73.4
72.7
72.9
72.5
72.7
73.0
71.8
72.3
72.0
71.7
72.6
72.0
71.5
71.6
72.9
72.4
73.4
72.7
73.3
72.8
72.7
72.8
73.3
71.9
72.8
73.3
73.1
73.2
73.5
72.7
72.6
73.0
73.4
73.2
73.0
72.4
73.2
73.1
73.1
72.3
71.9
72.3
70.0
70.0
72.8
72.5
74.6
74.2
72.7
73.2
72.2
72.7
72.7
72.9
71.3
72.0
73.3
72.6
72.2
71.4
71.7
71.4
71.5
71.7
71.0
70.2
70.7
70.1
70.1
69.9
70.0
70.1
70.3
72.4
72.1
72.7
73.7
75.2
75.2
74.7
75.5
75.4
74.5
73.0
71.4
70.9
69.4
68.6
70.1
73.6
73.9
71.6
70.4
69.0
68.3
67.5
66.8
66.8
69.8
74.0
74.5
71.8
70.0
69.4
69.2
68.4
67.5
66.6
66.7
66.2
66.1
67.2
66.9
66.9
67.1
66.8
67.3
66.3
66.1
65.9
66.3
65.8
66.4
66.9
67.0
67.3
67.1
68.1
67.9
68.4
68.3
70.1
69.9
69.6
66.7
70.4
72.1
72.2
71.8
71.1
71.7
75.1
80.3
81.7
79.7
79.5
77.9
75.1
73.0
71.4
71.0
70.7
70.3
71.4
71.6
72.5
72.0
71.1
71.0
70.8
71.9
75.1
74.3
73.1
76.4
76.0
74.3
74.7
74.3
75.3
75.0
73.5
74.9
74.3
73.6
74.0
73.3
71.9
71.8
72.2
71.6
71.3
72.0
71.9
72.2
72.0
73.8
73.3
74.3
73.7
72.7
72.3
72.1
71.9
72.1
71.7
71.5
73.9
75.3
79.5
79.6
83.5
78.0
77.2
79.0
77.6
75.1
73.6
72.0
71.1
70.1
70.4
70.0
70.1
70.8
69.6
70.0
69.3
69.6
69.7
70.0
72.0
72.1
72.5
71.5
71.3
71.0
71.1
72.1
71.2
70.7
70.8
70.5
70.9
71.7
71.4
71.3
71.8
70.4
72.0
77.0
75.6
74.2
73.5
73.3
73.1
72.6
71.9
72.3
72.0
71.6
70.9
71.9
71.9
72.6
72.8
77.5
77.0
74.6
73.6
72.7
72.4
72.1
71.8
71.2
70.7
71.2
70.9
72.1
71.9
71.6
72.0
71.1
70.5
72.1
71.9
72.4
72.3
71.7
71.8
71.7
73.1
77.4
77.1
74.4
73.1
72.5
71.5
71.5
71.0
71.6
72.1
72.4
72.5
73.6
73.4
73.3
73.2
72.3
72.1
71.7
72.3
71.3
72.1
70.5
69.7
70.5
69.9
70.6
74.0
69.7
72.9
72.3
71.9
71.1
71.0
71.2
71.0
70.5
70.8
70.2
70.2
70.6
70.7
70.6
70.1
75.8
90.1
90.0
90.0
90.0
90.0
90.0
90.0
90.0
90.0
90.1
90.19999999999999
90.0
90.0
90.0
90.0
90.0
90.0
90.0
90.0
90.0
90.0
90.1
90.0
90.0
90.0
90.0
90.0
90.0
90.0
90.0
90.0
90.0
90.0
90.0
90.1
90.0
90.0
90.0
90.1
90.0
90.0
90.0
93.7
91.0
90.0
90.0
90.1
90.0
90.0
90.0
90.0
90.1
90.0
90.0
90.0
90.0
90.0
89.8
89.9
90.0
90.0
90.0
90.0
90.0
90.0
90.0
90.0
90.0
90.0
90.0
90.0
90.0
90.0
90.0
90.0
90.0
90.0
90.0
90.0
90.0
90.0
90.0
90.0
90.0
90.0
90.0
90.0
90.0
90.0
90.0
90.0
90.0
90.0
90.0
90.0
90.0
90.0
90.0
90.0
90.0
90.0
91.5
90.5
90.7
90.0
90.0
90.0
90.0
90.0
90.0
91.9
90.0
90.0
90.0
90.0
90.0
90.0
90.0
90.0
90.0
90.0
90.0
90.0
90.0
90.0
90.0
90.0
90.0
90.0
90.0
90.0
90.0
90.0
90.0
90.0
90.0
90.0
90.0
90.0
90.0
90.0
90.0
90.0
90.0
90.0
90.0
90.0
90.0
90.0
90.0
90.0
90.0
90.0
90.0
90.0
90.0
90.0
90.0
90.0
90.0
90.0
90.0
90.0
90.0
90.0
90.0
90.0
90.0
90.0
90.0
90.0
90.0
90.0
90.0
90.0
90.0
90.0
90.0
90.0
90.0
90.0
90.0
90.0
90.0
90.0
90.0
90.0
90.0
90.0
90.0
90.0
90.0
90.0
90.0
90.0
90.0
90.0
90.0
90.0
90.0
90.0
90.0
90.0
90.0
90.0
90.0
90.0
90.0
90.0
90.0
90.0
90.0
90.0
90.0
90.0
90.0
90.0
90.0
90.0
90.0
90.0
90.0
90.0
90.0
90.0
90.0
90.0
90.0
90.0
90.0
90.0
90.0
90.0
90.0
90.0
90.0
90.0
90.0
90.0
90.0
90.0
90.0
90.0
90.0
90.0
90.0
90.0
90.0
90.0
90.0
90.0
90.0
90.0
90.0
90.0
90.0
90.0
90.0
90.0
90.0
90.0
90.0
90.0
90.0
90.0
90.0
90.0
90.0
90.0
90.0
90.0
90.0
90.0
90.0
90.0
90.0
90.0
90.0
90.0
90.0
90.0
90.0
90.0
90.0
90.0
90.0
90.0
90.0
90.0
90.0
90.0
90.0
90.0
90.0
90.0
90.0
90.0
90.0
90.0
90.0
90.0
90.0
90.0
90.0
90.0
90.0
90.0
90.0
90.0
90.0
90.0
90.0
90.1
90.1
90.0
90.0
90.0
90.0
90.0
90.0
90.1
90.0
90.1
90.0
90.0
90.0
90.0
90.0
90.1
90.0
90.0
90.0
90.0
90.1
90.1
90.0
90.0
90.1
90.0
90.1
90.0
90.1
90.0
90.0
90.0
90.0
90.0
90.0
90.0
90.0
90.0
90.0
90.0
90.0
90.0
90.1
90.0
90.1
90.1
90.1
90.1
90.1
90.1
90.1
90.1
90.2
90.0
90.0
90.0
90.1
90.1
90.0
90.1
90.0
90.1
89.7
90.1
90.0
90.0
90.1
90.0
90.0
90.1
90.1
90.0
90.1
90.0
90.0
90.1
90.1
90.0
90.0
90.0
89.9
90.1
90.1
90.1
90.2
90.0
90.0
90.1
90.1
90.0
90.0
90.0
90.0
90.0
90.0
90.0
90.0
90.0
90.0
90.0
90.0
90.0
90.0
90.0
90.0
90.0
90.1
90.0
90.0
90.0
90.0
90.0
90.0
90.0
90.0
90.0
90.0
90.0
90.0
90.0
90.0
90.0
90.0
90.0
90.0
90.0
90.0
90.0
90.0
90.0
90.0
90.0
90.0
90.0
90.0
90.0
90.0
90.0
90.0
90.0
90.0
90.0
90.0
90.0
90.0
90.0
90.0
90.0
90.0
90.0
90.0
90.0
90.0
90.0
90.0
90.0
90.0
90.0
90.0
90.0
90.0
90.0
90.0
90.0
90.0
90.0
90.0
90.0
90.0
90.0
90.0
90.0
90.0
89.1
90.0
90.0
90.0
90.0
90.0
90.0
90.0
90.0
90.0
90.0
88.3
90.0
90.0
90.0
90.0
90.0
90.0
90.0
90.0
90.0
90.0
90.0
90.0
90.0
90.0
90.0
90.0
90.0
90.0
90.0
90.0
90.0
90.0
90.0
90.0
90.0
90.0
90.0
90.0
90.0
90.0
89.5
90.0
90.1
90.0
90.0
90.0
90.0
90.0
90.0
90.0
90.0
90.0
90.0
90.0
90.0
90.0
90.0
90.0
90.0
90.0
90.0
90.0
90.0
90.0
90.0
90.0
90.0
90.0
90.3
90.1
90.0
90.0
90.0
90.0
90.1
90.0
90.0
90.1
90.0
90.0
90.0
90.0
90.0
90.0
90.0
90.0
90.0
90.0
90.0
90.0
90.0
90.0
90.0
90.0
90.0
90.0
90.2
90.0
90.0
90.0
90.0
90.0
90.0
90.0
90.0
90.0
90.0
90.0
90.0
90.0
90.0
90.0
90.0
90.0
90.0
90.0
88.3
90.0
90.0
90.0
90.0
89.3
90.0
90.0
90.1
89.9
90.1
90.4
90.1
90.0
90.1
90.1
90.0
90.0
90.0
90.5
90.1
90.1
90.1
90.0
90.0
90.0
90.0
90.0
90.0
90.1
90.0
90.1
90.0
90.0
90.0
90.0
90.0
90.1
90.0
90.0
90.0
90.0
90.0
90.1
90.0
90.0
90.0
90.0
90.0
90.4
90.0
90.0
90.0
90.0
90.0
90.0
90.0
90.0
90.0
90.0
90.0
90.0
90.0
90.0
90.0
90.0
90.0
90.0
90.0
90.0
90.0
90.0
90.0
90.0
90.0
90.0
90.0
90.0
90.0
90.0
90.0
90.0
90.0
90.0
90.0
90.0
90.0
90.0
90.0
90.0
90.0
90.0
90.0
90.0
90.0
90.0
90.4
90.0
89.4
90.0
90.0
90.0
90.0
90.0
90.0
90.0
90.0
90.0
90.0
90.0
90.0
90.0
90.0
90.0
90.0
90.0
90.0
90.0
90.0
90.0
90.0
90.0
90.0
90.0
90.0
90.0
90.0
90.0
90.0
90.0
90.0
90.0
90.0
90.0
90.0
90.0
90.0
90.0
90.0
90.0
90.0
90.0
90.1
90.0
88.2
90.0
90.0
90.0
90.0
90.0
90.0
90.0
90.0
90.0
90.0
90.0
90.0
90.0
90.0
90.0
90.0
90.0
90.0
90.0
90.0
90.0
90.0
90.0
90.4
90.0
90.0
90.0
90.0
84.9
90.1
90.1
90.0
90.0
90.0
90.0
90.0
90.4
90.0
90.0
90.0
90.0
90.0
90.0
90.0
90.0
90.0
90.0
90.0
90.0
90.0
90.0
90.0
90.0
90.0
90.2
90.0
90.0
90.0
90.0
90.0
90.0
90.0
90.0
90.0
90.0
91.2
90.0
90.0
90.0
90.3
90.3
91.2
94.0
92.7
91.1
90.0
90.0
90.0
90.0
90.0
90.0
90.0
90.0
90.0
90.0
90.0
90.0
90.2
85.2
90.0
90.0
90.0
90.0
90.0
90.0
90.0
90.0
90.0
90.0
90.0
90.0
90.0
90.1
89.3
90.1
90.1
90.0
90.0
90.0
90.0
90.0
90.0
90.0
90.0
90.0
90.4
90.0
90.0
90.0
90.0
90.0
90.0
90.0
90.0
90.0
90.0
90.0
90.0
90.0
90.0
90.0
90.0
90.0
90.0
90.0
90.0
90.0
90.0
90.0
90.0
90.0
89.1
87.6
90.0
90.0
90.0
90.0
90.0
90.0
90.0
90.0
90.0
90.0
90.0
90.0
90.0
90.0
90.0
90.0
90.0
90.0
90.0
90.0
90.0
90.0
90.0
90.0
90.0
90.0
90.0
90.0
90.0
90.0
90.0
90.0
90.0
90.0
90.0
90.0
90.0
90.0
90.0
90.0
90.0
90.0
90.0
90.0
90.0
90.0
90.0
90.0
90.0
90.0
90.0
90.0
90.0
90.0
90.0
90.0
90.0
90.0
90.0
90.0
90.0
90.0
90.0
90.0
90.0
90.0
90.0
90.0
90.4
90.0
90.0
90.0
90.0
90.0
90.0
90.0
90.0
90.0
90.0
90.0
90.0
90.0
90.0
90.0
90.0
90.5
90.0
90.0
90.0
90.0
90.0
90.0
90.0
90.0
90.0
90.0
90.0
90.0
90.0
90.0
90.0
79.8
78.0
79.4
79.7
78.6
77.0
77.5
76.7
76.2
76.6
77.2
76.9
78.2
81.9
84.7
85.5
81.6
81.1
80.0
77.8
76.4
76.2
77.0
77.1
76.0
77.1
76.8
76.3
77.3
78.4
78.3
78.1
76.9
76.5
76.0
77.4
75.8
77.5
75.9
77.0
78.7
76.9
76.9
76.2
76.0
77.2
76.8
75.6
74.8
74.9
75.2
75.6
75.7
75.4
75.8
75.8
76.1
75.9
73.9
75.8
75.5
74.9
75.5
75.5
75.5
74.9
75.6
75.1
75.0
78.2
82.5
81.6
81.2
83.1
82.9
82.0
80.1
78.4
77.2
76.1
73.8
72.0
73.2
73.7
73.9
73.1
73.3
73.3
73.0
72.1
71.8
72.4
73.5
72.6
72.2
71.7
70.8
72.0
71.6
72.4
70.9
71.5
71.6
71.9
71.7
71.9
71.6
71.1
71.4
71.2
72.0
70.5
70.0
70.1
70.0
70.0
71.1
71.7
73.0
74.6
83.7
83.8
81.3
79.3
78.5
76.8
75.2
75.1
74.6
74.2
78.2
76.2
75.9
75.8
75.6
78.1
78.5
78.6
76.6
76.9
77.3
75.2
74.5
75.3
75.5
76.1
76.2
77.7
79.1
79.0
76.6
78.4
78.3
77.7
77.7
77.7
77.1
78.1
77.8
78.4
77.2
78.8
79.3
80.6
82.7
85.3
81.4
80.5
77.7
77.3
77.0
77.4
77.5
77.6
77.2
78.8
78.2
76.6
76.5
76.4
76.6
77.1
75.7
76.3
76.1
76.6
76.9
77.1
78.0
76.7
76.6
79.0
78.4
77.1
76.2
75.9
76.5
76.3
75.6
76.8
79.1
77.5
76.7
76.2
77.1
74.6
76.7
77.2
76.1
76.2
76.3
76.0
77.3
76.4
77.3
75.4
75.9
76.3
77.0
76.2
76.4
76.0
76.2
77.0
76.5
76.8
76.2
77.5
76.6
76.5
77.0
77.6
78.5
78.3
78.2
77.7
78.2
78.0
78.7
78.6
79.2
77.9
79.2
77.9
79.0
79.4
78.3
78.8
78.1
78.7
79.3
79.8
79.7
79.4
80.6
79.6
79.3
79.9
79.4
79.9
83.8
84.3
84.8
83.9
82.6
81.0
80.4
80.7
79.6
79.4
79.5
80.7
79.7
80.8
78.8
79.5
79.5
80.3
79.6
79.8
80.3
79.9
81.0
78.6
80.5
79.6
79.8
80.3
79.7
80.7
79.7
79.5
81.1
79.4
79.8
80.2
81.0
80.6
82.4
80.7
81.3
84.1
83.2
83.7
85.6
89.3
87.8
87.6
84.7
81.1
80.8
81.1
84.1
80.1
79.7
79.7
79.3
78.5
78.1
77.6
77.6
76.1
76.2
77.1
77.2
81.9
82.9
84.4
84.3
83.3
81.5
81.2
81.1
79.6
79.0
79.4
80.1
79.6
78.9
78.8
78.8
78.1
77.7
78.0
77.9
77.6
78.7
77.2
76.1
77.7
77.6
75.2
75.8
75.8
76.5
77.3
77.8
76.6
74.6
76.8
76.9
78.2
77.4
76.6
78.5
77.0
76.6
76.3
77.0
78.5
78.4
78.8
79.2
78.9
78.5
80.0
81.7
82.1
83.0
83.4
83.6
82.6
83.3
82.6
81.7
81.8
83.4
89.8
95.8
101.8
87.7
86.6
88.1
86.6
84.1
79.9
80.7
79.0
78.5
78.9
77.7
78.2
77.6
78.1
78.6
76.6
78.0
77.8
77.5
77.1
78.6
77.3
78.0
78.7
78.3
78.1
77.7
79.5
78.9
77.6
81.3
82.3
81.8
82.6
81.0
83.0
82.4
81.0
81.8
80.4
82.6
81.5
78.3
77.5
78.1
78.3
77.9
79.2
78.5
78.9
79.5
80.9
82.9
80.5
79.6
79.1
81.3
80.6
80.5
79.8
81.9
79.7
79.9
79.3
76.9
78.3
79.2
76.5
78.6
79.3
81.9
78.3
77.0
78.2
77.4
78.0
78.2
77.7
77.7
79.2
76.0
77.1
76.9
78.9
77.5
78.5
78.3
78.2
78.7
79.1
78.8
79.9
78.6
78.3
79.0
79.5
79.2
79.2
78.7
80.5
79.6
79.1
78.9
79.7
78.3
79.9
78.3
78.4
79.0
76.9
79.3
78.0
78.1
78.7
79.4
79.4
79.0
79.0
78.7
77.7
79.5
78.7
79.5
78.5
78.8
78.9
79.9
78.9
77.8
79.5
79.3
79.9
80.0
80.2
79.7
80.3
79.4
79.5
79.8
80.8
79.0
79.3
80.4
81.0
80.5
80.8
81.2
81.2
90.3
79.7
81.0
82.6
87.4
88.0
90.5
91.3
90.3
88.7
89.6
89.4
89.6
89.3
88.8
88.9
89.9
89.7
89.5
88.9
89.0
89.4
89.8
89.7
89.4
89.6
90.1
90.3
89.7
90.7
89.5
89.8
89.2
89.6
89.9
89.3
88.9
90.2
89.4
89.8
89.2
88.5
89.1
90.1
90.0
89.6
88.1
90.3
90.2
91.6
90.0
89.8
89.8
89.5
89.1
89.9
88.6
89.4
90.9
90.0
89.6
88.4
88.3
89.4
88.1
88.8
88.2
90.3
89.6
89.6
89.1
88.5
85.4
85.2
87.3
84.0
87.7
85.4
85.0
84.5
84.8
81.5
80.4
79.9
81.6
83.0
81.1
80.7
80.0
79.5
79.5
79.5
78.4
79.2
79.6
79.4
79.4
79.2
80.0
78.9
79.5
79.6
78.7
79.7
81.9
80.8
79.5
79.5
79.7
90.1
90.1
90.0
90.0
90.0
88.5
77.9
81.6
79.3
80.9
90.0
90.0
90.2
90.1
90.0
90.2
94.9
95.0
95.0
95.0
94.9
95.0
95.0
95.0
95.0
95.0
95.0
95.0
95.0
95.0
95.0
95.0
95.0
95.0
95.0
95.0
95.0
95.0
95.0
95.0
94.9
95.0
95.0
95.0
94.2
95.0
95.0
95.0
95.0
95.0
94.9
94.9
94.9
95.1
95.0
95.0
95.0
95.0
95.1
95.0
95.0
94.4
95.0
94.6
95.1
95.0
94.9
95.0
94.9
95.0
94.2
95.0
95.0
95.0
95.0
95.0
94.2
95.0
95.1
95.0
94.5
94.9
94.9
94.9
94.9
94.9
95.0
95.0
94.9
95.0
95.0
94.9
95.0
95.0
95.0
94.9
94.9
93.8
94.9
92.7
95.0
94.4
94.7
95.0
95.0
94.9
95.1
94.9
95.0
95.1
94.5
95.0
95.1
94.9
95.0
95.0
95.0
95.0
95.0
95.0
95.0
95.0
94.9
95.1
94.9
95.1
94.9
95.0
95.1
95.0
94.9
95.0
94.9
95.0
95.0
95.0
95.0
95.0
95.0
95.0
95.0
94.9
94.9
94.9
94.8
95.0
95.0
95.0
95.0
95.0
95.0
95.0
95.0
95.0
95.0
95.0
95.0
94.9
94.9
95.0
95.1
95.0
94.9
95.1
95.0
94.9
95.1
94.9
95.0
95.0
94.9
95.1
94.9
94.9
95.2
94.9
94.9
94.8
94.9
95.0
95.0
95.0
95.0
95.0
95.1
95.1
95.0
95.0
95.0
94.9
94.9
95.0
95.0
95.0
95.0
94.3
94.1
94.9
95.1
95.1
95.0
95.0
95.0
94.9
95.0
95.0
95.0
95.0
94.8
95.0
95.0
95.0
95.0
95.0
95.0
95.0
95.0
95.0
95.0
95.0
95.0
95.0
95.0
95.0
95.0
95.0
95.0
95.0
95.0
95.0
95.0
94.9
94.9
95.0
94.9
94.9
95.0
95.0
94.9
95.0
95.0
95.0
95.0
94.9
95.1
95.2
95.0
95.0
95.0
95.0
94.9
94.9
95.0
95.0
95.0
94.9
95.0
95.0
94.8
94.9
95.0
95.1
95.0
94.3
94.9
94.9
94.8
94.9
94.9
95.0
95.0
95.0
95.0
95.0
95.0
95.0
95.0
95.0
94.8
95.0
95.0
95.1
94.9
94.6
95.0
94.9
94.9
95.0
95.0
95.0
94.9
95.1
94.8
95.0
95.0
95.0
95.0
95.0
95.0
95.0
95.0
95.0
95.0
95.0
95.0
95.0
95.0
95.0
95.0
95.0
95.0
95.0
95.0
95.0
95.0
95.0
95.0
95.0
95.0
95.0
95.0
95.0
95.0
95.0
95.0
95.0
95.0
95.0
95.1
95.0
95.0
95.1
95.0
95.0
95.0
95.0
95.0
95.0
95.0
95.0
95.0
95.0
95.0
95.0
95.1
94.8
95.0
94.9
95.0
95.0
95.0
95.0
94.9
95.0
95.0
95.0
95.0
95.0
94.9
95.0
94.9
95.0
94.9
95.0
94.9
95.0
95.0
95.0
95.0
97.3
99.6
95.42
94.47999999999999
93.53999999999999
92.6
95.0
95.0
94.9
94.9
95.0
95.0
95.0
95.0
95.1
95.1
94.9
95.0
95.0
95.0
95.0
95.0
94.9
95.1
95.0
95.0
95.0
94.9
94.8
95.0
95.0
91.4
94.9
95.0
95.0
95.0
95.0
95.1
95.0
95.0
95.0
95.0
95.0
95.0
94.9
95.0
95.0
95.1
95.0
94.9
95.1
95.0
95.0
95.0
95.0
95.0
95.1
95.1
94.9
95.0
95.0
95.0
94.9
95.0
95.0
95.1
94.9
95.0
95.0
95.0
94.9
94.9
95.1
95.1
94.9
95.0
95.0
94.9
95.1
95.1
94.9
95.0
95.0
95.0
95.0
94.9
95.1
95.0
95.0
95.0
94.9
95.0
95.0
95.0
95.0
95.0
95.0
95.0
95.0
95.1
95.1
94.9
94.9
95.1
95.0
95.0
95.0
94.9
95.0
94.9
95.0
95.0
95.0
94.9
95.0
95.0
95.0
95.0
94.9
95.0
95.0
95.0
95.0
95.0
95.0
95.0
94.9
95.0
95.0
95.0
95.0
94.9
95.0
95.0
95.0
95.1
94.5
95.0
95.0
94.8
95.0
94.9
95.0
94.9
95.0
95.0
95.0
95.0
95.0
95.0
95.0
95.0
94.7
95.0
94.9
95.0
95.0
94.9
95.0
95.0
94.9
95.0
95.1
95.0
95.0
94.9
95.0
94.8
94.9
95.0
95.0
95.0
95.1
95.0
94.9
95.0
95.0
95.1
95.0
95.0
95.0
95.0
95.1
95.1
95.0
95.0
95.1
95.0
95.0
95.0
95.0
95.1
95.3
95.6
94.9
95.0
95.0
94.9
95.0
95.0
95.0
95.0
94.8
95.0
94.9
95.0
95.0
95.0
95.0
94.9
95.1
94.9
94.7
94.8
95.0
95.0
94.9
94.9
94.9
95.0
95.0
94.8
95.0
95.0
94.9
95.0
95.0
94.9
95.0
95.0
95.0
94.8
94.9
94.9
95.0
95.0
95.1
94.9
95.1
95.0
95.1
94.9
95.0
95.0
95.1
94.9
95.2
95.1
95.0
95.1
95.0
94.9
95.0
95.0
95.0
94.1
95.0
95.0
94.9
95.0
94.9
95.1
94.9
95.0
95.0
94.9
95.0
95.1
95.0
94.9
95.0
95.0
95.0
95.0
95.0
95.0
94.9
95.0
95.0
95.0
95.0
94.9
95.0
95.0
95.0
95.0
95.0
95.0
95.0
95.0
95.0
95.0
95.0
95.0
95.0
95.0
95.0
95.0
95.0
95.0
95.0
95.0
95.0
95.0
95.0
95.0
95.0
95.0
95.0
95.0
95.0
95.0
95.0
95.0
94.9
95.0
95.0
95.0
95.0
95.0
95.0
95.0
95.0
95.0
95.0
95.0
94.9
95.0
95.0
95.0
95.0
95.0
95.0
95.0
95.0
95.0
95.0
95.1
95.0
95.0
95.0
95.0
95.0
95.0
95.0
95.0
95.0
95.0
95.1
95.0
95.1
95.0
95.0
95.0
95.0
95.0
95.0
95.0
94.8
95.0
94.9
95.0
95.0
95.0
94.9
95.0
95.0
95.0
95.0
95.0
95.1
95.0
95.0
95.0
93.8
93.2
95.1
95.0
95.0
95.0
95.0
94.9
95.0
95.0
95.0
95.0
95.1
95.0
95.0
95.0
95.0
95.0
95.0
95.2
95.0
95.0
95.0
95.0
81.5
79.4
80.5
79.4
77.2
77.0
77.4
77.4
76.4
77.3
77.1
78.0
79.8
79.6
78.5
77.7
78.3
79.5
80.0
84.6
85.6
88.2
91.2
89.3
93.6
90.3
86.2
82.8
79.2
78.6
78.0
76.2
76.7
75.3
75.9
78.4
76.8
75.9
77.9
78.2
77.6
77.7
77.3
75.4
77.3
79.9
84.7
79.8
79.3
78.2
78.3
77.7
77.0
79.7
77.7
79.2
80.7
78.5
78.5
79.4
