77.5
78.3
81.2
81.8
79.5
80.7
80.1
79.1
79.5
77.6
76.0
74.4
75.3
75.4
74.7
77.0
79.8
77.3
76.3
75.7
78.0
75.0
77.7
78.3
75.4
74.5
75.8
77.1
77.4
75.2
76.6
73.8
73.2
74.9
73.3
72.5
71.5
70.9
72.2
73.0
74.6
71.5
71.3
69.8
70.0
73.8
72.0
72.9
74.6
74.0
71.2
73.5
70.3
70.0
70.8
70.4
69.7
70.9
72.3
71.6
70.2
68.7
68.3
70.2
70.8
70.0
70.1
70.4
69.5
69.9
69.2
69.5
69.9
69.9
68.9
68.9
70.0
69.9
68.7
71.6
80.1
78.1
75.1
73.6
75.1
74.3
75.8
79.6
78.3
74.1
76.6
77.8
74.7
63.9
67.3
68.4
68.0
68.0
68.5
70.3
69.0
67.8
69.0
69.3
68.9
69.4
67.7
70.6
73.1
71.3
69.7
70.3
69.8
69.6
71.2
70.6
72.4
71.7
72.0
69.6
69.5
69.8
71.2
69.4
69.8
68.7
68.8
69.2
70.1
69.5
67.9
71.4
71.3
70.2
70.1
70.5
69.1
69.6
69.5
70.5
68.8
68.8
70.8
69.5
68.8
69.0
70.0
70.3
69.9
70.1
70.9
70.8
71.1
69.4
70.9
70.9
69.9
69.9
70.1
70.6
69.8
70.8
71.6
71.2
70.1
70.0
71.2
73.7
84.1
85.3
84.7
84.10000000000001
72.3
66.1
69.5
69.3
67.7
70.3
67.1
69.7
69.4
68.5
68.6
69.1
67.1
67.5
69.1
69.5
69.9
69.4
67.8
67.3
68.6
68.6
68.4
70.3
69.3
68.3
68.6
67.8
67.9
69.0
71.3
68.6
66.3
66.4
67.1
72.1
69.5
67.7
68.6
68.7
69.7
67.2
67.5
67.5
69.3
68.6
67.9
68.4
67.7
67.1
67.3
66.4
66.8
68.3
66.9
66.8
68.7
68.2
67.1
67.1
64.6
66.3
65.9
67.8
67.7
67.0
65.5
66.8
68.2
69.0
65.3
64.9
64.50000000000001
67.8
64.9
66.0
65.5
66.4
66.9
65.7
66.0
64.7
64.1
65.1
66.0
65.5
66.1
66.6
64.7
65.9
66.1
66.4
65.7
63.5
63.6
65.9
66.2
65.8
65.0
67.0
67.8
64.5
65.7
74.3
82.89999999999999
75.75
76.475
77.2
77.92500000000001
85.13333333333333
89.1
90.1
91.1
89.69999999999999
89.5
89.3
88.9
88.50000000000001
89.8
90.25
89.65
89.575
89.5
89.425
90.4
90.85
91.3
91.75
92.19999999999999
92.64999999999999
93.1
85.9
78.70000000000002
78.16666666666667
74.3
78.6
82.89999999999999
69.7
69.8
70.0
72.4
70.7
71.4
73.3
71.9
74.0
70.5
69.9
71.8
71.4
73.8
71.9
72.0
71.1
71.6
71.4
72.6
70.3
72.5
71.4
70.9
72.9
72.0
70.8
71.3
70.8
71.8
72.4
71.7
72.3
73.6
73.6
71.9
72.1
73.6
72.7
71.9
72.3
71.9
71.4
71.0
71.0
70.9
71.0
72.0
71.3
71.9
70.6
69.8
70.9
69.8
70.3
71.8
71.7
69.9
70.2
70.8
72.2
70.1
70.9
70.8
71.2
69.7
68.5
68.5
70.0
71.7
69.8
73.1
74.0
69.1
69.3
71.2
69.2
69.7
72.1
78.7
85.30000000000001
82.05000000000001
83.72500000000001
85.4
71.7
70.1
70.4
70.3
69.3
69.8
69.7
70.0
70.8
69.9
71.4
73.8
74.9
69.0
68.3
69.9
71.5
69.5
70.6
71.1
71.4
71.0
69.1
69.1
70.0
70.0
70.6
69.1
71.2
70.9
69.2
72.3
69.0
73.0
76.8
80.4
75.1
69.9
72.7
69.3
69.8
73.5
70.9
69.1
76.2
81.8
75.8
78.7
68.7
69.6
72.8
73.7
71.6
70.9
71.1
73.2
70.5
70.1
68.4
67.8
68.8
69.9
71.3
69.7
68.9
72.9
71.5
71.8
69.5
70.0
69.1
70.1
71.1
75.5
70.4
70.1
71.2
72.3
67.4
70.0
67.0
68.3
67.6
67.4
66.0
65.9
68.2
68.8
66.9
68.1
68.7
68.4
69.9
71.4
68.6
69.2
66.9
67.4
69.0
68.2
71.5
73.3
75.9
72.1
68.3
73.4
70.1
69.4
68.6
66.3
68.4
68.3
67.3
67.2
67.0
66.9
68.2
66.6
65.9
66.4
67.2
67.7
71.0
71.5
69.8
75.1
82.5
84.9
76.1
67.4
66.5
66.7
67.6
66.7
67.8
67.3
67.3
68.9
69.3
68.4
65.9
67.2
70.4
69.7
68.3
67.7
68.3
66.8
64.3
66.0
67.1
67.8
66.1
67.9
65.5
66.5
66.8
65.9
65.7
67.8
64.2
68.3
64.7
64.8
66.9
70.7
65.5
65.6
67.8
68.5
62.6
63.9
64.2
66.2
75.0
70.7
72.3
70.6
70.1
68.7
68.5
68.2
67.1
68.6
69.5
69.5
67.0
71.9
73.2
71.3
74.0
70.7
71.7
70.8
70.9
70.4
70.2
69.4
72.0
71.0
70.3
69.5
69.6
67.9
72.3
78.7
78.1
73.4
71.6
70.6
71.5
70.1
69.3
66.4
66.7
68.9
68.4
69.9
64.7
65.1
65.8
72.5
69.1
68.4
67.5
67.7
69.0
69.9
71.5
71.5
72.5
72.3
71.3
71.5
70.9
69.7
69.2
69.1
70.8
69.3
66.6
69.8
72.6
75.39999999999999
73.0
73.1
71.9
72.0
74.1
72.8
73.4
73.3
72.3
71.2
73.4
72.0
74.4
77.2
78.3
81.5
84.6
86.0
84.5
83.0
85.4
85.4
83.7
79.3
76.8
78.1
73.6
74.6
73.5
72.1
72.9
74.1
71.6
76.9
72.4
73.5
72.8
71.7
73.0
72.5
71.9
73.3
73.3
72.6
75.8
74.6
75.8
74.0
73.2
74.7
76.2
74.9
79.0
85.0
90.7
97.9
94.3
87.6
79.5
76.3
74.4
74.6
77.9
80.2
75.6
76.3
74.6
74.0
80.9
86.1
84.5
77.8
74.3
73.8
72.5
72.3
72.5
72.7
72.6
70.9
72.4
70.9
77.2
73.8
71.0
70.8
71.6
75.0
67.8
71.1
71.2
70.6
70.4
72.9
72.2
72.4
67.5
70.9
71.9
70.9
68.6
70.5
70.7
72.9
73.7
74.8
72.3
74.6
74.6
73.7
71.7
72.1
71.3
73.0
71.5
70.7
71.6
71.7
70.8
71.5
70.9
71.7
73.4
70.7
71.1
72.7
70.3
70.7
71.5
75.7
72.8
74.0
72.1
70.1
73.1
72.1
74.9
72.5
72.0
70.4
71.8
70.3
71.6
71.9
69.6
71.7
70.5
70.7
69.2
71.5
70.3
71.8
73.8
71.7
72.0
68.3
70.1
74.8
76.3
71.2
75.5
77.2
83.2
89.3
98.4
98.2
99.7
99.2
102.2
105.2
109.6
108.0
106.0
111.4
110.4
109.7
116.4
106.3
105.0
102.4
100.9
102.3
102.2
100.1
95.8
92.8
88.7
80.8
82.2
77.8
77.5
77.3
76.3
75.1
74.0
72.7
71.3
69.6
69.0
70.8
70.2
69.8
69.7
68.1
69.8
69.4
68.0
71.6
66.9
65.8
68.2
66.7
66.8
66.6
67.4
68.6
66.2
65.1
65.3
66.4
66.7
64.1
67.0
64.5
65.0
62.7
62.8
66.2
65.9
68.2
65.0
66.0
64.7
66.6
64.4
65.5
63.5
63.5
64.4
66.2
63.1
65.7
64.9
64.3
64.7
63.6
63.9
66.5
63.4
63.8
64.2
63.4
63.7
64.4
63.6
66.1
64.9
64.4
77.9
64.6
63.5
64.5
67.8
65.9
65.3
63.4
66.5
63.4
63.1
63.6
62.5
63.3
65.1
63.0
64.4
65.3
65.5
63.0
65.0
62.8
63.3
62.4
62.3
62.9
61.8
62.3
62.1
64.0
64.5
63.7
62.7
64.1
62.1
61.9
62.3
64.0
64.7
64.6
64.1
63.7
62.2
63.7
62.0
63.0
63.4
63.4
63.1
63.6
61.7
62.3
65.4
66.2
66.4
65.3
66.6
65.8
64.2
62.8
63.0
63.4
64.3
62.8
62.0
62.5
62.6
66.2
66.6
66.0
69.2
65.6
64.0
66.8
63.4
64.4
64.3
63.0
62.3
63.0
62.9
66.0
65.0
65.0
63.7
63.0
63.5
64.3
64.7
65.6
64.6
64.6
63.7
64.8
67.9
70.4
69.1
69.0
69.1
66.8
68.3
67.8
70.5
67.4
66.9
66.1
67.9
66.5
69.1
70.5
70.0
68.5
67.6
69.5
67.0
67.4
68.6
66.3
68.6
69.9
69.6
67.8
68.1
68.2
70.7
68.4
67.1
66.7
68.8
68.3
67.7
67.3
67.4
68.5
67.7
67.9
69.2
67.8
67.3
66.7
69.4
75.0
84.9
93.2
90.6
86.5
83.6
83.0
81.6
76.5
72.1
71.3
69.5
71.7
74.2
78.5
77.2
79.5
79.4
77.1
75.8
72.4
70.7
70.4
70.7
71.6
69.6
69.4
69.4
69.0
70.6
69.9
70.3
72.4
70.7
70.1
70.9
70.0
71.1
69.1
69.9
70.7
69.5
68.7
70.6
71.4
68.7
68.4
68.9
69.7
72.7
75.6
75.2
75.1
76.4
79.1
84.1
82.4
81.9
82.9
81.1
78.3
80.8
80.1
76.4
72.9
73.7
72.6
73.1
74.3
73.4
71.4
71.9
72.5
70.7
69.9
69.7
69.8
69.7
70.7
69.5
69.6
68.5
67.4
68.69224137931035
68.78836206896551
68.88448275862069
68.98060344827586
69.07672413793104
69.1728448275862
69.26896551724138
69.36508620689655
69.46120689655173
69.5573275862069
69.65344827586208
69.74956896551724
69.84568965517241
69.94181034482759
70.03793103448275
70.13405172413793
70.2301724137931
70.32629310344828
70.42241379310344
70.51853448275862
70.61465517241379
70.71077586206897
70.80689655172414
70.90301724137932
70.99913793103448
71.09525862068965
71.19137931034483
71.2875
71.38362068965517
71.47974137931034
71.57586206896552
71.67198275862069
71.76810344827587
71.86422413793103
71.96034482758621
72.05646551724138
72.15258620689656
72.24870689655172
72.34482758620689
72.44094827586207
72.53706896551724
72.63318965517242
72.72931034482758
72.82543103448276
72.92155172413793
73.01767241379311
73.11379310344827
73.20991379310345
73.30603448275862
73.40215517241379
73.49827586206897
73.59439655172413
73.69051724137931
73.78663793103448
73.88275862068966
73.97887931034482
74.075
74.17112068965517
74.26724137931035
74.36336206896551
74.4594827586207
74.55560344827586
74.65172413793104
74.7478448275862
74.84396551724137
74.94008620689655
75.03620689655172
75.1323275862069
75.22844827586206
75.32456896551724
75.42068965517241
75.51681034482759
75.61293103448276
75.70905172413794
75.8051724137931
75.90129310344827
75.99741379310345
76.09353448275861
76.1896551724138
76.28577586206896
76.38189655172414
76.4780172413793
76.57413793103449
76.67025862068965
76.76637931034483
76.8625
76.95862068965516
77.05474137931034
77.15086206896552
77.24698275862069
77.34310344827585
77.43922413793103
77.5353448275862
77.63146551724138
77.72758620689655
77.82370689655173
77.91982758620689
78.01594827586207
78.11206896551724
78.20818965517242
78.30431034482758
78.40043103448275
78.49655172413793
78.5926724137931
78.68879310344828
78.78491379310344
78.88103448275862
78.97715517241379
79.07327586206897
79.16939655172413
79.26551724137931
79.36163793103448
79.45775862068965
79.55387931034483
79.65
79.74612068965517
79.84224137931034
79.93836206896552
80.03448275862068
80.13060344827586
80.22672413793103
80.32284482758621
80.41896551724138
80.51508620689656
80.61120689655172
80.7073275862069
80.80344827586207
80.89956896551723
80.99568965517241
81.09181034482758
81.18793103448276
81.28405172413792
81.3801724137931
81.47629310344827
81.57241379310345
81.66853448275862
81.7646551724138
81.86077586206896
81.95689655172413
82.05301724137931
82.14913793103449
82.24525862068965
82.34137931034482
82.4375
82.53362068965517
82.62974137931035
82.72586206896551
82.82198275862069
82.91810344827586
83.01422413793104
83.1103448275862
83.20646551724138
83.30258620689655
83.39870689655172
83.4948275862069
83.59094827586206
83.68706896551724
83.78318965517241
83.87931034482759
83.97543103448275
84.07155172413793
84.1676724137931
84.26379310344828
84.35991379310344
84.45603448275861
84.55215517241379
84.64827586206897
84.74439655172414
84.8405172413793
84.93663793103448
85.03275862068965
85.12887931034483
85.225
85.32112068965517
85.41724137931034
85.5133620689655
85.60948275862069
85.70560344827587
85.80172413793103
85.8978448275862
85.99396551724138
86.09008620689654
86.18620689655172
86.28232758620689
86.37844827586207
86.47456896551724
86.57068965517242
86.66681034482758
86.76293103448276
86.85905172413793
86.9551724137931
87.05129310344827
87.14741379310345
87.24353448275862
87.33965517241379
87.43577586206897
87.53189655172413
87.62801724137931
87.72413793103448
87.82025862068966
87.91637931034482
88.01249999999999
88.10862068965517
88.20474137931035
88.30086206896551
88.39698275862068
88.49310344827586
88.58922413793103
88.6853448275862
88.78146551724137
88.87758620689655
88.97370689655172
89.0698275862069
89.16594827586206
89.26206896551724
89.35818965517241
89.45431034482758
89.55043103448276
89.64655172413794
89.7426724137931
89.83879310344827
89.93491379310345
90.03103448275861
90.1271551724138
90.22327586206896
90.31939655172414
90.4155172413793
90.51163793103447
90.60775862068965
90.70387931034483
90.8
91.8
88.3
79.2
86.3
86.3
87.1
86.5
86.9
87.4
87.6
87.4
85.5
87.2
87.7
87.5
86.8
88.7
88.8
84.6
79.2
86.3
87.4
86.6
85.9
86.8
86.6
86.6
86.4
86.3
86.9
86.9
86.7
86.9
86.7
86.4
86.7
86.5
86.0
86.3
87.6
86.6
86.9
86.9
86.5
86.8
87.5
86.9
86.6
87.1
86.2
86.9
86.0
83.7
86.4
86.6
86.2
86.2
87.4
85.7
85.9
87.4
87.8
85.8
87.0
86.5
85.4
87.0
86.4
86.6
87.2
86.3
87.3
86.9
86.6
77.1
86.2
85.6
87.1
86.9
86.9
86.1
86.8
87.0
86.8
86.6
86.8
87.5
87.6
87.4
87.6
89.3
88.4
88.9
88.2
87.8
88.2
87.2
87.2
86.9
87.2
87.6
87.5
87.0
86.9
87.7
87.5
86.6
86.6
86.5
87.0
87.9
86.8
86.5
87.0
87.5
87.2
88.7
88.4
87.5
87.5
87.9
87.5
88.5
86.9
86.3
86.2
86.5
87.3
85.9
87.4
86.8
86.9
86.8
87.4
86.9
87.1
86.9
86.8
86.0
87.1
86.7
87.1
86.6
87.0
86.8
86.7
87.0
87.0
86.5
85.9
86.2
87.5
86.0
86.0
87.5
86.7
86.8
87.4
86.9
87.2
86.4
86.5
86.7
87.4
86.4
86.3
86.1
87.4
86.1
87.0
86.6
86.3
85.4
86.1
86.8
90.8
94.1
93.5
93.6
92.9
94.2
93.0
93.1
94.4
84.6
87.2
94.5
93.2
93.9
94.0
93.6
94.6
92.8
93.2
93.0
93.9
93.9
93.8
93.6
93.5
93.8
93.8
94.3
93.6
94.1
94.2
93.6
94.0
94.3
93.2
94.0
94.4
92.7
92.7
93.1
94.3
93.4
93.6
92.9
93.3
94.4
94.5
94.4
94.3
94.0
92.5
93.6
93.7
93.7
93.5
94.9
94.1
93.7
93.9
94.1
94.1
94.4
93.8
93.3
93.9
93.4
94.0
93.8
93.1
92.8
94.0
94.7
95.4
93.3
92.6
93.4
94.0
93.9
94.7
93.9
93.7
94.2
94.3
93.8
93.5
94.3
93.8
94.1
93.5
93.6
93.5
93.6
93.4
93.5
93.6
94.2
93.6
93.9
93.2
94.2
94.7
93.4
93.3
93.7
94.2
93.7
93.5
93.7
93.2
94.3
93.0
93.4
93.3
94.6
99.9
100.4
95.2
97.5
101.8
98.0
97.1
96.4
96.3
97.2
96.3
90.4
95.0
99.0
94.3
93.7
94.6
91.2
91.7
92.3
86.7
85.5
87.7
89.1
86.5
86.1
86.0
85.5
85.1
85.8
86.2
86.5
86.8
87.5
102.6
103.1
98.3
99.6
94.8
99.7
92.1
87.9
87.6
86.4
84.7
85.7
85.2
84.4
85.0
85.4
85.4
85.0
84.7
87.2
89.8
85.8
84.1
83.1
83.6
82.7
85.8
82.4
89.1
82.2
82.0
82.6
85.6
84.5
83.9
82.7
85.7
102.5
108.0
101.7
93.3
87.4
85.6
84.4
84.7
83.4
83.7
83.9
80.4
92.1
90.5
90.1
89.0
89.1
85.3
89.8
87.0
88.3
87.5
86.7
86.1
86.2
87.5
89.0
87.9
85.2
90.6
89.3
90.0
86.8
89.8
89.4
84.3
88.7
89.1
85.4
85.3
88.8
87.1
97.2
99.9
101.0
95.2
95.8
92.1
94.5
89.3
90.9
89.5
88.9
91.6
96.1
91.8
86.6
90.3
87.3
84.6
84.9
87.0
84.5
85.6
86.4
85.6
85.8
87.8
81.0
87.0
83.9
86.4
85.8
87.9
88.7
90.1
91.7
87.5
95.5
100.3
97.5
105.5
110.3
110.5
109.5
108.1
99.8
96.6
96.7
94.6
95.7
92.6
92.4
96.4
100.4
109.8
104.1
99.0
92.5
94.0
94.7
92.2
90.2
89.6
85.8
89.2
84.4
86.9
92.4
88.4
83.5
87.1
84.8
84.8
85.3
83.8
81.5
86.6
86.0
80.8
82.4
85.2
84.4
84.2
83.6
87.9
84.3
85.4
81.0
86.3
79.9
83.6
82.6
85.7
81.1
79.1
78.4
81.8
85.6
85.2
84.0
80.1
88.2
94.4
93.2
82.5
92.9
93.3
84.3
93.5
93.1
86.9
95.2
90.3
89.9
86.9
90.9
89.4
88.3
93.6
90.9
93.3
90.3
88.7
89.6
87.3
89.8
98.1
96.0
99.0
102.9
119.5
118.2
116.6
114.0
103.2
106.8
107.9
108.3
102.2
108.2
107.7
99.7
107.1
104.0
103.3
100.0
106.4
104.9
105.6
106.9
100.5
106.8
105.3
103.6
100.9
99.4
96.5
95.0
98.0
89.1
93.7
91.3
91.8
94.1
89.2
90.8
93.3
89.1
92.4
95.8
89.4
94.0
90.0
86.2
92.4
94.1
91.1
91.1
94.0
92.9
98.3
95.9
92.7
99.5
97.7
96.6
90.5
94.0
94.1
97.2
92.7
89.5
97.8
91.8
92.4
96.4
91.0
98.7
97.3
96.1
91.2
97.7
96.0
101.9
94.0
98.1
102.0
99.9
89.4
97.5
97.0
96.5
93.8
93.8
97.1
95.1
98.8
98.5
86.4
91.9
95.6
87.7
95.5
90.2
65.2
84.9
94.4
67.4
60.8
60.0
60.0
61.7
61.5
60.0
70.6
106.7
101.5
102.0
102.3
99.2
94.9
100.5
97.9
95.2
102.0
104.9
105.1
103.2
97.2
101.3
102.2
96.3
95.9
106.8
108.5
108.3
107.8
104.4
94.4
104.3
103.1
104.9
104.3
104.2
101.8
102.7
100.0
100.1
91.9
95.4
99.5
96.7
94.4
94.8
94.8
89.9
86.8
87.8
90.9
91.9
87.5
89.5
87.2
87.3
86.8
89.7
92.3
86.6
90.4
88.2
85.1
88.1
84.3
91.2
89.1
85.2
87.2
83.2
91.8
92.3
98.1
87.5
93.3
89.5
88.1
83.6
86.9
85.2
85.6
82.4
89.2
89.6
86.9
85.7
85.2
85.4
88.2
94.8
96.8
90.1
109.3
122.4
116.2
106.9
102.2
101.3
96.6
97.1
94.3
85.4
88.4
87.3
84.8
91.3
87.5
91.2
87.3
83.8
83.3
81.8
83.2
82.6
81.8
81.8
81.0
81.4
82.2
80.1
81.0
81.8
79.6
83.7
84.7
82.8
80.8
80.1
82.6
83.6
82.6
81.2
82.5
85.3
85.7
86.5
86.7
86.5
81.7
83.6
82.5
81.7
78.1
84.1
84.2
85.1
83.7
84.1
83.8
83.6
85.4
84.6
84.1
83.9
83.5
80.6
87.8
86.1
86.1
84.5
85.1
84.6
86.6
88.9
83.7
86.8
89.7
94.5
94.6
92.3
88.2
85.3
83.2
83.3
84.2
84.4
85.1
82.7
82.0
83.1
82.5
83.1
83.8
83.0
82.8
83.2
84.7
86.3
85.8
86.9
85.6
86.2
86.7
85.5
87.3
87.0
85.5
85.8
84.6
87.5
87.5
86.7
85.8
86.7
85.1
88.7
89.0
89.0
89.8
90.9
94.2
97.2
95.1
94.1
87.3
90.6
91.7
89.3
85.9
88.8
90.4
89.3
90.1
86.8
85.4
88.4
88.6
89.0
89.2
87.0
89.1
92.7
96.8
96.7
100.4
98.2
95.9
94.1
94.6
93.6
93.8
93.0
91.2
90.3
91.7
91.5
92.6
94.3
96.5
98.4
100.7
99.2
100.9
104.4
103.8
101.4
100.2
99.3
93.7
88.4
95.0
93.2
92.3
91.7
91.3
92.0
91.5
91.0
92.8
92.8
90.0
91.8
91.8
91.0
91.8
90.6
91.3
91.7
92.1
92.6
92.0
91.7
90.4
90.7
94.5
94.4
93.8
93.0
91.4
90.1
90.8
90.8
93.1
91.4
90.3
89.2
90.4
90.1
90.9
89.9
87.4
89.7
89.4
89.9
88.9
87.6
89.5
89.1
90.2
89.6
89.6
89.7
90.1
87.8
89.0
89.3
90.8
89.7
90.6
89.5
91.5
91.5
92.1
89.3
89.4
91.2
90.7
90.7
89.8
90.6
91.6
90.6
92.6
96.9
96.3
96.7
96.5
97.0
96.0
96.5
97.1
94.4
93.5
93.6
92.9
93.0
92.7
91.8
93.8
93.6
92.8
94.7
94.2
93.1
96.8
101.9
103.1
105.4
103.7
100.0
97.9
98.5
97.5
95.3
96.0
95.0
94.3
94.3
92.9
93.0
92.8
93.2
91.9
94.6
92.8
91.7
94.5
93.3
96.6
94.8
95.7
94.5
93.3
91.9
92.4
91.4
90.4
91.6
90.1
93.0
92.3
90.8
90.0
90.9
91.2
90.2
90.2
89.2
89.1
87.2
90.5
92.4
91.9
90.0
90.5
92.7
93.0
93.7
96.0
98.3
95.13333333333334
94.7
94.26666666666667
93.83333333333334
93.4
93.0
92.8
92.0
92.6
92.1
92.6
94.1
94.4
95.6
92.8
91.7
94.0
92.7
93.2
91.8
93.6
95.2
62.7
60.2
79.4
76.5
62.7
60.2
62.4
60.0
60.0
65.7
96.2
105.0
107.4
105.3
103.0
101.7
102.4
104.2
107.9
112.7
113.7
113.7
109.7
105.1
102.0
100.0
97.0
97.2
95.4
97.1
96.8
93.9
96.2
95.6
96.2
97.0
96.8
97.6
96.7
96.8
95.8
95.7
95.7
95.5
94.5
94.8
94.9
93.5
95.9
93.8
94.7
94.7
94.7
94.6
94.1
93.7
93.7
93.9
94.6
95.0
94.4
93.7
93.3
92.9
92.8
94.0
92.6
92.1
92.9
93.8
92.4
93.1
92.8
93.3
93.5
93.6
93.5
93.0
93.2
92.0
91.5
92.5
93.4
92.9
93.5
92.8
93.8
94.2
93.9
93.6
93.1
96.2
92.3
94.2
93.4
91.6
92.7
92.2
92.7
94.9
96.1
94.2
93.0
92.9
91.6
91.9
91.0
91.7
91.7
90.0
89.8
90.0
89.5
89.4
89.1
88.7
89.2
89.3
88.5
88.9
87.8
88.1
88.7
89.6
88.3
88.7
90.5
89.3
88.5
88.3
88.4
89.8
88.2
85.1
84.7
84.0
84.1
83.7
82.7
83.3
82.9
82.6
83.4
83.2
82.9
83.1
82.5
82.5
82.5
83.0
83.1
83.3
85.4
84.4
70.0
60.0
60.4
60.0
58.1
60.8
65.3
78.6
80.0
80.0
80.0
80.0
80.0
80.0
81.6
81.1
72.1
61.4
78.1
87.7
83.4
83.2
83.9
82.2
82.2
85.4
87.5
78.9
84.0
86.5
85.2
82.0
82.1
82.5
81.2
84.7
92.1
93.6
97.2
96.8
94.2
91.8
89.9
89.0
88.3
88.9
87.8
88.0
87.3
87.7
86.8
89.0
88.2
88.6
89.5
89.8
90.2
92.9
100.2
96.3
94.8
95.0
95.5
95.7
95.1
92.4
94.4
95.0
94.9
92.8
92.6
91.6
90.9
89.1
89.5
88.8
88.5
88.8
88.6
89.5
88.3
88.2
88.9
89.7
88.1
90.7
88.6
88.9
88.2
88.2
88.1
87.1
88.3
88.7
87.4
87.9
88.2
88.0
87.5
88.8
89.3
89.3
88.6
89.8
89.7
89.4
89.8
90.1
90.1
89.2
88.8
89.6
88.0
87.6
88.7
89.8
89.8
88.3
89.0
88.8
88.8
89.3
86.5
87.8
87.4
87.6
87.2
86.8
87.2
86.3
86.1
85.8
87.8
88.2
88.0
90.7
90.7
91.8
92.3
90.7
90.9
91.2
91.9
89.8
88.1
87.2
82.7
80.5
79.5
80.7
79.2
79.5
79.6
79.0
79.7
79.4
79.5
79.6
80.0
79.3
79.2
79.2
79.3
79.1
79.2
79.0
79.0
79.3
79.0
79.0
79.0
79.0
79.0
79.0
79.0
79.0
79.0
79.0
79.0
79.3
81.0
79.0
79.5
79.0
55.4
77.4
80.0
80.0
80.0
80.0
80.0
80.0
80.0
80.0
80.0
80.0
80.0
80.0
80.0
80.0
80.0
80.0
80.0
80.0
80.0
80.0
80.0
80.0
80.0
80.0
80.0
80.0
80.2
80.6
80.3
80.1
80.0
80.6
80.0
80.0
81.0
80.1
80.3
80.0
80.0
80.3
80.1
80.0
80.0
80.0
80.0
80.0
80.0
80.0
80.0
80.1
80.0
80.0
80.0
80.0
80.0
80.0
80.4
80.0
80.0
80.0
80.0
80.0
80.0
80.0
80.0
80.0
80.0
80.0
80.0
80.0
80.0
80.0
80.0
80.2
80.0
80.0
80.0
80.0
80.0
80.0
80.0
80.0
80.0
80.0
80.0
80.0
80.0
80.0
80.3
80.0
79.7
80.0
80.0
79.7
80.0
80.0
80.0
80.0
80.0
80.0
80.0
80.0
80.0
80.0
80.0
79.2
80.0
80.0
80.0
80.0
80.0
80.0
80.0
80.0
80.0
80.0
80.1
80.1
80.3
80.7
81.0
80.0
73.0
67.1
69.6
80.0
80.0
80.0
80.0
80.0
80.0
80.0
80.0
80.0
80.0
80.0
80.0
80.0
80.0
80.0
80.0
80.0
80.0
80.0
80.0
80.0
80.1
80.0
80.0
80.0
80.0
80.0
80.0
80.0
80.0
80.0
80.0
80.0
80.0
80.0
80.0
80.1
80.5
80.7
80.4
81.3
81.0
80.0
80.0
80.6
80.1
80.1
80.7
80.8
80.2
80.4
80.8
80.2
80.0
80.0
80.0
80.1
80.0
80.3
80.3
80.0
80.1
80.0
80.0
80.0
79.8
80.2
80.0
80.1
80.2
80.0
80.2
80.0
79.8
80.5
80.0
79.5
80.2
80.0
80.6
80.1
80.0
80.7
80.5
81.0
80.0
80.3
80.9
80.2
80.0
80.0
80.0
80.1
80.0
80.0
80.0
80.0
80.0
80.1
80.2
80.1
80.0
80.0
80.0
80.2
82.1
80.0
83.6
83.3
81.0
80.5
80.2
80.5
81.0
80.5
81.1
80.4
80.0
80.0
80.0
80.3
85.8
80.0
80.0
82.2
80.3
79.9
80.0
80.0
80.0
80.3
80.4
80.6
80.8
80.1
89.0
90.6
89.3
89.5
88.4
89.2
89.5
89.2
88.5
88.7
89.2
89.8
89.3
89.9
88.2
89.0
88.1
88.3
88.7
88.7
88.9
88.3
88.5
89.3
88.4
88.6
88.1
89.7
88.5
88.2
88.0
88.0
88.1
88.1
88.0
88.0
88.2
88.0
88.1
88.0
88.0
88.1
88.0
88.8
87.9
88.3
88.0
88.0
88.6
88.1
88.0
86.2
87.6
88.3
88.0
88.0
88.3
88.3
88.4
88.3
88.1
88.1
88.0
88.0
87.9
90.0
88.6
88.6
88.3
88.5
88.0
87.9
89.0
88.2
88.4
88.1
88.0
88.5
87.8
88.0
87.8
74.0
52.0
73.3
80.0
80.0
80.6
81.1
80.3
80.3
80.0
81.2
80.6
80.0
81.2
82.4
80.93333333333334
80.8
80.0
80.0
80.5
83.4
82.3
80.7
80.9
80.6
81.4
82.8
82.1
81.6
81.3
81.9
81.7
80.8
81.9
81.6
81.0
81.8
81.1
82.5
80.7
81.1
80.1
81.0
81.0
80.2
80.1
81.0
80.6
80.4
80.0
79.8
80.0
80.1
80.0
80.1
80.0
80.2
80.0
80.0
80.0
80.0
80.3
80.2
80.4
80.3
80.6
80.7
81.1
80.9
81.1
80.9
80.8
80.7
80.7
80.9
82.5
83.0
80.6
76.8
80.6
82.4
81.8
80.9
81.9
81.2
81.2
80.8
80.3
81.5
81.1
81.3
80.9
81.4
81.7
81.4
81.7
81.3
81.6
80.4
81.2
80.7
102.1
80.9
80.9
80.8
80.4
79.8
80.2
80.0
77.4
79.7
82.0
79.8
80.7
80.2
81.1
81.5
80.4
80.8
80.3
80.5
80.0
80.0
80.0
80.0
80.0
80.1
80.1
80.3
80.7
80.0
80.0
80.0
80.2
80.0
80.0
80.3
80.9
80.6
80.2
80.4
80.0
80.0
80.3
80.0
80.0
80.9
80.0
80.2
81.8
81.1
80.1
80.4
80.4
79.5
80.3
80.0
80.1
80.0
80.0
80.3
80.4
80.4
80.4
80.0
80.0
80.3
80.2
80.2
80.0
80.9
80.2
79.9
79.9
80.8
81.0
80.6
80.8
79.9
80.0
81.0
79.9
80.0
80.2
80.0
80.7
81.3
81.0
80.6
80.8
80.2
79.9
80.5
80.7
80.9
81.0
80.6
80.5
81.7
80.8
80.5
80.7
80.3
82.0
81.6
81.0
80.0
80.0
81.0
80.5
81.0
79.9
81.1
80.2
80.5
80.3
80.6
81.7
81.0
81.0
81.1
81.8
81.6
81.2
80.9
81.1
81.2
81.4
81.0
81.7
80.9
80.6
81.0
81.4
82.0
81.5
81.1
81.1
81.9
80.7
81.0
81.7
81.6
80.9
81.3
82.0
81.9
81.2
81.4
81.6
80.3
80.5
82.1
81.2
81.2
80.6
80.7
80.5
81.1
80.4
80.4
80.2
80.8
82.1
81.9
81.4
80.0
82.3
81.5
81.6
82.7
81.6
81.8
81.0
81.9
82.1
82.3
81.4
81.1
82.0
81.9
84.3
81.5
81.7
81.4
81.5
81.5
81.3
82.2
81.4
81.6
82.4
81.3
83.7
82.6
81.3
81.2
81.4
81.7
81.2
81.3
81.9
81.9
82.7
83.9
82.4
81.3
83.1
82.7
81.9
83.0
82.5
82.2
81.4
80.9
82.9
81.5
80.9
81.2
81.8
81.9
81.2
81.6
81.6
82.3
82.4
81.8
81.19999999999999
81.8
82.5
82.5
82.6
82.7
82.2
82.1
83.3
82.1
83.8
82.5
82.7
82.7
81.7
81.5
81.3
82.0
80.7
81.1
81.0
81.0
82.2
81.5
81.3
81.2
80.8
80.4
80.5
80.7
80.3
80.4
81.1
83.1
81.9
80.3
81.7
81.6
80.8
81.2
81.7
81.0
80.8
80.8
80.5
81.1
81.7
80.5
81.1
80.6
80.5
80.2
81.6
80.9
80.6
80.5
81.1
80.1
80.6
81.2
81.0
80.7
80.4
81.6
80.4
80.8
83.6
80.8
81.6
81.3
81.2
81.1
81.3
83.0
81.2
80.7
81.9
81.3
81.8
80.4
81.0
81.9
82.6
82.2
81.0
80.9
81.8
82.0
81.3
82.2
81.5
81.7
81.5
81.5
81.4
81.4
81.7
81.4
81.3
81.6
81.6
80.8
81.5
81.8
82.1
81.1
81.9
84.3
81.3
81.7
81.6
82.0
81.8
81.4
81.7
82.1
81.7
82.4
82.4
81.8
82.3
81.8
82.2
82.0
81.8
81.8
81.7
82.3
81.6
81.6
82.8
82.7
81.5
83.6
82.7
81.7
82.6
82.1
80.8
83.2
81.7
83.6
81.9
81.8
82.2
82.8
82.3
82.9
82.5
83.1
82.5
83.1
83.3
84.0
83.5
83.6
83.2
82.6
83.3
82.8
82.6
84.0
82.9
82.6
82.2
81.6
81.7
81.6
81.6
81.3
81.7
82.5
81.8
82.0
82.1
82.5
82.3
82.1
82.2
82.5
82.1
82.2
82.3
82.7
83.0
82.4
82.2
82.4
83.0
82.4
82.2
82.1
82.1
82.9
82.1
82.1
82.0
81.9
82.1
82.0
81.9
82.2
82.5
82.0
81.9
82.4
82.0
82.1
81.8
82.1
82.4
82.4
82.5
82.5
82.1
82.6
82.1
82.2
82.2
81.9
81.8
81.4
81.5
81.3
81.8
82.2
81.8
82.3
81.7
81.5
83.0
81.2
81.2
81.1
81.4
81.2
81.2
81.2
81.6
82.0
81.9
81.8
80.4
80.1
80.0
82.0
80.7
81.2
81.8
81.8
82.8
82.2
83.3
83.3
83.7
83.1
82.9
82.9
83.3
83.0
82.5
83.6
83.4
82.9
83.3
83.5
83.1
83.2
81.8
83.2
82.5
84.0
82.9
81.3
82.7
82.5
82.3
82.0
82.5
83.6
81.7
82.7
82.6
83.5
81.9
82.7
82.5
83.3
82.3
82.6
83.5
82.7
82.8
83.1
82.5
82.3
82.9
83.3
83.8
82.9
83.2
82.4
83.4
82.7
82.1
82.4
82.6
82.1
82.2
84.2
86.0
82.2
83.5
81.8
82.6
86.2
82.3
83.3
82.9
81.8
82.4
82.1
82.8
83.2
83.2
82.8
83.6
82.6
82.6
83.0
82.7
82.9
82.9
85.4
83.7
84.1
83.3
85.3
82.5
82.5
82.6
83.9
83.2
83.5
83.3
82.7
83.3
84.0
83.4
84.2
81.6
82.8
83.8
84.7
83.2
83.1
81.9
82.4
83.6
83.1
83.5
83.4
83.3
82.9
85.7
83.4
82.9
83.9
83.4
84.4
83.3
83.7
85.1
82.9
83.5
83.3
83.6
82.6
82.9
83.2
82.3
81.6
80.9
81.9
82.5
82.2
82.4
82.5
81.7
83.0
81.1
81.5
82.5
80.9
82.1
83.3
82.8
82.9
82.3
82.5
82.6
83.9
83.9
81.4
83.2
79.9
80.1
80.8
80.7
82.6
81.3
81.8
83.1
83.9
82.8
84.0
86.8
84.1
84.2
84.1
83.4
84.4
84.2
83.6
86.7
83.7
82.3
83.7
82.2
83.1
81.6
82.2
82.80000000000001
84.2
84.8
83.1
86.7
83.3
82.7
84.2
82.8
84.1
82.6
83.8
83.0
83.5
83.3
83.7
83.1
84.2
86.3
84.8
84.7
84.4
83.8
85.9
83.1
83.9
83.1
82.9
84.3
84.2
83.5
84.0
84.9
82.9
84.3
85.3
82.9
84.5
84.1
84.6
83.8
86.2
84.0
85.4
85.5
83.7
85.0
85.3
84.7
85.3
84.0
85.6
85.2
85.4
84.9
84.5
85.8
86.1
87.6
85.3
82.1
85.5
83.8
84.6
83.4
83.9
85.4
85.8
83.6
82.3
85.8
84.8
83.8
86.6
83.1
83.4
84.6
83.9
83.1
85.1
83.2
85.5
85.0
83.0
85.8
84.8
84.7
82.4
83.2
89.0
86.8
78.6
76.6
76.0
74.7
74.9
74.6
75.0
75.1
74.7
74.9
76.1
74.1
74.5
74.8
74.8
77.4
80.4
78.4
78.5
76.8
79.0
77.5
78.5
76.7
77.0
76.3
75.6
76.8
79.1
78.1
76.0
74.1
75.1
77.7
75.6
74.5
76.8
74.8
76.9
75.2
77.1
76.3
73.9
77.9
77.9
75.7
74.9
77.0
76.8
75.8
75.7
75.9
77.1
73.6
75.3
74.7
73.2
77.9
74.2
74.8
74.3
72.4
75.0
73.1
73.3
74.4
71.6
73.1
74.4
75.7
74.9
75.5
76.4
73.9
72.6
73.1
75.1
73.9
72.6
73.0
71.8
73.3
75.0
73.7
73.5
73.7
74.5
73.1
72.5
72.0
73.0
71.6
73.5
75.1
74.6
73.6
73.5
72.6
74.0
73.0
75.8
73.7
73.3
73.1
73.3
74.9
75.5
75.7
75.9
76.5
76.1
75.5
75.0
77.6
74.1
76.8
77.0
77.2
75.6
74.6
76.6
78.4
77.0
74.5
75.1
76.5
75.4
76.9
74.3
77.1
74.7
72.2
73.0
76.7
78.0
74.6
71.6
74.1
73.9
72.4
73.0
71.5
73.8
72.5
73.0
73.3
72.5
72.2
71.8
74.6
75.9
77.1
76.1
74.0
74.2
74.3
73.4
73.8
74.3
75.1
72.9
73.2
74.5
75.2
78.5
78.6
77.5
80.1
80.6
85.0
85.7
89.7
83.2
80.8
79.8
81.6
81.1
79.8
79.6
81.0
79.1
74.8
74.3
74.7
73.6
73.5
74.1
73.5
73.4
73.8
75.9
74.1
74.2
74.5
74.2
75.3
76.9
74.7
75.2
74.5
74.7
74.8
73.5
75.1
75.0
74.7
74.3
74.5
74.4
74.4
74.3
73.8
74.0
73.2
73.5
74.5
73.4
77.7
79.0
81.2
79.8
78.3
78.5
79.8
79.7
76.8
76.9
75.5
77.1
77.2
78.2
76.8
77.3
75.6
76.1
79.5
80.7
80.8
78.7
77.2
76.6
76.6
77.9
75.6
74.5
73.0
73.7
73.3
72.4
73.4
74.1
72.8
72.0
72.8
72.9
73.1
73.7
74.0
74.4
74.1
74.5
75.0
74.7
74.4
74.5
74.8
74.1
74.4
74.5
74.1
75.5
73.7
74.7
73.7
74.2
74.0
73.9
73.9
74.2
77.4
75.2
74.7
75.1
75.2
75.8
75.3
75.2
73.1
74.2
75.3
74.6
76.6
76.5
79.2
78.6
78.1
78.0
78.8
80.0
79.8
78.0
77.3
77.0
77.4
75.0
75.3
74.0
74.1
74.1
74.8
73.1
73.8
77.4
73.9
73.6
73.6
74.1
74.2
73.5
74.8
73.6
74.3
74.0
74.3
74.8
74.2
73.5
73.2
74.2
72.9
72.8
73.2
73.6
72.4
73.3
72.8
72.3
72.7
72.0
71.9
71.8
73.7
72.5
73.9
72.9
72.6
73.5
72.1
74.5
72.3
72.8
72.2
72.0
73.3
72.5
73.8
73.0
74.0
74.3
74.6
74.5
74.1
74.7
74.7
75.1
75.4
75.7
77.7
76.9
77.6
76.3
75.4
74.0
75.1
74.2
72.3
72.4
72.2
72.6
73.6
74.4
73.8
76.6
76.5
76.3
75.5
75.4
75.5
77.7
79.8
78.5
76.4
74.0
74.8
72.7
72.1
72.7
72.2
74.1
73.2
72.6
73.7
74.7
73.4
74.4
75.4
77.03333333333333
78.35
79.66666666666667
80.98333333333333
82.3
81.3
81.3
81.3
79.2
79.1
78.0
77.6
76.7
77.9
77.8
76.2
77.9
78.9
77.9
76.6
78.4
78.4
78.2
78.8
78.7
77.5
75.6
77.1
78.0
78.6
77.5
77.6
78.0
79.1
79.5
79.1
79.4
80.4
80.3
80.7
79.8
80.0
80.5
80.4
80.4
78.9
81.0
80.2
80.1
79.4
78.6
81.0
79.7
81.6
80.3
81.8
81.9
82.0
83.2
83.6
83.9
81.7
80.6
81.5
81.3
80.3
78.3
83.6
83.1
82.4
83.4
82.1
80.79999999999998
82.2047619047619
82.25714285714285
82.30952380952381
82.36190476190475
82.41428571428571
82.46666666666667
82.51904761904761
82.57142857142857
82.62380952380953
82.67619047619047
82.72857142857143
82.78095238095239
82.83333333333333
82.88571428571429
82.93809523809524
82.99047619047619
83.04285714285714
83.0952380952381
83.14761904761905
83.2
82.7
82.1
80.3
81.1
82.7
81.1
81.6
80.5
80.4
80.3
79.2
78.6
78.3
78.6
77.9
77.1
76.9
77.0
76.2
75.9
78.2
76.0
74.9
76.3
75.6
75.5
75.2
75.2
74.9
74.9
74.8
74.5
74.2
74.8
74.0
73.8
73.1
73.6
73.3
73.0
73.6
73.7
73.6
72.7
72.4
72.3
72.4
72.2
73.4
77.4
75.8
77.0
76.2
76.2
75.5
76.2
74.2
74.0
74.7
73.0
72.9
72.7
73.2
73.0
73.2
75.0
73.5
73.4
73.4
73.7
74.8
74.2
73.0
75.0
73.2
73.2
73.6
72.9
72.2
72.3
71.8
71.0
71.9
74.4
78.2
78.7
77.3
78.7
77.5
78.7
78.7
77.1
76.8
76.4
76.9
75.3
74.7
75.0
76.7
75.2
76.0
74.5
74.8
75.7
75.6
76.0
75.1
74.6
76.4
79.5
75.6
76.3
76.8
75.5
75.8
75.8
75.2
75.0
76.1
75.7
75.5
75.1
75.3
74.3
74.0
74.1
75.8
74.4
76.7
76.2
78.3
79.8
81.1
79.6
79.2
80.2
79.7
79.2
79.8
81.2
78.3
79.1
78.1
77.1
77.4
76.9
78.1
77.6
79.7
80.1
81.2
79.4
79.7
77.9
77.2
78.7
79.5
78.2
78.3
78.3
79.2
78.0
78.1
77.4
77.4
77.7
77.8
79.7
78.2
81.6
81.8
83.3
84.3
85.7
87.9
86.9
86.3
85.5
84.4
87.6
86.9
87.8
85.6
88.0
86.9
86.4
82.7
80.9
80.4
80.2
80.0
80.625
80.8375
81.05000000000001
81.2625
81.47500000000001
81.6875
81.9
81.5
82.5
80.9
80.6
80.4
80.6
79.3
80.0
86.5
93.0
84.0
82.1
80.7
78.5
77.6
77.2
76.5
77.3
76.7
76.6
76.3
77.4
76.8
77.1
75.1
75.8
75.8
76.5
78.7
79.1
77.4
77.8
76.6
76.3
76.3
77.4
77.6
76.8
76.2
75.3
75.3
74.7
73.6
74.5
74.3
74.5
73.8
75.6
75.2
76.1
74.2
75.0
74.5
73.8
74.6
74.7
74.6
76.1
76.4
77.8
77.3
75.5
75.5
75.0
75.6
75.8
75.1
75.5
76.5
75.1
75.0
75.0
74.9
74.3
75.0
74.2
74.7
75.3
74.1
74.4
73.4
73.0
73.2
73.5
73.7
73.7
73.2
73.0
72.9
72.4
72.2
71.9
72.0
72.4
73.4
72.2
71.9
74.0
72.1
71.7
71.4
72.2
74.5
74.0
73.5
73.2
73.2
74.2
73.3
72.6
73.4
75.4
74.7
74.0
73.1
72.4
72.4
71.9
71.3
70.0
70.6
70.2
70.4
69.5
70.1
70.0
69.5
70.9
70.8
72.9
71.6
72.6
74.0
73.2
72.6
75.0
74.3
73.3
72.9
73.6
73.2
72.4
71.7
71.4
71.7
72.0
71.2
71.2
71.1
70.8
70.9
70.6
70.7
71.1
72.5
72.5
72.0
71.3
71.5
71.0
72.0
72.4
73.2
72.5
72.6
74.7
74.2
72.9
72.6
73.7
72.5
73.2
72.2
72.0
73.1
74.1
76.1
74.6
73.7
74.6
74.7
74.2
75.0
74.6
74.1
74.4
75.9
74.3
73.5
77.2
79.5
81.5
82.2
82.9
81.33333333333334
80.9
81.2
81.7
80.2
79.1
79.1
77.1
76.9
76.1
76.5
76.4
76.1
76.2
77.6
78.6
77.3
77.0
75.0
74.8
74.6
75.0
75.4
76.6
76.7
76.6
77.9
77.0
77.2
78.1
77.6
76.4
78.2
76.8
76.5
78.3
77.5
79.4
77.7
79.2
78.4
77.4
77.9
77.5
77.0
76.5
76.3
76.7
76.4
77.0
76.0
76.6
76.2
77.3
77.0
76.7
75.5
75.9
74.8
74.7
74.3
75.0
74.7
75.7
75.7
74.8
74.2
73.9
74.3
73.8
74.5
74.7
74.2
74.4
74.7
76.4
77.5
78.3
77.3
78.4
78.7
78.6
76.0
76.7
75.4
79.9
82.3
79.0
77.4
76.6
77.2
78.9
77.3
77.5
77.6
80.8
79.7
78.0
78.2
78.5
76.8
77.0
77.2
76.8
76.8
76.4
76.0
75.4
75.1
74.5
75.2
76.7
76.6
76.5
78.5
78.6
78.5
77.4
78.4
79.3
76.7
77.0
77.5
81.1
81.3
81.0
78.8
78.3
78.9
77.9
77.9
76.6
76.6
77.4
77.7
76.8
75.3
76.0
75.4
75.4
75.5
74.9
75.3
75.4
76.1
76.6
75.3
74.4
75.3
74.8
74.4
74.5
75.2
75.6
74.4
77.1
76.5
76.0
76.3
76.0
76.9
77.2
77.3
79.9
77.2
76.9
77.8
78.0
76.5
75.7
75.9
76.4
75.9
76.3
75.7
75.4
75.9
78.0
78.4
75.8
77.6
80.7
79.7
80.1
79.6
79.3
78.8
78.2
78.6
78.5
78.1
77.4
77.9
80.2
78.0
79.2
77.7
77.3
76.5
75.4
75.3
74.5
74.0
76.9
77.0
76.8
77.2
76.4
77.8
76.7
78.2
76.3
77.6
77.2
76.7
75.6
77.1
76.6
76.7
77.5
76.6
77.0
75.3
76.4
76.8
77.3
76.0
76.4
76.5
77.8
76.6
76.8
76.0
75.0
74.7
76.5
76.8
76.4
76.8
76.2
74.6
74.2
76.5
75.5
74.9
75.4
74.5
77.9
77.7
78.8
78.2
78.3
77.7
77.0
77.1
77.7
77.5
78.2
76.7
76.0
76.3
75.4
77.3
74.4
75.1
75.7
74.5
74.7
76.0
77.0
74.3
77.0
76.2
75.2
75.8
74.3
74.4
75.2
73.7
73.4
72.7
73.3
73.4
73.3
73.0
74.3
79.3
78.8
79.1
77.9
77.6
79.3
79.5
78.2
79.1
77.3
79.8
78.3
77.8
77.9
76.4
77.2
78.4
80.3
77.9
77.9
77.9
76.9
77.6
76.5
78.7
79.8
77.7
78.4
79.3
77.7
77.4
76.3
77.1
76.9
76.4
76.2
76.6
76.6
76.9
77.1
77.2
77.4
79.9
76.3
77.2
77.1
77.3
77.7
77.2
76.3
76.3
76.2
76.6
77.2
76.5
76.6
76.5
77.6
77.1
78.3
75.9
77.3
78.2
77.3
77.9
78.1
77.3
76.2
75.8
76.2
76.2
77.4
76.8
77.4
77.7
78.3
78.1
77.9
78.1
78.6
78.2
77.7
77.2
76.9
77.1
77.0
77.5
77.4
77.8
78.5
78.1
78.5
78.7
79.3
79.5
78.7
78.3
78.3
77.9
78.2
77.6
77.5
78.7
77.7
77.8
78.6
77.6
79.4
79.5
80.0
79.8
79.1
79.5
78.3
77.7
78.7
77.8
78.1
77.1
77.3
77.4
77.0
77.6
77.9
78.0
78.7
78.0
78.5
79.7
78.5
78.8
79.0
78.2
79.0
78.1
77.3
78.8
76.9
77.8
77.0
77.6
77.3
76.8
77.3
77.0
77.2
77.9
78.3
78.4
78.2
78.0
78.3
78.5
79.6
81.2
79.5
79.6
79.8
81.4
81.2
82.1
80.8
84.6
84.9
88.8
94.2
101.6
87.8
87.0
86.9
84.4
81.5
81.1
80.8
80.2
79.9
79.7
79.2
78.4
78.3
78.4
78.2
78.5
78.5
79.5
78.2
79.1
79.3
79.0
79.4
79.9
79.1
78.6
78.7
79.2
78.8
77.8
78.8
78.7
78.6
79.2
79.1
79.8
79.3
79.2
78.4
79.6
78.1
78.9
79.8
79.1
78.9
79.4
81.2
80.7
83.2
85.4
87.1
85.9
85.7
84.1
82.9
84.7
