105.7
102.4
102.0
100.9
102.2
101.9
99.5
99.6
102.1
102.9
101.3
104.8
106.1
103.7
102.7
102.4
100.4
100.8
100.3
100.4
101.3
101.4
102.6
101.3
103.4
105.8
104.1
104.2
102.1
104.1
104.4
102.2
100.6
101.8
100.8
102.3
100.7
101.5
100.0
100.1
102.8
102.0
100.7
101.4
103.2
100.7
102.8
102.3
100.9
100.8
100.2
100.2
100.8
101.3
100.8
101.4
100.1
100.0
99.2
98.1
98.5
98.7
103.0
102.5
101.5
100.0
101.0
103.3
101.9
102.5
100.6
102.1
101.8
101.1
101.7
100.9
100.4
101.5
99.9
101.3
97.2
99.1
101.1
101.9
100.7
99.5
98.8
97.4
96.6
99.7
98.1
98.8
97.4
97.6
97.9
97.5
97.8
96.3
98.0
97.2
96.4
96.0
96.9
98.6
99.5
97.8
97.0
96.3
97.6
99.2
100.1
97.1
101.4
99.9
97.5
99.3
99.1
98.9
98.4
98.5
96.9
96.1
95.4
95.9
96.2
95.2
94.6
94.1
94.5
94.4
94.3
95.4
95.7
94.7
98.5
98.3
97.6
97.4
99.8
97.2
95.2
96.8
97.3
98.3
98.4
96.7
96.8
95.2
94.9
96.0
94.9
95.8
95.1
94.0
94.0
93.8
95.7
97.6
98.0
101.1
96.6
98.2
99.7
100.6
98.6
97.4
98.6
98.4
97.5
96.7
97.5
97.1
96.1
96.9
96.5
96.1
96.3
96.0
97.6
98.2
97.7
97.9
97.7
97.7
96.5
96.1
100.1
96.3
95.8
94.7
97.0
95.8
94.0
95.7
96.4
95.2
94.0
95.5
93.5
93.4
93.0
93.6
92.9
92.6
92.7
92.7
94.6
95.6
96.4
96.8
96.4
96.3
94.8
96.3
95.5
95.4
95.1
94.9
95.5
95.1
94.8
95.1
94.0
94.0
96.8
96.6
94.3
96.9
98.8
95.4
100.3
100.2
94.4
94.0
95.6
93.9
93.8
96.1
96.1
94.9
95.6
94.5
94.6
94.2
95.5
97.6
96.4
95.3
95.5
94.4
93.0
95.3
94.8
95.0
94.5
96.2
96.4
95.4
96.5
96.2
96.9
95.7
95.9
95.3
94.5
95.4
94.7
93.8
95.4
94.9
97.6
99.7
97.0
96.5
98.6
96.9
96.0
95.6
94.5
94.0
95.2
96.3
95.5
93.7
93.6
95.9
98.6
97.1
96.1
96.5
97.0
96.5
95.2
95.3
95.2
95.2
94.8
94.4
94.3
96.1
95.7
94.6
93.9
92.7
91.4
92.6
93.2
92.2
92.8
92.3
95.2
95.0
95.4
95.9
95.8
97.6
93.6
93.6
95.5
95.9
92.2
92.9
95.7
98.1
99.0
99.0
94.3
94.4
93.8
94.2
93.3
92.7
98.8
95.4
101.0
92.0
89.5
88.8
89.1
88.7
89.1
87.9
88.0
87.3
88.5
87.8
88.2
89.5
89.6
88.8
87.7
88.5
89.1
90.4
94.0
94.5
94.0
94.4
93.0
93.5
93.5
94.0
94.5
94.5
94.0
94.5
95.0
95.3
95.4
94.9
97.6
96.6
96.9
96.7
96.6
96.7
97.0
96.9
96.6
99.4
102.2
101.3
101.6
102.9
102.2
100.7
99.9
99.1
100.3
101.8
100.2
99.6
103.5
101.5
101.1
102.4
100.1
99.6
99.0
98.7
98.6
98.1
98.0
97.6
97.8
96.4
97.2
96.4
96.8
98.2
99.9
101.2
101.7
101.6
102.4
102.6
102.3
101.6
99.7
101.7
101.5
100.2
99.7
101.5
100.2
99.0
98.7
98.8
98.7
98.7
101.6
101.6
101.1
101.3
100.6
100.3
101.3
98.6
98.6
100.7
98.5
98.4
98.3
96.4
96.4
97.0
96.2
96.5
97.4
96.5
97.7
96.7
96.7
97.0
96.6
96.0
97.4
96.5
99.9
98.1
99.0
97.7
97.3
97.7
97.8
98.1
97.6
97.0
96.3
96.3
95.6
96.0
95.7
100.4
98.6
96.7
96.2
97.9
96.9
97.0
95.9
96.3
96.3
95.2
95.8
95.3
95.6
95.0
95.1
95.5
97.9
98.1
98.5
96.8
96.3
99.2
99.6
97.3
97.9
96.4
95.7
95.2
96.5
96.4
96.2
95.4
94.7
94.1
96.8
94.9
96.5
94.8
95.1
95.2
95.1
99.9
103.2
96.9
96.0
97.2
97.7
96.3
95.7
94.9
94.9
94.0
93.5
97.5
95.4
95.3
95.4
94.8
94.6
94.3
93.7
93.0
92.6
92.9
92.2
94.0
93.1
93.0
92.7
92.7
93.6
95.2
97.4
96.5
95.4
95.1
96.9
95.2
95.2
95.7
96.5
96.3
96.1
96.0
99.2
96.2
92.8
93.4
92.2
97.0
95.0
95.4
96.4
95.4
96.2
95.3
95.6
96.0
95.1
94.7
95.8
98.0
96.5
97.5
100.1
97.8
95.8
96.5
97.1
95.2
95.2
94.3
94.4
94.2
100.6
95.3
98.3
97.7
95.8
96.9
96.2
95.2
95.8
96.8
94.6
94.4
95.3
95.7
96.1
94.7
95.5
95.2
95.4
95.0
96.6
96.6
96.2
95.3
96.0
98.1
94.4
93.8
95.5
95.4
96.8
95.2
96.3
94.6
96.2
94.1
94.2
94.9
95.1
93.1
93.8
93.6
93.2
94.8
96.7
96.7
96.1
96.0
95.7
94.2
93.9
94.7
93.6
93.5
94.2
94.4
95.2
95.4
97.0
95.1
95.4
97.1
97.3
101.9
98.7
99.6
97.1
101.7
99.9
97.9
94.7
94.3
93.6
93.1
94.1
93.2
94.4
93.4
92.8
92.8
93.2
93.6
94.3
93.7
94.5
95.7
95.1
94.6
94.9
95.2
95.3
96.4
96.9
98.2
96.9
99.3
98.5
98.2
94.7
96.0
96.0
95.8
96.4
98.4
96.1
96.1
99.5
97.6
101.3
98.2
99.6
100.5
106.2
100.6
98.0
100.2
99.8
95.5
93.7
93.3
94.3
94.2
93.7
95.8
94.4
94.3
94.4
95.3
94.6
94.1
92.8
93.8
93.8
94.0
94.1
93.7
94.5
94.6
94.4
93.5
93.0
93.8
95.4
96.4
97.1
96.8
97.4
97.9
99.0
98.5
96.8
96.7
98.1
97.6
96.6
96.7
95.0
94.8
97.2
95.2
96.4
95.6
95.5
97.2
96.6
96.2
96.0
95.5
95.8
96.2
96.1
95.8
96.4
95.4
95.7
96.4
95.8
97.0
100.4
98.7
96.4
96.2
95.3
97.0
96.1
97.3
95.0
95.3
96.4
94.8
96.3
94.9
94.9
96.8
97.0
97.6
97.9
97.0
100.9
97.4
94.8
94.4
93.5
94.1
94.4
92.6
92.1
94.4
95.2
94.5
92.9
92.2
93.6
93.5
91.7
93.8
96.0
91.9
94.3
93.1
92.5
95.6
92.7
91.8
93.9
92.6
93.9
91.6
91.2
92.5
93.2
92.1
92.3
91.1
93.9
94.6
92.6
97.6
94.9
95.3
94.2
91.0
92.7
91.1
91.0
89.5
90.0
90.6
89.8
89.1
90.6
90.5
91.3
91.3
90.5
90.6
91.5
91.2
89.7
88.6
90.1
90.2
89.9
88.9
90.3
88.7
88.5
88.9
86.8
90.6
92.4
92.4
90.5
91.0
90.5
89.9
92.0
92.8
91.0
92.5
91.7
89.9
92.8
91.6
92.5
91.6
91.1
90.6
90.9
89.2
91.7
93.5
91.3
91.2
91.4
90.7
89.0
89.6
88.3
88.4
89.8
87.7
88.3
88.8
91.6
89.0
87.3
88.6
88.8
88.9
90.3
89.7
87.3
90.8
89.7
88.9
89.8
91.1
87.9
89.7
88.1
87.5
86.2
88.4
87.0
86.6
87.6
87.5
88.1
88.8
86.4
90.0
89.3
88.1
88.3
92.0
88.6
86.9
90.1
91.0
89.6
90.8
88.4
86.7
88.1
86.4
85.6
85.7
91.4
95.7
90.6
91.2
93.2
85.5
88.8
94.1
90.3
94.1
88.6
87.2
86.9
84.4
84.5
84.1
84.4
84.1
85.0
87.3
87.0
85.8
85.6
88.0
85.7
88.0
86.5
84.1
84.5
84.7
84.3
83.7
91.7
95.5
93.1
90.7
85.3
88.1
84.6
84.7
92.4
84.9
88.1
87.8
83.5
84.5
86.0
85.5
85.1
85.4
85.1
86.1
85.7
85.8
83.8
86.8
85.7
86.1
86.5
85.9
88.8
87.0
86.6
86.6
86.0
86.2
86.4
87.0
87.2
85.7
86.1
84.9
85.9
85.9
86.4
87.0
84.7
84.8
85.1
85.4
85.8
84.5
85.7
85.4
83.1
86.3
85.3
86.4
87.1
87.3
85.9
89.4
89.0
87.1
86.2
89.0
87.4
87.5
86.5
85.0
86.8
87.3
86.3
86.1
85.8
85.2
83.6
85.1
84.5
85.9
84.4
85.0
84.6
84.7
86.0
85.8
86.0
85.6
88.7
86.3
87.0
90.6
91.4
91.1
88.7
90.2
88.4
87.7
87.8
88.5
88.2
89.6
87.2
86.3
88.0
88.1
84.9
88.0
86.1
87.2
85.4
87.8
86.9
87.4
87.2
85.1
86.3
89.0
88.1
85.6
87.6
88.0
87.7
87.4
87.5
86.6
88.1
85.7
85.0
85.3
82.8
85.1
83.2
83.0
83.3
84.7
83.9
84.5
84.4
85.4
84.5
84.6
83.8
85.4
84.4
90.4
93.9
91.4
91.0
92.2
89.5
90.0
88.9
86.7
90.1
86.5
87.8
88.5
88.8
87.9
90.0
87.0
89.0
87.6
90.1
89.9
91.8
90.9
91.3
91.9
89.8
88.7
88.1
88.1
86.0
85.6
86.3
85.8
87.3
88.4
88.3
91.9
86.9
90.2
85.0
87.4
87.6
88.3
88.0
88.4
90.0
86.5
85.9
86.0
87.9
85.0
89.6
93.2
95.8
97.5
92.9
90.1
92.1
94.1
95.6
94.7
93.5
91.2
89.2
88.5
88.3
88.2
87.0
89.8
87.7
88.2
85.8
87.2
86.8
87.0
83.1
82.9
86.0
85.6
84.1
84.8
86.4
83.1
85.9
85.5
86.4
86.8
86.2
85.3
84.7
84.8
86.9
86.9
89.3
85.6
85.3
85.7
85.8
86.3
86.1
86.2
85.5
85.2
86.8
87.8
89.1
87.4
85.3
87.2
85.8
87.5
87.3
86.5
86.2
89.7
90.3
88.6
89.4
86.7
85.0
88.1
85.9
85.5
86.1
86.0
87.0
87.7
86.0
89.8
87.6
90.1
88.3
88.1
90.2
89.1
88.0
86.6
87.5
88.9
88.5
94.2
91.5
91.0
93.7
95.3
95.7
93.2
91.7
90.2
90.7
92.5
93.6
94.8
93.2
92.2
92.1
93.9
93.6
93.7
92.5
93.1
93.4
93.2
91.6
93.4
94.6
93.4
94.0
95.0
94.1
94.3
96.4
96.1
96.2
94.2
94.8
93.6
93.8
91.5
94.2
94.3
95.0
96.1
93.7
94.0
94.2
94.7
96.4
96.1
95.4
97.5
95.7
93.6
92.5
95.2
94.2
94.5
95.1
95.6
93.7
93.3
94.1
94.0
93.0
94.3
93.8
95.6
95.2
95.6
96.0
94.0
95.0
93.9
99.0
96.8
96.3
97.1
93.9
93.6
96.9
96.7
95.9
95.2
94.6
95.4
94.0
94.6
97.5
97.5
98.8
102.8
104.5
103.5
98.0
96.4
93.4
94.4
91.8
97.1
99.3
95.3
94.9
96.4
94.6
92.0
91.8
91.6
91.6
91.0
88.5
90.6
91.1
91.3
91.5
88.7
88.2
88.2
87.0
88.0
88.3
88.1
87.0
87.7
87.9
87.6
86.6
87.8
88.3
88.4
88.4
88.7
87.8
87.4
86.7
87.1
86.8
87.1
87.3
87.8
87.6
86.9
86.8
87.2
87.6
87.4
87.7
87.3
85.8
88.0
86.9
85.6
85.4
86.1
86.4
87.3
86.6
87.7
87.9
85.8
85.6
86.9
85.8
85.8
85.0
84.1
85.1
84.4
85.2
85.2
85.0
85.0
85.0
85.3
86.1
84.9
85.6
84.7
81.3
83.1
85.3
86.8
85.2
83.9
85.1
82.6
84.2
84.8
83.7
85.3
84.4
84.7
84.3
85.1
84.3
84.5
85.3
85.7
84.7
83.6
81.9
87.4
86.4
87.6
84.8
86.4
86.7
85.1
85.7
84.8
85.2
85.0
86.3
86.6
86.6
85.9
85.4
86.9
86.7
87.2
85.3
85.3
86.1
86.2
85.6
84.6
85.8
84.1
83.8
84.7
85.2
85.3
84.5
85.6
85.1
84.8
85.2
85.2
84.7
86.0
85.3
84.2
86.9
85.0
85.2
85.4
85.3
84.8
85.4
85.8
86.4
86.5
86.7
86.8
85.3
85.9
84.5
86.3
86.0
85.5
85.5
86.6
86.6
86.3
84.8
94.8
98.4
96.7
92.7
91.8
89.3
91.5
90.7
90.7
89.4
88.1
85.5
86.2
85.0
87.3
86.9
87.0
86.3
86.3
85.3
85.6
85.3
86.0
85.8
85.6
85.6
85.7
86.5
85.0
85.9
85.2
87.0
86.1
88.4
87.8
88.2
87.8
87.6
86.6
86.7
87.2
86.2
85.6
87.1
86.6
86.1
86.4
87.2
87.5
88.0
87.2
95.7
93.1
92.2
89.2
89.8
89.9
89.9
89.1
89.4
88.1
88.7
87.6
88.1
88.7
87.9
92.4
89.8
89.1
89.2
87.8
87.9
86.2
87.6
86.9
86.3
86.2
85.8
87.4
87.4
87.0
86.9
86.8
87.3
87.7
87.2
86.8
86.8
87.1
87.4
86.9
84.8
86.1
84.8
89.4
90.9
89.6
92.4
92.5
91.7
91.6
86.9
87.7
88.2
87.0
86.7
86.5
87.2
88.3
84.8
90.1
87.4
87.6
86.7
87.4
87.1
86.4
86.0
85.7
85.2
85.4
84.9
84.7
85.8
89.4
88.2
88.4
88.4
87.6
88.0
87.5
87.7
88.4
86.4
90.4
88.6
86.7
86.9
85.3
85.7
84.9
85.2
85.5
83.6
85.9
87.5
85.0
85.5
85.2
83.9
85.0
86.3
83.5
83.8
84.6
84.5
83.3
81.3
83.7
82.9
82.9
84.0
82.7
81.3
81.9
80.8
82.4
83.9
88.1
86.5
86.4
90.2
96.2
90.4
86.3
91.0
93.9
90.6
88.2
84.3
83.6
82.8
83.1
81.3
82.4
82.2
82.2
82.2
82.2
84.0
84.7
86.6
84.0
86.5
85.3
87.8
86.6
84.5
83.1
83.5
87.6
86.6
83.2
84.9
83.9
84.6
86.4
85.0
83.8
83.7
82.1
81.8
82.8
83.3
82.1
82.0
82.4
81.0
83.9
86.9
84.6
85.9
87.3
83.5
82.4
82.4
85.2
86.5
85.2
84.0
83.3
85.1
82.3
82.7
82.0
82.8
82.2
81.3
84.1
83.8
83.8
82.8
81.7
82.3
84.0
84.7
81.4
87.5
82.1
86.0
83.0
83.3
84.4
81.5
84.9
86.7
86.0
85.5
90.4
83.0
82.1
82.0
81.1
80.5
79.3
79.1
79.1
77.8
77.8
80.9
79.9
79.7
78.7
79.6
80.2
81.0
80.3
81.7
80.8
80.9
79.8
80.6
81.5
77.7
79.9
80.9
80.1
79.4
81.0
79.7
80.7
77.8
79.5
80.1
80.8
79.0
78.8
78.3
77.2
79.8
79.6
80.0
79.8
81.1
79.6
78.9
80.8
80.5
80.0
80.4
80.8
80.7
82.1
81.8
80.7
79.8
80.0
80.8
80.9
80.3
82.9
81.3
81.7
81.2
81.7
81.0
81.8
83.0
82.5
82.1
80.6
79.6
81.0
81.0
80.9
80.4
81.2
81.2
81.5
81.0
81.8
81.1
80.7
81.5
82.1
82.3
81.7
81.5
81.8
82.3
84.0
82.3
82.0
82.3
82.6
82.2
82.2
82.1
83.0
82.8
81.6
82.9
81.3
82.3
82.4
82.9
82.5
83.0
84.0
83.4
84.4
84.5
83.4
82.4
78.8
80.2
78.9
82.1
82.4
82.1
83.5
78.8
81.1
82.9
83.1
82.4
82.4
82.3
82.8
82.5
82.2
83.6
81.2
83.2
81.8
82.1
89.3
93.8
92.9
86.2
84.5
85.7
86.2
85.3
85.5
85.8
85.3
86.0
86.4
86.5
85.5
85.8
85.7
86.1
85.8
86.2
87.3
87.3
85.5
84.4
87.3
87.7
86.2
86.9
85.5
86.6
87.5
87.4
86.5
85.6
83.8
84.2
83.9
83.9
84.1
83.7
82.7
82.7
83.3
83.6
83.5
83.2
83.1
81.4
82.1
82.9
84.0
83.1
82.9
82.2
83.4
82.0
81.8
83.0
81.6
82.8
82.7
82.2
82.8
82.1
82.3
82.4
82.3
82.0
81.9
81.9
82.7
82.0
82.5
81.8
81.8
83.3
82.1
82.4
82.3
83.0
83.1
81.6
81.9
82.7
81.9
81.9
82.0
81.7
81.9
82.4
82.2
82.0
82.3
82.2
82.1
81.7
81.6
82.0
81.2
81.6
82.0
82.8
81.4
82.4
81.6
80.0
81.5
81.1
80.8
81.7
79.0
81.2
81.3
80.9
81.8
80.8
81.2
86.4
93.5
93.1
93.3
92.2
90.2
88.5
88.9
84.4
85.5
85.6
83.3
84.5
84.4
84.9
88.6
84.0
83.1
83.7
84.4
84.6
84.6
83.6
81.1
84.5
81.0
83.6
84.0
81.2
82.7
82.3
83.8
82.0
82.2
83.0
82.3
81.6
84.2
83.8
82.9
84.5
84.6
84.2
82.4
83.6
84.6
83.1
86.6
85.0
84.7
82.8
82.4
81.3
82.3
83.3
82.6
83.0
82.5
83.2
84.8
84.4
82.6
83.8
83.5
82.5
81.8
82.3
82.0
83.7
83.3
82.1
82.4
85.3
83.5
82.7
81.8
83.5
82.6
81.0
82.8
82.3
82.2
81.7
83.0
82.3
82.3
82.6
81.6
81.8
82.3
81.8
82.0
81.4
81.6
82.4
82.3
81.9
82.7
81.8
81.5
81.0
82.0
81.5
79.7
86.1
88.0
84.8
85.4
82.3
85.7
86.0
85.2
82.7
83.0
81.2
80.4
82.3
80.4
81.2
82.5
81.3
80.7
79.8
81.6
83.4
82.4
82.3
81.9
80.7
83.2
83.3
81.6
80.0
82.2
81.7
82.9
79.3
81.7
79.9
81.3
82.6
80.6
80.6
80.5
79.4
79.9
80.0
81.6
80.0
79.6
81.7
80.9
81.1
80.4
82.7
82.7
80.9
81.2
82.7
82.5
84.1
82.0
85.0
82.5
84.3
82.3
83.0
84.2
83.2
84.0
86.6
85.4
84.9
88.0
84.1
83.1
80.5
83.8
83.1
82.4
84.7
84.6
84.0
85.5
86.4
83.9
83.4
85.7
83.9
85.9
83.8
85.3
85.3
84.3
84.7
86.9
87.9
91.8
89.8
86.2
82.8
82.0
84.0
84.0
84.2
85.9
87.5
89.3
88.5
85.9
86.2
86.0
85.1
85.1
84.6
83.5
83.6
83.6
86.7
86.4
86.7
86.8
85.7
88.0
88.9
88.0
89.7
87.3
85.5
85.3
86.9
87.1
88.5
87.1
88.1
87.1
86.5
87.4
85.6
85.4
87.6
85.9
87.7
86.9
88.1
85.5
88.3
87.3
87.2
87.0
86.7
87.9
86.2
83.2
86.5
86.1
85.5
87.2
89.0
86.2
86.1
87.3
89.1
86.8
86.4
85.1
86.7
87.4
85.9
85.3
85.1
86.2
84.3
85.3
85.5
84.4
85.2
84.2
84.4
85.3
87.9
87.3
86.0
87.6
89.5
86.5
89.5
87.6
87.5
85.6
85.6
87.8
87.1
87.0
86.8
87.5
90.5
89.5
90.1
90.2
86.9
91.7
91.6
91.0
89.8
88.8
85.6
86.7
88.0
85.5
87.5
87.2
87.3
85.8
86.4
88.8
89.2
86.7
86.0
87.2
88.2
90.5
88.4
90.0
87.9
88.5
87.8
87.5
89.8
88.2
89.3
89.9
87.8
86.8
84.6
89.7
89.1
89.7
88.1
87.8
86.5
85.9
87.4
86.8
87.5
84.7
86.0
85.9
86.6
90.1
92.7
90.5
86.9
89.2
90.9
87.3
86.4
86.7
86.6
83.8
86.8
91.1
94.9
93.8
94.6
94.0
93.7
93.5
90.8
86.4
86.0
93.6
90.0
89.2
87.4
84.7
83.7
80.1
77.7
80.1
81.4
80.0
81.1
79.6
82.0
86.7
84.8
80.5
82.5
82.2
84.3
82.6
80.6
82.2
82.1
86.0
83.4
84.0
84.1
82.3
84.0
83.5
83.9
84.9
85.0
83.7
85.6
87.3
86.5
85.4
86.3
85.5
89.9
87.1
86.3
85.2
85.9
85.0
83.9
85.7
85.5
84.8
87.2
89.8
91.0
90.0
93.7
92.3
88.7
88.4
87.5
86.7
87.5
88.1
88.1
85.9
85.5
84.0
84.2
88.5
84.7
83.7
85.0
85.5
86.0
86.4
86.3
89.5
89.3
90.4
87.7
87.0
86.9
86.3
86.0
85.6
85.7
88.8
86.0
84.8
86.7
87.9
86.4
84.1
85.8
86.6
85.9
83.9
87.3
91.0
85.9
84.7
84.1
83.4
83.8
82.6
82.5
82.3
81.4
80.8
83.0
83.1
82.0
82.7
82.3
80.4
80.0
80.0
80.5
81.8
85.0
85.4
87.5
87.7
84.4
87.8
87.4
93.4
83.6
89.7
93.9
91.1
87.1
83.7
85.7
84.5
84.7
87.3
88.2
88.0
86.7
83.4
82.6
83.2
81.7
88.9
84.1
85.1
82.1
90.2
85.4
89.2
85.4
88.9
90.3
85.5
84.7
83.7
83.3
84.9
86.2
84.0
82.7
82.7
87.3
84.0
82.8
88.2
86.8
89.4
92.7
89.7
94.4
93.3
90.1
88.0
85.5
92.0
86.4
81.7
82.5
84.6
89.3
87.9
88.3
85.6
95.0
99.0
98.0
96.5
95.3
93.6
89.1
86.4
85.9
85.1
86.4
87.3
85.9
84.6
84.2
84.0
83.8
84.1
82.6
81.6
82.6
83.1
82.4
83.8
81.9
85.2
84.3
83.8
84.5
83.8
82.9
86.2
86.1
88.4
86.0
86.5
87.9
88.8
92.7
87.0
86.8
87.2
92.0
94.4
89.5
88.6
86.8
86.2
85.9
87.1
86.2
86.5
84.4
83.0
85.1
85.4
86.2
86.2
86.8
86.2
84.9
87.8
85.7
85.3
84.2
85.4
85.6
84.4
86.5
85.9
88.8
90.3
89.9
88.9
89.2
88.6
86.8
87.3
91.5
91.1
93.7
93.7
91.6
89.1
89.0
88.0
87.9
84.5
85.3
83.3
83.4
83.3
85.3
85.1
83.0
84.4
84.1
84.9
84.7
83.1
83.0
84.3
91.2
92.9
89.7
89.4
89.8
90.1
88.1
85.1
83.8
84.5
84.5
84.0
82.9
85.9
83.7
84.0
82.5
84.6
82.0
81.9
83.3
82.9
83.1
83.0
84.3
83.7
82.7
82.9
87.3
91.2
86.0
84.3
84.9
88.0
84.7
84.6
85.2
85.3
82.0
80.9
82.4
82.1
83.1
82.4
84.7
84.8
85.6
87.9
92.9
90.6
93.7
91.7
90.4
83.9
82.6
86.6
84.3
83.6
89.9
88.2
83.2
84.9
82.1
83.6
82.2
82.9
81.8
81.6
81.0
82.0
81.8
81.3
81.5
81.0
82.2
84.4
82.9
83.4
83.8
81.8
83.7
82.4
84.8
85.2
88.6
91.9
87.8
88.3
94.3
91.4
88.1
87.9
84.2
84.6
83.8
84.1
83.1
82.5
82.2
82.5
80.5
79.4
80.1
79.8
79.5
78.9
76.4
79.5
78.8
81.4
81.1
85.3
84.0
82.0
85.5
84.2
83.2
82.0
79.7
81.8
80.2
80.6
79.9
78.8
80.5
81.3
79.5
81.5
83.7
80.8
79.8
81.4
81.3
80.6
81.2
83.0
82.8
84.9
83.0
82.1
80.5
78.5
81.1
82.4
82.8
81.2
78.2
80.2
78.7
79.2
80.3
79.9
80.8
82.9
82.5
81.9
81.3
79.8
79.1
79.7
79.3
78.1
77.8
79.2
79.1
80.4
77.2
80.0
81.2
83.4
80.4
80.6
80.7
85.2
84.5
84.2
86.6
84.0
90.3
85.5
85.0
80.9
76.9
76.1
77.6
76.2
79.2
75.7
74.9
78.7
78.5
77.4
79.3
80.2
77.3
76.9
77.7
77.0
76.6
75.6
77.9
75.5
74.9
76.2
77.2
76.0
77.1
78.5
77.0
76.8
78.6
78.0
76.7
76.9
76.9
75.0
78.3
75.9
75.6
75.9
74.7
74.8
75.1
75.5
79.2
77.9
77.3
78.3
76.6
73.8
75.3
75.1
76.1
74.7
76.5
77.4
75.2
76.6
83.2
79.3
81.1
80.1
82.6
81.0
78.8
77.5
78.5
76.6
77.2
75.9
76.2
74.4
77.3
75.8
76.3
75.4
75.8
75.4
74.9
74.9
75.0
76.0
75.7
75.7
76.8
79.4
77.0
75.9
76.0
75.7
74.0
74.6
75.1
74.4
76.2
75.3
75.3
74.1
73.7
72.5
72.0
73.1
73.5
72.8
73.9
76.6
81.6
75.3
73.3
73.5
72.8
71.8
72.1
76.6
79.4
75.0
76.8
75.8
74.4
74.1
72.0
71.4
71.1
71.8
72.7
72.6
72.8
73.1
72.5
72.7
70.5
72.1
71.5
70.8
70.0
70.0
70.0
70.0
70.0
70.0
70.7
71.1
71.1
71.2
72.5
72.8
72.8
73.1
73.3
71.4
70.8
71.5
70.7
72.1
71.1
74.0
75.5
72.8
73.1
72.8
73.9
72.8
72.7
72.9
73.5
73.9
75.3
74.2
73.5
72.7
74.0
72.9
72.9
73.8
73.6
73.5
73.8
73.3
73.6
73.2
74.2
71.6
71.7
71.7
72.4
73.3
72.6
73.7
74.0
73.8
77.1
82.6
85.4
80.5
76.6
76.6
75.9
75.6
72.9
73.2
73.3
73.1
73.1
72.8
73.0
74.2
73.5
74.4
72.2
73.1
73.6
73.3
72.5
75.0
73.6
73.4
75.1
73.6
74.7
73.1
74.4
76.5
72.6
74.0
74.0
74.8
73.7
73.5
73.5
72.9
74.3
73.6
73.7
73.0
75.2
75.7
75.7
74.7
74.1
74.4
73.8
73.0
72.1
73.6
72.5
71.8
71.9
71.4
72.0
71.0
70.9
71.2
72.7
73.0
73.8
73.2
71.7
72.9
71.3
71.3
71.8
77.0
80.4
81.3
81.3
80.6
76.8
78.3
75.1
76.9
76.7
74.3
75.4
78.6
80.8
80.9
76.9
74.8
74.7
74.5
73.2
72.2
74.2
76.6
76.7
78.8
74.2
70.8
74.3
72.4
73.4
77.3
73.9
80.4
81.7
84.6
85.3
85.4
89.6
87.3
79.2
75.8
70.8
70.9
70.6
70.0
70.0
70.0
70.5
70.9
70.0
70.0
70.2
70.0
70.0
70.0
70.0
70.0
70.7
72.4
70.1
70.0
70.0
70.0
70.0
70.0
70.7
70.0
70.0
70.6
70.0
70.0
70.0
70.0
70.0
70.0
70.0
70.0
70.6
70.0
70.0
70.0
70.0
70.0
70.0
70.0
70.1
70.0
71.5
72.5
74.4
75.0
76.4
73.4
74.6
74.4
74.9
74.8
77.2
77.8
72.5
72.5
73.7
75.3
71.8
74.0
76.1
81.8
81.6
78.0
73.6
70.5
70.3
70.4
70.0
70.7
70.3
70.0
70.2
70.3
70.0
72.7
70.4
70.0
70.0
70.0
70.0
70.0
70.0
70.0
70.3
70.0
70.0
70.0
70.0
70.1
70.1
70.0
70.0
70.0
70.0
70.6
70.0
70.0
70.0
70.2
70.0
70.0
70.0
70.8
70.0
70.0
70.0
70.0
70.0
70.0
70.0
70.0
70.0
70.0
70.0
70.0
70.0
70.0
70.0
70.6
70.0
70.0
70.0
70.0
70.0
70.2
70.2
71.7
75.4
73.4
74.1
70.0
70.0
70.0
70.0
70.0
70.0
70.0
70.0
70.0
70.0
70.0
70.0
70.0
70.0
70.0
70.0
70.0
70.0
71.0
70.0
70.4
70.0
71.4
72.2
70.8
70.0
70.2
73.4
70.9
70.0
70.0
70.0
70.0
70.0
70.0
70.0
70.0
70.0
70.0
70.0
70.0
70.0
70.0
70.0
70.0
70.0
70.0
70.0
70.0
70.0
70.0
70.0
70.0
70.0
70.0
70.0
70.0
70.0
70.0
70.0
70.0
70.0
70.0
70.0
70.0
70.0
70.0
70.0
70.0
70.0
70.0
70.0
70.0
70.0
70.0
70.0
70.0
70.0
70.0
70.0
70.0
70.0
70.0
70.0
70.0
70.0
70.1
70.0
70.0
70.0
70.0
70.0
70.0
70.0
70.0
70.0
70.0
70.0
70.0
70.0
70.0
70.0
70.2
70.0
70.0
70.0
70.0
70.0
70.0
70.0
70.0
70.0
70.0
70.0
70.0
70.0
70.0
70.0
70.0
70.0
70.0
70.3
70.0
70.0
70.0
70.0
70.2
70.0
70.0
70.0
70.0
70.0
70.0
70.0
70.0
70.0
70.0
70.0
70.0
70.0
70.0
70.0
70.0
70.0
70.0
70.0
70.0
70.0
70.0
70.2
70.0
70.0
70.0
70.0
70.0
70.0
70.0
70.0
70.0
70.2
70.0
70.0
70.3
70.0
70.0
70.0
70.0
70.0
70.7
70.5
70.5
71.2
70.0
70.0
70.0
71.0
71.0
70.7
72.4
73.1
72.4
70.2
70.4
70.0
70.0
72.4
70.1
70.0
70.0
70.0
70.0
70.0
70.0
70.0
70.0
70.0
70.3
70.0
70.0
70.0
70.0
70.0
70.0
70.0
70.0
70.2
70.0
70.0
70.0
70.0
70.0
70.0
70.0
70.0
70.0
70.2
70.2
70.0
70.0
70.0
70.0
70.0
70.0
70.0
70.0
70.0
70.0
70.0
70.0
70.0
70.0
70.0
70.0
70.0
70.0
70.0
70.0
70.0
70.0
70.2
70.0
70.0
70.0
70.0
70.0
70.0
70.0
70.0
70.0
70.0
70.0
70.0
70.4
70.0
70.0
70.2
73.2
76.6
77.5
74.2
70.4
70.0
70.0
70.0
70.0
70.2
70.0
70.0
70.0
70.0
70.0
70.0
70.0
70.0
70.0
70.0
70.0
70.2
70.0
70.0
70.0
70.0
70.0
70.0
70.0
70.0
70.0
70.0
70.0
70.0
70.0
70.0
70.0
70.0
70.0
70.0
70.0
70.0
70.0
70.0
70.0
70.0
70.0
70.0
70.0
70.0
70.0
70.0
70.2
70.2
70.0
70.0
70.0
70.0
70.0
70.0
70.0
70.0
70.0
70.0
70.0
70.0
70.0
70.0
70.0
70.0
70.0
70.0
70.0
70.0
71.8
70.0
70.0
70.0
70.0
70.0
70.0
70.0
70.0
70.0
70.0
70.0
70.0
70.0
70.0
70.0
70.0
70.0
70.0
70.0
70.0
70.0
70.0
70.2
70.0
70.0
70.0
70.0
70.4
70.0
70.0
70.0
70.0
70.0
70.0
70.0
70.0
70.0
70.0
70.0
70.2
70.0
70.0
70.0
70.0
70.0
70.0
70.0
70.0
70.0
70.0
70.0
70.0
70.0
70.0
70.0
70.0
70.0
70.0
70.3
70.0
70.0
70.0
70.0
70.1
70.2
70.0
70.0
70.0
70.0
70.0
70.0
70.0
70.2
70.0
70.0
70.0
70.0
70.0
70.2
70.0
70.0
70.0
70.0
72.5
70.8
71.1
70.0
70.0
70.0
70.0
70.0
70.0
70.6
78.1
77.8
73.7
70.2
70.6
70.0
72.0
70.2
70.2
70.4
70.6
70.4
70.7
70.3
71.2
70.0
70.1
70.2
70.0
70.0
70.0
70.0
70.0
70.0
70.7
70.8
70.5
70.3
70.0
70.0
70.1
71.3
70.0
70.3
70.1
70.0
70.0
70.0
70.1
70.1
70.0
70.5
70.0
70.0
70.7
70.0
70.0
70.0
70.0
70.1
70.0
70.0
70.3
70.0
70.0
70.0
70.0
70.0
70.0
70.0
70.0
70.0
70.0
70.0
70.0
70.0
70.0
70.0
70.0
70.0
70.0
70.0
70.2
70.0
70.2
70.2
70.5
70.0
70.0
70.0
70.3
70.2
70.0
70.0
70.2
70.1
70.0
70.0
70.0
70.6
70.4
70.0
70.0
70.0
70.0
70.0
70.0
70.0
70.0
70.0
70.0
70.0
70.0
70.0
70.0
70.0
70.0
70.0
70.0
70.0
70.2
70.3
70.0
70.0
70.0
70.0
70.0
70.0
70.0
70.0
70.0
70.0
70.0
70.2
70.2
70.2
70.0
70.0
70.0
70.0
70.0
70.0
70.0
70.0
70.0
70.0
70.0
70.0
70.0
70.0
70.0
70.0
70.0
70.0
70.0
70.2
70.0
70.0
70.0
70.0
70.0
70.0
70.0
70.0
70.0
70.0
70.0
70.0
70.0
70.0
70.0
70.0
70.0
70.4
70.0
70.0
70.0
70.0
70.0
70.0
70.0
73.1
72.2
72.7
70.3
71.5
72.8
73.5
70.6
71.1
73.3
72.4
72.0
71.1
70.4
70.3
70.0
70.0
70.2
70.5
70.6
71.1
71.3
71.9
73.6
74.1
73.4
72.9
72.4
72.8
72.3
73.3
72.2
71.9
72.7
72.5
73.5
74.3
75.2
74.9
75.5
73.4
73.6
77.9
78.6
76.8
78.2
77.4
77.2
77.9
77.5
76.2
73.6
75.1
74.4
74.3
74.4
75.8
76.2
74.9
74.3
73.8
76.2
76.1
79.0
77.0
74.6
74.4
76.3
74.1
78.7
78.4
78.1
74.0
76.5
76.1
72.1
73.2
72.5
74.6
73.3
70.5
70.3
70.7
71.0
72.8
70.7
73.2
75.4
74.4
74.3
74.1
72.7
72.8
71.9
71.4
74.4
73.8
72.5
72.9
73.8
74.8
71.9
72.7
74.8
74.8
76.0
77.3
78.1
78.3
79.4
78.6
78.8
77.5
76.2
77.7
78.2
77.0
77.8
78.3
76.6
77.3
77.3
76.6
77.7
77.9
78.6
78.9
79.4
77.8
77.8
76.7
75.6
74.5
75.3
74.7
73.1
71.8
71.8
70.5
71.1
70.5
71.3
72.5
75.0
73.0
73.8
72.4
73.7
78.4
75.0
75.1
73.8
73.9
73.3
73.5
74.9
75.8
75.3
75.2
74.7
75.7
75.5
73.2
71.5
71.0
73.5
73.4
73.6
74.1
76.3
75.1
73.4
74.1
73.1
72.0
73.0
72.5
73.4
71.8
73.0
71.3
73.2
75.0
74.3
71.6
75.3
73.8
71.7
72.4
73.4
73.6
73.7
72.7
75.9
74.8
75.7
77.5
77.7
77.9
79.6
77.9
78.5
75.6
77.4
78.8
78.8
75.8
74.9
73.8
74.0
76.3
77.3
78.1
78.7
79.3
76.2
77.1
77.0
75.3
71.9
72.1
73.3
74.2
74.7
73.9
74.4
75.0
73.7
74.0
74.1
75.8
76.0
75.1
74.6
73.8
74.5
73.6
74.9
74.6
74.5
75.3
74.8
74.8
72.1
72.0
74.8
72.7
73.8
73.4
73.2
73.1
72.6
71.7
72.4
73.3
73.7
73.5
73.4
72.5
73.5
74.5
75.7
73.6
72.8
72.3
72.4
72.0
71.4
71.5
72.2
74.5
74.3
74.8
74.3
73.8
73.7
73.7
74.1
75.1
75.9
75.4
74.9
76.5
75.4
74.9
75.1
74.9
74.6
74.9
74.4
74.1
73.7
73.4
72.6
72.9
72.9
73.1
74.2
72.9
73.0
72.6
72.6
72.7
75.5
73.7
73.0
73.6
71.7
73.4
72.4
72.1
73.5
75.0
74.4
73.3
74.3
73.4
70.4
70.7
71.3
71.4
72.7
73.1
72.2
72.1
70.6
71.7
71.5
75.7
74.5
72.5
73.0
72.4
71.3
70.7
70.5
70.5
70.3
70.1
70.0
70.0
70.0
70.0
70.0
70.0
70.0
70.4
70.0
70.0
70.0
70.0
70.0
70.1
70.8
70.1
70.0
70.0
70.0
70.0
70.0
70.0
70.0
70.0
70.0
70.0
70.0
70.0
70.0
70.0
70.0
70.0
70.0
70.0
70.0
70.0
70.0
70.0
70.0
70.0
70.2
71.8
74.8
74.7
75.1
76.3
75.5
74.3
73.3
73.9
74.3
73.9
73.3
71.5
71.8
70.8
71.3
70.3
70.0
70.0
71.0
70.0
70.3
70.0
70.4
71.3
70.7
72.3
72.6
72.0
72.2
70.0
71.4
70.7
71.2
71.5
70.9
70.0
70.1
70.7
70.2
70.0
70.1
70.2
70.0
70.0
70.2
70.3
70.0
70.5
71.1
70.0
70.9
70.0
70.0
70.0
70.1
70.0
70.0
70.2
70.2
70.2
70.8
70.4
71.2
72.2
73.5
75.4
73.7
79.1
80.0
78.8
76.2
76.5
74.7
73.7
75.2
75.5
76.5
73.9
72.9
74.6
73.0
72.0
71.3
70.6
70.0
70.8
70.0
70.5
70.9
70.9
71.3
71.3
72.4
72.7
72.4
71.7
71.8
71.5
73.1
72.8
71.1
70.4
70.7
71.6
70.5
70.2
70.0
70.3
70.0
70.0
72.7
71.9
70.8
72.0
72.7
70.0
70.4
71.2
70.8
70.2
70.5
70.1
70.1
71.5
73.9
75.9
72.6
73.2
74.9
75.8
73.7
71.8
71.0
70.9
71.5
71.1
71.0
71.3
72.3
71.1
70.8
71.8
71.3
70.7
72.2
70.1
70.2
70.0
70.0
70.4
71.1
74.6
72.4
70.1
71.2
70.3
70.4
70.0
70.4
72.1
72.4
72.3
70.9
71.1
74.3
70.3
71.8
71.7
72.8
71.3
72.2
70.3
72.2
72.5
73.0
74.8
74.9
70.9
72.0
72.4
71.2
71.7
72.0
71.2
70.7
70.6
70.3
70.2
70.6
71.0
70.0
70.4
70.8
71.1
71.4
70.9
70.3
70.4
70.7
71.9
70.6
71.0
71.3
70.0
70.9
70.8
70.0
70.1
70.7
69.7
70.5
70.0
70.2
70.9
70.0
70.3
70.0
68.3
70.1
70.2
70.1
70.6
70.0
70.0
70.0
74.8
74.0
74.3
73.4
74.5
72.0
72.9
70.7
70.9
70.1
70.0
70.1
71.2
72.2
75.4
75.9
73.8
75.8
72.9
73.3
71.1
69.8
70.0
70.0
70.7
70.6
70.1
70.5
72.1
71.1
74.8
71.5
70.3
72.5
70.4
70.1
70.3
70.5
70.1
70.0
70.3
70.0
70.5
70.8
70.0
70.2
70.0
70.0
70.3
70.2
72.2
70.5
70.2
71.4
71.8
70.6
70.9
70.0
70.0
71.2
70.8
70.4
69.2
70.5
70.7
70.9
71.3
70.6
70.0
70.1
70.5
70.0
70.2
68.4
70.5
70.3
72.0
72.3
70.4
70.0
70.2
70.0
70.0
70.0
70.0
70.2
69.9
70.0
70.0
70.0
70.0
70.0
70.9
70.2
70.0
70.0
70.0
70.0
67.8
69.5
70.0
70.1
72.2
71.3
70.8
70.9
70.7
70.0
70.0
67.5
69.3
70.1
72.1
79.8
74.0
73.8
73.7
71.6
71.7
75.1
73.1
72.9
73.1
71.8
73.5
70.8
73.5
72.0
73.9
73.9
73.3
75.3
73.5
70.7
70.4
70.9
70.3
71.1
70.5
71.6
71.3
70.8
70.9
71.5
72.0
71.7
71.0
72.5
72.5
71.5
72.4
75.9
73.8
74.4
72.3
72.8
67.5
69.0
72.6
72.3
72.9
72.6
73.4
72.8
72.3
72.5
72.9
72.6
73.1
72.7
72.7
72.9
73.5
73.9
74.8
67.7
71.1
74.1
74.3
74.4
74.9
74.9
75.0
74.7
74.7
75.1
75.9
72.0
76.1
75.9
76.7
77.0
77.2
75.8
76.5
76.5
75.7
76.6
77.1
77.0
77.0
77.9
78.0
77.9
77.7
77.5
77.7
77.8
78.1
77.9
78.2
77.0
76.8
78.2
78.2
79.2
78.7
78.9
78.7
79.0
79.6
78.9
79.2
79.2
79.5
79.0
79.4
79.3
79.9
80.1
80.2
80.6
80.6
80.6
80.5
81.2
81.5
82.5
83.5
83.7
83.7
83.0
81.3
80.4
79.6
76.6
76.6
79.7
78.0
79.7
78.3
78.0
78.0
78.7
79.1
79.1
80.1
80.4
80.5
81.1
82.0
81.6
82.2
82.8
82.8
81.6
81.7
82.7
81.6
82.8
82.6
82.9
83.4
83.8
83.7
84.1
83.0
83.5
83.2
82.8
81.5
82.5
86.9
89.1
90.8
90.0
89.5
91.6
90.7
88.6
87.0
84.8
82.7
83.6
82.1
81.1
83.9
86.2
84.6
85.9
84.4
86.2
85.2
85.4
84.7
86.2
86.7
90.2
89.8
94.2
91.8
93.5
93.7
92.8
92.6
91.8
91.7
92.5
93.8
94.8
98.0
99.9
100.3
100.1
100.6
99.5
97.8
96.9
97.7
99.8
99.1
98.7
99.2
96.9
95.7
95.0
93.1
92.3
92.1
91.8
92.7
93.9
90.6
92.1
94.7
95.4
96.6
95.4
96.6
97.5
98.7
98.9
96.8
98.9
100.0
98.3
96.7
98.3
95.7
95.2
93.7
92.9
91.1
90.0
91.5
89.3
91.4
91.0
90.2
91.2
91.2
91.1
90.0
90.0
90.3
90.0
90.3
92.0
90.5
91.1
91.3
91.5
90.3
90.9
92.2
91.0
91.1
89.4
88.6
90.3
91.2
88.5
91.7
91.4
94.0
91.2
90.1
90.5
91.4
91.9
90.4
91.6
91.2
90.7
89.1
87.4
86.9
89.2
87.7
85.5
85.1
87.9
87.8
85.3
85.9
85.3
85.7
86.5
84.5
87.5
84.9
88.6
86.4
87.4
87.3
85.6
84.2
86.7
85.5
85.6
84.7
86.8
84.7
85.5
84.6
83.4
84.7
83.7
82.2
84.0
85.0
85.0
84.2
83.1
84.8
83.3
84.4
86.4
85.3
85.3
83.1
82.8
83.1
81.8
81.8
83.0
84.0
84.2
83.9
82.3
84.0
83.2
84.5
84.0
85.2
85.0
85.0
91.5
90.7
90.7
92.3
92.1
90.2
87.0
90.3
86.1
83.9
79.4
86.2
89.6
86.8
85.3
86.0
81.3
79.2
77.6
79.8
79.2
79.6
79.1
78.6
79.7
78.8
78.4
78.3
78.4
80.2
80.7
80.4
78.5
81.2
81.8
80.7
81.4
82.4
84.0
80.1
80.0
79.9
80.1
81.0
80.5
82.2
82.1
82.6
82.5
82.8
83.0
84.2
84.7
83.2
83.2
84.0
83.4
82.8
81.3
84.1
83.5
82.8
82.1
83.7
81.6
81.0
80.3
81.8
82.3
81.7
82.2
82.7
82.4
82.5
80.7
84.0
89.6
91.0
89.6
87.1
86.2
85.7
83.5
82.2
80.3
82.4
78.5
79.5
81.2
81.2
81.7
82.3
81.9
82.8
82.9
80.6
81.7
80.5
80.8
79.3
79.2
79.7
79.1
80.6
81.0
81.4
80.3
78.7
79.4
78.9
77.8
78.0
80.6
79.6
79.8
78.3
80.7
80.3
78.9
80.1
79.8
79.2
80.3
78.3
79.7
78.7
79.0
60.5
79.3
79.1
78.4
78.5
80.2
79.8
79.1
78.3
79.0
77.8
79.3
79.3
78.9
79.2
78.2
79.6
78.6
77.7
78.3
78.1
78.8
78.0
80.1
80.9
79.8
78.3
75.0
78.3
79.5
82.2
84.3
84.0
85.4
84.2
84.8
83.8
81.4
79.4
77.3
83.6
81.2
85.4
79.4
81.0
83.3
84.5
86.5
84.0
85.4
83.2
84.8
84.3
80.1
80.5
82.8
86.1
82.0
80.7
80.2
80.0
77.0
64.8
75.6
76.6
76.2
75.6
75.6
76.4
62.1
69.5
79.0
78.1
78.0
76.5
77.7
83.4
88.1
89.3
85.6
86.2
87.4
86.3
87.0
86.7
85.9
84.0
86.5
83.4
85.4
85.2
85.8
87.0
86.3
86.5
86.9
85.0
86.5
84.3
81.6
80.6
84.7
83.9
85.0
84.5
84.3
85.2
83.5
82.4
83.5
80.8
80.0
84.2
83.9
86.9
85.9
85.6
89.4
86.8
88.1
87.7
87.5
87.4
84.4
87.3
85.8
86.2
84.5
85.6
83.7
83.8
81.8
83.4
83.2
82.0
81.8
80.4
79.8
83.9
88.6
83.9
83.2
81.9
80.9
81.0
80.6
79.6
80.8
80.7
79.3
82.1
80.5
82.1
81.3
80.5
80.2
79.5
78.8
79.0
80.6
79.0
77.4
76.0
77.3
75.5
74.5
75.1
77.2
74.7
76.6
80.5
78.6
79.3
81.0
83.7
81.0
80.6
83.4
81.0
83.7
80.3
82.9
80.9
82.2
81.5
78.6
79.1
79.3
76.5
79.1
83.5
80.7
77.3
76.7
78.1
78.2
81.9
78.2
78.7
77.0
78.4
78.5
79.4
79.6
78.1
78.9
78.4
78.3
79.3
78.7
77.8
78.7
78.9
79.1
79.7
79.4
78.8
79.5
83.2
80.3
77.9
75.8
79.5
76.0
76.1
76.8
78.0
75.5
76.5
77.3
79.2
76.4
77.0
76.5
76.7
77.2
77.0
77.9
77.7
77.6
77.4
77.7
77.2
78.1
77.4
77.4
80.8
85.3
85.3
84.8
83.6
79.8
78.4
77.9
76.9
74.6
71.9
70.3
70.6
70.3
72.2
70.7
70.9
73.8
77.7
78.7
71.4
73.6
70.7
73.3
74.2
73.1
73.6
74.3
79.8
77.5
81.0
82.6
80.4
80.0
79.1
80.5
79.6
79.1
80.0
78.1
79.0
79.0
81.0
81.5
77.5
79.2
84.3
81.2
84.7
84.1
81.8
82.5
83.0
82.0
82.7
82.1
80.9
80.5
83.3
87.4
87.3
81.8
81.2
82.0
82.8
82.3
88.1
88.8
90.5
88.7
91.1
95.0
96.8
97.7
97.2
94.4
94.8
95.5
100.3
100.3
97.3
96.7
95.0
91.9
91.5
91.3
94.3
94.1
91.5
90.4
89.1
89.0
90.1
89.5
91.7
91.4
91.3
87.8
89.8
92.2
94.4
93.5
90.1
88.9
88.2
88.9
89.4
89.7
88.3
87.4
88.6
87.8
87.5
87.6
86.7
87.9
91.3
89.1
88.3
87.4
86.6
86.9
82.6
87.8
85.4
85.6
84.6
85.6
87.0
84.5
84.3
86.6
87.5
87.3
86.0
89.4
91.9
87.2
87.9
86.4
86.6
87.8
86.8
87.9
88.6
86.2
84.9
82.3
83.4
84.1
84.2
84.4
85.4
83.6
83.5
85.1
78.7
79.5
80.2
80.5
81.5
82.3
80.3
82.2
83.6
82.6
82.3
82.7
83.9
83.2
83.6
82.8
83.7
84.6
80.9
82.2
83.1
82.7
85.7
86.0
86.3
85.8
85.5
86.1
86.9
87.3
87.7
87.0
86.6
87.4
87.4
87.5
88.2
84.1
84.7
86.5
86.2
85.8
84.8
85.9
86.3
86.3
86.5
85.8
84.9
84.9
81.0
87.5
86.3
86.6
87.0
86.9
87.8
87.7
87.2
89.1
90.0
90.2
90.8
88.7
87.3
85.7
88.6
88.9
86.9
87.4
82.5
85.8
87.7
86.1
86.0
86.6
86.2
87.7
88.6
86.4
87.2
83.7
87.8
87.7
87.6
91.2
87.2
88.6
87.4
87.8
86.7
86.5
86.1
84.7
84.7
85.7
85.3
85.3
80.1
81.9
77.9
82.1
81.0
79.6
78.7
79.1
80.5
80.0
80.6
81.7
83.0
84.2
84.1
81.8
81.4
84.5
83.7
82.7
83.5
83.0
83.2
82.8
83.2
82.7
83.6
83.7
83.9
83.4
82.8
84.6
86.5
86.5
86.2
86.1
86.7
87.3
86.6
85.8
85.6
87.6
84.1
85.2
83.9
85.0
83.4
84.3
85.1
85.0
85.0
88.0
85.7
81.8
79.6
83.3
84.5
85.1
86.9
93.7
92.0
89.6
88.1
88.0
83.0
81.9
83.8
81.8
83.5
82.9
83.4
82.7
84.1
88.6
90.7
86.9
85.4
85.6
86.6
87.9
89.4
92.2
93.4
94.1
92.4
93.1
91.4
89.7
88.5
89.2
88.2
87.1
86.8
88.2
86.9
85.9
84.6
84.0
83.6
84.3
82.9
82.7
85.1
86.0
82.9
81.9
82.0
81.8
83.4
82.1
83.7
86.2
89.3
88.9
90.4
94.0
94.1
93.0
93.3
93.7
93.7
92.1
93.2
90.0
91.7
90.6
92.2
92.0
91.9
90.7
90.3
91.6
91.8
91.2
89.6
87.5
88.4
87.7
85.6
86.1
82.3
86.3
87.9
86.8
86.4
86.0
85.6
86.5
85.6
86.9
85.5
85.1
85.8
86.7
83.1
83.9
86.4
86.9
87.9
93.9
93.2
87.5
88.3
90.0
87.9
89.8
90.3
88.9
88.0
87.7
85.5
87.0
85.3
86.8
85.4
83.7
85.2
82.6
84.3
83.5
86.9
84.5
81.7
84.3
83.2
84.1
82.6
84.5
82.1
82.8
83.1
86.2
87.0
89.3
87.3
87.4
87.2
88.5
90.1
87.5
87.7
86.5
86.4
86.0
83.1
87.1
88.6
86.8
87.4
86.8
85.4
85.6
88.3
87.4
86.0
86.1
85.9
86.0
84.8
85.1
85.5
84.0
84.0
83.5
85.0
84.2
84.6
85.0
87.3
89.5
99.2
94.9
94.5
97.1
96.4
98.0
98.7
92.2
93.6
91.1
88.7
92.2
90.1
89.0
89.0
90.2
90.5
87.1
89.1
88.2
90.1
87.6
89.2
86.6
86.3
86.0
86.7
86.4
87.4
84.4
84.5
83.8
83.0
82.7
83.0
81.7
81.6
80.6
84.7
85.7
84.3
82.1
87.5
100.2
101.3
99.8
93.0
90.1
90.9
89.6
90.1
89.2
87.4
88.6
87.2
87.8
89.5
87.5
87.1
86.5
84.9
84.5
85.4
84.8
85.6
85.2
83.8
85.1
84.8
84.0
83.4
82.2
82.3
82.9
87.9
85.2
84.4
84.9
85.3
83.1
82.5
83.9
85.4
81.6
81.4
83.3
80.6
80.5
81.6
80.7
81.5
80.9
81.2
82.0
83.1
82.3
81.8
86.3
82.2
81.4
88.0
86.6
88.7
85.8
84.4
83.4
83.7
86.3
86.2
89.9
94.1
100.1
101.5
100.3
99.3
94.3
91.0
90.1
92.9
91.7
93.5
91.5
93.9
92.6
90.1
93.1
87.7
88.7
86.0
87.4
90.5
87.5
86.3
87.5
87.4
88.6
88.3
88.4
89.2
87.2
87.4
86.2
87.5
85.9
85.7
85.3
85.1
87.7
84.4
81.7
81.6
81.9
82.6
81.1
82.3
82.5
82.6
81.6
82.8
82.5
82.2
79.5
80.8
81.4
80.6
78.7
81.3
81.3
81.9
81.2
81.7
81.4
80.4
81.8
81.3
82.4
81.7
82.0
80.7
80.9
80.6
80.8
80.6
81.3
81.0
80.7
81.9
80.5
79.4
80.1
80.3
79.0
78.9
80.5
80.2
79.1
74.4
79.3
80.5
78.8
79.3
80.3
79.2
78.4
79.2
81.5
78.9
80.1
80.3
79.2
80.1
78.8
78.7
79.5
79.4
83.3
80.8
79.8
79.2
80.5
80.5
81.9
82.8
79.9
79.1
78.7
82.3
80.3
78.6
79.1
79.5
83.8
81.1
79.5
79.5
79.2
84.6
85.7
81.0
80.2
79.7
79.3
83.0
82.1
78.7
81.1
78.2
80.5
79.2
79.8
75.4
77.9
78.6
78.2
80.0
83.9
80.9
79.0
78.6
81.4
80.9
80.2
80.2
80.2
79.5
80.8
87.1
81.0
82.7
83.5
81.0
80.4
83.5
84.4
83.3
78.6
80.3
78.7
80.1
80.4
81.5
84.2
91.3
99.9
100.8
99.8
99.0
100.8
92.6
89.9
89.3
88.4
85.3
85.7
84.9
82.6
83.0
82.4
83.4
81.8
80.1
81.4
80.4
80.1
81.0
80.1
80.2
80.9
80.3
81.0
80.0
79.5
79.2
79.4
79.3
78.6
82.0
79.3
79.1
79.2
80.2
80.8
80.3
79.4
80.4
80.9
83.1
82.5
80.8
82.7
82.4
82.8
80.6
80.4
80.6
80.8
69.0
80.4
81.8
81.7
81.3
81.9
81.3
81.5
82.3
80.3
80.3
79.8
80.6
81.3
80.2
80.3
80.4
79.7
80.0
80.1
80.6
80.6
80.4
82.6
80.5
79.5
80.9
80.6
80.8
80.8
80.2
80.4
79.0
79.7
79.8
77.1
79.8
80.6
80.1
78.4
78.5
78.1
79.6
79.2
80.1
79.6
80.2
79.7
81.0
80.4
83.3
83.9
84.7
84.9
86.6
81.7
84.7
81.9
82.6
82.1
83.6
83.0
82.8
87.6
94.7
92.1
93.6
86.2
86.9
84.8
83.3
82.4
82.1
82.7
82.6
82.0
83.2
80.7
79.1
80.5
79.4
81.2
81.2
80.9
82.4
82.3
81.1
81.6
82.7
83.1
82.3
79.9
80.7
80.1
81.4
81.2
81.4
80.9
81.0
81.7
82.0
81.5
81.7
84.9
95.8
96.5
94.9
89.9
87.6
85.9
85.2
83.4
83.9
83.7
83.5
82.5
83.0
82.9
83.1
81.0
82.3
81.7
82.2
80.0
78.0
81.7
80.1
80.6
80.7
81.4
80.2
79.6
78.2
80.6
79.4
77.2
80.2
80.9
80.5
79.5
81.0
80.2
81.3
81.3
79.0
80.3
79.3
79.7
80.4
80.1
81.5
79.5
79.9
79.9
79.2
81.5
79.6
82.0
82.4
81.3
80.9
80.1
80.7
82.1
81.9
82.1
79.1
80.8
88.9
88.9
89.1
86.4
86.1
85.3
85.5
87.2
87.3
83.7
86.7
85.6
85.3
84.7
85.2
84.7
85.7
84.3
83.9
83.5
82.5
81.6
82.5
81.8
81.7
83.1
82.9
84.3
82.7
83.2
81.3
80.8
82.6
82.6
80.7
81.0
81.3
82.0
80.5
80.5
80.4
81.2
84.0
81.9
82.1
82.3
81.2
81.9
79.8
79.9
81.3
82.3
83.9
82.0
83.5
82.8
83.0
82.0
81.2
80.8
82.1
81.5
83.5
82.0
84.1
83.7
83.5
82.8
87.9
88.6
89.0
87.8
87.0
87.2
86.8
86.8
86.7
87.2
86.9
86.3
87.8
86.4
86.2
84.9
83.4
84.6
84.1
83.6
84.0
83.3
84.9
87.5
89.0
86.4
82.9
85.2
83.8
82.3
80.7
82.0
82.4
82.5
82.1
81.7
81.8
81.8
81.4
81.1
79.3
80.7
81.6
81.2
81.9
81.2
81.6
80.1
77.6
80.4
87.6
83.3
80.3
81.5
80.2
78.9
81.0
78.7
79.3
78.9
78.8
80.1
80.2
80.8
80.0
79.7
79.3
78.4
80.5
79.7
80.0
79.2
80.2
79.7
79.2
81.1
81.0
79.7
79.0
79.0
81.2
79.4
78.5
78.5
77.7
78.6
78.6
78.7
79.7
78.3
79.3
77.8
78.3
79.5
78.3
77.7
77.7
79.8
78.4
79.1
79.0
79.8
78.8
80.6
79.0
81.0
79.0
80.5
83.1
86.2
84.0
84.0
82.9
86.2
83.9
83.7
86.3
81.7
81.7
84.0
83.7
82.5
82.2
81.7
81.6
78.6
79.9
78.6
78.6
79.9
79.2
78.9
78.5
78.2
79.7
80.1
78.7
77.9
79.0
76.9
78.4
79.1
78.6
78.3
79.7
79.6
79.1
78.8
77.6
78.4
77.9
78.7
77.6
79.0
77.7
77.7
75.9
77.7
75.9
76.2
77.5
79.1
79.8
78.2
79.1
79.4
79.8
79.0
78.5
78.7
80.9
80.9
80.0
82.5
85.3
86.0
85.6
85.0
84.6
85.0
88.6
88.4
83.6
86.7
87.3
85.5
86.8
87.9
86.6
83.8
86.2
82.4
81.5
81.4
82.1
82.1
81.4
82.3
79.8
80.3
82.4
80.6
79.6
81.1
81.6
81.3
80.2
83.8
84.2
86.5
87.8
86.6
83.0
83.8
82.5
81.8
81.5
82.0
80.9
83.4
81.0
81.3
81.2
80.3
81.2
79.6
79.2
78.3
80.5
80.2
77.3
81.8
82.2
81.1
83.7
89.7
89.4
91.4
87.9
86.1
84.9
85.5
86.7
86.8
83.6
87.8
87.6
86.5
84.0
86.5
83.3
82.7
84.8
85.7
85.9
86.3
84.4
85.6
86.1
85.7
86.6
86.6
88.7
86.6
87.7
84.7
84.0
83.3
84.3
82.6
82.3
83.7
82.3
81.4
80.6
81.2
81.4
80.5
82.0
82.2
80.7
80.5
80.1
79.5
80.8
80.7
80.0
79.5
79.3
79.2
78.3
78.1
78.2
78.5
77.4
77.8
77.8
78.0
77.6
77.2
78.4
77.5
76.8
77.3
77.0
75.8
77.0
77.3
78.6
84.2
89.2
90.2
92.1
88.9
96.0
90.9
86.3
84.6
84.1
82.8
82.3
82.8
83.6
83.4
81.1
81.0
80.9
79.0
78.9
79.5
77.5
78.3
79.0
79.9
77.5
78.0
76.6
77.8
78.4
79.0
79.4
79.8
78.7
78.4
80.9
87.6
89.7
89.8
89.5
88.0
88.4
88.8
88.0
89.6
88.8
88.3
87.1
88.2
87.0
88.1
85.9
86.5
84.2
87.6
86.7
88.5
86.6
85.3
84.6
84.4
85.5
83.1
81.6
83.0
82.0
81.5
81.6
81.4
81.3
81.2
82.3
82.8
82.0
83.3
82.8
82.3
81.6
81.2
81.7
82.6
83.7
82.5
81.3
83.7
82.7
82.4
84.5
84.8
83.3
84.2
83.1
83.0
83.2
82.9
82.3
82.0
82.2
83.7
85.6
83.7
84.4
85.4
84.7
84.0
86.9
85.5
85.7
85.5
86.7
86.3
86.6
86.3
86.3
85.9
85.5
86.1
86.1
87.8
86.0
86.9
86.6
87.0
87.1
86.9
88.3
86.7
87.4
86.6
85.5
85.6
86.5
86.3
86.8
85.5
86.9
86.2
86.4
86.6
85.7
87.0
87.1
86.5
86.8
86.8
86.1
86.5
86.7
87.1
85.4
86.2
86.6
85.6
87.0
87.4
86.6
87.1
86.6
86.2
85.2
85.7
84.9
82.1
85.2
86.2
85.8
88.0
84.7
88.2
84.1
85.0
85.8
86.7
85.6
89.5
88.2
89.4
88.5
87.2
88.9
88.0
88.6
88.5
88.2
88.2
88.3
88.3
88.2
88.5
89.0
89.4
88.6
88.7
89.0
91.1
92.0
94.5
94.7
93.2
93.9
93.5
94.0
94.7
94.6
94.3
93.6
94.1
96.7
96.1
95.5
94.9
93.4
94.2
93.9
93.9
92.3
92.5
93.7
93.8
93.3
93.6
93.7
93.5
95.8
94.0
95.2
94.8
93.6
91.7
92.6
92.2
93.7
92.5
92.0
93.2
94.3
94.5
92.7
92.7
91.5
91.1
90.5
89.7
90.4
88.9
89.8
90.0
90.0
89.8
91.0
90.3
89.6
88.7
88.9
88.3
89.2
88.6
88.3
89.1
88.8
88.7
88.1
88.5
88.3
89.3
88.6
88.3
88.7
88.0
88.0
88.2
88.0
87.6
87.3
87.6
87.5
86.9
89.6
87.1
86.9
87.4
87.5
87.4
87.8
88.6
87.6
87.8
87.8
87.9
86.5
86.5
90.2
88.0
88.7
88.0
88.1
86.9
87.2
87.3
88.3
87.3
89.6
87.7
87.8
89.0
90.1
90.7
90.7
89.5
89.9
89.6
90.3
90.3
89.8
92.4
90.8
91.0
92.2
92.8
90.6
89.8
89.9
88.8
89.9
91.6
89.9
89.6
88.1
87.7
87.8
87.1
86.4
86.2
87.0
86.2
86.8
86.3
86.6
85.7
86.9
86.0
86.2
86.5
86.5
85.8
85.5
85.3
85.8
88.0
89.6
94.5
95.6
96.1
96.2
94.0
97.0
99.4
100.2
101.0
98.0
100.5
98.9
96.0
95.0
96.4
96.6
93.5
88.5
89.8
87.7
88.8
90.8
90.2
89.0
88.6
87.3
88.0
89.3
87.0
86.5
86.6
85.7
85.6
87.1
87.5
88.9
88.8
87.7
88.3
89.0
88.2
87.9
88.0
86.5
87.2
86.4
86.8
88.1
88.0
88.5
89.0
88.6
87.6
87.6
88.0
87.8
88.2
88.7
89.7
89.3
89.7
90.2
89.5
88.9
88.6
88.1
89.7
88.8
88.8
88.3
87.7
89.2
88.2
87.6
88.6
89.1
89.3
88.0
86.3
87.2
87.9
88.4
88.4
89.4
92.8
94.1
91.6
90.8
90.9
91.2
90.6
91.4
90.5
90.3
88.5
89.5
90.1
90.5
89.3
89.6
93.5
94.5
95.5
96.7
98.2
98.0
96.9
97.6
96.6
95.7
95.7
94.1
96.0
95.7
96.7
95.2
95.7
94.5
95.2
94.1
94.3
95.4
94.5
91.1
92.2
91.6
91.3
91.7
93.2
91.8
91.0
91.6
91.7
92.7
94.9
95.2
96.4
97.2
97.9
95.6
94.7
93.0
92.5
93.3
92.1
89.7
90.5
90.7
90.2
92.2
90.6
89.9
89.8
90.8
89.6
88.9
89.9
89.8
90.0
91.6
90.7
97.8
97.1
94.7
92.2
91.1
90.7
89.9
90.2
90.0
89.1
89.4
88.4
88.0
88.7
88.5
88.7
88.5
88.1
93.5
93.7
95.5
96.0
96.7
97.6
97.5
96.5
96.0
92.4
90.8
91.4
90.4
89.2
88.7
89.1
89.3
89.4
88.8
90.8
90.5
88.9
89.9
89.4
88.8
89.3
91.0
89.3
88.8
93.2
94.5
93.5
93.5
91.3
91.3
95.2
93.1
99.4
98.8
93.6
93.1
94.4
93.0
92.0
91.9
91.2
92.7
97.8
98.6
97.5
96.1
96.0
93.3
91.7
90.4
89.2
92.0
89.9
95.1
96.8
94.9
94.9
93.5
93.1
90.6
90.7
91.3
90.9
90.2
89.3
91.8
94.2
94.6
92.2
93.7
92.7
94.6
94.1
92.8
89.1
86.9
86.8
86.4
86.0
86.6
86.5
87.1
87.5
88.6
87.7
90.5
88.6
87.5
88.0
87.8
86.6
87.9
87.4
88.1
87.0
87.2
86.1
86.0
83.9
83.2
81.7
84.4
81.6
81.1
82.3
82.5
83.4
81.8
81.8
81.3
82.3
83.3
82.9
83.4
82.6
84.4
82.7
81.6
82.7
82.6
80.8
80.6
82.0
81.9
81.1
82.4
82.1
82.0
83.5
83.8
85.1
84.6
83.6
82.3
81.7
82.2
88.6
91.1
91.7
93.3
94.8
93.1
93.9
93.3
90.6
89.5
87.5
87.1
85.8
86.0
87.3
85.3
86.0
86.7
87.1
85.1
84.5
84.5
85.2
84.9
83.7
86.8
87.7
85.9
85.2
85.4
86.4
84.9
85.1
86.0
84.8
86.0
86.7
86.9
89.2
89.2
86.5
86.4
85.0
85.9
85.7
85.7
85.6
85.6
84.1
85.5
86.9
86.7
85.9
86.1
86.3
88.4
90.9
90.4
89.0
88.0
90.2
89.3
87.5
87.6
93.2
89.4
88.3
86.6
85.6
86.0
87.3
85.2
85.1
86.8
86.4
84.9
86.1
85.4
85.4
85.0
85.2
84.8
85.5
84.8
85.4
85.1
84.9
86.2
84.7
86.1
85.0
85.2
85.1
84.4
85.0
85.9
85.4
85.3
86.2
84.8
84.5
84.2
85.7
85.6
85.5
84.9
85.3
84.5
84.4
84.3
84.6
84.1
85.0
85.3
86.0
86.6
86.5
86.7
86.4
86.6
87.2
85.7
85.5
84.3
85.2
85.3
85.1
85.5
86.7
85.4
86.0
86.2
86.9
86.1
87.4
87.3
86.8
85.6
86.4
87.8
88.4
88.6
88.7
88.5
90.3
90.7
91.7
93.3
95.8
95.4
94.8
96.9
96.9
94.8
92.6
92.4
92.3
91.8
92.5
92.4
91.5
91.7
90.9
92.7
91.5
90.7
91.2
91.9
89.8
88.3
88.0
87.8
88.2
87.4
87.3
88.9
88.3
87.5
87.1
88.1
88.6
89.1
88.7
89.6
89.7
87.6
88.9
88.9
87.6
85.5
87.9
86.2
87.1
87.6
87.4
87.4
86.6
86.6
86.0
86.5
87.5
87.5
88.3
87.7
87.0
87.5
86.1
85.4
87.6
86.3
86.3
86.8
87.5
88.3
89.0
87.7
87.7
87.5
90.1
89.8
89.4
88.5
86.2
87.5
88.2
95.0
94.9
93.0
90.4
87.9
86.8
86.2
85.3
84.5
84.9
85.4
86.6
85.8
85.3
86.0
86.2
84.9
84.4
85.2
85.2
86.0
85.1
85.8
85.2
84.2
85.8
83.9
71.4
86.8
86.1
86.0
88.8
88.4
87.5
88.1
86.6
84.6
84.1
83.8
84.1
84.1
85.1
87.4
90.5
87.6
91.3
89.9
88.2
86.4
84.7
84.6
85.0
85.2
85.5
84.9
85.8
84.4
84.4
84.6
85.2
85.0
84.9
85.4
85.2
85.3
85.0
83.9
84.2
84.4
84.6
84.3
85.9
85.6
85.3
84.3
83.5
83.7
83.7
82.3
86.3
85.1
85.0
83.8
82.3
83.7
83.4
82.0
83.8
83.1
83.1
81.1
82.4
81.6
80.9
81.4
81.5
82.5
82.0
82.1
81.2
81.3
80.4
80.6
80.2
79.9
81.3
82.0
84.5
87.1
89.6
90.2
89.4
88.2
85.0
85.4
82.6
81.8
83.0
83.3
84.4
83.0
81.3
82.5
82.9
82.1
82.3
81.7
79.9
80.3
80.8
79.4
79.2
80.3
81.2
81.0
79.6
80.2
80.1
79.5
78.8
77.1
78.4
79.7
81.9
80.3
78.6
80.5
79.9
78.7
79.6
80.2
79.5
80.8
85.6
86.3
91.0
92.8
92.7
92.7
92.4
91.1
89.7
89.6
88.8
90.2
88.0
85.4
85.2
85.1
85.1
85.8
85.0
86.7
87.6
91.0
88.9
86.4
85.4
85.0
84.3
83.4
83.4
82.4
82.4
82.3
83.0
83.2
82.4
81.4
80.7
80.3
79.7
79.8
80.8
81.0
82.9
82.8
81.3
82.0
82.1
81.2
81.1
81.4
81.1
81.3
82.3
81.7
82.2
86.4
85.0
83.1
83.1
83.0
82.6
83.7
81.8
83.8
86.4
89.0
90.4
87.4
86.0
86.3
86.3
86.7
87.3
88.2
86.2
87.5
86.3
88.7
87.7
86.7
87.9
86.5
87.9
88.0
87.5
86.8
85.5
85.0
84.3
84.9
84.9
85.7
85.4
86.6
85.9
85.7
85.7
86.0
86.6
85.8
86.0
86.3
86.3
86.9
86.8
85.5
88.7
88.7
88.0
87.3
86.0
86.9
87.1
87.2
86.8
86.7
86.4
85.8
85.5
86.3
86.3
86.5
86.9
86.6
88.1
89.9
91.0
93.2
93.8
94.5
93.6
92.3
91.6
89.5
87.8
87.2
84.0
86.1
85.4
84.6
85.5
85.2
85.8
83.9
83.7
83.4
84.0
83.8
86.1
84.1
84.0
83.4
83.3
83.6
84.5
85.0
85.5
84.9
84.2
84.3
84.5
84.8
84.5
84.7
84.8
83.8
84.2
84.1
85.3
85.9
86.5
85.9
85.7
85.5
84.5
86.5
86.7
88.5
90.4
92.9
93.7
92.3
91.7
90.5
90.2
88.9
87.7
88.1
86.3
85.9
87.0
86.5
86.2
86.4
86.1
86.3
84.8
85.1
84.8
84.3
83.4
82.5
82.0
83.2
82.2
82.6
82.6
83.0
83.1
82.9
84.2
84.5
84.5
84.4
83.2
83.6
83.7
83.4
85.0
84.0
84.0
83.8
84.1
84.7
84.4
85.3
85.5
88.1
88.1
86.0
85.4
85.3
85.9
88.5
87.4
88.5
87.7
89.4
87.5
88.2
87.8
88.2
86.9
87.6
85.5
83.4
85.0
84.5
84.8
84.8
84.0
84.3
84.5
84.6
84.8
84.8
85.1
84.4
85.6
84.1
84.8
84.8
85.8
85.5
85.5
86.2
85.7
85.4
85.2
84.9
85.3
87.5
88.2
92.3
93.8
92.3
91.2
91.4
89.5
88.0
89.9
89.8
90.2
90.7
92.2
92.1
92.4
94.4
90.6
94.1
92.5
91.5
92.8
93.1
93.0
93.1
92.4
92.7
92.2
91.9
91.9
93.2
93.2
92.3
91.8
91.0
93.8
90.2
93.2
93.4
92.7
93.3
92.8
96.1
96.6
95.2
94.7
93.0
93.9
93.4
93.3
93.7
93.5
92.9
93.0
92.7
93.7
92.9
92.7
90.9
91.9
91.9
93.6
91.9
93.5
93.6
93.2
92.9
94.4
92.7
91.9
94.3
93.8
92.5
94.0
93.6
93.9
93.0
92.5
92.7
94.7
94.1
94.8
95.4
93.9
93.8
93.0
92.6
93.2
93.0
93.3
91.6
91.5
93.6
93.5
92.3
92.8
92.6
94.1
92.2
92.0
93.2
92.3
92.9
94.1
96.1
95.2
95.6
95.2
94.1
93.0
93.4
93.8
94.6
92.7
92.9
94.2
93.2
92.7
91.9
92.7
93.0
92.0
91.3
91.0
91.0
92.4
90.3
90.5
90.7
91.4
89.4
89.1
89.1
86.9
85.7
85.6
89.2
92.9
93.2
93.3
92.5
92.0
90.9
90.1
90.8
91.3
91.6
92.6
92.0
89.7
89.6
89.9
91.1
90.4
90.4
89.9
89.4
87.9
87.0
85.8
85.7
85.3
86.2
84.4
84.8
85.2
85.1
85.2
85.3
84.8
84.7
84.9
85.7
84.8
85.3
85.7
86.7
86.4
86.7
86.1
86.4
87.2
85.7
86.1
86.4
86.9
87.0
87.2
86.4
89.6
89.2
88.9
89.4
89.2
90.6
92.0
89.3
88.7
89.2
90.3
89.9
88.3
87.4
87.4
86.7
86.4
87.5
87.0
86.5
86.2
87.1
86.6
86.6
87.3
86.9
86.7
86.6
86.3
85.8
87.0
86.1
86.0
86.3
85.8
87.4
90.9
93.7
94.2
93.4
95.1
93.7
92.8
91.5
91.2
92.1
93.8
94.2
95.0
94.8
94.8
94.0
93.8
94.2
94.2
93.5
92.7
92.8
94.0
93.8
93.3
93.3
93.8
93.4
93.3
92.9
92.5
93.6
92.9
92.9
92.4
92.3
93.0
93.2
95.0
92.8
92.6
92.7
92.6
92.6
92.6
93.4
92.4
90.7
91.0
91.6
91.5
90.1
89.0
88.9
88.2
86.6
85.5
86.4
85.5
85.7
86.9
88.0
86.9
88.0
88.1
87.3
86.3
87.3
88.0
87.4
87.0
87.3
87.0
87.0
86.5
86.4
86.1
85.3
85.4
85.4
85.2
85.6
86.0
86.3
86.0
86.2
86.6
86.0
85.7
85.8
85.8
85.3
85.8
85.4
85.1
85.4
85.8
85.3
85.0
85.2
85.2
84.9
85.3
85.0
85.1
85.0
84.9
85.1
85.0
84.1
84.7
84.7
84.7
85.2
84.9
84.9
85.2
85.1
86.3
86.2
85.5
85.5
85.1
85.9
86.4
86.2
86.0
86.0
86.7
88.0
86.4
85.4
85.5
87.4
86.8
86.1
86.3
86.8
86.7
86.8
87.3
86.9
86.1
86.3
86.9
88.3
87.4
86.9
87.1
86.8
87.0
87.7
87.0
87.1
85.7
86.9
86.5
87.3
87.5
87.1
87.4
87.5
87.5
87.1
88.2
88.0
87.9
87.5
87.1
86.8
87.1
87.3
86.1
86.3
86.7
88.5
94.4
95.0
95.7
91.9
92.2
92.1
90.2
91.1
90.8
90.3
90.3
90.3
91.6
87.5
90.1
89.7
89.3
89.5
88.5
88.1
89.9
89.8
90.0
89.1
90.0
89.9
87.6
89.8
90.0
90.4
89.9
88.8
89.5
89.5
90.1
89.4
89.7
89.4
89.2
89.4
89.1
87.7
87.9
89.3
89.6
90.3
89.5
89.7
89.5
90.0
89.7
89.7
89.4
89.7
89.2
88.9
89.3
90.2
90.1
89.8
90.1
89.2
90.4
90.4
90.0
89.9
88.5
89.1
89.8
89.7
89.9
90.5
90.8
90.8
88.9
89.4
89.6
88.4
89.8
89.5
89.5
89.9
89.2
89.0
88.4
88.4
89.0
89.3
89.2
89.4
89.4
88.6
88.5
88.6
88.2
89.0
88.2
88.4
89.1
88.4
88.8
89.1
90.6
90.9
91.8
90.9
89.9
90.6
91.1
90.5
90.4
90.8
90.2
90.0
90.7
90.3
90.5
89.7
89.3
89.0
88.4
89.2
88.3
88.9
88.7
89.4
89.8
89.6
88.9
88.1
88.6
89.0
88.9
87.8
89.7
89.5
88.6
87.7
91.6
89.7
88.6
89.3
89.0
89.3
91.5
89.7
89.4
88.5
91.0
90.2
90.0
91.0
90.6
90.8
90.7
92.4
93.3
92.7
91.7
92.0
92.7
92.8
92.8
92.1
91.2
91.8
91.9
91.1
90.9
91.1
90.6
90.8
89.5
90.0
90.6
90.2
90.8
90.1
89.9
89.0
90.0
89.3
88.6
89.6
88.8
88.6
89.7
89.2
88.7
89.4
89.1
89.5
90.2
91.0
90.1
90.6
89.6
89.1
89.9
90.7
89.4
89.9
88.6
89.0
90.1
90.9
89.7
89.3
88.5
89.1
88.5
88.4
86.2
89.8
93.8
98.0
96.0
93.9
94.0
92.6
91.9
89.4
89.3
89.1
88.2
88.6
87.9
86.2
89.6
88.5
89.1
88.1
89.2
87.8
87.3
86.6
86.7
87.7
86.4
87.3
87.3
87.1
86.9
87.5
86.5
87.9
87.8
87.4
87.0
85.8
86.7
85.6
86.2
85.8
85.7
85.4
86.0
85.8
86.7
85.9
86.5
86.5
86.9
86.5
85.8
86.0
84.8
85.5
84.6
86.2
86.5
86.9
87.0
87.8
87.9
87.2
87.9
87.7
87.0
86.3
87.5
86.6
87.6
88.7
87.1
86.4
85.8
87.0
86.0
86.4
85.1
86.5
87.2
87.7
87.5
85.7
87.5
86.7
85.5
86.6
85.1
85.5
85.4
84.8
86.5
86.2
85.2
85.4
86.1
85.1
85.9
85.7
85.1
85.6
85.6
86.4
86.2
85.8
85.9
85.8
85.8
85.5
85.7
85.5
86.0
86.5
84.6
84.3
86.0
85.4
85.8
87.2
85.1
85.6
87.9
87.8
85.9
86.8
87.4
87.1
86.9
86.3
87.0
86.5
86.4
86.1
85.7
85.7
85.2
84.7
84.5
85.7
87.1
86.7
86.0
86.0
84.8
84.1
85.3
85.5
85.7
86.7
86.5
85.7
86.3
86.8
89.0
89.0
88.8
88.8
88.9
87.8
90.0
91.3
92.5
97.1
96.0
91.7
89.4
88.3
89.0
88.4
87.6
85.8
85.3
84.5
83.0
81.1
81.6
81.5
81.2
80.3
81.1
83.3
84.3
85.7
86.5
87.8
88.0
85.0
81.6
80.5
81.1
82.9
82.2
82.9
83.0
82.5
83.4
82.8
82.6
82.1
83.9
84.1
84.9
83.9
84.1
84.4
83.9
83.3
83.2
84.1
84.8
84.8
85.0
85.4
84.5
84.2
85.5
85.6
86.0
86.0
85.8
85.5
84.6
85.5
85.2
85.1
86.2
85.7
86.0
87.7
85.6
86.6
85.9
86.7
86.0
86.4
85.5
86.2
85.6
85.5
86.6
85.9
87.4
86.5
87.4
87.7
86.3
86.6
88.2
87.3
87.7
87.2
87.3
85.9
85.6
86.6
85.9
85.8
86.7
86.5
85.5
85.8
85.1
84.7
84.4
85.5
85.4
85.4
84.7
84.4
84.9
84.6
84.2
84.6
84.2
84.2
84.6
84.3
84.7
84.9
86.5
86.0
85.9
85.5
85.3
86.2
84.6
84.7
85.1
85.0
86.1
85.6
85.9
86.7
85.9
85.7
85.7
85.8
85.1
86.5
86.3
84.6
84.9
84.7
85.3
85.0
85.4
85.7
87.7
86.8
87.1
86.6
85.4
84.9
85.6
84.3
84.2
84.7
84.5
84.4
84.0
85.3
84.9
83.3
84.7
86.7
86.7
86.3
85.1
84.5
85.5
85.3
84.4
86.4
85.6
85.8
85.0
85.2
85.9
85.8
85.9
85.2
84.8
84.7
83.7
83.8
83.6
85.4
84.5
84.9
83.9
84.8
84.3
84.4
84.6
84.5
83.8
83.8
83.0
83.5
83.6
84.0
85.0
84.2
84.8
84.6
84.1
83.5
83.1
84.4
84.3
83.9
84.1
83.7
82.8
83.7
84.0
84.2
83.0
82.4
82.9
84.0
83.9
83.5
82.8
84.7
84.3
84.3
84.1
83.3
82.6
82.4
85.4
85.0
83.7
83.8
83.5
84.4
84.0
84.2
84.0
85.1
84.7
84.5
83.6
83.3
82.6
82.7
83.2
83.2
83.9
84.3
84.4
84.1
82.9
82.1
83.7
85.0
84.3
83.4
83.6
83.9
84.7
85.2
85.9
85.2
84.8
84.5
83.6
85.4
84.6
84.2
84.8
85.0
82.9
84.3
84.3
84.6
83.5
83.3
84.4
85.2
85.1
85.9
85.4
86.0
86.4
86.5
85.4
85.7
86.5
86.7
87.0
87.0
86.5
85.2
85.8
86.3
87.3
86.5
85.4
86.0
85.1
85.3
84.1
85.3
85.3
84.1
84.4
84.6
84.1
84.4
84.5
83.4
84.5
83.6
84.4
84.7
85.0
84.4
83.7
83.2
84.3
83.8
82.5
84.3
83.7
83.3
83.2
83.6
82.8
84.4
85.5
88.3
88.2
87.0
86.3
86.2
86.2
87.9
90.1
89.7
87.6
86.9
87.7
87.2
87.0
87.0
86.8
86.8
86.6
85.7
85.7
85.5
85.2
86.6
86.1
85.1
83.7
84.6
84.2
85.8
85.3
86.0
85.3
85.3
84.0
85.2
85.1
85.2
84.6
84.9
83.9
84.2
84.0
84.7
82.5
83.4
83.4
83.3
82.9
83.8
83.6
83.7
84.2
85.7
83.9
84.7
84.7
83.5
83.3
81.8
81.5
82.3
81.8
82.2
81.5
82.1
82.1
81.3
83.6
83.2
83.2
83.6
82.4
81.9
83.6
83.7
83.9
82.5
83.2
83.3
85.2
87.7
85.4
83.9
83.7
84.5
83.8
86.6
86.5
85.7
83.7
86.3
86.5
83.7
86.2
83.5
85.0
83.6
85.7
87.9
87.5
87.1
86.3
85.3
84.7
84.0
83.5
84.2
82.6
82.8
83.5
82.9
82.6
82.0
82.7
81.6
80.9
83.0
82.7
82.1
81.8
81.9
80.6
79.9
79.7
80.0
80.3
80.8
80.7
81.0
79.9
80.1
81.4
80.3
79.6
79.6
79.5
79.7
79.3
79.2
79.1
79.2
78.9
78.9
79.1
79.0
79.3
78.8
79.1
80.5
79.2
79.5
79.5
79.6
80.8
79.3
79.3
79.1
80.7
79.6
79.7
79.8
79.2
79.5
79.7
79.4
78.8
79.4
78.9
78.6
78.2
78.4
78.4
78.1
79.8
79.4
80.0
80.1
79.1
79.2
79.5
81.4
82.0
80.6
80.3
81.2
84.3
81.4
81.5
84.2
80.8
83.0
80.8
81.7
81.9
79.9
80.9
81.2
80.2
79.5
79.6
81.2
79.5
78.7
78.9
78.3
78.0
78.0
78.0
77.7
77.5
77.6
77.7
77.7
77.9
78.8
79.3
78.8
78.3
78.1
78.0
78.1
77.6
78.6
77.6
77.9
78.6
78.5
81.4
85.8
86.7
86.1
85.1
86.0
84.1
84.1
84.1
85.2
85.2
86.7
86.6
84.7
85.7
81.7
80.3
79.9
80.1
79.0
80.0
81.0
80.3
81.0
79.7
78.9
79.9
79.0
79.8
79.9
80.8
80.2
79.3
79.1
79.4
80.5
80.2
80.8
79.8
80.3
79.6
79.5
79.1
79.2
80.5
80.1
80.0
80.1
79.8
78.4
79.4
79.4
79.6
79.8
79.6
79.6
80.1
78.2
79.9
80.2
79.9
80.1
79.1
80.4
79.3
82.3
80.9
80.3
80.8
79.7
79.7
78.7
80.1
79.0
79.7
78.8
79.1
79.4
79.2
79.1
80.9
78.6
78.1
80.2
80.1
79.4
79.5
79.9
79.1
80.1
79.4
78.9
79.9
80.2
79.8
78.9
79.7
79.6
80.7
80.7
80.5
82.6
83.5
84.3
83.7
82.8
83.5
82.9
83.5
83.6
82.9
83.4
82.1
82.3
82.0
81.5
82.7
83.7
84.8
85.9
86.0
86.0
84.8
84.5
84.0
86.3
85.8
86.8
87.0
87.3
87.4
86.8
85.4
86.4
87.3
86.4
86.6
86.8
87.0
85.5
85.5
85.2
85.5
85.0
84.6
84.7
85.1
84.4
85.1
85.0
85.1
85.0
85.0
84.0
84.9
85.0
85.3
85.2
85.0
85.5
84.7
85.8
85.2
85.7
85.9
85.4
85.9
85.4
85.1
85.4
83.6
84.8
85.8
88.4
84.8
87.9
88.0
88.3
88.0
87.9
88.0
87.1
86.6
88.9
88.8
89.7
90.6
90.4
90.0
89.1
87.3
87.5
87.6
87.4
87.9
87.4
87.1
86.8
85.6
84.2
85.9
85.1
84.0
84.8
83.7
84.0
79.2
83.9
84.0
83.9
82.2
83.4
85.0
84.1
84.5
82.9
84.6
85.5
85.0
83.7
85.3
85.1
83.7
84.2
83.2
82.7
85.5
85.4
85.3
85.5
85.7
85.8
84.4
84.1
85.6
86.2
85.9
85.0
85.4
86.0
86.9
86.8
86.8
87.6
86.2
87.1
86.1
86.4
86.7
86.4
87.0
86.7
86.0
85.9
87.5
86.2
87.5
87.5
87.3
87.2
86.9
88.0
87.0
85.4
85.8
86.1
85.4
85.6
85.5
85.6
85.0
85.0
83.3
84.7
85.6
85.7
85.1
83.9
84.5
83.7
83.7
83.0
82.5
82.7
82.5
82.4
82.6
82.6
82.3
81.9
81.5
81.2
80.8
80.8
80.9
81.2
80.8
81.0
81.2
80.7
81.1
80.6
80.7
80.7
80.5
81.2
79.8
81.1
81.2
80.0
80.1
80.1
80.0
79.7
79.8
79.4
79.3
80.2
79.3
80.5
79.7
79.4
80.3
81.2
82.8
81.4
82.0
80.9
82.5
81.3
81.4
80.8
80.9
80.1
80.5
80.7
82.2
92.7
94.5
93.0
91.1
89.0
89.2
89.1
88.7
88.0
87.2
86.4
86.2
86.2
85.1
85.2
85.4
85.0
84.1
84.1
84.2
83.7
82.6
82.3
83.8
84.1
83.0
82.9
82.3
82.0
81.8
81.7
81.0
81.8
81.8
82.6
82.3
81.3
81.0
81.1
82.6
81.4
80.4
81.6
82.8
81.4
81.2
80.2
80.9
81.2
83.3
82.1
81.3
82.1
82.5
83.3
83.1
82.1
82.0
82.8
82.6
81.4
80.7
83.0
83.0
82.4
83.6
85.3
83.7
83.3
84.1
83.2
83.4
84.0
84.0
84.2
83.4
84.3
84.1
84.3
83.7
84.6
84.5
84.3
83.2
81.8
83.1
83.0
83.8
85.1
85.3
85.7
84.6
84.4
84.2
84.3
84.5
84.5
84.7
84.5
86.2
86.2
87.0
87.0
87.4
86.3
86.0
85.1
85.5
84.6
84.6
84.5
85.5
85.8
87.0
87.2
88.7
87.8
87.8
88.2
89.5
89.9
89.8
88.7
88.3
88.1
88.1
87.8
87.0
86.6
87.6
87.8
88.5
87.3
88.6
88.2
87.1
87.5
87.9
87.2
87.3
86.9
87.0
87.4
86.7
86.2
87.4
87.8
88.2
87.3
86.9
87.6
89.1
88.8
88.5
87.7
88.0
87.7
87.6
86.2
86.9
87.3
86.5
86.8
87.2
85.3
86.7
86.8
86.9
85.3
87.4
87.0
86.6
87.2
87.0
87.3
86.8
87.5
87.4
87.4
87.1
87.5
87.6
87.1
86.7
87.0
86.8
87.0
87.0
87.6
86.9
87.4
87.3
88.2
75.9
86.8
87.3
87.8
87.8
88.0
87.8
88.0
87.3
87.6
87.9
88.0
88.0
88.1
88.5
88.8
88.8
87.9
87.6
86.8
88.1
89.1
88.1
88.6
88.1
88.2
88.5
87.5
88.3
88.3
87.9
87.6
87.6
87.7
86.2
87.7
87.9
89.0
87.7
88.0
87.6
86.7
86.8
85.3
85.7
87.0
86.4
86.2
85.6
85.7
85.7
86.1
86.2
84.6
85.4
84.1
83.5
84.1
85.6
85.5
86.6
85.2
85.9
85.7
86.6
86.5
86.0
86.6
86.0
86.1
86.6
86.4
86.8
85.3
85.9
86.2
85.7
86.2
86.1
86.6
85.7
86.3
87.3
86.2
86.8
87.1
86.7
87.5
87.3
87.8
87.7
87.7
87.4
87.1
86.1
87.4
85.8
86.9
86.2
85.1
86.9
86.8
87.3
87.2
86.7
86.4
86.3
86.6
87.6
87.2
86.2
86.0
86.0
86.5
87.5
88.1
87.9
87.2
86.5
85.8
87.1
88.8
88.3
87.5
87.5
87.6
88.6
89.0
88.6
88.4
87.8
88.6
88.8
88.0
89.2
89.3
89.9
87.7
88.5
88.4
88.6
88.6
88.6
88.39999999999999
88.3
88.2
88.1
88.0
87.3
88.6
88.9
89.0
89.3
89.2
88.9
88.6
88.9
89.6
90.1
90.1
90.4
90.0
88.3
90.0
90.4
90.1
90.0
90.6
90.5
91.1
90.6
90.8
90.4
90.5
90.8
90.9
90.9
90.3
89.6
89.8
90.3
90.7
92.2
91.0
92.2
91.3
89.6
92.0
91.4
91.1
91.9
91.5
91.7
91.5
90.9
90.6
91.4
92.6
91.3
92.4
91.5
91.9
91.9
90.8
89.1
88.0
87.1
86.4
86.5
85.5
84.9
85.4
86.1
86.7
86.5
87.5
86.8
87.5
87.6
87.1
87.0
86.7
86.7
87.2
86.9
87.4
86.3
86.2
87.3
87.9
87.3
86.3
86.0
85.7
83.5
82.5
84.3
85.7
85.4
85.4
86.1
83.8
81.4
81.7
80.8
79.9
81.0
81.0
80.6
80.7
80.2
81.3
80.7
80.8
80.6
80.5
80.9
81.2
80.8
79.8
79.3
79.9
80.7
80.9
80.4
80.7
80.7
80.7
81.1
80.7
80.4
80.2
81.2
80.6
80.3
80.6
80.3
80.1
80.8
81.0
80.6
80.5
80.1
80.1
80.2
80.2
80.4
80.6
80.3
80.4
82.6
88.0
88.7
88.1
87.2
86.7
85.9
86.2
86.2
86.9
85.7
84.5
84.7
84.8
84.4
84.8
84.5
85.2
83.9
85.0
84.9
84.5
84.4
83.8
84.2
84.3
82.8
82.7
84.0
84.3
85.2
85.4
85.0
85.8
85.1
85.1
85.2
84.8
85.2
85.2
85.4
85.4
86.0
86.0
86.0
85.1
84.4
85.6
86.1
86.2
85.2
85.5
86.0
85.6
87.0
86.8
86.6
86.5
86.2
86.8
85.5
86.7
87.1
87.4
87.6
87.2
87.0
85.2
86.6
86.2
86.0
86.7
86.9
86.0
87.1
86.7
86.0
87.2
86.9
86.7
86.8
86.3
86.1
86.4
86.7
86.8
86.3
85.0
85.8
85.5
86.3
84.3
85.7
86.1
85.4
85.5
82.9
83.1
84.4
83.8
84.2
85.1
86.0
85.2
85.0
84.4
83.0
83.4
82.9
82.8
81.6
82.3
82.6
83.2
81.9
82.4
82.2
80.8
80.9
81.5
81.8
80.5
80.9
80.9
82.1
81.6
81.9
80.6
81.6
81.5
81.6
82.1
81.8
81.8
81.5
82.0
81.8
82.1
81.5
80.4
83.1
82.2
82.2
81.6
82.0
82.1
81.3
80.8
81.0
81.9
82.0
81.1
80.9
81.7
82.8
81.2
81.2
78.9
79.4
79.2
79.6
80.6
83.5
84.5
84.1
82.1
81.6
81.4
81.3
82.5
80.9
80.5
81.4
81.5
81.0
81.6
81.1
81.4
80.2
80.8
82.2
82.3
82.0
82.0
82.0
81.4
81.0
81.7
81.9
82.1
82.8
82.6
82.7
81.9
82.0
82.7
83.1
82.4
82.9
83.0
82.5
81.7
82.0
82.9
82.8
84.0
84.0
83.6
83.0
83.4
83.3
82.3
83.3
83.1
83.6
82.9
83.1
82.8
82.4
81.9
82.8
82.8
81.4
81.7
82.1
82.3
82.4
81.9
82.3
82.6
82.2
80.9
80.9
81.4
81.5
81.3
82.1
82.2
80.1
80.9
80.8
80.3
80.6
80.4
81.4
80.4
80.5
81.1
81.0
81.0
80.3
80.0
80.8
80.9
81.3
80.1
80.3
80.6
80.1
81.0
81.0
80.8
81.5
80.4
80.9
79.6
80.8
80.7
80.7
80.2
80.0
80.1
81.3
80.4
79.1
79.0
78.3
79.8
79.8
79.1
79.7
80.0
79.8
79.5
79.9
78.9
79.6
79.8
79.9
80.6
80.4
79.6
79.1
79.2
78.9
78.7
79.9
79.9
78.6
78.4
79.1
83.4
79.2
78.2
77.9
78.3
78.6
78.2
77.8
77.5
77.3
77.6
77.0
77.1
76.8
76.8
76.7
77.0
76.6
76.7
76.9
77.2
77.3
76.8
76.3
77.1
77.7
77.6
78.2
78.1
77.2
77.9
77.2
77.5
78.0
77.1
77.6
77.7
77.5
77.1
77.2
77.5
78.0
78.9
78.7
79.0
77.8
77.7
78.0
78.2
76.8
77.8
78.5
78.0
78.6
79.0
79.0
78.8
79.2
79.0
78.7
79.5
79.2
79.4
79.5
79.6
79.3
80.0
80.4
80.0
79.7
79.4
78.6
78.2
78.4
79.1
78.6
77.3
78.0
77.9
78.0
78.5
78.8
78.3
78.5
78.6
78.9
79.6
79.4
79.4
79.3
79.9
79.4
79.8
80.0
79.1
79.8
79.6
78.8
78.5
79.1
78.7
78.9
77.1
78.9
79.0
79.6
79.5
79.7
80.5
78.9
79.0
79.0
79.7
79.4
79.3
80.0
79.9
80.0
79.7
79.6
79.7
79.1
80.1
80.0
81.6
81.8
81.5
80.9
81.0
80.5
79.6
79.1
78.3
79.6
78.7
79.3
78.8
78.3
78.9
78.0
79.0
77.6
78.0
77.0
76.2
75.6
75.7
76.4
77.2
76.8
77.9
77.2
80.6
78.7
78.6
78.6
77.5
76.5
77.9
78.4
77.7
76.8
77.0
77.4
77.0
76.1
77.5
76.3
78.3
75.9
75.9
76.7
76.6
76.8
76.3
75.7
76.7
78.5
75.7
76.7
77.1
76.5
77.1
76.3
76.2
77.6
77.1
76.4
76.0
76.3
76.4
76.6
76.9
76.5
77.0
76.4
76.4
76.8
77.2
76.8
75.8
75.6
76.1
76.4
76.1
77.5
78.6
80.1
80.4
79.8
80.2
79.5
79.9
79.7
79.8
79.9
80.2
80.5
80.4
79.6
79.6
78.8
78.4
78.5
78.1
78.5
77.9
78.0
77.6
77.1
77.1
77.2
77.5
76.5
77.0
76.8
77.0
76.5
76.5
75.9
75.8
76.1
75.8
75.8
75.9
76.5
76.5
76.0
75.1
75.3
75.1
76.5
76.2
76.1
76.3
75.9
75.7
75.5
77.4
76.8
76.9
77.2
77.2
77.3
76.9
76.3
76.5
77.1
77.0
76.6
76.7
77.3
76.5
76.4
76.6
76.5
76.3
76.2
76.6
75.9
76.3
75.8
76.6
77.1
78.5
79.4
79.8
80.0
80.2
80.4
80.0
81.0
80.7
81.0
80.9
80.7
80.3
78.8
79.8
79.0
79.7
78.9
79.4
80.7
80.0
78.0
79.9
79.0
79.1
80.0
80.7
81.3
81.89999999999999
81.5
80.8
80.3
80.0
79.6
78.9
78.6
78.0
78.7
78.9
78.3
78.0
77.6
77.3
77.4
77.6
76.9
76.9
77.4
77.9
77.7
78.4
77.1
78.4
78.8
79.0
78.3
78.3
77.8
78.4
78.7
78.0
78.0
78.4
78.3
78.4
79.3
78.0
79.7
80.0
79.8
80.0
80.0
80.0
80.0
80.0
80.0
80.0
79.9
79.7
79.1
80.4
81.0
80.5
80.8
81.0
80.7
81.4
81.5
81.2
81.0
81.4
81.0
81.7
82.0
82.0
81.8
81.9
82.0
82.4
81.5
82.0
82.3
82.1
81.8
81.9
82.0
82.0
81.4
81.3
81.0
81.7
82.0
82.6
82.3
82.2
82.7
83.1
81.7
82.0
82.4
81.1
80.9
80.9
80.8
81.9
81.3
80.4
82.0
83.6
82.25
82.375
82.5
82.625
82.75
82.875
83.0
83.2
82.4
82.0
82.3
82.9
81.8
81.8
81.0
81.9
81.5
80.9
80.0
81.8
81.2
81.9
82.0
82.0
82.1
81.5
82.0
81.7
81.7
81.1
81.6
81.7
81.2
80.9
81.1
80.6
81.2
81.1
81.4
80.9
81.3
82.1
82.1
82.2
82.0
82.6
82.8
82.8
83.2
83.6
83.9
83.8
84.0
84.1
84.0
84.0
84.0
84.3
85.0
84.8
85.9
86.0
86.6
87.0
87.0
87.0
87.2
87.7
87.8
88.0
87.1
88.0
88.4
88.1
88.0
88.2
88.0
88.0
87.5
86.0
86.7
86.8
87.3
87.9
87.3
86.9
86.3
86.8
86.7
87.1
87.0
87.4
87.0
87.8
88.1
88.5
88.3
87.9
87.5
87.3
87.9
88.1
88.7
89.1
89.0
89.0
88.5
88.9
88.5
88.1
87.9
87.9
87.4
86.9
86.8
87.0
86.5
86.8
86.9
86.9
86.5
85.8
85.3
85.4
85.3
86.0
86.8
87.5
86.9
86.4
86.0
86.0
86.0
85.9
84.8
84.7
84.7
84.7
84.7
84.6
85.4
85.9
85.6
86.0
85.3
85.5
84.2
83.7
85.5
85.1
85.1
85.6
85.5
85.7
84.2
85.2
88.7
90.0
89.7
88.7
88.4
87.6
86.9
86.9
86.3
85.4
86.0
85.9
85.0
85.0
85.0
84.9
84.3
84.2
84.6
84.1
83.8
83.0
82.9
83.7
83.7
83.6
83.6
83.7
83.3
83.7
84.3
84.6
84.1
84.3
84.8
84.2
84.0
84.2
83.8
84.2
84.2
84.0
84.0
84.6
83.6
83.6
83.4
84.1
84.0
83.6
83.5
83.2
83.4
82.7
83.0
83.1
83.0
83.7
84.3
83.7
83.7
83.2
83.5
82.7
82.0
81.7
81.4
81.0
81.5
84.0
84.1
84.4
84.7
83.7
84.0
84.1
83.9
83.9
83.2
83.9
84.2
84.3
84.0
84.1
83.7
82.4
83.3
82.9
82.6
82.3
83.2
83.4
83.4
84.1
83.5
84.2
84.6
84.1
84.2
84.0
84.6
84.5
84.4
84.1
84.4
84.1
83.6
84.3
84.0
85.6
85.3
86.0
85.8
85.7
86.0
86.0
86.0
85.8
86.1
86.0
86.0
85.9
84.9
85.8
86.1
86.2
86.5
86.7
86.6
86.3
86.1
86.9
86.2
87.0
87.8
87.8
87.2
87.0
86.9
87.0
87.0
86.1
86.3
85.5
85.3
86.7
86.5
86.1
85.9
86.3
86.0
86.7
85.1
86.4
86.6
86.2
86.2
86.9
86.5
86.6
85.7
86.1
86.4
86.6
86.2
86.1
86.7
86.4
86.8
87.0
87.0
87.0
86.5
86.6
86.3
86.8
85.9
86.0
86.0
86.0
86.0
86.3
86.9
86.3
86.3
86.6
86.4
86.4
86.7
86.4
86.3
87.6
87.2
87.1
87.8
87.3
87.4
87.6
86.5
87.2
86.5
86.7
87.0
87.0
87.4
87.2
87.0
86.6
87.0
86.1
86.5
87.9
87.9
87.4
87.1
86.9
86.2
86.0
86.0
85.7
85.9
85.7
85.5
86.85
87.425
88.0
87.5
86.7
86.0
85.5
84.6
85.0
85.5
85.4
84.8
85.8
85.8
85.3
84.5
83.9
83.0
82.7
82.7
83.8
83.3
83.3
83.8
83.7
83.5
83.7
84.3
82.7
82.9
82.7
82.8
82.9
82.5
82.5
81.1
83.6
82.5
81.4
83.4
82.3
82.4
81.9
81.7
81.8
82.4
81.5
82.4
83.0
83.1
82.3
83.1
83.2
81.8
80.6
82.7
82.1
81.7
80.7
81.8
81.1
81.1
80.9
81.1
80.7
80.0
80.8
80.6
80.2
80.0
81.8
80.3
80.0
81.9
80.7
80.0
80.3
82.2
80.3
81.2
79.9
81.2
82.2
81.5
80.5
80.5
80.1
81.3
80.4
80.2
79.9
80.5
79.6
80.6
80.3
80.0
79.8
80.0
79.6
80.7
79.8
80.3
80.3
79.7
80.0
79.7
79.8
79.4
79.5
80.1
80.2
79.5
78.9
79.3
78.6
79.3
79.1
78.7
78.1
78.5
78.3
78.2
79.9
79.0
78.7
79.5
79.1
79.9
79.0
79.5
78.3
78.8
82.1
82.0
81.8
82.0
82.4
83.0
83.0
83.0
83.0
83.1
83.1
83.0
83.2
83.4
83.0
82.7
82.8
82.7
82.8
83.0
83.0
83.0
82.9
83.0
81.8
82.7
82.7
82.4
82.7
81.8
83.0
82.4
83.6
83.5
83.3
83.1
82.7
84.0
83.8
83.2
83.2
83.3
84.0
84.5
84.5
83.7
84.3
85.0
84.9
84.6
84.3
84.1
84.9
85.0
84.4
84.7
85.1
85.0
84.8
85.0
85.0
85.0
84.9
84.8
85.0
84.8
84.2
84.0
83.9
83.5
83.1
83.6
83.5
83.7
85.2
83.5
83.9
83.8
83.9
83.8
83.2
83.7
83.3
83.9
83.6
83.6
83.5
83.4
83.7
84.3
84.1
83.8
83.8
84.0
83.9
83.9
84.0
83.3
84.5
84.0
84.2
84.3
84.3
84.9
85.3
85.0
84.5
84.0
84.0
84.0
83.8
83.8
83.8
84.0
83.9
83.7
84.0
83.9
84.4
84.1
84.9
84.5
84.0
83.8
83.9
83.1
83.2
83.8
83.8
84.0
83.8
83.5
83.5
83.4
83.2
83.7
84.0
83.9
83.2
84.1
85.0
87.2
85.5
85.0
84.9
84.5
84.5
84.2
84.0
83.5
83.7
83.3
85.1
84.1
84.2
84.0
83.8
83.9
82.9
83.5
83.4
83.7
83.2
83.4
83.7
84.1
84.0
84.0
83.4
84.0
84.0
83.9
83.9
83.2
83.2
83.6
83.4
83.9
84.4
84.5
83.7
84.0
83.9
83.1
83.1
83.0
83.7
84.3
84.5
84.4
84.7
84.5
84.4
83.6
83.3
83.2
82.9
82.9
83.0
83.6
83.0
82.9
83.5
83.1
82.8
82.9
82.6
83.2
83.2
83.6
83.5
83.3
84.0
84.0
83.8
83.8
83.5
83.2
83.5
82.6
83.2
83.6
84.0
84.1
84.1
83.9
83.7
84.0
83.3
83.8
84.0
83.8
84.0
83.7
84.2
83.9
83.9
84.3
84.9
84.3
83.9
83.9
84.0
83.7
84.1
83.5
83.3
83.6
83.7
84.2
83.8
84.7
84.6
85.3
84.6
83.0
83.4
83.6
84.0
83.6
83.3
82.7
84.0
84.3
84.5
84.4
85.0
85.4
85.7
85.2
84.6
84.1
84.2
84.0
83.7
83.6
84.0
84.2
83.3
83.3
82.7
84.4
84.2
84.0
83.9
88.2
85.6
84.8
84.5
83.3
83.3
83.4
83.7
83.3
83.3
83.4
82.8
82.6
83.7
83.4
82.8
82.1
82.7
82.8
82.1
82.2
81.8
81.6
81.6
82.0
81.9
82.3
82.9
82.8
82.0
81.6
81.9
82.7
82.7
83.4
83.5
83.9
83.3
83.0
83.2
83.5
83.6
83.7
83.5
84.0
84.3
84.1
83.2
83.6
84.0
83.8
83.5
84.3
84.8
84.5
84.3
84.0
84.0
84.4
83.4
84.1
84.3
84.7
85.0
85.0
84.9
85.1
85.0
84.7
85.0
84.5
84.4
84.7
84.8
83.2
84.5
84.4
84.4
83.8
83.3
83.2
83.9
83.2
84.2
84.4
83.8
84.0
84.2
84.4
85.0
84.9
85.4
85.0
85.0
84.6
83.1
83.0
83.7
82.7
82.7
83.6
84.1
84.0
84.1
83.9
82.3
82.4
82.0
81.3
81.0
79.3
79.2
78.6
78.3
79.2
80.5
82.2
83.6
83.5
81.7
79.8
79.0
78.4
78.5
78.0
77.8
78.0
77.5
77.9
77.2
77.6
77.2
77.7
77.3
77.1
77.0
77.0
77.1
77.0
77.0
77.0
77.0
77.0
77.8
77.2
77.0
77.0
76.8
77.0
77.7
77.4
77.0
77.1
77.0
77.0
77.0
77.0
78.0
79.7
80.6
81.0
81.0
81.0
80.9
80.4
80.6
81.1
80.5
81.0
80.8
80.2
80.0
80.0
80.0
80.3
80.4
81.0
81.0
80.8
80.3
80.3
80.8
80.9
81.2
81.9
81.8
81.2
81.0
81.6
82.4
82.7
82.1
81.9
81.6
81.2
82.0
82.5
82.7
82.0
82.5
82.8
82.5
82.0
81.7
81.0
81.4
81.1
81.1
81.7
81.7
82.5
82.3
81.8
81.8
82.0
82.7
83.0
82.5
82.9
83.0
82.8
82.8
82.2
82.1
82.0
82.0
82.4
82.4
82.4
82.4
82.6
83.0
82.7
82.6
82.2
82.0
81.9
81.6
81.7
82.0
82.2
82.7
81.9
83.0
82.7
82.7
82.2
81.4
81.8
81.8
81.8
81.7
81.2
81.0
80.9
81.2
81.0
80.1
80.4
80.8
80.7
81.3
81.4
80.9
80.2
80.4
81.0
80.7
80.2
80.0
80.3
79.9
80.6
80.2
80.1
80.0
79.2
79.4
79.1
78.6
79.0
78.7
78.2
77.8
77.1
76.6
76.5
76.0
75.9
76.0
75.7
76.1
76.5
76.0
76.3
76.3
76.0
76.4
76.4
76.0
76.6
76.2
76.2
75.7
76.6
76.0
76.5
76.0
76.0
75.8
76.6
76.8
76.1
76.9
78.6
81.0
81.8
83.6
80.9
80.3
80.1
80.0
79.6
79.6
79.3
79.8
80.0
79.1
79.0
78.9
78.9
79.1
78.4
79.7
79.8
79.5
79.3
79.0
79.0
78.2
78.3
77.4
78.3
79.0
78.7
79.2
79.2
78.3
77.5
78.4
78.7
79.5
78.0
77.9
78.0
79.4
78.1
78.3
78.3
78.9
78.6
78.5
78.5
78.6
79.1
78.9
78.7
78.8
78.8
78.4
79.3
79.3
79.2
79.0
79.0
79.1
79.7
79.5
80.1
79.7
79.9
79.8
80.1
79.4
80.4
80.2
80.4
80.1
80.5
80.0
79.3
79.7
79.1
79.7
79.0
79.2
79.7
79.6
79.5
79.9
79.3
80.0
79.4
80.0
80.5
80.3
80.2
80.8
80.8
80.3
81.1
80.6
80.4
81.0
81.0
81.4
81.4
81.8
81.0
81.2
80.7
80.3
80.2
80.0
80.1
80.1
80.9
80.3
80.1
80.3
80.4
80.0
80.1
79.0
80.3
80.7
80.6
80.3
79.7
81.6
82.0
80.4
80.9
80.9
80.4
80.4
81.0
81.6
81.7
82.0
82.0
81.1
81.0
82.3
81.1
81.5
81.2
81.8
79.7
81.5
81.1
81.3
81.1
81.6
80.8
81.9
82.0
82.0
82.0
81.9
82.0
82.0
82.4
81.8
81.9
82.1
82.4
81.9
82.5
82.2
82.0
82.1
82.3
82.3
81.9
82.5
82.5
82.1
82.0
81.7
81.2
80.7
81.5
81.5
81.8
81.9
81.0
80.7
80.9
82.0
82.2
82.0
81.9
81.7
81.0
81.0
80.3
80.2
81.4
81.3
81.9
81.6
81.4
81.2
81.7
81.0
81.6
81.3
82.0
82.8
83.0
82.6
82.6
82.2
81.0
81.1
80.3
80.4
80.8
82.0
82.0
82.0
81.7
81.3
80.8
80.6
81.0
81.6
81.3
81.6
81.8
81.8
81.9
81.5
80.6
80.8
80.6
80.0
80.0
80.0
79.9
80.3
81.0
81.0
81.8
81.6
81.6
81.5
82.3
82.0
81.9
82.0
81.4
80.8
81.5
81.5
82.0
81.4
80.9
81.3
81.6
81.6
81.6
82.0
82.0
81.5
81.6
81.2
81.3
80.6
80.8
80.7
82.1
82.2
82.5
81.8
82.2
82.2
81.8
81.1
80.6
80.8
81.0
81.7
82.0
81.9
82.0
81.9
81.4
81.0
81.0
81.5
81.0
81.7
81.1
81.0
81.4
83.0
82.8
82.0
81.7
81.5
81.5
81.8
81.8
82.2
82.7
81.6
81.4
81.4
81.0
81.0
80.8
80.8
80.6
81.1
81.2
81.9
82.0
81.8
81.6
82.0
81.6
82.6
82.3
82.2
81.9
82.0
81.3
80.7
81.2
82.2
82.8
81.4
81.8
83.1
82.3
81.6
81.5
81.6
81.5
81.2
81.0
81.9
81.9
82.6
82.8
82.6
82.5
83.0
83.4
83.0
82.3
83.7
84.5
84.4
84.2
84.0
84.9
84.9
86.1
84.9
87.0
85.5
85.0
87.1
85.8
85.5
85.0
85.3
85.8
85.4
86.9
85.2
85.4
86.1
84.7
85.0
84.7
84.8
84.0
84.8
84.8
85.6
85.4
85.7
86.0
85.3
85.4
85.3
85.4
84.8
84.9
84.5
87.6
90.69999999999999
87.06666666666666
86.8
82.6
83.0
82.8
82.4
82.7
82.7
82.7
82.7
83.0
83.6
83.1
83.0
82.7
83.0
82.7
83.6
82.8
83.6
83.4
82.9
83.0
82.3
81.9
82.0
82.6
82.7
82.5
82.5
82.4
81.8
81.9
82.7
82.4
83.0
82.6
82.2
81.4
82.6
82.5
83.0
82.2
82.6
82.0
82.4
82.1
82.2
82.8
83.3
83.0
82.3
82.2
82.0
82.6
82.0
82.0
82.0
82.0
81.3
81.7
81.5
81.6
81.6
81.6
81.1
79.4
80.5
81.3
80.9
80.9
81.0
81.0
81.0
81.0
80.1
80.6
81.3
81.5
81.9
81.9
82.0
82.0
81.7
81.6
81.3
81.0
81.0
81.0
80.8
80.5
80.9
80.9
80.0
80.1
80.0
80.0
80.0
79.2
79.9
80.1
81.1
79.4
80.0
79.8
79.9
79.7
80.2
79.9
80.0
80.0
80.0
80.2
79.7
79.7
79.3
79.0
79.2
79.0
79.2
79.2
78.8
79.1
79.9
79.2
79.0
78.3
79.6
79.6
79.1
79.0
78.9
79.0
78.2
78.7
78.1
78.0
78.1
77.7
78.0
78.0
78.0
77.8
77.9
77.4
78.0
78.1
78.2
77.7
78.0
78.0
77.3
77.2
77.1
77.0
77.1
77.0
77.1
76.9
77.1
76.7
77.0
76.6
76.8
76.9
76.9
77.5
76.2
76.6
76.8
76.0
76.5
76.3
76.2
76.5
76.1
76.4
76.5
75.9
76.0
77.0
76.6
76.2
77.2
76.8
76.3
76.1
75.7
76.0
75.9
76.8
76.1
76.3
76.2
76.0
76.0
75.9
76.2
77.1
77.99999999999999
78.7
79.5
77.63333333333333
77.1
76.4
76.4
76.0
75.2
74.4
76.1
75.4
74.6
75.2
75.0
75.2
75.8
75.4
74.4
75.3
75.1
75.9
75.6
76.7
76.2
76.3
76.7
75.9
76.0
76.0
76.7
76.3
76.4
76.8
76.5
76.4
76.5
76.3
76.2
75.7
76.6
75.6
76.0
76.0
76.0
76.5
76.0
76.0
75.4
75.7
75.7
75.1
75.6
75.5
74.6
75.0
74.4
74.9
75.5
75.0
74.4
74.9
74.5
74.6
74.5
74.7
75.2
74.7
74.6
74.3
74.8
74.1
73.8
74.5
75.0
75.5
75.2
74.8
74.5
75.2
74.1
74.1
75.5
75.2
74.4
74.8
74.8
74.4
74.5
74.8
74.5
74.3
75.0
74.7
74.6
74.6
74.4
75.0
74.4
74.7
74.8
73.6
75.0
74.2
75.8
75.0
74.4
74.3
74.7
75.2
74.3
74.7
74.3
74.4
74.1
74.0
73.4
74.0
74.0
74.3
74.0
74.0
73.8
74.9
74.4
74.1
74.4
75.3
79.5
79.5
76.9
76.0
75.1
74.39999999999999
73.6
75.8
76.0
76.8
74.5
74.9
75.3
75.0
75.8
75.0
74.7
74.5
74.3
74.7
75.3
75.0
74.8
74.2
74.5
73.5
73.5
74.2
74.2
73.3
73.9
74.0
74.0
74.1
73.9
74.0
73.8
73.4
73.7
73.9
75.0
74.1
74.9
74.8
74.0
74.2
74.1
74.2
74.2
73.8
74.4
74.0
74.0
74.5
74.5
73.5
73.8
74.0
73.6
74.1
74.0
75.1
74.3
74.8
74.0
74.0
73.6
73.5
73.5
73.0
73.9
73.8
73.3
72.3
72.4
72.7
72.3
72.3
73.0
73.4
73.1
72.8
72.4
72.6
73.0
73.0
72.9
73.0
72.8
72.3
73.0
72.0
72.1
72.3
72.9
73.0
72.5
72.2
72.4
72.8
73.0
72.1
71.9
71.8
71.9
71.8
72.6
72.8
72.2
72.5
72.0
72.7
72.5
72.6
72.0
72.0
72.3
71.1
70.4
71.0
70.4
72.0
71.8
72.0
71.4
71.5
71.7
71.0
71.0
72.0
71.2
71.9
71.9
71.8
71.8
72.0
72.0
72.0
71.8
72.0
73.7
72.0
72.0
73.6
72.1
70.6
72.0
71.95
83.2
78.0
74.0
71.5
71.4
71.1
71.4
71.3
72.0
71.2
70.5
70.1
70.9
71.0
71.0
70.8
70.1
72.6
71.3
72.0
71.7
70.9
70.4
70.2
72.9
72.5
72.0
71.5
70.4
71.0
71.0
71.2
70.9
71.0
70.1
71.0
70.8
70.1
70.2
70.3
70.4
70.6
71.0
71.2
74.0
72.4
73.8
72.0
72.0
72.4
73.0
74.7
72.9
71.9
71.1
70.29999999999998
