68.4
68.6
67.9
68.6
68.0
68.0
68.0
67.9
67.8
67.6
67.0
67.3
67.6
67.8
67.8
67.9
67.4
67.7
66.4
68.3
67.6
67.8
67.4
67.9
67.4
67.1
68.7
70.6
75.7
76.3
75.1
73.2
71.2
71.0
70.5
70.0
70.8
70.4
70.1
70.6
70.5
70.2
69.5
70.1
70.0
69.0
69.5
69.5
69.1
69.1
69.0
68.8
68.9
69.2
69.5
68.9
69.0
69.0
69.1
69.0
68.4
67.3
69.0
68.7
68.3
67.6
67.8
67.6
67.0
67.0
67.0
66.7
66.7
66.5
66.6
66.7
66.4
66.2
65.9
66.0
65.8
66.0
65.9
65.4
65.6
65.5
65.0
65.2
65.8
65.7
65.5
65.2
65.8
65.7
65.6
65.6
66.2
66.1
66.2
66.2
66.1
66.4
66.8
66.8
66.0
65.9
66.2
66.4
66.0
66.1
66.3
66.0
65.9
66.0
65.8
65.5
65.7
65.7
65.8
65.7
65.4
65.1
65.2
65.3
65.5
65.4
65.5
65.1
65.1
65.3
65.8
65.0
64.8
65.1
65.3
65.0
65.2
65.4
65.0
65.0
65.0
65.2
65.1
65.1
65.1
64.7
65.2
65.1
64.9
65.3
65.2
64.7
65.4
67.7
69.1
66.5
65.8
65.7
66.7
67.3
65.9
66.4
66.2
66.9
67.0
67.2
67.3
67.3
67.1
66.8
67.0
67.0
66.5
66.6
67.3
66.0
66.1
66.4
66.0
66.1
66.0
65.6
65.6
66.0
65.4
65.6
65.5
65.4
65.2
65.8
65.9
65.8
65.0
65.8
65.1
65.3
65.1
65.4
65.0
65.8
65.4
65.5
65.5
66.0
65.7
66.0
65.8
65.9
66.0
66.0
66.4
66.5
66.5
66.4
66.5
66.1
66.2
66.1
66.0
66.2
66.1
65.8
65.7
66.2
65.8
65.8
65.7
65.9
66.0
65.8
66.0
66.0
65.9
66.2
65.6
66.0
66.2
66.3
66.2
66.6
66.6
67.2
67.0
67.0
67.2
67.8
67.8
68.1
68.1
68.0
68.4
68.2
68.1
68.1
68.0
68.2
68.0
68.3
68.0
68.0
68.1
68.0
68.0
68.4
68.0
68.1
68.0
68.6
69.0
68.0
68.7
68.5
68.4
68.6
68.5
68.3
68.3
68.4
68.4
68.5
68.7
68.9
68.7
68.5
68.7
68.4
68.4
68.8
68.4
69.2
68.3
68.7
68.8
68.9
68.7
69.0
69.1
69.7
71.0
69.2
69.6
69.6
69.8
69.4
69.0
69.3
69.7
69.4
69.3
69.2
69.3
69.5
69.3
69.4
69.3
68.9
68.8
69.0
69.2
68.9
68.7
69.0
69.0
69.1
68.9
69.0
69.0
69.0
69.1
69.0
69.0
69.1
69.3
69.0
69.6
69.7
69.6
69.2
69.2
70.1
70.1
70.1
69.8
70.0
70.0
69.8
70.0
69.7
69.7
69.6
69.9
70.0
69.9
69.9
69.8
69.6
69.6
69.5
69.5
69.5
69.0
69.5
69.2
69.1
69.0
69.5
69.2
69.1
69.0
70.0
70.1
70.0
69.5
68.0
67.8
68.8
68.9
68.6
67.9
68.2
68.6
68.5
69.5
67.9
68.4
70.4
71.2
69.9
71.1
70.3
70.1
70.7
70.6
70.0
70.2
70.0
70.0
69.6
69.8
69.5
69.3
72.0
70.5
69.4
69.8
70.0
70.1
70.1
70.5
70.2
70.5
70.2
70.0
70.3
69.9
69.3
70.0
70.0
70.0
70.0
70.0
69.4
69.9
69.5
69.8
68.7
69.5
69.1
69.4
69.2
69.0
69.3
69.3
69.3
69.8
69.4
69.3
69.8
69.7
70.2
70.0
70.1
70.2
70.1
70.5
70.7
71.0
71.1
72.1
74.0
73.2
72.7
72.7
72.7
72.9
73.0
72.2
72.7
72.6
72.3
72.0
72.2
72.3
72.3
72.0
72.2
71.9
71.7
71.8
71.8
71.3
71.4
71.1
71.4
71.3
71.2
70.7
70.8
70.8
70.7
70.7
70.8
70.9
70.8
70.6
71.0
70.8
70.9
70.8
70.6
70.5
70.7
72.2
72.9
72.7
78.6
83.1
79.7
82.5
80.9
84.1
82.8
85.1
81.9
79.5
78.8
77.9
77.7
76.7
76.3
76.1
75.8
75.5
75.1
75.0
75.0
75.0
75.4
78.5
81.3
86.4
85.0
79.6
83.2
84.1
80.7
80.3
79.0
78.6
77.4
76.7
76.6
76.0
75.6
75.0
75.0
74.7
74.1
74.3
73.9
73.9
73.8
73.7
73.4
73.7
73.4
73.4
73.4
73.1
73.0
73.0
73.0
73.0
73.0
73.1
73.2
72.7
73.0
73.0
73.5
73.5
73.5
73.0
73.1
73.0
73.3
73.4
73.0
73.2
73.7
73.1
73.3
74.2
73.9
73.8
73.5
73.4
73.3
73.7
73.2
74.2
73.7
74.1
74.9
75.1
75.1
74.8
75.0
74.7
75.6
75.2
75.0
74.7
75.3
75.0
75.0
74.9
75.0
75.1
75.7
75.4
75.7
75.3
75.2
75.7
75.9
76.0
76.1
75.9
75.7
76.4
76.3
76.5
76.3
76.6
76.5
77.0
77.5
77.0
77.7
77.4
77.6
77.0
78.0
81.1
79.8
79.0
78.3
78.3
78.3
78.1
78.0
78.0
78.0
77.4
77.6
77.4
77.0
77.1
77.3
77.4
77.6
77.2
77.2
77.0
76.9
76.6
77.0
76.9
76.8
77.2
77.0
77.0
76.8
77.0
77.7
77.0
77.0
77.0
77.0
77.1
77.2
76.9
76.9
77.0
77.1
77.5
77.0
77.1
77.0
76.8
77.0
77.0
77.0
76.7
76.8
77.1
77.0
77.0
77.0
77.0
77.0
77.0
77.0
77.0
77.0
77.1
77.2
76.9
76.8
76.9
77.1
77.1
77.3
80.6
78.4
77.8
80.9
85.3
83.1
80.9
85.3
86.0
86.6
90.7
91.0
87.5
83.8
81.1
80.8
80.0
78.4
77.2
76.3
76.3
75.4
75.0
74.1
75.0
74.1
74.2
73.6
73.1
73.1
73.0
73.0
73.0
73.0
73.1
73.3
73.1
72.9
72.9
73.1
72.6
72.3
72.0
71.6
72.0
71.8
71.8
71.3
71.9
71.6
71.5
71.3
71.1
71.0
71.0
71.0
71.0
70.9
70.9
70.2
71.4
70.8
70.6
70.4
71.1
70.7
70.8
70.0
70.2
71.0
71.0
71.0
71.4
71.3
70.5
71.8
72.0
71.9
72.0
72.0
72.1
72.0
71.9
72.2
73.9
74.3
73.7
73.3
73.2
73.4
72.6
72.5
73.0
72.7
72.2
72.7
72.1
72.0
71.7
70.7
71.2
73.0
72.3
71.4
71.9
71.3
73.3
72.2
72.0
72.0
71.9
71.6
70.9
70.9
70.8
71.1
70.5
69.8
70.5
70.5
70.1
69.9
69.9
69.8
69.3
69.7
69.2
69.1
69.2
69.2
69.0
69.0
68.9
69.0
68.7
68.4
68.4
68.7
68.7
68.5
68.3
68.0
68.3
68.1
68.9
68.5
68.1
68.1
68.0
68.8
68.6
68.7
68.9
68.3
68.0
68.1
68.1
69.0
68.2
68.0
68.0
67.9
67.9
68.0
67.8
68.3
68.0
68.1
68.0
68.5
68.4
68.3
68.7
68.4
68.0
68.4
68.3
68.6
68.6
68.8
69.0
69.0
68.6
68.4
71.8
72.0
70.9
70.8
71.0
71.0
70.9
69.8
69.9
71.7
71.7
70.2
71.8
70.7
70.2
71.6
70.8
71.4
70.5
70.6
70.5
70.7
70.4
70.6
70.6
69.8
70.1
70.7
70.5
70.8
71.1
72.1
70.3
70.5
69.4
69.7
70.8
69.8
71.3
69.9
68.7
70.2
69.5
70.9
69.9
71.8
70.8
70.3
69.9
69.3
69.5
69.1
76.6
76.3
75.5
75.9
83.3
78.3
74.9
74.6
73.5
72.4
71.0
70.6
70.5
70.8
70.1
71.1
70.0
69.5
69.6
68.6
68.7
68.7
67.8
68.4
68.3
67.8
68.2
67.6
67.2
68.2
67.0
67.3
67.9
65.8
67.1
67.1
66.6
67.0
66.5
66.3
66.5
66.1
66.1
66.2
66.7
66.1
66.0
65.9
66.4
64.8
66.4
66.0
65.6
65.9
66.2
65.7
66.0
65.8
66.0
66.0
65.6
65.7
65.5
65.3
65.6
65.3
65.3
65.4
65.4
65.7
65.0
65.4
65.5
65.2
65.5
65.9
65.3
65.1
65.6
65.2
65.4
65.6
65.7
65.0
65.5
65.5
65.9
65.6
66.0
65.9
65.4
65.8
66.0
66.0
65.4
65.9
65.9
65.9
65.8
65.9
66.0
66.0
66.8
66.1
66.3
66.9
67.1
67.0
67.2
66.9
68.7
68.6
69.0
70.1
69.7
69.7
71.1
70.1
70.9
70.1
70.8
70.5
70.3
70.0
69.2
68.7
68.6
69.0
68.4
68.1
67.7
67.7
67.2
67.1
67.1
66.5
66.7
66.3
66.8
66.3
65.9
66.0
66.0
66.1
66.0
66.0
66.0
66.4
66.2
66.5
66.3
66.0
66.4
66.0
66.0
66.0
66.2
66.1
66.6
66.5
66.8
67.0
66.7
66.7
66.6
66.8
66.7
67.0
67.1
66.9
67.0
67.0
67.0
67.2
66.9
67.0
66.5
67.3
67.3
67.1
67.0
67.0
67.0
67.0
67.3
67.5
67.2
67.1
67.0
67.8
67.5
68.0
67.3
68.7
69.0
68.4
67.7
67.7
67.7
67.5
68.3
69.1
69.0
68.8
68.2
69.4
68.7
69.4
69.1
68.9
68.6
68.4
68.3
68.1
68.0
68.0
68.1
67.9
67.5
67.5
67.9
68.0
67.7
67.8
67.8
67.9
67.4
68.0
67.5
67.4
67.9
67.2
70.2
75.7
70.9
68.9
67.8
68.5
68.1
68.9
68.0
68.0
68.0
67.8
67.5
67.1
67.4
67.4
67.0
66.8
66.3
67.0
66.6
66.4
66.4
66.7
66.4
66.0
66.1
66.1
66.3
66.0
65.9
66.0
66.0
66.0
66.0
66.1
66.0
66.0
65.9
66.1
66.0
66.1
66.7
66.4
66.2
66.9
66.8
67.3
67.0
67.1
67.0
67.1
67.0
67.3
67.0
67.7
67.9
67.8
67.7
68.0
68.0
68.0
68.0
68.0
68.0
68.1
67.9
67.7
67.9
68.0
67.7
67.6
67.9
67.4
66.5
67.5
67.2
67.0
67.0
67.1
67.4
67.0
67.0
66.8
66.8
66.5
66.7
66.7
66.6
66.9
66.4
66.7
66.5
66.3
66.8
66.6
66.2
66.3
66.5
66.2
66.0
66.4
67.1
66.9
66.8
67.1
67.0
67.5
67.0
67.7
67.8
65.0
66.1
66.3
66.0
67.0
67.3
68.0
67.0
66.1
66.5
66.6
66.2
67.1
67.2
68.8
68.9
68.9
68.6
68.0
68.6
68.4
68.0
67.9
68.0
67.5
67.8
66.4
67.4
67.0
67.0
67.0
67.0
65.8
66.6
66.1
66.5
66.4
66.1
66.3
66.1
66.8
66.4
66.6
66.4
66.1
66.0
66.3
66.0
66.0
66.1
66.1
66.0
65.6
66.3
66.1
66.0
65.9
66.0
65.8
65.9
65.9
66.0
66.0
66.0
66.0
65.4
65.7
66.4
67.4
66.9
66.4
66.7
66.2
66.2
66.2
66.5
66.0
66.4
66.2
66.5
66.4
66.0
66.0
66.1
66.0
66.2
66.5
66.0
66.0
66.3
66.4
66.6
66.6
66.8
66.9
67.2
67.1
66.9
67.3
67.3
67.0
67.9
67.7
68.0
68.1
68.2
68.0
68.1
68.1
68.2
68.3
68.8
68.8
69.0
69.1
68.9
69.0
69.2
68.4
67.9
68.3
68.2
68.0
68.3
68.1
68.0
67.9
67.5
68.5
71.4
73.3
69.3
69.6
68.9
69.9
70.2
69.8
69.9
69.4
69.4
70.1
70.1
69.8
70.0
69.9
69.6
69.2
69.1
68.9
69.0
69.0
68.9
68.7
68.5
68.1
68.0
68.2
68.3
68.0
68.1
67.9
68.0
68.0
67.7
67.8
67.5
67.1
67.6
67.0
67.6
68.0
67.3
68.0
68.0
67.1
67.8
67.5
67.0
67.7
67.7
67.1
67.4
67.0
66.8
66.8
67.0
67.1
67.0
66.7
66.7
66.9
66.9
66.8
66.7
66.9
67.0
66.8
66.7
66.9
66.8
66.7
66.7
66.7
66.1
66.0
66.6
67.0
67.0
67.0
67.0
73.6
77.5
72.6
74.0
79.5
74.4
72.7
73.7
79.6
82.9
84.3
82.9
81.3
77.7
83.4
88.1
91.3
92.0
89.9
86.8
85.5
86.3
87.1
86.5
82.7
82.0
85.4
87.0
89.5
88.3
86.4
87.0
87.5
86.4
84.3
83.7
84.7
86.3
88.0
88.5
88.6
87.8
88.7
89.6
88.7
86.2
85.6
84.0
83.4
81.6
79.9
79.2
78.6
77.3
78.0
77.6
76.7
76.4
75.2
74.5
76.2
79.3
80.3
79.1
81.0
77.3
76.7
76.4
75.6
73.1
74.0
74.2
74.4
74.6
73.8
73.6
73.9
74.1
74.0
73.2
73.1
73.4
73.6
74.1
73.7
73.7
73.4
73.5
73.7
74.6
73.2
73.2
73.0
73.0
72.8
73.7
79.1
77.8
75.5
74.1
73.4
72.8
72.8
72.2
72.3
72.3
72.0
71.9
71.9
71.7
71.5
71.3
71.1
70.6
70.9
71.0
70.8
70.5
70.8
71.5
71.1
71.4
70.6
70.0
70.1
70.8
70.0
69.9
69.8
69.8
69.8
69.3
69.3
69.1
69.0
69.0
68.8
69.0
68.8
68.5
68.7
68.7
68.1
68.0
67.9
68.0
67.9
68.1
68.0
67.8
68.1
67.6
67.1
67.3
67.5
67.3
67.1
67.2
66.8
66.9
67.0
66.9
67.1
66.9
67.0
66.4
66.7
66.6
66.9
66.9
66.3
66.4
66.5
66.0
66.1
65.9
66.1
68.2
69.3
68.4
68.1
68.3
69.0
68.6
68.9
69.6
68.8
69.2
69.0
68.2
68.1
68.8
67.9
68.6
69.0
68.7
68.4
68.3
69.0
69.0
68.6
68.3
68.9
69.5
69.0
68.9
68.5
68.4
68.6
68.8
68.6
69.0
70.9
71.8
72.1
72.2
71.3
74.3
72.8
72.6
72.7
72.0
72.2
71.2
71.8
71.3
71.0
71.0
70.9
71.0
71.0
70.7
70.6
70.3
70.5
70.3
70.1
70.0
70.2
69.9
69.8
69.8
69.4
69.3
69.3
69.1
69.4
69.5
69.5
68.9
68.9
68.7
69.1
68.8
69.0
68.5
68.5
68.4
69.2
69.1
68.8
69.0
68.9
69.0
69.0
69.2
69.5
69.6
69.7
69.2
69.6
68.9
69.3
69.2
69.3
69.3
68.9
68.8
69.3
69.5
69.0
69.0
69.0
68.9
68.6
68.7
68.3
68.4
68.4
67.8
68.1
67.9
67.7
67.8
67.9
67.8
67.1
67.7
67.6
67.4
67.3
67.1
67.5
67.0
66.1
66.7
67.0
67.2
66.8
67.0
66.7
67.6
69.2
71.1
71.7
71.6
71.5
71.6
71.7
71.3
72.0
71.9
72.7
72.1
71.5
71.6
71.7
71.7
72.3
71.9
72.2
71.8
72.5
73.2
73.7
74.1
74.1
74.3
73.8
73.8
74.3
73.4
74.2
73.7
73.6
74.1
74.8
74.8
74.7
74.2
75.3
74.9
74.2
75.0
74.7
73.9
74.7
74.7
73.8
74.2
74.2
74.1
74.9
74.7
74.5
74.9
74.8
75.3
74.7
75.1
75.0
74.2
73.5
74.2
74.3
74.2
74.9
73.3
72.8
73.8
74.6
73.3
73.0
72.7
72.3
72.9
73.2
74.0
74.2
77.9
82.3
80.3
79.2
77.2
76.0
75.3
74.0
72.2
69.8
70.2
72.4
73.0
73.1
73.8
74.0
74.0
73.1
72.9
72.7
72.5
72.7
72.7
77.4
79.9
77.7
77.3
74.8
74.5
74.1
73.1
73.0
72.6
72.1
71.9
71.5
71.8
71.6
72.1
71.3
70.8
72.0
71.8
70.8
71.0
71.6
71.5
71.3
70.8
70.6
71.6
70.5
70.2
69.8
69.8
70.0
70.6
70.6
71.0
70.3
70.7
70.2
70.2
70.2
70.6
70.6
71.3
74.1
71.0
70.7
70.9
70.6
69.9
70.6
70.9
70.8
70.4
70.4
70.8
71.3
71.4
70.6
71.0
70.8
70.7
70.5
72.0
71.4
71.9
72.7
72.1
71.5
72.0
72.7
72.2
72.2
72.5
71.9
72.9
73.2
73.4
73.4
73.9
73.6
73.2
73.0
72.3
71.5
72.0
72.0
71.0
72.0
72.7
72.6
72.0
72.2
72.2
71.9
71.8
70.6
72.0
71.3
71.0
71.0
71.0
71.0
70.6
70.4
70.2
70.7
70.7
71.0
71.0
70.6
70.5
70.8
70.3
70.2
70.1
70.1
70.2
70.3
70.4
70.0
69.8
69.9
70.5
70.1
70.0
69.7
70.0
69.8
70.1
70.0
78.2
84.7
87.1
87.9
90.2
90.7
83.8
79.3
76.7
73.5
72.0
71.9
71.1
71.1
71.0
69.3
67.5
68.7
69.3
69.3
67.5
66.7
68.0
67.2
67.2
73.0
72.5
69.9
67.9
68.7
68.9
68.8
68.4
68.1
67.7
67.8
67.0
67.0
67.1
66.8
67.3
67.0
66.5
66.6
66.5
66.0
66.0
66.2
66.0
65.8
65.7
65.8
65.9
66.0
65.5
66.0
65.6
65.5
65.1
65.0
65.0
64.9
65.0
64.9
65.0
64.9
65.1
65.0
64.8
64.8
64.6
64.7
64.9
65.0
65.2
65.0
65.1
64.7
65.2
65.5
65.2
65.8
65.3
64.4
65.5
66.0
66.0
65.6
66.3
66.4
66.0
66.2
66.6
66.2
67.0
66.3
66.5
67.1
66.8
66.5
66.8
66.8
65.9
66.0
66.0
66.0
66.7
66.8
66.2
66.0
65.8
65.2
65.6
65.4
65.0
65.7
65.1
65.2
65.6
65.2
65.1
65.0
65.2
65.6
66.1
65.4
65.4
65.6
65.2
64.9
64.8
65.0
64.6
64.5
65.1
65.0
65.0
64.3
64.7
64.9
64.6
64.0
64.3
64.1
64.3
64.4
64.9
64.9
64.0
63.9
64.2
64.0
64.1
64.0
63.8
64.0
64.2
64.2
63.9
63.5
63.6
63.6
63.3
62.8
63.5
63.4
63.0
63.1
62.9
62.9
63.0
63.0
62.7
62.5
62.4
62.3
62.8
62.8
62.8
62.7
63.1
63.2
63.2
63.0
63.7
63.1
63.4
63.7
63.9
63.7
64.0
64.0
64.1
64.2
64.1
64.2
64.3
64.2
64.8
65.0
65.0
65.0
64.9
64.9
65.1
64.7
65.0
65.2
64.9
65.2
65.4
65.0
65.0
64.6
63.8
65.7
65.1
64.0
64.2
64.0
63.9
63.8
63.5
63.6
63.6
63.9
63.8
63.5
63.8
63.2
62.9
62.6
62.6
62.5
62.0
62.1
62.1
61.9
61.5
61.4
61.4
61.4
61.3
61.2
61.1
60.6
61.0
60.5
60.4
60.3
60.1
59.9
60.0
59.8
59.4
59.6
59.3
59.4
59.3
59.8
59.5
59.6
59.4
59.5
59.4
59.5
59.2
58.8
58.9
58.5
59.4
59.6
59.1
59.1
58.5
58.0
58.1
57.6
57.5
57.2
56.9
57.1
56.9
56.8
57.3
57.2
59.0
57.2
57.0
57.0
56.7
57.0
56.8
56.7
56.8
57.0
56.6
56.9
56.5
56.8
56.5
57.3
56.9
56.5
56.6
56.7
56.8
57.1
57.8
57.2
57.4
57.2
57.0
57.9
58.2
58.4
58.3
58.3
58.5
58.4
59.3
59.1
59.0
58.8
58.7
59.1
58.9
59.2
59.1
58.8
58.9
58.8
58.8
59.1
58.9
58.4
58.6
57.9
58.1
58.2
58.2
58.4
58.2
57.6
57.3
57.3
58.0
57.7
57.2
57.3
56.7
57.0
56.5
56.7
55.9
56.2
56.1
56.6
56.6
56.1
55.6
55.9
55.7
55.5
55.4
55.5
55.7
55.4
55.7
55.4
55.4
55.4
55.7
55.5
54.8
55.5
55.1
54.9
55.4
53.2
54.0
52.7
56.9
61.1
57.2
59.1
58.0
59.2
59.1
60.4
75.0
75.1
72.3
65.9
63.6
63.6
65.7
63.4
62.4
62.4
62.6
62.9
68.7
69.8
64.7
63.6
63.9
64.2
62.9
62.2
61.8
61.3
61.0
61.0
60.7
57.3
56.4
58.6
59.0
59.1
62.5
57.7
59.3
60.2
68.4
62.7
60.4
60.4
59.9
60.5
60.2
59.0
55.8
56.2
58.1
58.8
58.5
58.9
59.0
58.9
58.3
56.2
58.0
58.2
57.9
57.3
57.0
56.8
56.3
56.2
56.1
56.3
55.8
55.7
55.1
55.5
54.9
54.7
54.2
54.0
53.9
53.4
53.6
53.1
53.0
52.3
52.9
53.0
52.8
53.4
52.4
51.3
51.6
51.8
51.8
51.7
51.1
51.4
51.1
51.0
50.7
50.4
49.9
49.7
49.9
51.4
51.6
51.1
50.7
50.7
49.9
50.1
49.4
49.3
49.6
49.4
49.2
49.9
49.4
48.6
48.9
49.2
49.1
48.6
48.5
49.0
48.2
48.7
48.7
48.7
48.6
48.2
48.4
48.5
48.3
48.5
48.2
48.7
47.7
48.5
48.4
48.7
48.0
48.6
47.9
48.6
48.0
48.3
48.0
47.7
47.8
48.0
48.6
48.6
48.7
49.1
48.5
49.1
48.8
49.6
48.6
49.6
49.1
48.6
48.5
49.7
50.1
49.9
49.1
49.0
49.2
49.4
49.7
49.7
48.7
49.4
50.5
50.4
49.8
51.3
51.0
50.2
49.1
49.9
51.5
53.0
53.6
52.4
53.8
60.2
54.3
51.9
53.9
55.5
55.3
56.1
56.0
55.6
55.2
55.4
55.3
55.1
55.1
55.6
54.7
55.1
55.3
55.4
54.9
55.2
54.9
54.1
53.9
54.2
53.9
54.2
54.0
53.8
54.2
53.5
54.0
54.2
53.5
53.9
53.3
53.2
53.3
53.4
53.7
54.2
54.0
54.0
53.1
53.2
53.4
54.0
54.0
54.0
54.7
54.4
54.3
54.3
54.3
54.5
55.1
54.8
54.3
53.5
54.2
54.4
54.7
53.8
54.6
54.3
53.7
53.9
53.6
54.6
54.7
54.0
54.0
54.1
54.5
54.1
54.4
54.4
55.2
55.4
54.5
54.4
54.5
54.6
54.6
55.1
55.3
55.7
56.2
55.6
55.6
56.6
56.1
55.6
56.4
56.2
55.9
55.8
56.0
55.9
55.8
55.4
56.0
55.9
56.2
56.3
56.0
56.4
55.5
56.2
56.0
56.5
56.9
57.0
57.1
56.9
57.6
57.5
56.5
56.4
56.5
57.0
57.2
56.9
56.5
56.9
57.1
56.0
58.8
72.7
69.4
64.5
64.7
63.9
63.2
63.0
62.8
63.3
62.1
60.900000000000006
61.7
61.4
61.9
61.8
61.8
60.9
60.8
60.9
60.2
61.4
60.5
61.0
61.4
62.2
61.0
61.3
61.7
61.8
62.5
61.8
61.6
61.0
61.1
61.4
60.6
60.7
59.9
59.7
60.6
61.4
60.7
60.4
60.4
60.3
60.2
59.8
59.7
60.1
60.6
59.8
59.8
59.7
59.3
59.0
58.3
58.7
61.7
64.6
67.0
63.9
65.5
65.6
62.5
61.8
62.0
62.4
61.5
60.9
60.4
60.1
59.5
59.0
59.0
58.4
58.2
58.1
58.1
57.7
57.4
57.1
56.5
56.5
56.5
56.6
56.1
56.0
56.2
55.9
55.7
54.7
55.3
56.0
55.2
55.0
55.1
54.3
54.1
53.8
53.7
53.6
53.7
53.0
53.2
53.0
53.0
53.4
52.5
52.0
52.2
51.9
52.1
51.9
52.5
52.0
51.3
51.8
51.7
51.5
51.6
52.7
52.5
52.6
52.3
54.2
54.2
53.5
54.0
53.8
54.1
54.1
54.0
53.9
54.1
53.9
53.8
54.2
54.6
55.3
59.8
59.1
66.7
62.9
60.4
59.5
59.3
59.4
59.6
59.8
58.5
58.6
58.4
58.9
58.7
58.7
59.0
58.9
59.6
59.8
60.3
60.0
60.3
59.9
60.1
59.5
59.7
59.5
59.6
59.6
60.0
59.9
60.0
59.4
59.4
59.4
60.2
60.3
60.6
60.6
60.5
60.7
61.1
61.0
60.2
60.5
61.2
61.1
61.0
60.8
61.2
61.3
61.0
61.3
61.7
61.3
61.1
60.5
60.5
60.4
59.8
59.8
60.4
61.4
61.6
61.3
61.1
61.1
61.6
61.7
60.8
61.2
61.6
62.1
62.9
63.3
63.6
62.7
62.5
63.0
63.3
63.7
62.8
62.7
63.3
62.9
63.5
62.9
63.4
62.5
62.6
63.0
62.0
62.0
62.6
61.6
60.2
59.8
59.7
59.4
59.4
59.3
59.3
59.1
59.9
60.0
59.6
63.1
62.2
61.1
60.8
59.8
59.1
58.9
59.3
59.2
59.0
59.0
59.1
59.0
59.2
58.7
58.9
58.9
58.9
58.8
58.8
58.8
59.1
59.0
59.1
58.9
59.0
59.0
58.7
59.0
59.0
59.1
59.0
59.2
58.6
58.9
59.2
58.9
59.0
59.0
58.7
58.3
59.0
58.9
58.8
58.5
58.2
58.2
58.9
58.7
58.6
58.5
58.0
58.2
58.1
58.5
58.5
58.0
58.3
58.2
58.0
58.2
58.1
58.2
58.0
58.0
58.0
57.8
58.0
58.0
58.0
58.5
58.3
58.0
57.7
58.5
58.1
58.0
57.9
57.7
58.0
58.0
57.9
57.7
57.8
62.3
60.4
61.3
59.6
60.3
59.5
59.3
58.8
59.4
59.1
59.0
58.8
59.2
59.1
58.8
59.0
58.3
58.4
58.6
58.0
57.7
57.8
57.9
57.2
57.0
57.0
57.2
57.2
57.0
57.0
57.1
56.8
56.7
56.2
56.2
56.5
56.6
55.9
55.9
55.7
56.5
55.8
55.5
55.4
56.0
55.9
56.6
55.3
55.0
55.5
56.0
56.0
56.0
55.6
55.5
55.1
55.1
55.5
54.5
55.0
55.0
55.2
55.0
55.0
55.1
55.0
55.0
55.1
54.9
55.0
54.2
54.7
54.3
54.3
54.2
53.7
54.0
54.0
53.8
54.0
54.5
53.9
54.0
53.9
53.7
53.9
54.9
55.9
54.8
54.5
54.3
54.7
54.3
54.2
53.7
53.1
54.3
56.6
55.6
54.1
55.3
55.2
55.5
55.4
55.4
55.7
55.5
55.4
56.0
56.5
55.7
55.2
55.9
55.9
56.4
55.7
56.2
56.1
55.9
56.0
56.2
56.3
56.4
57.4
57.4
56.6
56.3
56.0
56.0
56.1
56.3
56.5
56.1
56.4
56.5
56.8
57.2
57.0
57.1
57.0
57.5
57.8
58.6
58.7
59.5
60.3
60.0
60.2
60.6
60.4
60.1
60.0
60.0
59.2
59.2
59.3
59.0
58.4
58.0
58.3
58.7
58.3
57.8
57.7
57.9
58.5
57.5
57.8
57.8
57.6
57.1
57.0
57.3
57.2
58.2
57.6
57.4
54.5
53.7
53.5
54.2
54.1
55.3
56.4
55.5
55.7
57.9
59.3
61.8
61.9
62.0
63.2
62.6
63.3
67.2
65.5
64.5
65.4
65.3
65.8
65.4
67.8
67.2
66.2
66.6
65.6
65.5
65.7
65.8
64.7
64.3
64.7
64.0
63.9
64.0
62.8
63.7
63.2
62.9
63.3
63.3
63.8
63.1
62.6
62.4
62.6
62.4
62.2
62.1
62.4
63.4
62.7
62.2
61.9
61.8
62.1
61.8
61.5
61.6
61.0
60.9
60.8
61.1
61.3
61.6
60.8
60.3
60.3
60.7
60.5
60.4
60.5
60.3
60.0
59.6
60.0
59.6
59.7
60.0
59.3
59.7
59.4
59.0
59.1
59.3
59.5
59.4
59.3
59.1
58.7
58.6
58.8
58.2
57.7
57.9
58.1
57.5
57.8
57.7
57.4
57.6
57.7
57.7
58.0
57.2
57.1
57.3
57.5
57.1
57.2
57.8
57.4
57.2
57.3
57.5
57.2
58.0
57.3
57.3
57.5
57.7
57.9
58.1
58.3
58.3
58.1
58.8
58.5
58.5
58.6
58.8
59.3
59.0
58.3
58.3
58.8
59.0
58.7
58.8
59.0
58.8
59.0
59.2
59.1
59.0
59.1
59.6
60.1
60.5
59.5
59.0
59.3
60.3
59.7
59.4
59.2
59.7
59.6
59.8
59.8
60.3
60.4
60.0
60.6
61.2
61.0
61.4
61.2
61.0
61.4
61.3
61.4
61.8
61.7
61.9
62.0
61.8
61.5
61.1
61.4
61.2
61.2
62.3
62.1
61.9
61.9
61.6
61.8
62.1
62.8
63.1
63.5
64.0
63.9
64.3
64.8
66.0
65.7
65.0
65.9
66.0
66.6
66.0
66.3
66.6
65.8
65.7
67.1
67.5
64.2
64.3
64.3
64.6
64.7
65.0
65.9
66.8
66.0
61.6
62.0
63.0
63.0
62.9
63.1
63.5
63.8
63.6
63.2
63.2
63.3
63.2
62.9
62.3
62.0
62.2
61.2
58.7
59.4
60.8
60.7
61.0
60.1
60.1
60.2
60.0
59.8
59.6
59.2
59.5
59.3
59.2
59.0
59.4
59.4
58.8
58.7
59.0
59.0
58.7
58.4
58.4
58.2
57.9
58.0
58.2
57.6
57.5
57.5
57.8
57.4
57.1
57.0
57.2
57.5
57.2
57.2
57.3
57.4
56.9
56.9
57.0
57.1
56.9
57.4
57.0
57.0
57.4
57.0
56.7
57.4
57.0
56.2
56.5
56.8
56.3
56.6
56.8
56.6
56.7
57.3
57.0
56.9
57.0
57.0
57.6
57.7
57.6
57.8
57.7
57.3
57.2
56.9
57.8
57.0
56.9
57.4
56.4
56.4
56.2
58.3
60.6
60.9
59.7
60.8
61.8
60.3
61.0
59.8
60.9
61.0
60.8
60.3
60.7
60.4
60.7
60.8
61.6
60.9
61.0
61.0
61.9
60.6
59.8
62.1
58.9
58.1
61.6
59.8
60.6
60.0
61.2
60.9
60.6
60.8
59.7
59.2
59.3
59.0
59.0
58.6
58.9
58.6
58.3
58.6
58.4
58.0
58.0
57.9
58.0
57.8
57.0
57.0
56.7
56.4
56.1
56.1
56.1
55.9
55.4
55.8
55.9
55.0
54.8
54.9
54.8
54.6
54.6
54.3
54.4
54.5
53.8
53.4
53.1
53.1
53.1
52.9
52.699999999999996
53.0
52.2
52.4
52.6
52.4
52.0
52.4
53.1
52.5
52.4
52.3
52.2
52.0
52.0
52.1
52.5
52.0
52.0
51.9
51.9
52.1
51.9
51.6
51.7
51.5
51.6
51.7
51.9
51.6
51.5
51.2
52.5
51.8
51.4
52.1
52.4
52.5
52.7
52.5
52.1
51.8
52.7
52.3
52.6
52.3
52.6
52.4
52.0
51.5
51.1
50.9
52.1
52.7
53.3
52.8
53.5
53.5
53.6
53.8
53.2
53.1
52.9
52.8
52.6
52.6
52.5
52.9
53.7
52.9
52.4
52.1
52.6
51.8
52.4
51.5
51.9
51.4
51.4
51.8
51.5
51.9
52.0
52.5
51.8
52.2
51.8
52.6
51.5
52.6
52.3
52.8
53.0
54.0
54.0
53.3
53.3
52.7
52.9
53.1
52.8
52.1
52.4
52.3
52.2
52.8
51.6
52.2
52.6
53.0
53.3
53.8
54.0
54.3
54.6
55.7
56.2
56.3
56.5
56.6
57.2
57.7
58.1
58.5
59.0
59.2
59.6
59.8
59.3
59.1
58.8
58.6
58.0
57.3
56.9
56.9
56.4
56.1
55.6
55.7
55.8
55.9
54.9
54.7
54.7
54.1
54.7
55.1
55.1
54.6
53.9
54.4
54.2
53.5
53.3
53.9
53.9
54.0
53.9
53.8
54.0
54.0
53.8
53.7
53.9
53.5
53.4
53.3
53.3
53.5
53.4
53.6
53.0
53.3
53.3
53.6
54.0
53.7
53.9
54.4
54.2
54.2
54.7
54.2
54.3
54.3
54.6
54.7
55.0
55.2
55.5
55.9
57.2
56.6
56.7
57.0
56.8
58.1
59.4
58.4
58.5
68.7
69.9
67.7
64.1
59.1
57.8
60.2
60.8
63.1
63.1
63.4
63.7
63.2
62.9
62.5
62.2
62.0
62.0
62.2
61.8
61.6
61.3
61.0
60.9
60.4
60.4
60.0
60.3
59.9
59.9
60.2
60.0
60.3
60.2
59.7
60.2
59.9
59.7
59.5
59.5
59.7
59.2
59.3
59.3
59.3
59.2
58.9
58.9
59.0
58.9
58.6
58.8
58.8
58.0
58.2
58.2
58.0
58.0
57.8
58.0
58.1
57.7
58.0
57.7
58.3
58.1
58.3
58.5
58.7
58.1
58.3
57.8
58.0
58.5
58.4
58.1
59.0
58.7
59.0
59.7
60.5
60.7
60.6
61.3
61.8
62.2
62.6
62.7
62.7
62.0
62.9
62.9
63.0
62.8
63.1
63.0
62.7
62.8
63.1
62.7
63.3
62.8
62.9
63.4
63.1
63.7
63.0
62.8
63.3
63.0
62.3
61.9
62.1
61.9
62.0
61.7
62.9
62.3
62.7
62.5
62.4
62.0
62.0
61.9
61.1
62.1
62.7
62.3
61.6
60.7
60.3
60.4
60.5
60.0
59.8
59.4
59.4
58.9
58.7
58.7
58.4
58.1
58.1
57.7
57.6
57.5
57.2
56.9
56.6
56.8
57.0
56.1
56.3
56.0
55.9
55.8
55.6
55.9
55.3
55.1
55.2
54.9
55.1
55.2
54.5
54.7
54.7
54.2
54.1
54.2
54.3
53.9
54.0
53.9
53.9
54.0
53.5
54.6
54.7
53.9
53.2
53.0
52.8
53.2
53.5
54.2
54.1
54.4
55.1
55.4
55.6
55.8
56.4
54.9
54.5
52.8
56.5
55.3
55.1
55.0
56.9
58.4
58.2
59.0
58.7
59.2
58.1
58.9
59.5
58.0
58.2
66.7
62.8
57.5
56.8
57.2
58.0
58.2
58.3
58.3
58.5
57.7
58.3
58.0
58.2
58.5
58.1
58.2
58.2
57.8
58.0
58.6
58.0
58.1
57.5
57.8
57.8
57.2
57.0
57.2
56.9
56.9
56.8
56.9
56.2
56.3
56.2
56.0
55.9
56.1
56.1
56.1
55.4
55.1
55.4
55.3
55.5
56.1
55.7
55.1
54.5
54.6
55.0
54.7
54.4
54.1
54.1
53.6
53.9
53.8
53.7
53.5
53.2
53.0
53.4
53.5
53.2
53.8
53.4
53.3
53.6
53.9
53.9
53.7
53.3
53.8
54.3
54.9
56.1
56.6
57.0
57.4
57.3
56.0
55.8
55.9
56.2
56.5
56.0
56.2
56.9
57.2
57.4
57.8
58.6
58.4
57.6
58.1
57.9
58.5
58.7
57.8
58.8
58.4
58.6
58.8
58.4
58.0
57.8
57.8
59.6
58.6
57.4
56.8
56.6
56.2
56.0
56.2
56.0
56.2
55.9
55.9
56.1
56.3
55.9
56.1
56.3
55.8
56.1
55.7
55.1
55.3
55.7
55.7
55.9
56.2
56.0
55.9
55.7
55.9
56.0
62.8
67.7
66.8
64.5
62.7
62.6
63.0
67.7
69.8
63.5
61.4
60.7
61.5
61.4
61.2
61.2
61.7
61.6
59.7
57.9
58.4
59.0
59.1
59.8
60.2
60.0
60.0
59.7
59.6
59.3
59.1
59.0
59.0
58.9
58.9
58.9
58.8
58.7
58.9
58.8
58.4
58.2
58.2
57.9
57.9
58.0
58.0
58.0
58.2
58.0
57.9
57.9
57.9
57.5
57.3
57.4
57.0
57.1
57.0
56.9
56.8
57.0
56.8
56.7
56.2
55.9
56.6
56.6
56.3
55.8
55.9
56.5
56.7
57.1
56.9
56.4
56.2
56.2
56.0
56.6
56.5
57.0
56.9
57.4
57.3
57.6
56.7
57.1
56.6
56.7
56.6
56.8
57.0
56.7
56.4
56.7
56.3
56.5
56.3
56.2
56.0
55.4
55.4
55.2
55.4
55.3
55.4
56.7
57.3
56.7
56.6
56.2
56.7
57.0
58.0
55.0
56.4
56.0
55.4
58.1
59.2
59.0
61.9
60.3
60.7
61.8
62.7
63.3
63.0
64.2
64.7
63.9
65.0
64.8
64.8
65.3
65.3
64.5
64.7
64.1
64.2
64.0
63.3
63.9
63.9
63.1
64.1
64.0
64.0
63.8
63.5
63.5
62.9
63.5
63.3
63.1
62.9
62.1
62.3
62.1
62.0
62.3
62.2
62.0
62.0
62.1
62.1
61.8
61.9
61.9
61.2
62.0
62.8
62.03225806451613
62.04838709677419
62.064516129032256
62.08064516129032
62.096774193548384
62.11290322580645
62.12903225806452
62.145161290322584
62.16129032258065
62.17741935483871
62.193548387096776
62.20967741935484
62.225806451612904
62.24193548387097
62.25806451612903
62.274193548387096
62.29032258064516
62.306451612903224
62.32258064516129
62.33870967741935
62.354838709677416
62.37096774193548
62.38709677419355
62.403225806451616
62.41935483870968
62.435483870967744
62.45161290322581
62.46774193548387
62.483870967741936
62.5
62.516129032258064
62.53225806451613
62.54838709677419
62.564516129032256
62.58064516129032
62.596774193548384
62.61290322580645
62.62903225806452
62.645161290322584
62.66129032258065
62.67741935483871
62.693548387096776
62.70967741935484
62.725806451612904
62.74193548387097
62.75806451612903
62.774193548387096
62.79032258064516
62.806451612903224
62.82258064516129
62.83870967741935
62.854838709677416
62.87096774193548
62.88709677419355
62.903225806451616
62.91935483870968
62.935483870967744
62.95161290322581
62.96774193548387
62.983870967741936
63.0
63.0
63.2
63.3
63.0
63.2
63.2
63.4
63.3
63.2
63.1
62.8
62.8
62.4
62.1
62.0
62.4
62.3
62.4
62.9
62.0
62.1
59.5
62.4
60.2
60.8
62.1
61.4
61.9
62.1
62.0
62.0
61.4
61.0
60.8
60.0
59.9
59.4
58.7
58.0
57.3
57.0
57.6
60.3
59.4
59.5
60.6
60.8
60.0
60.0
59.7
58.5
58.4
57.9
57.1
56.6
55.8
55.3
55.3
54.8
54.0
53.5
54.1
53.5
53.0
53.0
52.9
52.5
52.1
51.6
51.4
51.2
51.0
50.9
50.5
50.7
51.1
50.5
50.2
50.9
50.8
50.1
50.5
50.3
50.7
50.6
50.7
50.7
50.3
50.6
49.7
49.7
49.9
49.7
49.8
50.0
49.3
49.6
49.6
49.5
49.7
49.3
49.7
49.4
49.8
50.0
49.6
49.3
49.0
48.6
49.0
48.6
48.7
49.2
48.7
49.1
49.0
49.4
49.5
49.7
49.9
50.1
50.4
50.5
50.8
50.9
52.0
53.3
52.9
53.1
53.0
52.3
52.4
53.1
53.2
52.6
52.4
54.4
57.2
55.6
55.0
54.8
54.1
55.0
54.5
55.0
54.7
55.4
55.8
55.8
56.0
56.0
56.6
56.7
56.6
56.3
56.0
55.7
55.2
55.1
55.2
55.2
54.7
54.6
54.3
54.3
53.8
53.8
53.3
53.4
53.3
53.4
53.2
53.3
53.2
53.0
53.1
53.2
53.0
53.1
53.1
53.6
53.7
53.8
54.0
54.0
54.0
54.0
54.0
53.9
54.0
54.4
54.9
55.6
56.0
55.5
55.2
55.3
56.0
55.7
56.5
55.8
56.0
56.0
56.0
56.5
56.8
56.8
57.7
57.9
58.1
58.2
60.2
65.7
66.4
63.2
62.7
61.8
62.2
61.8
61.5
61.9
61.5
61.3
60.6
61.1
61.7
61.7
60.8
60.1
60.1
60.6
60.8
60.5
59.9
59.8
58.6
59.0
60.8
59.1
57.0
60.9
59.2
59.2
59.5
59.4
59.0
59.3
59.0
58.3
58.4
58.0
58.0
58.0
57.7
57.0
57.1
56.8
57.3
58.6
59.2
59.1
59.0
58.8
58.6
58.6
58.8
59.2
60.0
60.5
61.0
61.0
61.9
62.0
62.0
63.2
64.0
64.3
64.9
65.0
65.0
65.0
65.0
65.0
65.0
65.2
65.3
65.7
65.8
66.0
66.0
65.9
65.5
65.2
65.3
65.0
64.5
64.8
64.8
64.8
64.8
64.6
65.0
64.2
64.0
64.0
64.0
64.0
63.9
63.1
63.0
63.4
63.3
63.0
63.4
63.0
63.0
63.2
63.0
62.7
63.2
63.0
63.0
62.8
62.6
63.0
62.8
62.5
62.5
64.2
65.8
65.9
64.7
64.0
63.1
63.8
63.9
63.9
63.4
63.4
64.5
66.2
65.1
62.9
63.8
64.1
65.0
65.0
65.6
66.0
65.9
65.8
65.5
66.0
66.0
66.4
66.1
66.6
67.0
67.4
68.7
66.6
63.0
63.9
62.8
62.4
62.1
61.800000000000004
63.0
63.7
64.0
64.0
64.0
64.0
64.3
64.2
64.8
64.6
65.0
65.4
65.1
65.0
65.5
65.2
65.1
65.0
65.0
65.0
65.0
64.3
64.0
63.9
64.0
63.5
63.4
63.0
63.1
63.6
63.0
62.7
62.1
62.5
62.4
62.5
62.2
62.2
62.0
62.0
62.0
62.1
62.2
61.8
63.3
63.8
62.5
63.8
62.3
62.3
62.1
62.2
62.0
61.9
62.0
62.0
61.9
62.7
62.5
62.0
62.0
61.8
62.7
62.6
62.2
62.1
62.0
62.1
62.3
62.6
63.0
63.0
62.8
62.3
62.8
62.9
62.7
61.0
61.2
61.6
62.9
61.9
60.9
62.0
62.9
62.8
63.0
63.5
63.3
63.0
63.2
63.7
63.7
64.0
63.8
64.0
64.0
64.0
64.3
65.0
64.7
64.7
64.7
65.0
65.0
65.0
65.0
65.0
65.0
65.0
64.4
64.9
65.0
64.8
64.3
64.4
64.4
64.1
64.1
64.0
64.5
65.0
65.0
64.5
64.2
65.0
64.9
64.6
64.8
64.6
64.1
64.2
64.3
64.3
64.8
64.0
64.0
64.0
64.0
64.1
64.4
64.4
64.5
64.3
64.7
64.3
64.7
64.3
64.7
64.6
64.5
64.5
64.3
64.2
64.0
64.0
63.7
64.0
64.0
63.2
63.7
63.5
63.5
64.0
63.8
64.1
64.2
64.0
64.0
64.0
63.9
64.0
64.0
63.9
63.9
63.7
64.0
63.6
64.0
64.0
64.0
63.0
65.3
66.0
64.1
63.7
64.8
64.7
64.1
64.2
63.5
63.5
64.0
63.6
63.7
63.7
63.6
63.8
63.8
63.6
63.3
63.4
63.5
63.3
62.9
63.1
63.4
63.8
64.2
63.6
63.7
63.8
63.5
63.4
63.0
63.1
62.7
62.8
62.7
62.7
62.8
62.4
62.4
62.2
62.4
62.7
63.0
62.9
63.0
63.0
63.0
62.8
63.0
62.9
63.0
63.0
62.9
63.0
62.7
62.7
62.7
62.7
62.3
62.9
62.2
62.0
62.1
62.3
62.0
61.9
62.0
62.0
61.7
61.7
61.4
61.8
61.9
61.8
62.0
62.0
61.7
61.4
61.7
61.8
61.8
61.5
61.2
61.9
61.5
61.6
61.0
61.0
61.0
61.0
61.2
60.8
66.1
71.3
70.7
64.3
60.6
61.1
61.6
62.1
63.0
63.0
63.5
63.3
63.6
63.5
63.8
63.3
63.2
63.9
63.7
64.0
63.8
64.0
64.1
65.5
61.3
61.1
62.0
63.0
62.8
62.9
63.5
63.7
64.0
63.7
63.7
63.9
63.8
63.1
63.8
63.6
63.5
63.4
64.0
64.0
64.0
64.1
63.9
64.0
63.7
63.3
63.7
64.0
63.1
63.2
63.7
63.6
63.6
63.7
63.7
63.5
64.0
63.7
63.9
64.5
64.9
65.1
66.0
66.0
65.7
65.9
65.5
65.8
65.5
65.6
65.1
65.1
65.0
65.0
65.0
64.7
64.0
64.0
64.0
63.8
63.3
63.7
63.2
63.0
63.1
63.0
63.0
63.2
63.1
63.0
63.7
63.7
63.3
63.1
63.3
63.0
63.0
63.0
63.0
63.0
63.0
63.0
63.0
63.4
63.0
63.0
63.0
62.7
62.3
62.3
62.2
62.3
62.7
62.4
63.0
63.0
63.0
63.0
63.0
63.0
63.0
63.0
63.2
63.6
63.9
63.8
63.3
63.5
63.7
63.3
63.7
64.0
64.0
64.1
64.0
64.0
64.0
62.7
62.1
63.4
64.0
64.0
64.0
64.4
64.7
64.7
65.0
64.3
64.9
64.9
65.0
65.0
69.4
64.5
61.8
61.9
63.0
62.8
62.4
62.5
63.0
63.0
63.0
63.0
62.8
63.0
63.2
63.1
63.8
63.8
63.9
64.8
64.5
63.9
63.4
63.0
63.0
63.0
63.5
64.1
65.0
64.4
65.0
64.7
64.8
64.5
64.9
64.9
64.2
64.0
64.3
64.3
64.1
64.6
64.0
64.2
63.4
63.5
63.8
63.9
63.8
64.0
64.4
64.1
64.3
64.7
64.4
65.0
64.5
64.3
64.6
64.5
64.7
64.8
64.7
64.7
64.8
64.8
64.5
64.5
64.8
64.2
64.7
64.8
65.0
65.0
64.9
64.2
64.2
64.5
64.0
64.0
64.9
64.3
64.0
64.0
64.0
64.8
64.8
64.4
64.4
64.0
63.8
64.1
64.2
64.4
64.0
64.0
63.3
63.9
63.1
63.2
62.9
63.4
64.0
64.0
64.0
64.0
64.0
63.6
64.0
63.9
63.6
63.8
62.9
63.8
63.6
63.4
63.7
63.9
63.0
63.3
70.2
68.5
63.4
63.6
64.0
65.7
64.8
64.6
65.3
65.1
65.0
65.5
65.8
65.9
65.7
65.6
66.0
65.7
65.9
66.0
66.0
66.0
66.0
66.1
66.1
66.3
65.7
66.3
67.0
67.0
67.0
67.0
67.0
67.2
67.0
67.0
67.0
67.0
66.8
66.6
66.5
66.2
66.3
66.3
66.7
66.4
65.7
65.9
65.3
68.9
68.0
65.1
65.0
65.8
65.9
66.0
65.4
64.9
66.7
66.8
65.7
65.4
65.4
65.2
64.5
64.3
63.9
63.7
63.3
63.0
63.0
62.7
62.3
62.3
62.0
61.7
62.0
61.8
61.7
61.0
61.1
60.9
60.6
60.5
59.7
60.1
60.0
60.1
60.2
60.2
60.3
60.3
59.8
59.9
60.0
59.9
60.1
60.2
60.0
60.0
60.0
60.2
60.0
60.2
60.2
60.0
60.2
60.7
60.2
60.1
60.0
59.6
59.5
59.1
61.6
62.4
61.4
60.9
61.4
59.4
58.4
58.3
58.2
58.2
57.9
57.9
58.2
57.8
58.2
58.0
57.8
57.7
57.8
57.5
57.5
57.3
57.3
57.8
57.4
57.5
57.6
57.7
57.7
56.5
57.2
57.3
58.8
58.9
59.0
58.2
58.0
57.9
58.4
58.5
58.4
58.5
57.8
57.9
57.7
58.3
59.3
59.1
59.7
60.2
59.8
60.3
60.4
59.6
59.7
59.2
59.6
60.2
60.3
60.7
60.4
60.4
60.4
60.6
61.3
61.2
60.2
60.9
60.3
60.9
61.6
63.0
61.2
63.5
61.2
60.3
59.8
59.2
58.8
58.4
58.8
58.8
58.0
57.2
57.0
56.6
57.0
56.9
56.4
57.6
58.2
57.8
57.6
58.6
62.9
59.0
58.8
58.8
59.3
59.3
59.8
58.9
58.9
63.1
61.2
59.8
58.8
58.3
58.6
58.0
58.0
59.6
60.3
58.6
60.0
59.9
59.5
58.6
58.5
60.7
61.8
60.5
59.9
60.5
59.7
59.1
59.3
59.0
59.0
59.0
58.6
59.3
59.5
59.4
58.9
62.4
60.1
60.3
60.2
59.3
58.6
59.4
60.0
59.5
59.3
59.3
59.6
59.4
59.3
59.2
59.9
59.0
59.3
59.4
59.2
60.0
60.2
59.5
59.4
59.8
59.8
60.1
59.8
59.7
60.4
59.8
59.4
59.6
59.9
61.7
61.3
61.2
61.6
61.2
61.2
60.4
60.4
60.0
60.5
59.3
59.5
59.4
59.1
59.2
58.9
59.1
60.6
59.6
59.7
59.7
58.6
58.4
59.2
60.1
59.3
59.3
59.5
59.1
59.8
60.7
60.3
65.3
66.8
62.2
59.5
60.5
61.0
61.3
61.7
60.6
61.5
61.3
61.0
60.5
62.0
62.9
62.7
63.5
63.1
63.5
64.4
64.4
64.7
64.4
64.5
65.3
64.9
65.0
64.8
64.5
64.9
65.0
65.3
65.7
66.0
66.0
65.8
65.1
65.0
65.0
65.0
65.0
65.0
64.7
65.0
64.9
63.9
63.9
64.3
64.0
63.0
63.0
62.5
62.0
61.9
62.6
62.0
61.1
61.5
61.4
61.7
61.6
61.1
60.9
61.0
60.8
60.7
60.8
60.9
60.7
60.7
60.0
60.0
60.0
59.7
60.1
59.7
59.0
59.3
60.2
59.0
59.3
59.8
59.5
60.0
60.7
60.3
60.0
62.6
63.7
60.9
60.3
59.7
60.0
59.4
59.8
60.0
59.8
59.2
58.9
59.3
59.7
58.8
59.5
60.2
60.5
59.9
60.0
60.0
60.0
60.2
60.0
60.0
60.4
60.6
60.2
60.2
60.6
60.4
60.5
60.0
60.6
60.2
60.8
61.3
60.2
60.5
60.4
60.4
60.9
59.9
59.2
59.9
59.7
59.9
60.2
60.1
60.4
60.7
60.7
60.2
60.6
60.3
60.4
60.0
60.9
60.3
60.4
60.3
63.8
61.6
61.1
61.0
60.6
60.8
59.5
60.3
60.6
60.9
61.7
61.9
61.8
61.8
61.4
61.7
62.3
63.2
63.5
67.2
69.4
71.4
72.6
69.9
68.1
69.5
69.5
69.4
67.4
65.6
66.2
67.2
67.7
68.8
69.3
68.2
68.0
68.0
68.0
68.0
67.3
67.7
67.7
67.6
67.8
67.2
66.8
67.2
67.0
67.1
66.7
66.0
66.2
65.9
65.4
67.0
68.1
69.5
69.1
70.2
69.3
69.6
70.1
70.8
70.3
70.4
69.4
68.1
68.2
67.8
69.4
69.0
67.4
66.8
66.5
65.3
64.4
63.5
63.4
63.1
62.5
62.7
63.6
62.0
62.0
62.6
62.5
62.6
62.3
62.8
62.6
62.6
62.6
62.2
62.6
62.5
62.9
62.6
62.8
62.3
62.5
62.8
62.7
62.7
62.4
62.3
62.4
62.3
62.5
62.8
62.0
62.3
62.6
62.3
62.5
62.3
62.1
62.1
61.9
62.0
62.5
62.5
62.0
61.9
61.7
62.0
61.6
61.9
61.5
61.6
61.6
61.4
61.7
61.2
61.0
61.1
61.0
61.0
60.9
60.8
60.6
60.6
60.6
60.6
60.4
60.9
60.5
60.5
60.3
60.7
61.1
61.9
61.5
61.0
60.8
60.5
60.1
60.1
60.1
59.8
60.0
59.8
60.0
60.2
59.9
60.2
60.9
60.7
60.6
60.3
59.9
62.0
61.7
61.2
61.5
61.6
61.6
61.9
62.0
61.9
62.2
61.9
61.7
61.8
61.7
61.9
61.7
61.8
61.5
61.3
61.2
61.2
61.3
61.3
61.6
62.0
60.9
60.9
61.3
61.0
60.8
60.9
61.0
61.2
61.2
61.2
61.5
61.3
62.0
61.6
62.0
62.7
61.8
61.9
62.0
62.5
62.3
62.6
62.8
63.0
62.0
62.2
63.0
63.4
63.9
63.6
63.1
63.0
63.0
63.0
62.7
62.9
63.0
63.0
63.0
63.1
63.1
63.1
63.0
63.3
62.8
63.0
63.0
63.3
63.6
63.0
63.0
63.5
63.4
63.1
63.0
63.0
63.0
62.9
62.5
63.0
63.0
62.9
63.0
62.9
62.9
63.0
63.0
62.9
63.0
63.0
63.0
63.0
62.9
63.0
63.0
62.7
62.7
62.9
63.0
62.1
62.8
62.7
62.4
62.4
62.6
62.5
62.9
62.4
62.2
63.0
62.7
62.9
62.8
62.9
62.8
63.0
62.6
62.9
62.9
62.5
62.6
62.2
62.5
62.6
62.9
62.3
62.4
63.4
62.8
63.5
64.0
64.0
63.4
63.4
63.7
63.8
63.7
63.5
63.4
63.5
63.6
63.6
63.3
63.4
64.0
63.5
63.6
63.5
63.9
63.2
64.0
64.0
63.7
64.0
63.8
67.5
64.2
63.6
64.0
63.8
63.5
63.3
64.0
63.8
63.4
63.8
64.0
64.0
64.0
64.0
63.9
64.0
64.0
64.0
63.9
64.0
63.8
64.0
63.8
64.0
64.0
64.4
64.5
64.1
64.5
64.0
64.0
64.1
64.0
64.3
64.3
64.4
64.6
64.4
64.8
64.7
64.7
64.5
65.0
65.1
65.0
64.7
65.0
64.7
64.4
64.8
65.0
65.0
64.8
65.3
64.9
64.6
65.0
64.9
64.8
64.7
64.7
64.8
64.3
64.3
64.3
65.0
64.4
64.0
64.1
64.0
64.0
63.6
63.7
63.5
63.2
63.7
63.6
63.8
64.5
63.6
63.6
64.7
63.9
64.2
64.4
62.7
62.2
62.2
63.7
63.9
64.0
64.0
64.0
64.0
64.3
64.0
64.0
63.9
63.3
63.0
63.3
63.5
63.8
62.8
63.1
63.2
63.2
62.5
63.1
62.9
63.0
62.7
62.7
62.7
62.9
63.0
63.0
62.9
62.4
62.4
62.8
62.3
62.3
62.2
62.5
61.8
61.1
61.5
62.2
61.8
62.2
61.7
62.9
62.5
62.9
62.3
62.6
62.6
62.1
63.0
62.1
62.0
62.3
62.1
62.4
62.1
62.6
62.4
62.6
62.3
63.0
63.5
62.9
63.7
64.1
64.1
64.0
64.0
64.0
63.7
67.2
65.1
63.7
64.0
63.6
63.4
63.7
64.0
63.9
64.0
64.3
64.4
64.8
64.9
65.0
65.8
66.1
66.1
66.3
66.1
66.4
67.1
67.2
68.0
68.1
68.5
69.0
68.9
69.1
70.0
70.0
70.3
70.7
70.7
70.1
70.8
70.6
70.3
71.0
70.9
70.8
71.1
71.0
71.1
71.1
71.1
70.9
72.5
73.1
71.0
70.0
70.7
70.9
70.1
70.3
70.7
70.6
71.7
70.4
70.0
69.8
69.3
69.7
69.7
69.6
69.3
69.1
68.7
68.3
68.7
68.8
70.2
69.3
69.7
69.6
68.3
68.9
68.7
68.5
68.8
68.7
67.8
68.2
68.0
67.0
67.9
67.2
68.9
68.2
67.9
68.6
68.1
68.5
68.3
67.0
68.2
68.9
67.4
68.7
68.7
67.9
68.6
69.0
68.9
67.9
68.8
68.0
67.0
68.3
67.6
67.5
67.2
67.7
67.2
67.9
67.9
68.5
68.6
68.0
68.2
67.5
68.2
67.5
67.8
67.9
67.4
67.0
67.1
67.0
66.8
66.3
66.9
67.3
67.0
67.1
66.8
67.0
66.9
67.1
67.2
67.1
66.7
67.0
67.1
67.4
67.4
67.0
67.2
66.8
66.2
66.5
66.4
66.2
66.6
66.4
66.6
66.5
66.0
66.0
66.2
66.8
66.3
66.5
66.2
65.8
66.0
65.3
65.6
65.6
65.2
66.2
66.0
65.5
66.0
65.9
65.7
65.5
65.7
65.9
65.1
65.4
65.8
65.8
66.0
66.0
65.8
65.8
65.0
65.0
65.0
65.0
65.0
65.0
65.0
65.1
65.4
65.0
65.2
65.3
65.0
65.1
65.2
65.1
65.3
65.5
65.0
65.2
65.5
65.7
66.3
66.1
66.9
66.2
66.5
66.0
66.0
66.0
66.2
66.1
67.0
66.6
66.19999999999999
66.3
66.5
66.0
66.0
66.0
66.0
66.4
66.2
66.4
66.4
66.0
66.3
66.2
66.1
66.0
67.0
67.0
66.8
67.0
67.0
67.2
67.1
67.2
67.2
67.2
67.2
67.7
67.8
67.9
69.0
68.1
68.0
67.8
68.0
68.8
68.5
65.1
67.6
69.1
68.9
67.7
67.4
67.8
68.0
67.5
67.2
68.0
68.9
69.0
68.5
68.7
68.3
67.8
68.0
68.0
68.0
68.0
68.0
67.8
67.9
67.8
67.3
67.8
67.7
67.1
67.6
67.9
67.6
67.2
67.0
67.5
67.8
68.0
68.1
68.2
68.1
68.0
68.3
68.0
67.9
67.9
67.8
67.3
67.5
67.9
68.0
67.2
67.5
67.3
67.4
67.0
67.2
67.0
66.8
66.0
65.4
65.6
65.6
65.8
65.6
65.2
65.0
65.2
65.0
65.4
65.9
65.7
65.8
65.5
65.3
65.6
65.4
65.6
65.6
65.6
65.0
65.1
65.3
65.5
65.6
65.4
65.5
65.7
65.6
65.6
65.7
65.7
65.5
65.8
65.7
65.7
65.7
65.7
65.8
65.5
65.5
65.8
65.9
65.7
65.5
65.4
65.7
65.9
66.6
67.5
67.7
67.0
67.2
67.7
68.0
67.8
67.2
67.6
67.5
67.2
67.0
67.2
67.7
67.7
66.9
67.1
67.1
67.6
68.0
67.6
67.4
67.5
67.1
67.5
67.9
67.6
67.4
67.1
67.8
67.1
67.5
67.7
67.5
67.2
67.2
66.9
67.5
67.3
67.0
66.8
66.9
66.8
66.8
66.8
66.4
66.6
66.3
66.0
66.5
66.4
66.4
66.2
66.4
66.2
65.8
66.1
66.4
66.2
65.7
65.7
66.0
65.7
65.5
65.9
65.2
65.8
65.1
65.2
65.6
65.4
65.0
65.2
66.2
65.7
65.5
65.6
65.6
65.6
66.2
65.7
65.3
65.9
65.6
66.2
66.0
66.6
66.3
66.5
66.3
66.1
67.0
66.9
67.0
67.0
66.9
67.0
66.4
66.0
65.6
66.0
65.9
65.6
65.2
59.4
59.3
60.0
59.3
61.7
62.3
62.0
62.0
62.0
62.4
62.6
62.9
62.5
66.2
60.6
60.8
61.0
61.0
61.4
61.8
61.9
62.0
62.3
62.7
62.6
62.7
63.0
63.0
63.0
62.8
63.0
63.0
63.4
62.7
63.4
63.2
63.5
63.5
63.8
63.8
63.3
62.9
62.7
62.2
62.2
61.9
62.0
62.0
61.5
60.6
60.8
60.1
59.8
59.4
59.6
59.8
59.6
59.7
59.8
60.0
60.5
60.6
60.8
60.7
61.1
61.2
61.5
61.3
61.4
62.0
62.0
62.0
62.2
62.0
62.2
62.3
62.3
62.3
62.2
62.3
62.2
62.5
62.2
62.2
62.0
62.2
62.1
61.2
61.9
61.8
61.8
61.9
61.8
61.6
62.2
62.0
61.5
61.5
61.5
61.3
61.2
61.4
61.3
61.0
61.0
60.9
60.9
60.4
60.7
60.6
60.6
60.3
60.0
59.9
60.0
59.9
59.9
60.0
60.0
59.6
59.7
60.2
60.2
60.6
60.1
59.3
59.6
59.3
59.1
57.7
58.3
57.5
58.0
58.7
57.9
57.5
58.0
56.9
58.7
56.9
60.0
58.0
57.9
59.8
58.6
57.8
58.0
57.5
58.1
57.4
57.6
58.1
59.5
59.2
59.5
59.6
59.6
59.8
61.8
62.8
62.9
63.3
63.1
62.4
62.8
62.7
63.5
63.0
63.1
63.0
62.6
62.4
62.6
62.9
62.7
62.3
62.3
62.3
61.8
61.3
61.6
61.6
60.9
60.7
60.3
60.0
60.0
60.8
60.0
60.1
60.0
60.5
59.9
60.5
60.2
60.1
60.6
60.3
60.3
60.8
60.9
60.8
61.1
61.1
60.8
61.0
61.6
61.2
61.0
61.4
61.4
61.1
61.1
61.2
61.3
61.8
62.1
61.3
61.5
62.4
62.3
62.9
62.9
62.8
62.8
63.2
63.3
62.6
62.5
62.8
63.1
62.9
63.1
62.5
62.4
63.1
62.8
62.9
63.1
63.2
63.3
62.9
63.2
63.5
63.9
64.0
64.0
64.0
64.3
64.4
64.4
64.0
64.2
64.0
64.1
64.7
64.2
64.2
63.8
63.6
63.8
64.0
63.9
64.0
64.0
64.1
64.4
65.2
66.4
63.5
63.2
64.2
62.5
63.2
62.8
64.0
64.0
63.3
63.7
64.3
63.7
63.8
64.0
64.0
64.3
64.4
64.2
64.0
64.0
64.0
64.0
64.3
64.6
65.2
64.6
64.1
64.4
64.7
64.4
64.4
64.7
64.8
64.8
64.1
64.3
64.0
64.2
64.6
64.0
64.2
64.3
64.2
64.1
64.0
63.4
63.9
63.9
64.0
64.2
64.0
64.0
64.1
64.4
63.7
64.2
64.5
63.9
64.2
64.7
65.1
65.0
64.6
64.7
65.0
64.9
65.3
65.2
66.4
66.2
65.9
65.9
65.7
65.3
65.6
65.9
65.8
65.3
66.0
66.7
66.3
66.0
65.7
65.5
66.0
65.8
65.7
65.7
66.6
65.8
65.6
65.8
66.2
66.0
66.6
67.1
66.5
65.9
66.6
66.7
65.6
64.3
67.5
66.6
62.2
62.4
63.0
63.5
63.6
63.8
63.3
64.1
64.0
63.7
64.1
63.7
64.2
63.6
64.1
63.8
64.2
64.8
64.6
65.2
63.8
63.3
63.7
64.3
64.8
64.3
64.6
63.6
65.5
65.0
64.5
65.3
64.7
64.8
65.0
65.3
64.2
64.3
65.0
65.5
65.2
64.7
64.2
64.0
64.3
64.7
65.3
64.4
64.3
64.2
64.5
65.4
64.9
64.5
65.2
65.1
65.1
65.4
65.8
65.7
64.9
65.0
65.7
66.0
65.7
65.2
66.0
65.0
65.1
65.0
64.9
64.2
63.9
64.2
63.8
64.0
64.1
64.0
64.3
63.9
64.0
63.8
63.7
63.7
64.0
64.0
63.6
64.0
63.5
63.7
63.7
63.8
63.6
63.0
63.6
63.0
63.0
63.9
64.0
63.6
63.0
63.5
63.5
63.0
63.0
63.0
62.2
62.1
62.0
62.0
62.0
62.0
62.0
62.0
62.0
62.9
63.2
62.1
62.2
62.8
62.4
62.8
63.2
64.0
63.0
63.0
63.2
63.8
63.5
63.4
63.5
63.8
63.2
63.1
64.0
63.5
63.1
63.0
63.0
63.8
63.2
63.0
63.2
63.3
63.3
63.0
63.0
63.0
62.6
63.0
62.7
63.4
63.0
62.6
62.3
63.0
63.0
62.5
62.9
63.6
64.2
64.0
64.0
65.7
64.6
64.7
65.9
66.0
66.0
66.9
67.0
67.0
67.3
67.4
67.5
68.0
67.5
67.1
67.5
68.0
67.6
67.2
66.6
67.0
67.0
67.0
66.8
67.0
66.4
66.2
65.9
66.2
65.8
66.0
65.9
66.4
66.2
66.0
65.9
66.0
65.6
66.8
65.7
65.7
65.3
66.2
65.8
66.1
65.7
66.2
65.6
67.8
68.9
65.5
69.2
67.9
66.3
69.1
66.1
66.9
67.1
67.2
67.5
67.0
66.9
67.8
66.9
67.2
66.7
66.9
67.0
66.7
66.5
66.8
66.8
67.5
68.7
68.2
67.0
66.7
66.1
66.9
67.0
66.8
67.6
67.1
66.7
66.9
67.0
66.3
66.7
67.0
66.8
66.7
66.2
66.1
66.3
66.1
66.8
67.2
67.1
67.1
67.4
68.0
68.0
68.0
68.1
68.0
68.2
67.8
68.4
68.0
68.0
68.3
68.9
68.9
69.1
69.5
69.0
68.6
68.2
67.9
67.2
67.2
67.0
66.8
67.0
66.9
66.8
66.7
66.9
66.7
66.3
65.9
66.3
65.3
65.8
65.3
64.7
65.3
65.1
65.0
65.1
65.8
65.6
65.9
65.6
66.0
66.1
66.2
66.3
66.7
66.9
67.0
66.8
67.0
67.1
68.0
72.2
71.3
68.0
67.7
67.0
67.8
68.1
68.7
68.3
68.4
68.7
68.6
69.5
69.3
69.9
69.5
69.6
69.7
70.6
70.0
70.3
70.3
70.5
70.0
69.9
69.9
70.0
70.0
69.4
69.9
69.8
70.0
70.6
70.4
70.1
70.7
70.5
70.1
70.4
70.0
70.0
69.6
69.4
69.3
69.0
69.0
69.0
69.1
68.6
69.0
69.0
69.4
69.1
69.1
69.6
69.6
69.5
69.5
72.0
71.7
64.5
65.2
65.4
65.5
66.2
66.1
66.5
66.2
65.9
65.5
65.8
65.7
65.0
65.0
65.5
65.6
65.9
65.6
66.0
66.0
65.6
65.8
66.1
65.9
66.1
66.2
66.1
66.0
65.6
66.0
65.4
65.4
65.8
65.4
65.7
65.6
65.3
65.4
65.1
65.0
64.8
65.0
64.8
63.9
64.1
64.9
64.0
63.9
63.9
64.7
63.6
63.4
63.5
63.6
63.4
63.1
64.6
63.9
63.8
64.1
63.3
63.0
63.2
63.4
63.4
63.1
63.4
63.7
63.5
63.6
62.7
63.3
63.0
63.5
63.9
64.3
63.8
63.5
63.8
64.1
64.0
64.1
64.1
64.1
64.6
64.7
65.8
65.6
65.8
65.2
65.2
65.2
66.7
66.4
66.4
65.8
66.9
66.7
66.4
67.4
66.5
68.3
68.2
67.8
66.7
67.7
68.9
69.9
66.2
68.0
69.8
68.1
68.15
68.2
67.5
67.3
67.0
66.7
66.0
65.8
65.7
65.3
65.1
64.8
64.9
66.7
65.7
66.0
65.9
65.1
64.9
64.5
65.2
65.7
65.5
65.4
65.2
65.2
65.0
65.4
65.7
65.7
65.2
65.4
64.4
65.4
65.2
66.2
65.3
65.4
65.9
66.2
65.8
65.8
65.9
66.1
65.6
65.6
65.0
66.3
65.6
66.9
66.3
66.2
66.6
66.7
66.3
66.2
65.8
65.2
65.3
64.9
65.1
64.7
65.0
64.8
64.2
64.0
63.9
64.1
63.9
63.8
63.1
63.1
63.1
62.8
63.0
62.8
63.0
63.0
62.7
62.7
62.7
62.5
62.2
62.4
62.6
62.3
62.2
62.7
62.0
62.0
62.0
62.1
62.0
61.2
61.4
61.6
61.6
61.3
61.0
61.2
61.6
61.0
61.3
61.2
61.8
62.2
60.9
60.3
61.1
60.7
61.1
60.8
60.9
61.0
61.1
61.3
62.1
61.8
61.4
61.0
61.1
61.7
62.0
62.0
62.0
62.0
62.5
62.2
62.0
62.1
62.3
61.5
61.3
61.7
61.9
61.1
61.6
62.1
61.5
62.7
62.5
63.2
61.1
63.4
62.0
62.3
64.2
65.0
65.0
64.9
65.0
65.3
65.5
65.4
65.5
65.4
65.8
65.1
64.9
66.0
66.0
65.8
66.6
66.0
65.9
66.6
66.2
66.7
67.0
66.8
66.0
65.0
65.0
66.1
65.9
64.9
65.7
65.6
64.6
64.9
63.4
63.8
67.3
64.0
62.8
62.3
62.8
63.2
62.8
62.0
62.4
62.7
62.9
63.0
62.8
62.9
63.1
63.0
63.3
63.3
63.3
63.8
63.3
63.4
64.0
63.9
64.4
64.3
64.4
64.5
64.0
64.2
64.3
64.2
64.0
64.0
64.0
64.0
64.1
63.7
63.7
63.6
63.5
63.2
63.6
63.3
63.4
63.6
63.0
63.2
63.0
63.0
63.2
63.0
62.9
62.6
63.0
62.8
63.5
63.5
63.3
62.7
63.0
62.5
61.7
62.6
63.0
62.1
62.1
61.9
62.0
62.0
62.3
62.5
62.0
62.6
62.6
62.7
62.6
62.5
62.2
62.4
63.4
63.0
63.0
62.9
62.7
63.0
63.0
63.4
63.0
62.8
64.3
64.4
64.2
64.1
64.2
65.4
65.0
64.1
64.7
64.6
64.3
64.1
64.1
63.6
64.4
64.3
63.8
64.2
63.7
64.6
63.9
65.1
67.2
69.5
66.6
64.8
64.7
64.3
62.8
63.9
62.9
64.3
64.9
64.0
64.4
63.9
63.1
63.0
63.2
63.2
62.5
62.9
62.6
63.7
64.8
64.0
64.0
63.7
63.6
63.0
62.9
62.7
62.8
62.3
62.0
62.0
62.0
62.0
62.0
62.2
62.4
62.8
63.0
63.0
63.9
63.6
63.1
64.2
63.8
64.2
64.0
64.4
64.5
64.2
64.0
64.0
64.0
63.7
63.1
63.0
63.5
64.5
63.9
62.6
62.9
62.5
62.2
62.3
62.7
62.7
62.8
62.6
62.2
61.2
62.0
61.8
61.0
61.9
62.0
61.6
61.8
62.3
64.8
63.0
63.0
63.1
62.9
63.2
63.0
63.6
62.7
62.9
63.0
63.7
62.8
63.0
62.5
62.1
62.2
62.1
62.0
62.5
62.2
62.4
62.6
62.9
63.1
63.1
63.2
63.8
63.5
64.9
65.0
63.4
63.4
63.8
63.9
63.8
64.4
63.9
63.7
64.1
64.2
64.7
64.5
64.6
64.5
64.7
63.6
64.1
64.0
64.0
64.1
64.4
64.0
64.5
64.1
64.0
63.6
63.1
63.6
63.7
63.7
63.1
63.7
62.9
63.1
63.1
63.0
62.4
64.0
63.3
62.6
62.2
62.5
61.8
62.1
62.4
61.4
61.7
61.2
61.7
62.0
62.0
62.2
62.0
62.1
62.2
62.4
62.1
62.6
62.4
63.0
62.0
62.7
62.4
62.9
63.0
62.9
63.4
63.1
62.8
63.2
63.3
62.3
63.0
63.0
62.9
63.0
62.7
62.5
62.3
63.1
62.8
62.8
63.6
64.0
64.2
65.0
65.0
65.8
65.4
65.6
65.3
64.8
63.8
64.2
64.7
63.6
63.6
62.9
62.0
69.6
70.3
65.9
64.1
64.6
65.3
66.0
65.8
65.6
65.9
65.7
65.8
65.0
65.0
65.0
64.9
64.8
64.2
65.2
64.8
64.5
64.9
65.2
66.1
66.2
64.0
65.0
64.0
63.0
63.7
64.3
64.7
64.5
64.3
65.1
64.8
65.3
65.0
65.3
65.7
65.3
65.8
65.2
64.5
66.0
64.8
65.8
64.0
64.4
64.6
65.5
64.2
64.8
64.5
64.7
64.1
64.6
64.5
65.4
64.6
63.9
64.6
64.4
65.1
64.1
64.4
64.6
64.6
63.8
63.8
64.5
64.3
63.7
64.4
64.5
63.7
64.7
65.6
64.5
64.5
64.5
64.2
63.8
64.0
64.0
64.0
63.5
63.8
64.7
64.8
64.7
65.0
64.1
64.9
65.0
64.6
65.7
65.0
65.5
66.0
65.9
66.7
66.0
64.8
65.1
65.0
64.7
64.7
65.2
65.0
64.2
64.5
64.3
64.0
64.1
64.9
64.9
64.8
66.8
68.6
66.0
64.7
64.8
65.3
67.8
66.7
66.0
66.6
66.0
66.0
65.7
65.1
64.9
64.5
63.9
63.8
63.7
63.1
63.7
63.1
63.0
63.2
63.3
63.3
63.1
63.0
63.6
63.9
64.0
64.0
64.0
64.2
64.0
64.0
64.1
64.2
64.4
65.2
64.5
65.0
65.0
64.1
64.6
64.1
64.0
64.6
64.4
64.9
65.0
64.6
64.6
64.9
64.5
64.8
64.9
65.1
64.7
65.4
65.6
65.6
65.3
65.2
65.4
65.4
65.5
64.2
64.5
63.7
63.7
63.5
64.1
64.0
64.1
63.5
64.0
64.5
64.3
64.1
62.9
63.8
64.0
63.6
63.7
63.3
63.3
64.0
63.3
63.3
63.0
63.4
63.8
63.5
63.5
63.5
63.1
63.0
63.0
63.0
62.9
63.9
64.2
64.0
63.2
64.1
64.0
64.8
65.4
64.7
64.2
65.7
66.0
65.2
65.4
67.3
66.3
65.4
65.2
65.3
65.2
66.0
64.8
64.9
65.3
65.4
64.9
66.4
66.6
66.5
66.5
66.3
66.0
66.1
66.4
66.6
66.0
65.1
65.1
65.0
64.9
64.3
64.7
64.1
65.8
64.7
64.2
64.9
65.0
64.9
65.1
64.0
65.2
64.9
65.5
65.8
65.3
64.3
65.9
66.2
66.1
66.4
66.5
66.5
66.5
66.3
66.5
67.1
66.4
65.5
65.9
65.5
65.2
65.2
65.5
64.9
65.6
64.9
65.0
64.8
65.2
65.1
64.3
64.0
63.1
63.1
63.1
63.2
63.4
62.6
63.0
62.9
63.5
63.3
63.4
63.2
63.5
62.9
63.0
63.1
62.9
63.5
63.3
63.0
62.3
62.2
62.3
63.0
62.1
62.4
62.0
62.0
62.1
62.6
62.1
62.9
63.1
63.0
62.5
62.6
62.7
62.8
63.3
63.0
63.2
63.7
63.8
64.2
64.9
64.7
64.9
65.1
65.1
64.5
64.7
65.2
65.6
65.8
66.0
66.4
66.8
66.6
66.4
66.3
66.0
66.8
66.0
65.7
65.6
66.0
65.5
65.1
65.3
64.8
65.1
64.3
64.0
64.3
64.7
64.0
64.2
64.0
63.7
63.6
63.4
63.7
63.9
64.0
64.2
63.8
64.9
65.8
65.9
64.8
66.0
65.9
66.0
65.8
65.6
66.0
65.1
66.1
66.3
65.1
64.0
64.0
63.8
64.4
63.4
63.5
64.7
64.8
64.6
64.5
64.4
63.6
65.0
64.2
64.4
64.7
63.7
63.6
64.6
65.0
64.8
63.6
63.3
63.4
63.5
63.7
64.0
63.1
63.4
63.3
64.0
63.8
63.3
62.8
63.0
63.8
64.8
63.6
63.6
63.6
63.4
63.0
63.3
64.2
63.5
62.7
63.5
63.6
64.1
63.9
63.8
63.9
63.9
63.6
63.6
65.0
65.5
65.1
65.5
64.7
64.3
64.8
65.9
65.2
65.4
65.8
64.5
64.3
64.9
65.5
65.4
65.2
63.9
63.7
63.9
64.3
64.4
64.0
65.4
65.9
64.1
64.9
66.6
65.6
66.8
66.5
66.5
66.9
67.2
66.6
66.8
67.1
66.2
67.1
67.1
68.1
68.3
69.1
69.1
68.2
70.2
70.9
71.6
72.2
70.1
69.9
67.6
68.6
68.0
68.3
67.3
67.7
68.2
70.8
67.1
67.2
67.4
67.1
68.4
67.8
69.7
80.6
78.5
67.2
66.2
68.4
69.6
71.0
72.0
72.6
72.8
73.0
73.1
73.2
71.9
71.5
71.6
73.3
73.0
73.2
71.7
70.5
70.9
72.4
71.9
70.2
70.3
70.1
72.1
73.8
72.6
68.6
67.6
67.1
66.1
65.5
65.8
67.9
67.5
66.4
65.6
64.0
67.0
66.0
64.0
64.8
64.4
63.2
65.7
64.6
64.4
65.7
66.8
72.0
67.2
67.2
68.8
71.7
68.3
67.9
67.7
69.2
68.1
69.1
70.8
67.0
65.6
65.4
65.8
65.9
65.9
65.4
67.5
66.9
65.4
64.7
66.8
64.1
67.6
64.4
64.7
65.0
67.3
71.3
72.3
66.5
65.3
65.3
65.7
65.5
65.6
65.6
66.2
66.5
65.9
65.6
66.5
66.1
66.4
73.0
89.8
85.4
74.4
70.2
69.1
68.5
68.2
68.5
68.3
68.3
67.8
68.5
68.7
68.7
67.1
66.9
66.9
66.2
65.4
65.3
65.6
64.8
65.1
66.1
66.5
65.8
66.2
66.6
65.7
65.9
66.0
66.0
65.0
65.0
65.9
68.0
67.6
65.6
64.9
63.8
65.9
65.0
66.0
68.7
83.8
79.2
69.1
66.0
66.2
66.6
66.6
65.4
64.0
62.7
63.6
63.6
63.3
63.7
63.6
64.2
64.4
63.7
63.3
61.9
63.2
64.4
63.2
63.9
64.2
65.8
67.8
68.1
71.4
71.8
65.7
64.3
64.4
63.1
63.2
61.8
60.9
61.4
61.6
61.3
62.4
61.8
61.4
61.2
62.4
61.7
61.4
61.7
61.9
61.4
63.4
65.6
65.9
61.7
62.1
62.6
63.2
66.3
67.1
65.1
65.9
66.0
63.5
63.6
64.7
65.7
64.4
64.7
65.4
64.0
62.8
62.7
62.7
64.0
64.4
62.8
61.6
61.2
62.2
62.5
62.0
62.7
63.9
65.6
65.8
65.0
65.4
67.2
66.7
76.1
71.5
67.2
66.5
67.7
67.6
67.5
67.4
67.9
68.5
68.9
67.4
66.2
67.2
66.7
66.6
65.0
66.8
67.9
67.3
68.6
71.3
68.9
64.6
64.7
64.2
63.6
66.1
69.9
68.6
67.3
65.3
63.4
63.0
68.0
73.9
72.6
65.3
64.1
65.6
67.2
65.4
64.1
64.5
63.6
63.0
63.3
64.5
63.6
62.5
62.8
62.8
62.9
62.1
63.8
63.0
62.7
63.4
63.9
63.2
62.6
63.2
62.3
63.2
63.0
66.6
67.0
65.8
64.9
63.2
61.7
63.2
62.1
61.4
61.7
61.5
62.3
63.0
63.7
62.7
62.4
62.6
62.4
62.0
62.9
64.7
65.1
68.5
65.5
63.6
63.9
63.3
61.7
60.8
62.4
62.7
64.1
64.9
64.4
63.7
63.2
63.1
65.3
66.7
69.9
69.6
69.8
70.8
66.9
66.1
66.2
65.6
65.9
64.8
65.9
68.7
65.8
62.9
62.9
62.9
62.8
62.6
62.5
63.3
63.7
62.7
63.9
63.6
61.7
62.6
62.8
62.8
61.9
61.5
59.8
60.7
60.8
60.5
61.2
61.4
61.7
60.8
60.7
61.5
61.4
61.5
60.4
59.8
60.6
62.0
60.7
62.5
61.2
61.3
61.8
61.0
60.7
60.8
61.8
61.3
60.6
61.0
64.3
66.0
66.9
64.6
61.3
60.4
60.3
60.3
59.1
59.2
58.8
58.6
58.8
59.0
59.2
58.9
58.9
58.7
61.5
62.8
68.5
67.9
63.4
62.0
61.0
61.5
58.7
57.5
58.7
61.0
73.7
64.4
61.1
59.0
59.5
58.8
58.3
58.7
59.7
59.4
58.7
59.0
59.0
57.9
58.0
58.2
58.4
59.0
58.5
59.1
61.7
63.1
61.7
60.6
59.7
59.4
58.8
58.6
58.8
59.3
58.9
58.4
58.9
59.9
67.0
68.7
62.4
59.9
58.4
57.6
57.9
57.0
57.4
56.0
56.3
56.7
56.5
56.4
57.0
56.4
56.2
57.2
56.0
56.1
57.6
57.1
56.6
58.2
57.3
56.2
57.4
57.1
56.9
57.8
57.8
56.7
58.5
59.4
58.8
59.4
57.9
56.8
56.8
57.0
58.4
57.8
57.8
58.6
62.6
58.0
57.1
56.8
56.0
56.4
55.8
56.1
55.7
55.7
56.0
56.6
56.2
56.0
57.2
57.5
55.8
55.3
55.7
55.1
55.5
56.3
55.9
56.5
57.0
56.4
56.6
56.8
57.7
56.6
55.2
56.0
71.1
69.0
67.8
63.1
59.2
58.2
59.1
59.1
58.8
59.0
58.9
58.8
58.1
58.0
57.8
58.2
59.1
56.3
58.0
57.6
56.2
56.3
56.1
56.1
55.8
55.6
55.1
55.8
55.8
55.3
57.2
57.0
56.3
57.0
56.3
56.4
56.2
56.6
56.4
55.5
56.1
56.8
56.2
56.1
56.2
56.4
56.9
57.4
57.2
56.7
56.3
57.8
59.3
63.1
57.4
55.5
55.2
55.4
54.8
54.8
54.4
55.0
59.0
58.7
57.2
56.9
57.0
57.5
56.3
56.1
55.0
54.6
56.8
60.1
56.9
54.9
55.8
56.3
58.4
55.5
56.2
55.1
57.9
60.3
58.5
57.9
54.5
54.3
54.9
54.5
53.9
57.2
58.6
53.8
52.6
53.5
54.6
56.1
55.2
54.0
54.4
54.7
53.9
79.4
78.9
79.5
68.6
60.6
58.6
59.0
59.0
58.5
57.6
58.1
59.6
60.0
58.0
57.8
58.2
58.5
59.0
57.7
57.0
55.9
56.5
55.7
57.2
56.2
55.1
55.0
56.9
56.8
55.1
54.9
55.6
55.7
54.7
54.7
54.3
53.9
52.7
52.7
52.9
53.9
53.7
53.6
54.0
52.9
51.9
51.8
52.6
51.0
51.0
52.1
53.6
52.3
51.4
51.7
52.6
52.9
54.5
53.9
54.0
54.3
53.8
54.6
56.1
55.9
56.2
56.4
57.6
57.4
56.5
57.1
56.6
56.5
57.4
56.2
56.4
57.3
56.3
57.7
57.1
56.4
56.0
55.6
56.2
55.2
55.2
55.4
55.2
54.5
54.1
54.9
55.0
55.5
55.1
54.5
54.2
53.8
54.5
54.4
53.7
54.3
53.9
53.8
54.3
53.8
55.0
54.1
54.2
54.2
53.7
54.4
53.8
54.0
53.5
54.4
54.1
53.9
53.4
53.9
54.4
54.6
53.9
54.8
54.6
54.8
54.3
54.0
55.3
60.1
59.5
57.9
58.0
58.3
58.9
56.1
56.2
55.1
55.3
59.9
59.3
60.2
56.1
55.6
56.8
59.4
57.6
59.0
59.7
55.8
55.7
55.2
54.5
53.7
56.1
56.0
58.9
64.8
62.5
55.7
54.5
52.4
54.3
54.4
60.3
61.0
58.2
61.0
57.7
55.7
54.6
58.9
60.8
57.9
56.2
56.9
57.0
58.8
60.6
56.3
55.8
55.6
56.1
55.0
53.5
51.4
56.8
58.2
56.1
56.3
51.7
50.4
50.8
50.8
53.6
53.4
55.3
54.7
54.7
54.8
59.5
59.7
63.0
57.8
60.0
64.1
60.1
57.1
58.7
56.4
55.2
56.9
59.1
59.6
57.5
54.9
54.0
55.6
59.5
55.0
53.0
53.8
59.2
65.7
65.0
58.2
58.0
52.6
51.7
51.4
51.7
51.0
51.1
50.7
49.8
50.2
49.7
50.1
49.7
50.0
49.7
49.7
50.3
50.5
51.0
50.8
51.5
50.4
50.8
51.6
52.1
52.0
51.7
52.5
51.1
51.8
51.8
51.8
51.3
51.5
51.6
51.3
51.1
51.1
51.2
50.7
50.6
50.8
49.7
50.3
50.4
50.0
49.4
49.9
49.6
50.3
50.1
49.5
49.7
49.3
54.6
76.9
61.6
54.7
50.4
50.3
51.0
49.3
49.2
48.8
50.1
49.6
50.0
49.7
49.1
49.3
50.2
50.3
49.7
50.6
50.4
50.1
50.1
50.2
49.9
49.8
50.1
50.1
49.3
51.1
50.7
50.1
49.4
49.8
49.3
49.7
49.9
49.2
49.6
48.6
48.6
49.1
48.6
50.0
48.9
48.8
49.1
48.8
49.2
49.8
48.3
48.8
48.6
48.8
50.1
50.3
51.0
49.3
48.7
53.2
52.7
50.7
51.3
52.4
52.2
50.2
54.8
52.8
49.2
48.6
48.4
47.8
48.8
48.5
49.5
49.1
50.9
50.6
52.7
48.0
47.9
46.9
46.9
49.2
48.0
47.7
48.4
47.8
47.6
48.1
49.3
52.7
54.4
49.5
50.3
54.9
51.9
47.4
47.9
47.7
48.9
48.2
49.0
47.7
47.8
47.8
47.8
47.8
47.7
47.1
47.1
47.1
47.5
47.9
48.3
48.6
51.3
51.9
49.0
50.3
54.1
52.7
60.6
56.9
55.2
56.8
55.6
53.7
55.2
53.8
57.3
57.6
57.7
58.1
58.2
59.0
60.5
59.5
57.4
58.0
58.8
64.3
64.0
60.5
57.1
56.3
56.0
55.7
54.5
54.4
54.4
53.7
54.1
53.1
52.7
52.5
52.7
52.5
52.6
53.1
53.2
53.1
53.1
53.4
54.6
53.9
53.1
53.4
54.1
54.7
55.0
54.5
54.8
54.2
55.1
55.4
55.3
55.6
55.5
55.9
54.7
54.9
53.5
54.1
54.5
54.1
53.8
53.3
52.8
54.3
53.8
53.5
52.9
52.8
52.4
52.1
51.2
50.8
50.5
52.0
50.7
49.7
50.0
51.0
50.7
51.1
50.4
49.9
50.2
51.7
49.4
51.2
49.7
49.0
48.7
48.9
50.5
48.1
49.0
49.1
49.9
49.8
49.9
48.5
48.7
49.6
50.7
48.7
50.5
50.1
49.3
51.0
54.2
53.9
50.8
52.6
50.8
49.8
52.0
59.8
55.2
47.7
46.5
47.6
48.5
51.0
53.2
45.4
46.9
48.3
48.0
51.5
49.0
47.3
47.4
48.9
47.7
48.6
47.4
48.4
48.0
50.3
51.2
54.9
51.5
48.5
47.9
49.3
52.5
48.5
56.3
52.7
50.8
50.2
48.7
47.3
46.6
47.9
46.6
45.8
49.6
49.1
56.8
55.9
50.1
49.1
47.5
46.1
46.9
47.6
46.6
46.2
46.5
48.2
47.4
47.5
47.5
46.9
47.1
48.3
49.5
51.3
50.8
51.5
71.7
61.3
57.5
59.7
56.2
56.5
56.4
56.4
55.6
58.1
65.1
59.2
53.7
53.6
57.8
60.1
61.5
75.3
92.1
89.5
79.1
61.1
61.0
75.2
82.9
69.4
65.4
66.5
83.8
88.6
65.5
57.3
58.2
59.2
59.4
60.0
60.4
60.1
66.7
61.9
57.5
59.4
53.9
53.9
55.9
55.9
59.2
60.7
60.9
56.9
55.8
55.3
55.8
55.8
57.3
56.3
56.4
56.3
55.7
55.6
56.8
54.9
54.4
54.6
57.6
60.6
58.4
56.9
56.3
54.7
55.9
54.3
53.3
52.8
54.1
58.9
59.3
63.8
58.7
58.3
58.4
56.6
53.2
53.1
51.8
50.6
51.3
52.3
58.7
58.1
57.5
61.785714285714285
63.62857142857143
65.47142857142858
67.31428571428572
69.15714285714286
71.0
59.8
55.4
53.5
55.1
53.2
54.2
56.4
51.7
54.3
50.7
52.8
52.0
50.0
50.3
53.8
55.2
55.0
51.4
51.0
48.9
48.5
49.5
49.3
53.2
54.4
48.1
47.9
52.3
50.8
49.6
49.1
50.3
50.1
50.9
52.4
50.9
51.0
50.9
50.7
56.0
69.6
64.7
57.7
53.3
54.8
52.4
50.4
49.3
48.7
49.7
53.0
62.7
64.8
65.1
64.0
65.7
61.7
66.3
70.0
55.2
53.8
51.0
49.5
51.3
52.1
65.9
60.4
51.9
50.6
50.9
50.5
51.2
50.5
51.6
57.3
53.1
56.8
56.1
60.8
63.6
60.6
63.1
61.6
56.4
57.1
57.3
59.0
59.2
57.1
56.3
57.8
54.0
51.7
52.1
55.2
57.4
57.2
56.4
54.2
57.7
58.2
57.0
61.5
58.9
58.5
61.3
56.5
59.7
56.5
55.5
55.0
55.7
56.9
58.4
59.7
54.6
55.6
56.4
54.6
53.3
54.9
52.5
51.7
53.0
53.7
51.5
51.2
53.3
50.8
50.3
51.5
51.7
51.7
53.0
57.6
53.7
50.7
50.4
52.0
52.8
51.2
52.1
52.2
54.1
51.7
52.2
53.1
55.9
53.9
52.4
52.6
50.8
51.6
52.3
52.1
56.8
56.0
52.3
54.8
58.9
55.4
55.3
56.9
56.7
69.3
60.1
58.7
52.5
52.2
52.0
53.2
52.7
52.4
52.0
51.6
51.981818181818184
51.97272727272727
51.96363636363636
51.95454545454545
51.945454545454545
51.93636363636364
51.92727272727273
51.918181818181814
51.90909090909091
51.9
52.9
52.6
53.1
54.0
54.5
54.6
54.2
54.1
52.8
53.1
52.3
52.0
51.9
51.1
52.6
52.3
51.5
53.4
55.2
53.9
52.7
53.6
54.1
55.2
59.8
57.1
56.8
57.3
54.8
53.2
53.7
53.5
54.3
55.3
53.5
56.7
54.5
54.2
52.0
51.4
51.9
52.0
53.8
58.4
60.2
53.7
56.2
54.7
52.2
50.0
51.0
50.6
49.6
50.4
49.4
49.5
49.5
48.4
48.9
48.5
48.8
48.8
49.4
47.5
47.7
47.3
48.0
47.5
48.1
47.4
47.5
48.6
47.2
47.6
47.7
48.2
47.6
49.1
48.2
48.5
48.5
48.9
49.2
49.5
49.7
48.7
48.8
48.8
49.4
48.7
48.0
48.7
48.8
49.5
48.9
48.7
49.2
48.3
49.7
48.5
48.5
48.1
48.6
48.1
48.9
49.7
47.8
47.6
48.2
48.6
48.7
48.1
47.9
46.8
46.9
46.5
57.1
52.1
49.6
49.5
47.8
48.3
48.3
46.8
47.4
47.5
47.1
46.4
47.5
46.2
45.7
46.1
46.7
46.7
46.3
45.8
45.5
45.9
45.6
46.1
45.3
45.8
45.9
46.0
45.4
45.8
45.5
45.6
45.5
45.4
46.1
46.4
46.9
45.7
46.8
46.1
46.6
46.8
46.8
46.2
46.5
46.4
47.1
46.6
46.2
46.6
46.9
46.9
47.0
47.2
46.6
46.9
47.2
46.9
47.4
47.0
47.3
46.9
46.7
46.1
46.4
46.0
46.9
46.6
46.6
46.2
46.7
46.9
47.4
47.9
46.5
47.1
47.1
47.0
47.8
47.0
46.9
47.0
46.7
47.7
47.2
46.6
47.5
47.9
47.0
47.0
46.9
46.9
47.2
47.0
46.4
47.8
46.7
47.2
46.9
46.2
47.2
46.8
46.9
47.0
47.1
46.7
48.6
48.2
58.0
51.6
50.2
48.0
49.0
49.5
45.7
45.7
45.4
45.7
46.2
46.5
48.8
49.7
45.5
44.5
44.2
44.7
45.7
45.8
52.4
46.1
45.5
44.7
45.4
46.5
43.7
43.8
44.1
42.9
46.2
46.0
45.8
44.8
45.0
45.2
49.5
48.2
47.1
46.3
46.3
44.7
44.6
44.6
44.5
44.0
44.7
43.6
44.2
43.6
44.7
44.8
44.5
44.0
45.0
44.0
45.4
44.3
45.2
45.9
48.4
49.4
45.9
45.6
46.6
47.4
54.7
54.7
47.7
45.9
47.1
45.8
46.3
44.8
44.1
45.4
45.1
44.5
45.3
45.7
45.2
42.8
44.3
44.2
45.5
45.0
44.1
43.9
45.0
45.3
44.5
45.6
44.8
45.7
47.2
45.5
45.3
45.3
44.2
44.6
44.4
44.4
45.6
46.5
46.0
45.1
46.4
46.6
45.6
46.5
45.5
45.8
46.1
45.6
46.2
46.2
46.7
47.1
46.7
47.0
47.1
47.3
47.2
48.1
47.8
48.4
48.3
49.0
49.2
48.9
50.1
51.1
51.4
51.2
50.9
51.0
51.4
49.8
49.2
49.0
48.1
47.5
47.8
48.7
48.0
47.9
47.4
48.2
49.0
49.8
49.6
50.8
49.5
49.6
48.7
48.8
50.8
50.0
50.2
50.2
50.0
50.2
51.9
60.2
55.7
53.3
53.8
53.3
53.8
51.4
51.5
52.9
52.0
51.7
52.2
53.2
52.3
50.3
51.3
53.5
53.7
52.8
50.3
50.8
50.5
49.7
50.4
51.5
51.3
51.3
49.7
49.6
50.7
53.5
52.3
51.8
51.3
54.4
50.8
50.8
49.1
50.7
49.8
51.1
48.4
50.7
48.6
49.4
49.4
49.3
50.9
49.8
51.2
51.6
50.9
51.5
53.4
52.4
50.8
51.7
52.5
50.9
50.4
50.1
52.8
50.1
49.4
50.3
49.6
48.7
48.1
49.3
48.3
47.1
46.9
47.8
47.4
64.5
79.2
62.6
54.7
54.2
54.7
52.4
53.0
55.6
54.9
53.9
56.2
58.5
65.2
57.8
55.5
58.0
57.2
55.9
56.5
57.2
56.2
58.8
55.7
56.7
58.3
58.8
57.9
55.5
56.4
57.9
62.8
69.8
60.0
56.0
55.8
55.1
58.5
59.1
57.3
61.9
58.9
57.1
58.5
55.8
62.7
64.1
67.5
60.1
66.0
65.5
59.8
52.6
52.9
54.6
54.1
52.6
51.9
53.6
51.8
49.9
52.2
53.6
52.4
51.3
52.5
52.4
51.4
51.7
51.0
52.1
54.1
53.8
53.4
50.8
51.3
50.9
51.4
52.1
51.7
51.5
52.1
52.3
53.1
55.4
54.1
53.6
55.2
55.7
53.7
53.4
55.7
56.7
55.5
54.0
53.3
52.7
53.5
53.4
53.9
52.8
52.8
54.3
55.0
55.2
54.5
53.7
55.0
55.6
62.1
60.0
55.0
55.7
56.6
61.2
59.5
59.1
58.5
60.9
58.5
60.9
58.6
58.0
59.2
56.5
57.1
52.7
54.2
52.2
51.5
53.0
52.9
52.5
51.6
52.8
56.5
58.1
51.5
50.5
50.1
52.2
51.1
50.5
50.2
50.9
51.8
51.7
52.2
53.9
51.9
51.3
52.8
55.0
54.9
56.0
55.4
55.2
55.4
59.8
61.3
59.8
58.3
58.1
57.3
56.0
57.1
56.2
57.0
58.7
60.5
54.3
51.8
54.0
52.5
52.3
52.4
53.3
55.6
54.3
55.5
53.0
51.4
51.3
52.8
53.6
51.4
51.0
51.1
53.1
52.6
51.7
53.1
55.2
62.9
54.1
53.3
53.5
53.8
53.2
51.6
55.7
53.7
53.2
54.9
54.7
55.9
55.3
56.0
55.2
54.5
56.6
57.1
54.9
57.2
58.8
61.4
61.5
60.9
61.1
62.3
61.9
62.5
61.4
61.2
61.0
60.2
58.9
59.1
59.8
61.0
62.8
61.4
60.8
56.6
57.5
61.5
55.5
54.4
55.4
55.6
56.0
53.9
53.4
54.2
53.4
51.4
51.8
52.1
52.4
52.1
51.5
52.2
51.2
50.7
52.4
52.5
51.7
49.2
49.4
69.8
76.4
67.4
55.0
51.7
55.8
53.7
55.4
56.2
58.2
55.6
54.6
57.2
57.0
54.3
53.0
56.7
56.1
54.0
52.1
52.7
54.5
55.5
56.6
52.8
53.4
53.0
53.5
53.3
51.7
49.4
49.8
51.0
52.5
52.7
52.5
49.5
49.5
48.1
48.6
48.7
47.4
46.0
46.3
46.0
46.1
46.8
46.6
46.6
47.4
47.4
47.2
47.7
46.5
47.1
46.9
46.9
46.6
46.6
46.9
46.9
46.9
47.1
46.5
46.6
48.3
47.2
47.1
46.8
47.0
47.4
49.0
48.4
46.7
46.9
46.3
46.9
47.7
46.9
47.0
47.3
47.5
47.3
47.1
47.6
47.3
47.9
47.1
47.7
47.7
47.7
48.0
47.9
48.0
47.9
47.9
47.3
47.5
47.5
47.1
46.6
46.9
47.3
47.4
47.5
47.3
48.0
47.1
47.2
47.2
47.4
47.4
47.6
47.8
48.3
48.3
48.3
47.7
47.8
47.5
47.0
48.0
47.7
47.8
46.6
47.7
47.2
46.5
46.9
47.2
48.9
47.5
45.2
46.2
47.6
47.9
50.3
52.0
49.5
50.6
48.7
46.2
47.1
45.4
45.4
46.4
48.7
48.5
46.6
48.4
46.7
46.9
47.0
46.6
46.2
46.9
47.4
47.6
47.9
47.3
47.2
47.1
46.8
47.2
46.7
46.4
46.7
47.0
46.7
46.9
46.9
46.3
46.9
46.3
47.5
47.4
47.0
46.2
46.0
46.1
46.5
46.8
46.9
47.4
47.0
46.8
46.4
46.8
46.9
46.4
46.2
47.1
46.5
46.9
47.0
46.6
46.3
46.7
47.0
47.1
47.0
46.8
46.8
46.8
47.2
47.5
47.5
46.4
46.5
46.7
46.9
47.1
47.1
46.9
46.9
47.4
47.3
46.8
46.8
47.6
47.0
47.0
46.8
46.7
47.0
47.0
47.0
47.4
46.6
47.1
46.6
50.1
51.3
50.0
48.9
47.8
46.0
46.9
47.1
47.2
46.6
46.1
45.1
46.9
47.5
46.8
47.2
47.6
53.0
66.9
52.7
47.9
48.3
47.7
48.4
45.8
47.1
48.2
47.5
48.1
48.0
46.6
45.5
47.3
57.5
47.9
47.0
49.7
48.7
49.3
58.5
57.5
50.1
50.3
51.9
53.1
51.6
52.2
52.1
52.2
54.2
56.9
53.3
52.1
56.6
55.0
52.8
53.0
52.9
52.7
53.1
57.4
51.5
52.3
51.7
52.9
52.3
51.2
51.3
51.5
52.6
53.6
52.7
53.4
54.3
54.7
52.9
51.2
51.9
49.9
50.0
50.6
49.7
49.8
49.2
48.5
49.6
48.3
49.2
48.4
47.9
48.3
48.9
48.6
48.4
47.7
48.5
49.0
48.0
48.7
48.0
48.1
49.6
48.5
48.2
49.1
49.1
50.1
47.8
48.1
47.9
49.9
49.2
48.5
48.8
48.7
48.7
47.4
48.1
48.1
48.7
49.0
49.3
48.0
48.5
49.8
48.4
49.8
50.3
49.6
47.8
47.6
47.2
49.0
47.3
50.3
49.2
49.7
48.7
48.9
47.9
48.3
51.1
60.6
56.8
53.3
52.4
52.8
51.4
50.4
49.3
53.4
51.5
51.6
51.7
52.3
49.8
51.1
50.6
50.7
57.5
54.1
50.7
51.2
51.8
52.3
51.0
60.1
75.3
68.9
68.5
63.0
53.3
50.8
52.1
51.9
51.5
51.3
52.6
52.9
48.7
51.7
51.6
52.4
66.7
80.9
83.1
76.7
71.8
62.9
61.0
59.0
57.5
58.5
60.6
61.1
59.6
57.8
58.5
58.6
59.2
58.0
56.7
57.8
58.5
56.6
56.1
55.0
55.0
54.9
52.6
51.5
49.8
52.0
54.5
53.7
52.4
54.1
53.6
54.3
53.5
53.5
52.4
53.3
57.5
61.5
52.8
52.2
52.0
52.2
51.6
48.6
46.2
46.5
44.3
53.6
44.3
44.8
44.7
46.1
46.4
46.5
47.1
47.6
48.9
50.9
47.6
47.1
46.7
46.5
47.4
48.2
46.5
46.2
45.8
46.0
46.0
45.1
45.1
44.8
44.3
44.6
44.1
45.5
44.2
44.4
43.9
43.8
44.0
43.9
44.1
43.4
43.6
44.1
43.5
43.5
42.8
43.0
43.2
42.9
43.5
43.8
43.6
43.0
43.3
42.1
43.3
42.6
43.2
44.3
42.8
42.8
43.0
42.3
41.8
44.2
44.1
44.8
44.5
43.4
42.3
42.9
42.2
42.2
43.3
43.6
43.7
44.0
43.9
43.8
44.1
44.1
43.7
43.6
43.9
43.8
44.0
44.2
44.1
43.9
43.6
44.4
43.6
44.6
44.2
43.6
43.4
43.6
43.6
44.2
43.4
43.6
42.7
42.9
43.2
44.0
43.6
44.3
44.0
43.7
43.8
44.5
44.7
43.7
44.1
43.1
43.7
44.5
43.7
43.4
43.3
43.5
45.0
45.1
44.6
45.5
45.7
44.8
44.6
43.9
44.0
44.3
44.2
44.2
43.9
48.1
49.3
48.7
47.8
49.4
47.6
47.3
58.1
48.8
48.6
47.9
48.7
49.50000000000001
48.988888888888894
49.13333333333333
49.27777777777778
49.422222222222224
49.56666666666667
49.71111111111111
49.855555555555554
50.0
48.2
49.8
52.8
51.3
53.6
57.8
57.8
56.0
49.4
49.1
50.7
52.3
52.5
46.3
46.6
47.3
47.7
51.0
52.5
49.6
47.4
51.2
53.2
46.9
47.9
46.7
47.4
48.0
55.1
46.6
47.2
46.9
46.7
46.5
46.3
46.9
46.6
46.6
45.1
45.6
45.9
44.7
45.5
45.7
45.8
46.7
47.8
46.2
45.6
46.8
45.9
47.6
48.0
50.1
48.8
49.9
47.7
51.9
49.8
48.9
50.0
49.8
49.0
50.9
49.0
51.6
50.0
48.9
48.3
50.9
49.0
47.1
48.6
48.3
49.5
49.0
48.2
47.3
47.0
48.0
47.5
47.9
48.4
48.8
47.8
47.3
46.4
47.4
48.6
47.6
47.7
49.2
48.4
47.4
49.7
46.9
46.9
47.8
49.8
45.0
45.4
47.0
43.9
45.1
44.9
43.5
43.2
43.1
45.9
46.1
46.1
48.3
47.1
46.4
47.0
45.6
46.5
46.8
47.2
46.4
46.7
46.7
47.8
46.8
48.6
48.7
49.1
48.6
48.4
47.2
46.4
48.1
48.5
47.4
48.1
47.3
47.9
48.6
49.1
48.9
48.9
47.6
47.7
49.8
54.7
49.4
48.5
48.2
49.5
48.9
48.6
48.4
50.2
48.3
49.4
54.1
52.5
50.6
51.4
53.0
52.6
50.0
51.0
51.5
50.5
51.8
49.6
49.1
52.7
53.2
51.0
52.6
50.4
50.2
52.0
55.2
55.7
53.6
54.3
54.2
55.1
53.9
56.7
55.4
55.6
55.5
58.5
55.9
56.5
57.3
58.1
57.4
58.3
56.8
59.8
59.9
56.0
55.9
57.0
57.4
56.6
57.1
55.9
59.6
56.3
55.9
56.1
58.3
60.0
57.3
54.8
56.8
56.6
56.2
55.0
53.9
53.3
53.9
53.5
53.7
54.3
55.2
52.8
54.7
54.6
54.1
53.5
54.0
55.7
55.3
52.8
53.2
53.8
54.7
55.0
52.5
52.6
54.6
54.7
54.0
54.0
54.2
54.7
54.4
54.2
54.3
54.2
54.0
55.3
55.4
54.7
54.3
55.6
56.900000000000006
55.55
55.525
55.5
55.475
55.0
54.75
54.199999999999996
53.8
53.4
54.8
55.3
54.0
53.6
