71.7
76.1
74.7
74.3
71.9
71.8
72.0
70.0
68.9
70.2
71.4
72.8
81.0
78.8
81.7
81.4
80.5
79.1
81.1
79.7
79.9
80.8
78.6
78.4
77.6
77.3
74.6
75.1
79.5
84.3
85.1
82.3
79.1
76.7
78.1
76.6
76.4
74.1
77.5
74.1
76.7
76.0
76.3
74.6
72.9
73.9
72.3
76.4
75.2
75.4
72.3
72.5
73.3
75.5
74.1
73.2
71.5
71.8
71.7
76.2
73.7
72.2
73.7
72.2
77.5
77.3
75.9
73.0
73.9
71.0
73.8
71.9
73.5
74.3
74.7
73.8
76.4
79.4
73.6
75.1
75.3
75.4
78.1
78.7
79.7
77.0
76.4
76.1
76.5
74.7
74.8
75.8
74.2
75.7
73.3
73.7
74.7
73.0
72.2
72.1
76.5
75.1
73.3
71.7
74.2
76.4
76.4
72.8
74.2
75.7
73.6
77.2
71.6
73.8
73.2
74.0
74.2
75.6
74.2
75.9
76.0
78.7
79.2
76.6
73.7
75.8
76.0
76.6
76.1
76.7
77.3
74.9
75.5
75.8
77.0
75.2
75.5
75.7
76.9
76.0
75.9
77.0
79.8
75.9
75.4
77.0
75.7
75.2
75.3
76.0
74.5
77.0
75.3
78.0
75.6
75.9
74.4
74.2
73.8
75.2
74.7
73.0
76.1
74.4
75.1
73.5
73.8
75.5
76.5
75.9
76.2
79.7
76.4
75.4
74.9
74.4
73.5
73.2
74.3
72.5
73.9
74.2
72.7
73.7
73.9
76.8
75.4
71.4
74.3
73.9
71.8
73.4
72.3
74.0
70.7
73.1
73.1
77.2
76.4
78.4
77.1
77.7
77.8
78.5
78.9
80.2
79.8
79.3
78.7
78.9
79.1
81.0
81.8
79.2
79.7
81.6
80.2
78.4
80.3
78.6
84.4
80.1
78.0
77.6
77.2
77.0
75.1
74.3
77.2
80.0
76.0
76.6
78.5
80.1
80.9
77.4
76.5
77.0
75.4
74.2
75.6
74.6
73.9
75.4
74.9
71.6
73.3
76.4
73.8
73.8
74.0
73.4
77.8
71.9
75.5
76.4
78.0
79.0
78.9
79.0
77.2
79.9
76.7
79.7
76.1
77.4
75.1
77.6
75.8
75.7
75.9
80.1
75.0
76.2
75.0
77.5
72.7
76.2
76.5
72.8
74.8
75.2
74.5
74.1
75.6
76.5
69.8
77.2
76.3
78.1
78.8
77.8
76.9
79.9
80.5
78.2
80.6
78.4
79.6
79.6
79.5
78.3
78.4
78.8
83.8
78.2
77.9
75.6
76.1
77.7
79.4
79.6
78.2
77.6
77.2
77.7
77.0
76.7
77.2
77.4
77.6
76.6
76.5
78.6
75.7
75.5
77.9
79.9
81.7
89.5
91.6
83.3
78.5
84.2
88.1
86.7
83.3
79.0
89.5
84.2
90.3
91.0
88.2
85.1
83.6
88.9
84.1
79.8
84.2
84.7
84.6
83.0
79.7
81.2
80.2
84.7
83.0
82.8
85.9
85.1
83.9
83.4
83.8
84.0
84.3
85.2
83.8
77.5
79.0
81.3
81.0
82.0
77.7
80.6
83.3
82.5
83.6
86.9
83.1
83.7
86.2
83.2
85.5
84.6
81.0
82.3
84.4
82.4
83.1
81.7
82.8
83.6
83.7
82.9
82.6
83.2
87.3
83.0
83.5
83.6
80.3
79.6
80.6
78.9
80.2
76.8
78.2
77.0
78.3
73.3
72.6
75.8
74.1
78.5
81.4
86.2
84.6
81.5
80.6
80.6
78.8
79.7
77.0
82.3
83.0
79.1
78.3
78.1
77.8
79.4
79.1
79.4
76.9
78.3
77.9
78.2
78.5
77.8
77.8
79.2
78.5
78.0
79.6
83.0
80.0
81.6
80.3
89.3
85.4
84.2
81.6
80.1
80.6
78.2
77.9
79.6
77.9
76.1
79.8
81.7
82.9
80.9
81.2
80.5
79.9
81.8
78.7
80.0
80.1
80.0
81.3
79.6
78.5
79.7
80.3
78.1
80.3
77.9
79.4
79.5
78.2
78.0
77.4
81.6
79.4
80.5
78.1
77.8
76.9
78.7
79.1
77.5
78.8
78.4
78.1
80.4
79.3
78.6
78.3
78.2
76.4
77.6
78.7
82.2
80.4
81.5
80.9
80.4
81.7
80.3
82.9
80.0
78.5
82.5
80.7
80.5
77.8
77.8
80.0
79.9
82.5
80.8
83.0
83.7
82.3
83.7
83.2
86.6
82.7
82.3
79.9
81.6
81.4
81.8
82.6
82.9
84.1
81.9
82.1
81.6
81.7
79.9
84.0
85.0
86.2
82.7
83.9
81.1
82.2
85.1
83.4
81.8
83.7
83.0
85.1
85.7
85.5
91.4
91.2
85.7
84.4
81.9
77.8
80.8
80.9
79.7
82.4
78.9
84.1
82.0
80.8
83.6
83.9
82.4
82.6
80.6
79.3
82.9
79.7
81.2
79.4
81.6
76.8
78.6
80.3
82.2
79.5
78.7
76.2
79.3
80.2
80.7
80.0
83.1
84.3
80.8
79.0
76.9
78.4
80.7
82.4
92.9
84.2
84.4
83.6
82.7
91.2
80.7
80.9
84.4
94.3
89.3
87.1
92.4
91.0
87.2
85.2
82.3
82.2
82.0
80.2
80.7
80.4
80.3
79.1
80.3
78.9
80.9
78.5
77.6
76.6
76.6
77.4
75.3
75.5
74.0
74.6
73.7
73.9
74.1
75.2
76.2
78.2
77.6
78.3
81.2
80.4
79.6
81.4
77.5
80.1
84.2
89.5
89.9
87.9
86.5
85.5
82.3
82.9
84.2
89.4
88.1
87.7
89.9
88.9
89.2
85.5
81.9
86.2
84.6
83.3
85.7
83.2
84.6
85.9
81.5
86.5
83.9
81.1
83.4
84.9
84.1
85.2
84.7
83.6
83.9
85.0
80.3
81.4
80.7
82.1
82.4
82.7
82.7
81.8
80.9
80.4
80.1
80.2
80.1
81.1
83.4
79.6
77.8
77.1
77.7
79.7
78.0
78.2
80.7
77.8
79.8
79.4
78.2
76.4
80.1
78.5
78.2
79.7
74.4
73.9
75.5
75.2
79.8
80.2
76.3
78.9
80.3
77.8
78.9
80.2
80.5
79.3
79.3
79.2
78.6
78.5
77.0
78.6
78.6
78.1
77.7
77.6
78.4
79.7
81.0
83.1
84.1
79.7
79.9
80.4
81.3
80.6
81.5
81.5
79.3
80.5
80.9
81.9
83.3
75.9
76.5
78.3
77.0
76.9
79.0
77.6
78.8
75.7
76.0
77.5
75.3
76.6
76.3
77.2
76.8
76.3
75.7
75.1
76.2
75.9
76.2
75.6
75.5
75.0
76.8
76.4
78.4
75.5
75.9
77.7
78.7
76.2
77.8
76.7
77.9
76.4
77.3
78.0
76.6
76.0
79.8
76.6
76.8
75.2
74.9
76.4
75.4
75.0
74.9
75.5
74.4
75.0
75.6
75.0
74.2
73.6
74.6
72.9
75.3
74.4
73.2
74.6
75.9
75.6
75.6
75.3
74.0
72.0
75.2
74.6
75.6
77.0
74.5
75.3
74.8
76.5
76.3
75.0
75.2
75.8
76.9
76.6
76.4
76.1
75.8
75.5
75.4
76.0
74.1
74.3
75.5
74.4
75.2
75.3
73.6
75.4
74.4
74.5
74.7
77.8
76.2
76.2
76.8
77.4
79.3
77.0
76.5
76.5
75.2
76.6
76.5
76.6
74.7
77.1
75.7
74.9
74.9
74.6
74.8
73.9
73.1
73.2
74.7
74.6
75.1
77.6
75.4
78.1
77.7
78.6
77.1
78.5
78.9
78.2
77.8
77.0
78.5
78.0
78.0
77.8
77.4
76.7
77.1
77.8
76.8
76.7
75.9
76.3
77.0
77.5
76.3
76.6
76.2
77.8
76.8
78.3
82.2
78.4
77.8
77.8
77.8
75.5
76.2
76.4
76.9
75.9
76.5
75.4
75.4
77.9
78.3
78.2
76.9
77.5
77.6
78.1
79.0
74.6
80.9
76.2
84.2
82.6
81.3
82.7
81.5
79.8
79.2
79.3
78.3
77.8
77.1
77.5
76.9
76.3
77.1
77.0
76.2
76.7
76.7
76.5
75.5
75.2
75.6
75.8
75.5
75.1
75.0
74.3
73.9
73.9
74.9
80.0
79.5
76.7
77.2
77.7
77.4
78.0
76.4
78.1
79.2
77.2
76.0
77.3
76.2
79.2
79.1
77.2
79.2
77.9
78.6
78.2
77.1
78.5
79.3
77.5
76.6
75.2
74.3
72.9
74.5
76.1
76.0
75.7
77.1
78.4
76.9
76.3
76.6
76.8
75.9
77.1
80.1
76.9
76.0
76.8
76.3
75.6
75.2
75.8
77.3
74.9
75.6
75.7
75.8
83.1
78.2
77.5
79.1
75.3
75.6
75.6
74.7
76.2
79.7
79.8
76.0
75.3
78.4
77.8
77.5
80.2
77.8
82.7
74.9
77.9
72.6
78.3
79.2
78.5
76.2
75.0
78.2
78.7
84.1
76.1
81.1
80.6
77.1
76.4
76.6
76.8
76.4
76.1
76.6
83.0
79.1
78.4
78.8
77.0
77.9
75.4
76.9
80.6
78.1
78.1
77.4
76.8
74.1
74.4
74.0
74.9
74.4
74.9
74.2
75.2
75.5
74.6
74.6
75.7
73.9
74.9
73.8
76.1
75.1
78.2
80.8
78.6
77.3
78.8
75.4
76.0
75.5
75.3
75.6
76.3
76.0
77.2
77.3
76.5
76.7
78.5
75.1
72.9
73.6
75.1
74.2
75.1
75.3
75.9
75.1
78.6
76.8
75.0
76.0
77.0
78.2
78.9
74.7
72.3
72.1
72.4
73.6
82.3
78.5
75.2
73.7
72.0
71.7
75.2
73.8
72.5
73.5
76.9
72.0
75.8
74.3
76.2
78.5
73.8
79.7
75.7
76.7
74.8
77.4
78.5
77.5
80.8
81.7
75.7
78.4
77.6
77.5
80.9
78.5
80.6
76.6
77.9
80.8
82.5
78.2
84.7
81.6
81.5
81.9
85.0
79.7
80.5
78.7
78.2
77.7
82.6
78.5
77.8
79.9
77.5
77.4
77.8
77.9
85.0
83.6
80.7
85.7
84.5
83.5
83.8
84.4
81.5
82.8
86.1
86.6
84.1
82.8
82.6
81.2
81.6
83.4
89.1
88.1
88.5
88.8
85.7
85.0
83.2
84.1
86.2
83.6
84.4
85.4
83.3
84.0
83.4
80.5
83.1
85.1
82.5
84.0
83.4
82.2
83.8
84.8
82.8
84.9
86.0
85.9
86.0
82.7
83.9
84.8
84.5
84.0
82.2
82.0
82.1
80.2
80.8
81.2
81.9
78.9
78.6
82.9
83.8
82.3
84.9
83.4
84.8
84.6
84.3
81.3
85.3
82.8
82.1
82.0
82.3
80.6
82.7
80.2
80.3
80.2
85.4
82.1
81.8
82.1
85.4
80.8
82.8
84.9
80.3
84.1
83.8
81.7
83.4
85.3
81.5
80.2
80.7
80.3
81.8
82.3
85.7
81.6
82.5
81.8
83.5
82.1
81.5
81.7
81.6
80.8
80.4
81.4
81.8
80.9
81.4
81.2
81.0
80.3
81.8
81.2
80.7
80.8
88.8
88.0
85.9
83.7
86.9
85.7
89.3
89.9
87.0
86.8
85.5
85.4
88.1
88.4
90.5
92.0
94.6
92.1
97.0
92.3
87.1
93.0
94.7
92.4
92.3
87.2
86.2
87.4
86.6
86.1
90.7
92.3
87.1
87.6
89.4
88.3
87.6
85.9
86.2
86.9
86.4
87.2
91.7
89.6
91.8
94.0
92.5
91.4
93.5
90.8
92.3
93.5
93.4
92.4
92.7
92.8
94.0
93.3
93.7
93.9
92.5
95.3
93.3
92.2
94.8
95.3
94.5
94.6
93.6
90.2
92.3
92.5
91.4
93.0
90.1
90.6
89.0
87.7
88.9
88.7
87.8
87.7
85.7
90.3
91.2
90.2
90.3
92.4
89.4
88.5
90.0
90.0
88.5
90.1
89.5
89.0
87.6
87.0
87.0
87.8
85.7
86.4
85.3
88.9
87.0
89.0
84.3
88.4
88.1
87.1
90.7
86.4
89.5
90.8
94.1
92.9
93.1
92.9
92.4
96.5
94.3
91.2
89.0
89.8
90.6
89.8
88.8
87.3
88.4
88.3
88.6
86.0
87.2
87.2
87.6
87.8
87.2
86.9
85.9
83.3
85.5
84.3
85.4
83.8
84.6
82.3
83.8
84.0
86.7
82.3
84.2
82.6
82.9
86.1
82.1
83.5
81.5
83.0
83.1
82.8
82.2
82.4
82.0
85.8
90.1
89.6
87.6
86.2
85.4
86.7
88.3
83.6
83.6
85.3
83.5
90.2
85.7
85.2
85.1
84.5
84.1
84.8
85.0
85.1
83.8
92.2
85.3
84.5
89.7
86.3
87.2
89.8
87.7
89.4
86.6
86.5
86.1
85.0
90.9
85.7
89.0
88.9
86.1
86.8
86.7
86.3
92.2
91.8
88.3
88.9
92.0
92.1
90.3
93.0
89.7
90.1
86.6
90.2
88.0
89.1
87.6
88.1
88.2
85.7
86.2
90.8
88.0
87.7
85.1
86.8
88.4
89.8
88.8
89.1
90.3
91.1
91.3
90.2
93.6
97.9
96.6
96.4
95.7
94.0
95.6
95.1
96.1
93.5
91.7
91.4
91.5
92.3
91.0
90.3
91.6
91.6
92.6
90.2
90.6
90.9
89.3
92.9
89.9
91.8
89.8
88.5
89.4
87.8
88.1
87.8
84.0
88.7
89.5
85.8
82.7
81.0
80.0
81.7
82.0
84.5
81.9
80.0
80.7
80.9
77.5
78.2
77.7
77.0
78.4
77.6
76.5
77.0
76.1
76.9
76.7
75.9
75.2
76.2
75.3
75.7
75.1
75.9
75.2
75.7
76.2
76.3
76.0
76.0
76.5
75.7
75.6
75.5
75.4
75.5
82.1
82.6
82.2
81.4
80.9
80.2
79.8
81.2
80.5
79.4
77.3
76.0
76.2
76.0
78.6
79.0
79.7
81.8
80.6
78.9
77.1
80.1
79.2
73.5
75.1
75.5
75.6
77.9
79.9
75.6
75.8
76.0
75.9
75.6
76.1
76.3
76.2
78.4
74.2
78.0
76.5
76.2
78.3
75.3
74.7
73.3
75.6
74.9
73.9
74.3
74.3
74.1
73.9
74.3
74.1
74.5
73.9
73.6
76.8
78.8
76.6
74.4
76.3
74.7
74.6
74.8
73.9
73.5
74.4
73.8
74.6
74.1
74.2
74.3
74.1
74.1
74.9
74.7
75.2
75.2
74.5
73.9
74.1
74.0
73.4
74.2
76.1
75.8
75.6
75.9
75.4
74.9
74.9
75.5
74.8
75.2
77.1
74.1
75.3
75.2
75.0
75.7
75.4
76.4
75.9
73.4
79.0
75.4
79.6
77.5
78.0
75.5
77.9
75.7
76.8
78.0
79.0
75.8
76.4
77.2
76.1
76.2
75.3
76.4
75.6
79.1
74.7
76.1
75.9
76.7
78.5
77.4
80.2
76.6
77.8
80.0
82.8
84.1
80.2
79.1
78.6
80.1
80.9
79.2
75.2
75.3
76.0
75.5
75.7
77.5
74.3
76.0
76.5
76.5
76.0
76.6
76.4
76.1
76.3
75.1
75.8
75.4
74.8
75.5
75.6
75.5
76.3
75.2
75.8
75.2
75.2
74.9
75.7
75.2
74.5
75.8
81.6
77.8
76.9
77.0
77.9
77.8
77.5
77.2
76.1
76.6
78.0
74.6
79.8
74.9
78.4
76.9
81.3
81.0
82.6
79.5
80.7
83.2
79.6
82.9
79.8
80.0
79.5
81.9
81.2
79.8
79.5
78.3
79.2
77.9
82.1
83.7
81.8
82.7
84.0
81.8
83.4
83.2
82.6
81.6
80.9
83.9
82.2
85.2
81.0
80.9
81.0
81.1
80.6
81.7
81.7
81.7
81.9
80.3
83.8
80.7
79.8
79.1
82.7
79.4
83.5
81.8
82.0
84.2
80.4
81.7
84.9
83.5
81.9
81.7
81.1
81.0
82.4
81.7
80.3
80.4
81.7
80.8
80.0
78.3
80.1
82.7
80.3
80.2
80.6
79.7
79.5
80.3
80.4
81.8
81.0
81.5
79.9
81.4
80.0
78.9
79.5
79.4
80.8
81.8
78.8
81.4
79.8
78.9
78.5
80.1
82.4
82.8
80.7
83.1
84.7
79.1
78.1
80.3
82.6
81.5
81.0
83.1
85.4
82.8
79.4
82.8
85.0
81.4
81.6
81.3
80.7
81.0
81.1
81.0
79.7
81.0
79.5
79.8
82.6
81.9
82.1
86.9
89.3
89.3
85.2
85.2
86.8
87.4
86.1
86.3
83.1
86.5
85.2
80.9
83.3
81.2
82.5
80.6
80.0
83.0
82.3
80.2
79.3
79.7
79.8
79.9
80.7
81.3
83.9
82.5
81.5
81.3
80.6
82.3
79.8
79.9
81.0
81.5
81.3
79.2
80.3
79.5
81.2
83.3
80.0
81.2
84.2
82.0
83.6
82.7
82.0
83.9
79.2
82.3
81.0
86.9
82.9
85.0
82.7
82.0
85.2
84.4
81.7
81.9
83.7
84.9
82.8
80.2
81.4
80.5
82.2
81.5
80.7
81.0
83.5
87.3
83.7
84.2
83.8
82.8
83.1
81.7
81.1
83.8
86.7
85.9
85.8
88.0
83.1
82.3
83.3
82.1
82.6
85.0
84.1
84.2
83.6
84.1
84.0
84.3
86.2
83.4
85.0
83.5
85.7
83.8
83.9
82.2
85.8
82.8
83.4
84.9
83.0
82.6
84.3
83.1
82.0
83.8
82.1
82.8
80.1
85.8
88.6
88.2
85.9
83.4
81.6
77.5
80.5
81.2
80.6
81.4
80.6
81.9
81.7
79.8
79.8
79.3
80.2
78.2
79.1
79.3
77.9
79.6
81.9
81.5
81.7
79.9
79.4
78.8
80.6
79.0
80.8
79.7
80.4
79.7
81.8
79.0
77.2
80.7
78.4
80.3
82.1
82.0
79.1
76.5
81.0
78.6
79.1
80.1
80.0
75.8
78.3
77.5
77.7
79.1
77.7
75.7
76.6
78.8
74.5
75.4
76.1
74.8
76.1
74.7
76.2
73.5
75.2
77.1
75.9
76.4
76.8
76.7
74.5
74.9
75.5
75.9
73.8
73.5
75.0
75.1
74.9
74.8
74.0
73.9
75.6
74.3
75.1
73.9
75.1
75.8
74.2
76.3
76.9
74.6
75.1
75.4
72.6
72.7
73.9
73.6
74.1
73.0
73.6
72.9
72.2
74.0
72.2
71.9
72.4
73.9
72.8
74.0
73.2
71.6
72.6
74.1
73.4
72.6
71.6
72.8
72.4
73.4
74.3
73.5
73.3
73.4
72.9
74.9
72.6
72.7
72.4
72.5
73.1
72.8
78.4
73.3
72.5
75.7
76.6
77.0
76.7
73.9
74.6
74.8
74.0
74.3
75.0
75.0
75.7
78.4
77.9
77.4
79.5
75.4
74.8
74.8
74.7
75.5
75.9
76.6
77.2
77.4
76.2
75.1
76.2
76.1
76.1
77.7
82.0
81.0
77.7
77.6
78.2
77.5
76.6
76.5
74.5
76.6
76.9
77.1
76.1
76.6
75.9
76.5
77.8
79.1
80.3
78.2
78.3
76.7
76.5
75.8
76.7
76.9
77.3
78.6
79.3
76.6
78.3
78.5
78.8
78.1
78.3
78.2
80.8
78.7
77.5
79.2
80.1
77.2
77.0
76.0
77.7
77.8
78.4
79.1
78.9
79.2
77.0
77.5
76.3
77.2
77.3
76.7
77.0
77.4
80.7
76.2
75.6
76.2
76.9
76.9
76.4
77.0
76.3
79.8
78.0
77.8
76.7
75.5
75.4
75.4
76.0
79.7
80.4
76.9
76.0
74.4
76.3
77.2
75.4
75.5
75.1
75.1
77.8
79.5
79.9
76.9
83.1
78.2
77.1
76.9
76.4
77.2
77.2
77.6
77.0
77.1
77.6
76.6
75.9
76.5
75.8
75.5
76.7
75.7
75.5
82.3
76.5
77.2
78.2
81.4
78.5
80.4
77.3
80.8
81.2
76.6
79.3
75.7
75.7
78.3
79.2
76.2
76.0
78.1
79.0
77.3
80.2
77.3
76.9
78.5
80.3
76.7
77.8
76.8
77.9
78.3
77.8
77.9
75.6
79.4
80.7
82.2
81.1
82.0
77.5
77.4
76.9
75.0
76.6
76.6
81.0
78.4
77.6
75.4
75.1
74.4
74.4
74.1
74.9
79.9
75.9
74.1
75.4
75.3
75.4
75.7
76.2
76.1
76.4
76.1
75.2
77.4
78.3
79.0
78.5
74.4
76.1
75.2
76.2
78.0
78.3
76.4
77.1
77.1
77.1
76.3
78.0
77.8
78.0
77.9
77.5
79.8
76.4
76.7
75.6
76.2
76.8
76.6
77.0
75.9
79.1
79.9
76.3
76.9
77.5
78.1
78.2
79.6
76.9
79.5
78.3
78.9
80.0
77.7
78.2
79.0
79.1
83.4
79.9
78.4
80.8
83.4
81.5
77.1
80.2
83.2
79.7
77.6
77.6
78.1
81.8
78.8
76.6
76.3
77.9
77.6
78.0
77.7
80.5
76.8
78.1
72.1
74.1
76.1
74.2
78.2
79.0
72.8
76.0
83.9
82.5
78.3
79.3
77.9
77.4
82.6
82.7
83.7
83.4
82.3
82.9
79.0
81.5
80.1
80.9
78.5
78.4
78.8
78.9
79.7
78.1
78.4
77.0
77.4
78.1
83.7
77.3
79.2
78.4
77.8
80.3
79.7
79.5
79.0
79.7
83.7
79.6
79.2
80.3
78.2
79.6
81.7
79.3
79.3
79.3
78.7
78.9
78.8
79.6
79.6
79.3
78.7
79.1
79.1
79.6
78.2
79.5
82.2
77.9
80.6
80.1
78.8
81.9
86.2
83.8
82.8
82.5
81.3
84.6
84.7
84.1
79.3
80.0
79.9
83.0
87.0
83.5
87.5
81.1
79.1
80.2
82.6
79.9
80.1
81.9
79.3
82.2
77.3
77.7
78.2
80.3
74.9
80.6
79.2
83.9
86.4
85.5
80.3
83.8
81.2
82.1
85.6
84.6
82.6
77.2
79.9
81.9
80.2
81.8
81.1
81.5
82.1
79.5
81.9
79.6
83.5
82.9
84.8
82.0
81.7
82.9
81.0
78.6
78.3
87.0
84.0
86.0
84.2
85.8
88.8
85.5
86.6
87.0
85.4
83.7
83.1
83.3
86.4
83.7
88.7
86.8
85.3
85.5
87.7
87.7
87.7
87.7
87.6
88.4
86.9
87.5
88.9
89.1
88.6
88.8
88.5
86.8
86.4
87.8
86.4
86.8
86.9
86.0
87.0
88.3
88.0
87.7
87.4
87.0
87.2
86.4
85.9
86.4
85.7
85.2
84.7
84.9
85.2
83.9
84.8
82.7
