59.4
61.3
58.0
59.2
66.0
60.6
60.3
58.7
58.8
61.7
60.8
62.7
62.0
61.5
61.0
57.8
62.2
59.0
64.4
58.9
59.8
60.6
59.4
59.8
59.3
59.8
60.0
62.3
64.7
58.4
59.2
60.0
65.7
58.1
57.7
60.0
59.5
61.7
62.1
61.0
61.4
59.9
60.5
58.4
59.8
59.3
60.6
60.2
64.0
67.7
59.0
59.1
59.4
61.9
67.6
59.5
58.5
59.4
60.5
64.5
64.1
58.4
57.3
58.6
57.5
57.8
61.5
62.1
63.9
68.3
61.1
57.7
59.3
60.7
58.5
58.5
56.5
59.2
61.7
61.5
61.3
57.9
60.1
57.8
57.3
59.9
58.0
66.3
69.6
60.8
59.6
66.9
62.3
60.0
60.7
69.2
64.6
59.5
60.1
59.4
60.7
60.0
59.9
60.3
61.8
61.3
72.4
58.8
59.9
59.4
61.9
61.5
62.7
59.1
59.3
59.5
58.5
59.0
60.2
60.7
61.3
60.0
59.6
66.2
63.9
60.5
70.7
70.0
64.1
64.8
63.9
63.7
62.8
66.8
63.9
64.3
61.9
62.0
66.6
64.4
64.3
65.2
62.0
63.3
63.0
62.4
63.3
62.9
65.2
62.7
65.6
63.2
65.0
62.3
64.6
61.6
58.7
60.3
63.8
58.1
59.9
60.4
61.2
66.1
60.2
60.7
60.8
60.5
60.2
59.9
60.6
61.3
60.3
60.3
64.5
66.5
66.7
62.7
62.4
64.1
64.2
65.6
62.2
59.6
60.2
59.7
59.8
59.8
64.2
60.9
63.4
65.7
61.7
60.9
60.3
60.5
61.7
61.0
60.6
60.4
61.7
61.5
61.7
62.3
72.0
73.6
75.3
66.4
64.6
63.0
60.4
60.6
62.0
74.4
83.4
70.2
62.6
62.3
64.0
63.9
62.4
62.0
61.5
62.0
63.4
62.9
67.4
61.2
60.7
61.4
61.9
61.3
61.7
61.3
61.7
64.6
63.0
67.2
76.0
61.4
61.3
62.8
64.5
62.3
60.3
63.1
59.6
60.4
61.3
59.8
60.5
60.0
63.3
60.5
59.7
59.8
60.6
59.6
58.6
61.1
59.0
58.4
58.6
59.4
60.1
62.3
60.9
57.2
59.2
61.5
59.2
58.2
58.1
58.5
66.3
56.1
60.7
57.0
57.6
56.2
56.4
57.3
56.6
56.8
65.4
58.4
57.3
63.6
61.5
61.2
56.9
56.4
56.3
56.1
62.2
55.8
55.8
56.2
59.5
60.9
56.7
55.9
61.4
57.5
55.7
56.4
55.0
56.0
57.8
60.5
54.9
54.3
56.2
55.7
54.9
54.7
55.4
55.7
55.7
54.7
60.8
59.9
54.5
55.3
58.1
57.4
54.7
54.8
56.0
56.2
55.8
56.0
56.1
59.6
55.0
56.0
55.8
56.6
56.1
57.3
54.8
55.4
56.0
56.7
55.1
55.4
55.9
62.1
63.2
64.5
63.2
59.5
60.9
57.3
57.3
57.5
60.9
57.8
62.0
57.4
60.2
56.3
56.8
57.9
56.9
58.3
63.3
61.1
57.8
57.3
57.7
57.1
56.5
58.2
57.6
58.0
58.3
59.1
64.6
61.2
60.3
63.6
60.1
62.1
63.2
60.6
65.9
60.4
60.1
61.2
60.8
64.8
60.5
62.7
61.6
60.3
59.0
59.9
60.8
62.0
64.6
60.2
60.4
59.5
60.3
58.4
64.6
62.0
58.1
59.2
59.6
60.3
59.7
62.7
70.4
64.3
61.5
60.1
60.9
63.6
58.4
59.8
61.6
60.1
59.8
61.4
61.2
71.8
65.6
57.7
57.9
59.0
69.3
66.5
59.0
62.1
64.1
58.6
59.5
60.6
58.5
59.7
60.3
59.0
58.6
59.7
65.3
61.3
60.7
59.3
65.5
74.5
64.6
59.3
60.6
60.6
62.0
63.2
62.7
65.7
69.5
70.3
62.1
61.1
65.8
66.5
66.9
65.2
63.5
65.1
64.4
66.3
62.6
63.7
62.2
63.3
65.3
60.9
61.8
61.6
61.8
62.9
64.2
60.7
61.1
61.6
60.9
66.2
61.6
64.1
63.8
61.8
64.8
66.2
62.0
58.9
59.9
60.6
58.7
60.4
58.0
58.4
58.8
59.0
69.9
65.0
77.9
69.8
61.1
58.4
56.7
59.5
60.6
57.6
56.3
56.9
56.9
58.5
57.9
61.2
64.0
59.4
59.1
57.8
58.6
58.6
59.9
58.8
59.0
59.6
58.8
58.9
58.9
66.9
62.0
60.2
57.5
60.6
58.5
57.9
58.6
58.3
67.0
69.9
57.7
61.0
57.4
55.8
55.2
61.0
58.0
67.4
57.3
56.2
57.6
56.8
61.8
57.7
58.2
58.0
58.5
59.3
64.5
59.4
56.8
58.2
59.6
58.2
60.8
63.2
60.8
57.7
56.8
58.3
58.3
64.4
59.3
58.7
58.5
60.0
58.5
58.8
68.7
73.1
61.1
58.0
58.4
60.2
58.9
59.1
61.6
59.1
59.8
58.6
59.4
57.9
60.7
63.0
58.5
60.1
63.4
63.0
59.6
64.8
59.2
58.4
61.3
66.5
60.7
65.8
59.6
61.9
61.6
67.9
65.1
59.2
57.7
58.4
60.3
59.3
68.1
61.4
62.4
83.0
82.4
76.9
74.8
60.0
57.4
58.2
56.7
58.7
58.3
58.5
58.4
58.2
61.7
69.9
66.6
61.6
56.3
57.8
57.2
57.5
69.2
74.5
57.6
57.7
56.0
56.2
54.8
55.8
58.4
56.1
57.0
63.8
74.7
62.9
56.6
57.8
57.0
57.4
56.3
58.2
56.5
56.3
57.6
68.8
68.4
56.9
56.2
56.6
59.5
55.7
57.0
54.9
56.0
59.2
54.9
56.7
56.3
55.1
57.2
65.4
64.1
57.3
57.2
55.3
56.5
54.2
58.6
55.1
67.1
69.0
56.0
55.1
54.3
54.2
62.2
59.1
55.2
55.7
56.5
56.7
57.5
58.9
59.5
56.1
54.7
55.0
54.6
56.4
56.3
60.8
60.3
59.8
