89.5
88.9
92.1
88.3
93.9
97.6
102.4
96.9
94.7
90.1
89.7
91.0
89.4
89.2
89.1
89.7
90.0
88.3
89.1
88.9
88.2
89.7
91.4
92.0
89.5
87.5
88.9
88.6
88.4
86.9
85.7
86.6
89.7
91.6
87.2
85.0
87.4
86.2
86.7
87.9
88.0
85.6
87.2
84.4
83.6
82.8
82.9
82.9
83.1
83.4
82.3
82.9
80.1
83.8
87.9
84.3
80.6
85.9
92.2
91.0
92.6
91.7
88.1
86.8
84.7
83.8
83.6
83.1
81.3
83.7
82.3
81.0
84.0
84.2
83.6
81.6
85.9
83.2
86.0
87.9
85.9
84.1
86.1
84.8
85.5
88.9
86.5
88.1
83.7
86.1
90.6
84.4
83.2
86.4
86.0
82.4
85.5
82.5
85.3
82.2
84.4
81.7
86.1
84.4
87.0
88.1
87.1
89.2
92.0
97.0
91.3
91.0
97.4
96.8
90.8
91.3
90.6
91.7
91.2
91.3
91.1
91.5
91.5
91.6
91.2
91.2
90.9
91.9
92.2
92.0
91.3
92.0
91.1
90.4
92.5
92.7
93.1
103.6
100.5
97.3
99.2
101.0
96.8
100.6
105.9
102.0
103.8
95.9
93.5
91.7
93.2
91.0
87.8
87.2
87.5
85.3
82.2
87.1
83.4
82.1
83.9
85.3
86.0
86.3
86.0
93.2
94.2
90.4
87.5
87.1
87.5
94.5
96.3
100.9
93.8
89.8
89.9
90.1
91.9
89.4
89.5
89.0
89.4
89.1
89.4
96.2
91.3
89.5
89.9
89.9
90.4
90.9
88.5
90.3
90.3
92.1
92.6
100.6
100.2
103.9
105.0
99.5
101.9
102.1
104.2
100.3
98.6
97.3
94.8
96.2
95.6
96.3
94.1
91.7
92.2
93.8
102.8
106.5
102.4
100.8
94.7
94.2
93.7
93.3
100.1
104.5
105.6
103.9
105.8
108.0
103.6
107.8
109.5
108.1
107.5
105.7
107.1
107.1
107.2
108.1
108.6
109.7
111.0
108.6
107.6
110.7
108.5
109.5
109.2
109.9
108.4
111.3
106.3
107.7
109.2
106.5
107.9
107.7
105.6
105.0
104.8
103.4
105.0
105.2
106.1
105.1
102.5
100.1
99.1
99.3
101.4
100.8
99.0
100.6
99.8
100.9
101.0
100.8
101.0
106.5
100.9
102.4
105.5
103.5
100.2
97.8
98.7
94.5
93.2
92.7
92.4
86.2
90.1
104.4
102.9
107.0
108.0
105.2
106.7
106.7
103.7
104.0
104.0
102.4
99.2
99.8
98.6
95.6
93.8
100.0
93.4
95.1
94.8
91.0
91.7
89.1
82.8
84.1
97.7
100.8
100.6
101.6
99.4
102.6
98.7
98.2
99.1
102.3
106.6
98.3
97.6
94.6
93.8
91.9
93.8
98.6
97.3
101.1
101.2
100.9
102.0
100.9
97.2
95.9
93.2
90.9
90.5
90.8
96.5
103.2
97.4
100.0
98.4
94.6
90.6
94.0
92.3
92.6
96.7
96.4
100.7
99.6
101.2
98.4
98.4
97.4
99.6
99.1
96.8
98.0
98.8
99.4
93.8
95.2
95.2
93.7
100.6
100.8
100.2
100.7
98.9
99.6
97.5
96.2
94.9
94.2
91.6
92.4
94.5
92.3
93.8
95.2
92.5
91.6
91.5
88.0
91.2
93.8
94.2
99.9
101.2
97.6
100.5
97.0
94.8
93.8
91.3
88.4
87.0
87.7
86.6
81.2
82.2
86.9
83.3
95.8
99.3
97.0
97.4
96.5
97.0
95.5
95.0
94.0
92.6
91.5
88.4
88.6
88.9
88.2
87.8
84.6
81.6
81.0
78.5
95.7
88.8
92.4
93.8
94.2
95.7
94.4
95.0
102.3
100.8
99.0
99.1
98.6
102.3
101.8
100.1
106.1
108.0
108.3
108.5
103.6
103.5
99.4
98.6
100.8
98.5
96.8
100.5
98.5
98.0
102.5
106.3
105.7
107.4
104.7
104.3
100.6
102.9
102.1
105.0
108.0
105.2
108.5
107.6
108.4
105.7
102.6
102.0
97.8
95.6
100.8
100.9
100.5
98.1
97.5
102.3
104.7
102.4
102.2
98.2
103.0
101.9
100.4
100.2
101.3
101.4
100.7
101.1
100.0
99.4
99.2
97.2
98.7
96.4
98.3
95.8
99.3
98.0
104.4
100.1
95.7
97.7
101.0
99.2
103.6
99.0
101.4
98.8
101.0
99.8
99.5
96.7
99.7
98.7
100.0
100.3
98.8
98.4
98.9
97.1
96.7
98.1
97.9
98.8
98.2
96.5
97.7
95.8
95.7
100.7
100.4
98.6
100.2
101.4
99.5
96.8
96.3
94.4
94.0
94.5
93.1
93.8
94.1
93.5
92.8
93.3
95.5
101.0
100.3
98.8
100.0
96.4
94.9
92.6
93.0
90.8
86.7
84.2
81.8
84.2
81.5
83.0
82.3
81.5
79.4
79.9
80.0
79.5
78.0
78.0
81.4
77.9
76.7
77.6
79.3
79.1
77.9
80.0
79.2
77.9
76.3
77.9
80.1
76.3
79.3
78.6
77.2
77.3
76.9
78.5
79.4
77.3
80.1
80.7
79.8
77.2
76.1
77.6
75.2
75.8
73.5
73.8
76.0
73.5
73.6
74.1
76.3
75.3
74.8
77.2
76.3
77.5
74.8
75.2
73.7
72.7
73.1
73.4
73.2
72.6
72.8
71.8
73.1
73.0
72.5
71.6
72.8
72.3
70.4
75.7
72.0
72.2
71.9
79.7
75.2
76.6
76.0
74.6
73.2
73.6
73.2
73.0
72.5
72.5
73.1
69.1
73.7
78.0
79.1
83.7
81.1
78.7
77.4
75.3
75.8
75.0
75.0
74.8
73.2
69.2
75.3
71.6
73.0
74.1
74.1
81.8
81.6
78.8
79.9
78.9
78.7
76.7
76.5
76.0
76.4
83.2
78.0
73.8
75.1
74.6
74.1
74.7
77.9
74.9
74.3
76.4
75.4
76.4
75.0
74.2
74.4
74.7
75.1
74.9
74.0
74.7
74.2
74.1
73.8
74.6
74.2
72.9
74.9
73.9
75.2
75.0
74.5
76.2
75.3
76.2
76.2
76.8
77.4
77.2
78.6
79.6
81.4
79.2
77.0
82.45
84.075
85.7
87.325
85.72857142857143
85.74285714285715
85.75714285714285
85.77142857142857
85.78571428571428
85.8
86.4
87.1
87.1
84.3
84.5
84.3
84.1
82.6
80.8
80.6
80.39999999999999
81.09230769230768
81.33846153846153
81.58461538461538
81.83076923076922
82.07692307692307
82.32307692307693
82.56923076923077
82.81538461538462
83.06153846153846
83.3076923076923
83.55384615384615
83.8
87.5
87.4
87.8
89.3
88.3
88.4
87.8
87.8
89.3
85.0
85.8
84.4
85.5
84.9
84.30000000000001
89.5
91.8
91.9
90.2
89.9
93.5
89.8
92.2
93.0
89.2
88.9
97.4
106.6
92.2
93.4
92.6
91.4
91.8
93.1
93.9
94.6
94.5
92.2
92.6
94.9
94.4
92.7
95.0
94.5
95.7
94.8
95.2
96.1
96.5
95.1
95.7
95.5
95.3
94.1
94.8
93.7
95.4
99.5
93.3
98.1
97.8
96.5
96.3
97.8
96.7
98.9
97.0
97.2
97.9
96.2
96.9
98.8
98.8
97.1
95.8
93.9
93.8
94.1
93.7
92.8
93.4
96.2
93.1
94.1
93.0
92.4
93.6
93.2
92.2
93.3
94.4
94.1
94.8
92.2
93.4
92.6
93.6
90.6
93.0
93.1
92.2
91.0
91.7
92.8
94.7
92.8
93.7
93.5
93.3
93.7
94.0
94.7
94.9
96.2
94.5
95.8
94.8
95.4
95.2
95.7
93.5
95.5
97.0
97.0
99.9
96.5
98.9
95.8
98.8
104.6
98.4
100.9
99.2
96.5
94.6
97.5
99.0
97.4
97.2
96.8
100.7
98.8
97.1
99.9
109.1
102.7
91.1
95.4
94.1
97.1
91.7
92.8
91.1
92.0
92.3
91.9
90.6
91.1
91.4
90.0
89.7
88.5
88.5
88.4
91.2
91.2
91.2
91.9
94.0
93.8
94.0
95.5
93.0
95.6
95.9
97.1
93.6
93.4
92.3
90.6
90.3
89.7
89.4
88.0
89.0
88.7
85.6
80.0
84.5
77.7
85.8
88.3
96.5
96.1
96.2
99.2
98.6
94.7
95.8
94.8
99.7
96.3
91.0
88.6
88.1
87.1
86.6
88.6
86.5
83.1
81.8
84.2
80.2
78.0
80.3
79.3
84.9
93.3
91.1
95.4
94.8
97.7
90.0
94.2
94.1
92.2
89.4
89.3
88.6
89.2
87.9
86.8
86.5
86.1
85.1
84.4
85.0
86.6
83.8
85.9
83.5
83.0
86.4
87.0
89.8
104.1
107.0
103.2
106.9
102.0
96.7
95.2
92.9
90.5
89.4
88.7
87.9
88.4
98.4
91.8
87.5
95.4
100.4
92.4
93.0
97.0
92.5
89.5
90.8
90.0
97.7
99.9
93.9
93.9
94.3
96.1
97.9
98.8
99.7
100.4
102.1
98.1
96.4
95.5
93.5
97.1
97.1
98.7
98.2
96.6
98.0
100.6
98.8
98.2
98.9
95.4
95.3
94.6
94.4
95.4
93.9
92.5
94.6
96.5
96.1
96.7
100.5
96.1
95.3
97.5
97.8
98.9
95.7
94.3
97.5
95.8
99.4
96.3
96.7
94.2
97.0
93.9
93.7
101.0
95.8
99.5
97.5
97.8
95.1
96.6
96.1
94.2
92.7
94.3
95.1
94.5
95.0
95.1
94.4
91.0
96.0
98.0
96.6
98.7
100.3
100.4
98.8
99.8
97.5
99.3
99.4
97.0
98.5
101.6
98.4
99.8
96.1
94.1
91.1
90.5
88.7
95.7
98.5
98.2
101.1
100.9
100.8
101.2
100.6
100.3
95.5
99.3
96.2
96.3
96.8
96.9
96.9
96.9
98.1
100.0
99.5
99.7
96.4
96.3
97.4
97.4
97.4
96.2
96.9
96.6
95.4
97.7
99.2
94.2
93.4
91.8
92.2
92.8
91.4
92.0
91.6
91.5
88.2
87.5
92.6
99.1
102.9
98.6
101.5
102.7
103.5
102.0
98.9
99.1
100.9
98.9
101.7
100.5
98.4
96.9
96.9
98.2
100.0
102.4
99.8
99.0
98.7
95.8
91.7
96.5
99.7
95.7
99.0
98.1
94.0
95.5
96.5
96.6
96.9
95.9
99.6
95.0
96.2
98.5
98.7
97.6
96.9
95.3
95.2
92.7
94.4
95.9
96.3
94.2
97.2
98.0
97.7
97.6
98.2
97.6
98.6
102.2
98.8
97.2
97.9
96.7
97.9
95.7
93.1
93.6
93.9
99.2
98.6
100.7
100.1
94.9
93.2
99.5
95.4
101.0
98.7
97.5
95.1
94.1
93.1
92.2
93.2
92.8
93.9
93.5
95.5
95.3
93.6
93.5
92.5
92.2
94.5
99.1
89.3
90.5
93.4
92.4
92.2
90.7
89.5
96.4
93.3
92.6
93.5
93.5
94.7
92.6
90.8
91.9
90.6
92.3
92.7
94.0
94.3
96.8
90.2
91.0
90.9
90.5
88.7
90.5
90.1
89.0
89.9
91.5
99.0
93.4
94.8
96.1
92.8
92.4
94.5
95.1
96.3
96.3
96.4
95.9
98.5
97.1
97.5
95.6
95.6
94.8
97.0
97.8
97.0
100.0
97.2
96.1
97.2
95.7
96.3
96.0
95.9
98.0
98.4
99.6
100.0
101.1
99.6
100.4
100.2
97.5
95.6
100.6
95.0
96.4
96.2
95.0
93.4
91.8
93.5
93.4
91.2
95.2
94.9
90.8
90.1
90.8
87.4
87.5
86.2
85.9
85.2
84.7
85.4
84.7
84.2
86.5
85.4
84.6
83.0
82.8
82.2
82.1
85.0
85.7
81.6
81.1
84.8
84.5
84.5
82.2
82.3
82.2
84.5
84.7
83.4
82.1
81.0
83.2
83.9
80.7
83.4
80.8
79.2
80.5
81.7
81.9
80.7
80.2
81.0
79.7
81.1
82.1
82.0
82.2
80.9
80.0
80.5
80.4
81.7
80.6
80.5
77.9
79.1
80.1
82.4
82.5
80.2
82.8
81.2
79.2
81.4
84.7
79.2
79.5
80.5
80.1
80.9
82.0
80.4
79.5
80.8
83.0
83.6
84.0
83.8
84.7
85.6
84.7
86.0
85.7
87.0
86.9
86.9
86.1
84.9
85.7
85.6
84.0
85.1
85.6
83.5
86.8
87.8
85.6
86.4
86.6
87.0
86.6
89.8
83.9
84.9
85.2
83.7
80.7
81.6
82.49999999999999
51.33333333333333
36.2
80.6
81.5
79.5
79.6
80.0
79.4
80.4
79.8
81.8
77.7
80.5
79.6
79.4
80.8
80.9
81.5
83.2
84.2
86.6
85.9
83.8
85.2
86.5
86.2
86.0
83.9
84.9
84.3
85.0
87.3
83.5
84.4
84.6
85.8
83.6
85.9
85.3
83.4
86.3
87.6
86.8
85.3
85.5
84.6
84.2
83.7
84.3
83.3
83.4
83.4
82.6
82.0
79.6
82.7
90.3
88.3
89.9
91.6
89.3
87.4
84.7
83.9
84.1
82.8
83.0
83.1
80.1
80.9
87.3
87.6
88.0
90.6
89.4
88.4
88.9
91.0
86.6
88.1
89.5
88.6
87.0
88.7
88.1
86.5
86.2
87.7
87.9
86.4
