82.0
104.2
118.6
122.8
121.5
131.5
131.3
132.0
133.3
95.0
95.4
84.6
79.0
78.8
98.4
101.3
78.8
78.7
77.5
81.3
91.7
77.7
85.4
124.2
133.0
134.2
135.0
135.9
115.1
111.9
109.9
111.2
109.0
108.3
109.2
110.0
113.1
102.4
114.2
115.5
105.1
123.0
124.0
135.0
134.1
134.0
132.5
129.6
116.9
115.7
98.3
127.6
135.7
134.9
133.0
130.6
123.4
116.3
135.9
134.9
126.4
126.7
138.5
119.0
113.4
109.1
130.6
129.7
112.3
104.6
130.0
126.3
132.6
133.7
133.1
134.0
134.7
135.1
134.8
135.0
134.5
133.9
134.9
134.3
134.1
134.1
134.5
134.2
133.6
134.5
125.2
100.0
99.2
112.9
107.5
90.8
90.4
89.8
89.4
89.0
89.0
88.8
88.4
89.0
89.0
88.9
90.2
89.1
89.2
89.2
88.8
89.1
88.7
89.6
90.7
90.3
88.9
88.3
88.4
89.3
88.8
89.6
89.2
89.7
89.3
89.6
89.5
89.7
89.6
89.4
89.0
89.5
90.1
89.3
89.5
89.3
88.9
88.7
89.8
89.7
90.4
90.2
90.1
89.5
89.9
89.6
90.8
90.5
90.0
90.3
89.7
90.8
89.6
89.6
89.3
90.0
90.6
90.2
91.2
91.3
91.6
90.7
90.5
91.7
90.7
90.7
90.6
91.1
89.9
89.8
90.0
90.0
90.1
90.2
91.3
90.6
90.5
91.2
91.0
91.1
91.0
91.0
91.1
90.4
90.2
90.3
90.8
91.4
91.1
90.4
90.4
90.4
92.1
91.2
90.7
90.0
89.7
90.0
89.6
89.4
89.0
89.0
89.1
89.3
89.6
89.6
89.1
89.3
89.4
89.2
89.5
89.0
89.0
88.8
88.8
89.2
89.3
89.1
88.6
90.7
91.2
92.3
91.1
89.2
88.4
87.8
87.8
87.6
88.1
88.5
88.8
88.7
89.2
89.5
89.5
89.0
89.1
89.6
89.9
89.6
89.7
90.0
90.5
90.0
89.8
89.7
89.4
91.9
96.3
95.8
94.2
94.8
99.3
100.0
97.8
98.2
95.3
94.6
95.4
95.9
97.9
98.9
96.4
95.8
96.5
95.7
96.0
96.2
96.9
96.7
98.6
100.3
101.5
102.0
103.0
103.8
104.1
102.1
102.6
97.0
96.8
95.6
95.9
95.5
95.0
94.9
94.7
94.5
94.3
94.7
95.0
94.5
95.0
94.3
94.8
94.3
93.8
94.3
92.8
93.0
92.6
91.7
91.0
91.3
90.4
90.1
89.8
89.3
88.7
88.4
88.9
88.2
87.3
87.2
86.6
86.4
85.8
85.5
89.2
84.8
85.0
85.1
84.8
85.7
84.8
84.4
85.5
84.3
83.8
83.8
83.3
84.1
83.7
83.4
84.1
85.0
86.2
85.5
85.2
85.4
84.7
84.9
83.8
83.6
83.4
83.7
82.1
80.5
80.8
80.3
80.6
80.8
81.5
80.2
80.2
79.9
79.9
80.0
79.8
80.2
79.7
79.6
79.7
79.8
79.5
79.7
79.7
79.8
80.3
80.2
80.7
84.8
85.2
83.6
82.5
82.5
82.9
82.8
83.0
82.8
83.4
83.8
84.1
84.0
84.2
84.3
83.9
84.5
83.9
84.9
85.3
85.7
85.8
85.3
85.7
86.1
86.0
86.9
86.4
88.4
89.0
88.9
88.7
87.9
88.9
88.3
88.9
89.5
89.1
88.5
87.8
88.1
87.6
88.2
87.9
87.9
88.2
88.0
87.9
88.1
88.1
88.1
87.7
88.1
88.3
88.6
87.9
87.9
87.8
87.6
88.0
87.7
88.3
88.3
87.6
87.3
88.0
87.6
87.6
87.6
87.5
87.5
87.0
88.2
87.5
88.5
88.1
88.6
88.8
88.3
88.3
88.6
89.3
88.5
88.7
89.5
89.5
89.4
89.6
89.7
89.2
89.7
89.6
90.1
91.0
90.1
90.4
91.0
90.1
90.7
90.7
90.5
90.3
91.0
91.0
91.0
92.0
91.7
92.0
92.0
92.5
92.0
92.7
92.9
92.7
93.0
93.3
93.9
94.4
94.6
94.3
94.6
94.3
94.5
95.1
94.9
95.0
95.3
95.4
95.2
95.3
95.3
95.3
95.5
95.8
95.9
95.2
95.8
95.9
95.6
95.8
95.7
95.7
95.6
95.5
95.7
95.7
95.6
95.4
95.3
95.5
95.9
95.8
95.9
96.0
96.0
96.1
95.8
95.8
95.5
96.4
95.7
95.9
96.3
96.1
95.9
96.5
97.1
96.6
96.5
96.8
96.4
96.4
97.2
96.6
96.5
96.6
96.3
96.3
96.7
96.7
96.9
96.9
96.4
96.9
96.4
96.3
96.5
97.2
96.6
96.9
97.0
96.9
96.7
96.9
97.4
97.2
97.6
97.6
97.6
97.6
98.3
98.4
97.7
98.2
97.8
98.1
98.3
98.1
98.2
98.3
98.3
97.9
98.2
97.8
100.0
100.6
101.4
99.9
101.2
101.4
101.4
103.5
102.3
100.5
100.3
100.2
99.7
100.1
102.7
102.2
101.6
101.5
102.4
104.3
109.6
103.3
107.3
102.9
102.9
102.1
102.0
102.8
101.4
101.8
101.9
102.6
101.4
102.3
102.7
102.1
102.8
102.8
102.7
103.0
103.1
102.7
104.7
103.9
103.7
104.1
104.2
103.9
103.6
102.0
102.0
101.5
101.0
100.5
100.3
100.5
99.1
98.8
98.2
98.0
97.7
97.7
97.9
97.1
98.8
96.8
97.1
97.0
98.0
96.6
97.0
97.1
95.2
97.3
96.6
94.5
99.0
96.2
95.6
95.8
95.4
94.9
94.7
93.6
95.2
95.3
95.4
94.2
93.5
94.2
94.4
93.8
93.1
94.5
93.1
92.9
93.0
92.7
92.7
91.3
91.7
91.4
92.2
92.0
91.9
92.2
92.5
91.3
92.1
92.3
92.5
92.9
92.9
92.5
92.3
92.8
93.3
94.8
94.8
94.4
93.6
94.7
98.2
95.6
95.0
94.4
94.0
93.9
93.4
93.2
93.8
93.7
93.6
93.8
93.9
94.0
94.5
94.3
95.1
94.9
95.0
94.7
95.1
94.6
95.7
95.2
94.9
94.7
95.1
94.6
94.9
94.8
94.4
94.2
93.7
93.4
93.5
93.2
93.2
92.6
92.7
92.4
92.8
91.9
91.9
92.0
91.6
91.3
91.5
91.4
91.1
90.7
90.6
90.2
89.9
90.4
89.8
89.6
89.4
89.6
89.5
89.5
89.0
88.5
88.9
88.8
88.2
87.8
87.6
87.5
87.3
87.8
88.6
88.0
87.6
88.0
87.5
87.2
87.2
87.2
86.9
86.6
86.8
87.0
86.2
86.3
86.6
86.4
86.2
86.1
85.9
86.0
85.8
86.0
85.8
85.7
86.1
86.5
86.0
85.7
85.5
85.6
85.6
85.8
85.4
85.5
85.5
85.7
85.2
84.9
85.4
85.1
85.0
85.2
85.1
85.1
85.2
85.0
85.1
85.2
85.0
85.3
85.9
85.6
85.1
85.5
85.2
86.5
85.4
84.8
84.4
84.6
86.3
84.9
87.0
85.5
85.9
86.8
86.2
86.3
85.5
85.4
85.7
85.1
85.2
85.0
84.8
85.2
85.2
84.7
84.8
84.5
84.8
84.5
84.8
85.4
85.6
83.9
83.5
85.7
84.9
84.0
84.2
84.1
83.9
83.3
83.3
84.3
83.6
83.6
83.1
82.8
82.7
82.9
82.6
82.4
82.1
82.6
82.7
82.4
82.2
81.7
81.1
81.8
81.9
81.5
81.9
81.7
81.7
82.1
81.5
81.2
82.1
81.0
81.2
82.1
80.9
80.5
85.1
88.4
87.0
86.0
89.8
86.3
87.2
90.0
91.2
93.7
94.8
90.6
90.5
90.0
90.2
90.6
90.2
89.9
91.0
89.1
90.3
91.9
90.1
90.5
90.5
90.6
90.4
90.7
91.9
92.1
92.4
92.7
92.1
92.5
92.0
92.4
92.1
91.3
91.5
92.1
91.9
91.4
92.2
91.2
90.6
90.7
90.3
90.3
90.4
90.4
89.4
90.0
89.5
90.5
89.3
89.7
90.3
90.3
88.7
89.5
90.5
89.9
89.1
89.9
88.8
88.4
89.1
87.0
86.6
86.4
87.8
86.0
85.7
85.2
85.5
85.5
85.3
85.1
85.1
86.1
88.5
84.9
84.5
84.0
85.2
85.5
85.9
83.8
84.5
84.6
83.7
83.1
83.2
83.6
83.1
83.6
83.3
82.9
87.6
124.7
123.8
138.0
139.5
137.6
135.6
135.2
131.7
130.2
130.5
125.2
128.0
125.9
124.2
127.2
123.7
127.4
125.7
123.0
122.1
118.8
125.1
125.7
127.0
124.6
128.7
135.8
135.8
133.8
135.9
136.5
133.3
135.6
134.9
136.7
136.5
135.9
136.3
135.5
135.7
133.3
134.9
135.8
135.1
135.5
135.3
136.0
135.5
135.9
136.1
136.1
136.2
136.6
136.8
138.7
146.2
141.7
135.3
125.9
128.3
130.4
98.5
98.9
98.1
99.0
99.2
99.1
100.1
100.0
99.8
100.1
100.0
100.5
100.4
100.6
100.5
100.2
99.6
99.8
100.9
102.9
103.6
102.3
101.3
100.7
100.0
99.8
99.6
98.0
97.9
97.3
97.1
96.6
96.3
96.2
96.0
95.8
95.8
96.0
96.0
95.5
95.0
95.0
94.8
94.2
94.0
94.5
94.0
93.7
94.0
92.8
92.8
93.1
92.1
92.2
91.9
92.1
91.8
91.5
90.5
90.6
90.4
90.7
90.9
90.7
90.0
91.6
90.1
90.7
90.1
90.0
90.7
90.2
90.3
90.8
90.4
90.4
90.9
92.8
91.5
92.9
92.1
92.7
92.2
93.2
92.3
92.1
91.9
92.5
92.6
92.2
92.3
92.7
92.8
93.0
93.0
93.2
93.5
94.1
95.7
94.7
94.2
94.5
94.3
94.5
94.0
94.3
94.5
95.0
95.0
94.8
95.2
94.6
94.5
94.2
95.6
95.0
95.2
95.7
95.3
96.2
100.2
99.3
99.7
98.1
96.8
95.8
95.7
95.4
95.1
95.1
94.7
94.1
94.4
94.3
94.6
94.2
94.0
93.9
94.3
93.7
93.8
93.5
95.0
93.5
96.9
93.6
93.2
92.6
91.8
91.0
90.8
89.8
89.1
89.2
88.0
87.4
86.4
85.8
86.2
85.7
85.3
85.0
84.9
84.5
84.6
84.3
85.7
82.9
83.4
83.4
83.5
83.5
83.7
83.0
83.2
82.8
82.0
82.0
82.2
81.9
81.2
81.1
81.2
81.1
80.0
80.3
80.0
79.8
80.0
79.1
78.9
78.7
79.3
80.2
78.9
77.9
78.1
78.1
78.3
78.1
77.7
77.2
76.2
76.0
76.3
77.1
77.9
77.7
77.1
76.5
76.3
76.2
76.5
77.6
79.4
79.1
81.9
79.3
80.3
79.4
76.0
76.1
78.7
79.2
78.7
82.3
93.8
127.0
135.3
128.2
107.7
126.4
128.9
119.9
106.3
112.2
128.4
131.0
124.4
100.3
106.2
94.1
79.9
107.5
79.6
85.2
126.5
120.3
116.9
110.2
76.9
95.1
94.2
80.0
105.7
114.5
108.5
106.1
105.8
107.2
102.9
84.7
93.5
93.8
103.4
105.7
104.9
99.0
98.7
101.8
100.4
101.2
98.1
89.6
90.6
86.3
81.3
82.7
74.6
98.1
99.3
98.2
97.2
88.9
91.4
87.5
84.7
91.7
77.4
73.7
91.3
97.6
92.1
89.1
72.4
81.7
69.7
69.8
70.8
69.7
69.9
69.0
69.2
69.6
70.1
69.6
70.0
70.6
70.0
70.0
70.0
70.0
70.2
70.6
70.9
70.0
70.0
70.0
69.9
69.8
69.6
69.5
69.1
69.0
69.1
69.0
69.0
69.0
68.2
68.3
69.2
70.6
71.0
70.4
68.0
68.1
68.1
67.8
67.0
67.7
66.9
66.7
66.8
66.6
67.0
66.8
66.8
66.5
67.0
66.7
66.7
66.2
66.0
66.0
66.0
65.9
66.2
66.0
66.3
66.0
66.2
65.0
66.3
72.5
78.7
75.4
74.9
75.5
75.4
72.8
71.5
71.7
70.4
70.0
68.8
68.5
68.1
68.2
67.8
67.6
67.3
66.1
66.2
65.7
66.0
65.7
65.9
65.6
65.5
65.0
65.5
65.0
65.0
65.5
64.8
65.0
64.8
65.0
65.1
64.7
64.0
64.6
64.0
64.1
63.5
63.4
63.7
63.5
63.2
63.4
63.3
63.0
62.9
62.8
63.2
62.4
62.0
62.5
62.3
62.2
61.6
62.1
62.0
61.2
60.9
60.8
61.1
60.9
60.0
60.4
60.1
59.7
59.9
60.4
59.3
60.1
67.8
72.3
71.8
69.6
66.8
67.3
66.1
65.3
65.6
65.0
64.9
64.8
64.1
63.5
63.3
65.5
67.1
61.6
61.3
62.4
61.0
60.1
60.0
60.2
59.4
59.9
59.3
59.4
59.6
59.7
58.9
58.6
58.7
59.2
58.6
58.4
58.3
58.9
58.0
58.1
58.3
58.0
57.9
57.6
57.5
57.5
57.3
57.3
56.7
56.8
57.3
56.4
56.7
56.5
56.2
56.4
56.2
56.1
55.9
56.5
56.5
55.8
56.1
55.9
55.8
55.6
55.6
55.7
55.3
55.5
55.2
55.3
55.2
55.0
55.1
55.0
54.9
55.4
55.1
55.2
54.9
54.9
55.1
54.9
54.9
55.0
54.7
54.9
54.5
54.7
54.6
54.8
54.5
54.7
54.8
54.9
55.0
54.3
54.7
54.7
54.2
54.5
54.6
53.9
53.7
54.1
54.2
53.9
53.6
54.1
53.8
53.6
53.3
54.9
70.6
70.9
71.2
71.6
71.1
69.5
67.3
65.5
66.1
64.5
63.6
65.6
63.5
64.1
63.3
62.8
64.0
62.2
62.9
61.9
61.8
61.2
61.1
61.6
61.0
61.7
61.8
61.5
61.4
61.2
60.4
60.2
59.8
60.8
67.6
73.6
71.3
67.8
66.3
65.7
64.0
64.0
63.9
63.1
63.0
63.2
62.7
62.0
61.6
61.1
60.8
60.2
59.2
59.8
59.1
58.1
57.8
58.1
57.9
57.6
57.3
57.6
56.9
57.2
57.3
57.3
56.5
57.3
56.8
57.1
56.7
56.8
56.4
56.1
56.6
56.1
56.0
55.8
55.7
56.0
56.2
56.8
55.7
55.9
55.7
55.6
56.4
55.5
55.9
55.6
56.3
55.7
55.3
55.4
55.5
55.6
55.0
54.8
55.1
54.6
55.5
54.9
54.5
54.9
55.6
54.8
54.9
55.8
55.5
55.0
55.6
55.6
55.7
55.5
56.2
56.8
56.1
56.1
56.0
56.2
62.4
74.0
75.7
76.0
75.7
74.8
78.7
78.7
77.9
76.2
75.4
71.2
68.8
66.2
65.5
68.0
64.8
63.6
63.6
64.3
62.7
62.2
61.5
61.4
61.0
60.9
60.4
60.2
59.9
59.6
59.8
59.3
59.0
58.5
59.1
58.0
58.6
58.4
59.0
58.4
58.5
57.9
58.8
58.0
57.9
58.1
57.7
57.8
57.5
57.4
57.2
56.8
57.6
56.7
57.0
56.6
56.6
55.6
56.3
56.8
56.8
56.4
56.4
56.4
56.0
55.9
56.3
56.8
55.8
56.0
56.0
55.8
55.4
55.9
55.2
55.2
55.4
55.1
55.3
55.3
55.0
55.3
55.1
55.1
55.1
55.2
54.9
55.1
54.6
55.3
55.3
55.2
55.4
55.0
55.1
54.8
54.8
54.7
54.7
54.7
55.0
55.2
55.0
54.6
55.1
55.2
55.2
55.1
55.8
55.5
55.5
55.3
60.9
69.2
68.1
66.4
66.1
64.8
65.9
64.5
64.8
62.7
63.0
62.2
62.0
63.4
62.7
61.3
61.0
61.3
61.0
61.0
60.8
60.9
60.1
61.0
60.6
61.3
61.6
63.6
64.3
61.7
61.2
61.2
61.9
61.4
60.4
60.2
60.8
60.0
60.0
59.7
60.6
58.9
59.0
59.2
59.3
59.2
58.8
58.8
58.5
58.8
58.2
58.5
58.5
58.4
58.6
58.5
58.2
58.3
58.6
57.5
57.7
58.3
57.5
58.0
57.7
57.6
57.2
56.8
57.3
57.0
57.1
56.8
57.2
56.9
56.8
56.8
56.9
56.2
56.3
56.6
56.3
56.3
56.3
56.1
56.6
56.5
55.9
56.0
56.7
55.6
55.7
55.3
57.1
68.2
71.1
74.1
73.6
73.7
72.5
71.3
69.8
68.0
67.4
64.8
64.2
63.8
63.1
63.0
62.8
61.9
61.5
61.7
61.2
60.2
60.9
61.0
61.0
60.6
60.2
59.3
59.7
59.3
58.9
58.5
58.3
58.1
58.1
58.2
58.0
57.6
58.5
57.4
57.9
57.7
57.0
57.0
57.2
57.5
57.6
57.1
57.3
57.2
57.1
57.2
56.2
56.4
56.7
56.2
56.1
55.9
56.3
56.2
56.4
56.0
56.0
55.5
55.6
55.7
55.6
55.4
55.0
55.4
55.3
55.3
55.1
55.3
55.6
55.0
55.0
55.2
54.9
55.1
55.1
55.4
55.6
54.7
55.0
54.6
54.4
54.6
54.9
55.2
54.9
55.1
54.4
54.4
55.2
54.0
54.1
55.1
54.5
54.5
54.6
54.4
54.3
54.7
54.3
54.8
54.6
54.6
54.1
54.4
54.5
54.9
55.0
54.5
54.8
55.3
55.0
55.0
55.0
54.7
54.6
55.0
54.9
54.4
55.1
54.6
54.8
54.7
54.4
54.4
54.4
54.1
54.3
54.5
53.9
54.6
53.7
54.2
54.2
54.2
57.4
72.6
71.6
70.6
69.6
70.2
72.3
73.3
75.1
77.9
75.3
73.9
73.7
75.3
75.3
76.6
74.8
73.0
68.8
66.2
67.3
66.4
65.5
68.4
70.5
72.2
69.0
68.0
64.9
65.9
73.9
68.6
68.9
69.4
67.4
69.0
67.0
64.2
64.7
66.2
64.0
67.7
69.2
66.3
63.4
61.6
61.2
63.1
67.7
64.4
62.3
60.7
60.4
59.8
62.9
67.6
67.8
64.5
62.3
62.0
61.1
60.0
60.5
60.0
58.6
58.2
58.8
60.3
59.0
58.4
57.9
58.1
57.0
56.9
56.5
56.5
56.0
56.2
56.0
55.5
55.0
54.8
54.8
54.5
53.7
54.5
53.8
54.2
53.7
53.4
53.3
53.3
53.4
53.4
53.1
53.5
53.2
53.6
53.4
53.1
53.9
53.1
52.7
53.4
54.0
53.4
53.3
53.8
53.1
53.4
53.0
53.4
52.9
53.2
52.9
52.6
52.8
52.8
52.8
52.7
52.9
52.9
52.4
52.0
51.9
51.9
51.6
51.4
51.7
51.0
51.7
50.4
51.5
52.4
52.9
52.5
53.1
53.0
53.2
53.7
54.1
53.8
53.0
52.6
52.4
52.0
52.3
52.1
51.6
51.6
52.0
51.6
51.5
51.3
51.4
51.5
51.5
51.7
51.1
57.3
72.6
71.2
72.1
72.5
72.0
71.5
71.5
71.0
70.4
69.1
68.4
69.1
67.8
67.8
67.6
66.1
65.3
66.3
63.7
63.3
62.8
62.2
63.1
63.0
62.4
62.6
62.2
62.3
61.6
61.3
60.6
59.6
59.7
59.7
58.6
58.1
58.0
58.0
57.1
57.5
57.3
57.0
61.9
68.9
68.7
64.4
62.3
62.2
62.1
63.2
69.0
67.9
66.6
65.6
63.5
67.4
63.7
61.4
61.6
60.9
63.2
61.0
61.5
60.7
67.2
68.0
64.0
64.2
62.0
61.1
60.4
60.9
60.6
61.8
70.4
68.6
65.0
64.3
62.8
62.6
62.3
62.0
61.2
61.7
60.8
61.0
61.2
60.6
60.6
60.8
61.5
60.3
59.7
59.7
60.0
59.8
59.2
59.2
59.1
59.3
59.2
59.2
58.9
58.7
59.7
59.8
59.9
59.8
59.8
59.9
59.5
59.9
59.8
59.8
59.9
59.5
59.1
59.3
59.3
59.3
59.6
59.1
59.0
59.2
59.5
59.8
59.1
59.0
58.7
59.0
58.9
58.9
58.7
59.1
58.8
59.1
58.5
59.0
60.0
60.1
59.3
59.1
58.9
58.5
59.2
58.3
58.3
58.4
58.4
58.5
58.1
58.8
59.5
59.1
58.9
58.6
58.9
58.8
59.2
58.9
59.0
59.1
59.2
58.8
59.0
59.0
59.0
59.1
59.0
59.0
59.0
59.6
59.6
59.6
59.5
59.1
59.2
66.6
80.7
81.3
80.6
79.5
78.2
78.2
76.3
76.7
73.9
71.6
73.5
74.3
74.2
71.2
70.6
69.5
70.5
70.3
68.3
68.3
67.1
68.7
69.6
67.3
67.2
66.6
67.8
66.5
66.7
66.0
65.1
64.9
67.2
67.7
65.8
64.5
64.0
63.8
63.1
62.0
61.9
62.1
63.5
63.7
62.5
62.1
61.4
61.1
61.0
60.6
61.0
60.5
59.8
59.5
59.7
59.1
59.2
59.4
58.8
58.6
58.2
58.3
58.2
58.1
57.7
58.2
57.9
57.9
57.7
57.4
57.9
57.1
57.1
56.9
56.9
57.0
56.7
56.8
57.2
56.8
56.6
56.5
56.5
56.6
62.0
70.9
71.6
71.8
72.2
74.4
74.9
75.4
73.7
71.9
70.9
69.6
69.1
69.4
67.3
66.0
66.7
65.4
65.5
64.3
64.8
64.9
66.1
65.1
64.3
63.3
63.3
63.6
65.5
64.7
67.8
68.2
71.2
72.1
70.1
68.1
69.3
73.9
76.1
77.7
77.4
77.6
77.0
74.3
71.6
71.4
76.9
75.1
70.7
69.9
68.6
68.0
67.7
71.0
73.5
73.1
71.0
70.2
70.7
69.6
69.6
69.8
70.5
70.0
70.6
70.0
71.6
72.7
72.1
72.0
71.9
70.9
71.3
71.0
72.3
77.4
80.2
79.9
77.9
76.3
78.9
77.0
76.5
76.0
76.4
75.9
78.1
76.7
76.4
75.4
74.4
74.0
73.5
73.6
73.0
72.9
72.4
72.1
71.6
71.5
71.6
71.7
72.0
71.6
72.4
74.4
77.2
75.3
74.1
72.7
71.5
70.7
69.6
68.9
68.2
67.5
67.3
68.7
75.6
76.8
76.0
73.7
72.1
71.7
72.0
71.7
69.3
70.1
70.8
69.6
70.3
70.2
69.4
69.9
71.3
75.2
75.8
77.3
74.6
73.5
72.1
71.9
71.8
71.6
70.4
69.5
68.8
68.3
68.4
73.2
77.5
78.1
74.5
73.7
72.7
70.4
70.1
69.1
68.7
68.4
67.8
67.4
66.9
67.1
66.4
66.1
66.3
66.4
65.9
65.3
64.8
64.7
64.6
64.0
64.0
63.8
63.9
63.6
63.5
64.4
76.3
82.2
83.1
82.9
83.7
83.3
83.2
84.0
83.6
83.4
81.7
81.1
81.4
81.2
80.7
81.5
81.7
80.9
79.2
80.8
81.8
82.9
82.5
82.0
80.3
79.1
78.3
82.8
82.5
81.1
84.2
82.7
80.8
81.1
78.9
78.4
79.6
81.9
79.0
79.5
80.1
80.2
77.9
77.4
75.5
74.9
77.2
76.2
73.9
73.7
73.3
73.6
73.2
72.6
72.4
72.4
73.3
73.8
72.9
72.2
71.6
72.1
75.3
74.6
72.7
72.8
71.8
71.1
71.1
71.9
73.2
72.1
71.6
71.0
72.4
73.0
77.2
78.8
79.4
79.8
83.9
81.2
79.0
78.9
79.6
78.9
79.6
84.7
85.0
82.7
83.3
82.9
82.8
80.2
77.2
77.3
77.0
73.8
73.0
73.0
72.4
70.8
71.4
70.5
74.7
77.8
77.5
76.1
77.5
78.6
77.6
76.5
75.1
72.9
71.5
70.3
69.8
71.1
71.0
71.0
71.3
71.2
70.1
69.5
70.7
70.2
71.0
69.8
70.3
69.5
69.8
69.9
69.9
68.7
68.1
69.2
68.6
68.9
73.3
71.0
71.2
71.6
71.6
69.1
69.9
73.7
73.7
72.3
71.1
71.3
72.4
71.9
73.0
73.4
73.2
72.8
73.3
73.2
72.0
73.0
74.5
73.8
75.2
74.9
72.5
72.4
72.5
73.6
72.8
74.0
72.8
71.9
72.2
73.0
71.9
71.3
70.5
70.0
70.1
69.7
70.2
69.6
69.7
69.4
69.2
68.8
68.2
68.6
67.7
67.8
67.1
67.2
67.0
67.8
74.7
75.2
72.7
70.6
68.9
68.3
68.1
67.6
68.1
68.1
67.2
67.5
67.0
66.5
66.0
65.3
65.7
64.8
65.2
65.0
64.9
65.1
64.8
64.2
63.9
64.3
63.8
63.3
63.1
63.5
63.1
62.9
63.3
64.5
63.5
63.1
62.9
63.2
63.3
62.6
63.0
62.6
62.5
63.0
67.1
72.2
73.6
71.6
70.7
69.7
72.8
71.5
73.6
75.2
77.7
78.0
75.5
75.0
77.2
77.1
77.3
73.8
72.9
71.6
71.0
70.3
70.2
69.7
70.0
69.1
68.2
69.9
74.6
74.4
73.1
71.0
69.1
70.1
70.9
70.4
69.6
69.1
68.4
73.0
76.7
76.2
74.0
70.7
70.7
71.0
71.5
70.2
70.3
71.5
69.6
68.8
69.4
69.2
68.6
68.4
68.6
68.0
67.6
67.1
67.2
66.3
66.7
65.6
65.6
65.1
65.3
65.3
70.3
75.7
76.8
76.3
74.3
73.0
71.9
72.0
70.9
70.4
71.6
71.9
73.9
74.4
72.0
71.6
70.6
72.5
71.9
71.4
72.4
72.9
77.5
81.6
80.8
82.1
80.9
78.8
75.8
74.9
76.4
73.6
72.7
72.4
73.2
76.7
77.0
77.0
76.2
74.0
72.6
72.9
72.7
73.3
74.5
73.7
72.6
72.3
71.6
71.4
73.2
73.3
71.8
70.6
71.3
71.7
70.7
69.4
71.8
71.5
70.7
69.6
70.2
68.9
69.2
69.2
72.5
72.3
73.7
71.7
70.3
70.3
70.0
69.8
69.6
70.0
70.8
71.8
69.9
69.3
70.0
69.5
72.3
72.7
70.3
69.5
70.6
75.3
73.8
72.5
70.1
69.9
70.6
70.3
69.6
69.0
70.6
70.3
70.5
71.6
71.0
71.0
70.9
71.0
72.3
76.5
78.7
79.7
81.3
83.4
84.2
84.0
84.3
83.9
84.4
84.1
84.7
84.6
86.2
86.4
82.2
87.1
85.7
83.7
83.6
83.1
80.9
79.5
80.3
82.9
82.2
83.2
86.1
86.5
87.5
89.4
86.6
88.9
88.5
86.4
85.5
83.9
81.3
79.7
80.4
78.7
77.5
76.4
75.7
75.4
74.6
74.3
74.1
73.6
72.8
73.0
72.8
72.2
71.9
76.1
76.3
72.8
72.7
71.9
71.2
70.1
69.8
69.4
69.6
69.0
68.7
68.2
68.0
68.0
67.7
67.4
67.6
67.2
67.0
66.8
66.3
66.0
65.3
63.8
62.7
62.7
61.9
62.0
62.0
62.0
62.0
61.6
61.0
61.5
61.7
61.5
61.1
61.3
61.6
60.8
60.9
60.8
60.9
61.0
61.3
60.8
61.3
69.8
74.0
73.2
71.6
72.6
74.1
76.0
75.2
75.3
74.7
73.8
72.2
71.1
71.8
71.2
70.6
70.4
69.3
68.7
68.4
68.0
67.8
69.9
72.2
75.7
76.9
74.0
73.6
72.2
69.8
69.6
69.3
69.0
68.7
68.7
68.4
68.5
69.6
68.4
67.4
67.0
68.3
67.8
67.2
67.1
69.1
68.6
72.7
72.5
69.9
68.9
69.3
69.3
69.3
68.1
67.6
66.8
66.3
66.2
66.1
66.3
65.9
66.7
66.0
65.3
66.0
65.0
64.7
64.7
64.7
65.1
64.7
64.7
64.4
64.2
64.5
64.1
64.5
64.2
63.6
63.8
64.4
65.5
64.5
64.5
64.5
64.3
64.3
63.4
63.4
63.4
62.6
63.9
64.1
64.0
63.6
63.6
63.0
62.4
63.2
62.7
61.8
62.2
63.0
63.6
62.5
62.7
63.3
63.0
62.8
62.9
64.4
64.1
62.9
62.8
63.0
62.3
62.1
62.9
62.7
63.7
62.6
62.7
61.9
61.9
61.5
61.6
62.1
62.6
62.8
62.2
62.2
61.9
61.3
61.2
61.3
61.0
61.2
60.9
61.4
60.7
61.0
60.7
60.6
61.1
61.0
60.7
60.6
60.1
60.4
60.3
60.2
60.0
60.1
60.3
60.0
59.7
60.0
60.0
59.8
60.0
59.9
59.9
59.9
59.9
59.9
60.0
60.4
60.6
60.0
60.0
60.2
60.7
60.0
59.9
60.1
59.6
59.9
60.0
59.8
60.1
60.8
60.4
60.5
60.1
60.4
60.2
60.1
60.4
69.4
78.3
79.9
81.7
80.8
80.0
82.5
81.8
80.2
80.2
79.8
79.0
79.7
79.8
79.0
75.0
74.1
76.4
80.8
82.8
81.9
83.8
84.1
83.6
82.4
82.4
83.5
83.5
82.4
88.6
90.4
86.5
84.8
88.6
85.3
86.1
86.4
84.5
83.6
84.2
80.6
81.6
82.0
81.3
83.1
78.6
77.8
80.4
82.1
83.0
83.3
85.2
85.7
84.6
82.6
81.9
79.3
79.3
80.8
79.4
78.4
77.9
80.0
80.7
82.7
84.2
81.7
77.7
75.5
74.4
73.8
74.7
75.8
77.0
76.4
75.6
74.8
74.3
73.9
75.8
77.0
75.9
74.6
73.1
72.8
71.1
70.7
69.5
68.8
67.6
66.9
67.6
67.4
67.4
67.4
67.1
66.5
67.0
66.3
69.4
73.0
75.8
75.1
71.9
69.5
67.9
69.6
69.8
67.7
66.7
66.7
66.2
65.7
65.7
65.6
65.2
66.8
67.4
66.1
65.8
65.8
65.0
64.8
65.4
65.3
64.9
64.5
63.8
64.1
64.1
63.4
63.4
63.2
62.9
63.1
62.9
62.6
63.6
64.6
63.2
62.6
62.8
62.5
62.9
63.1
62.7
63.6
63.3
63.3
63.9
63.2
62.8
62.9
63.3
62.9
62.8
62.7
62.0
62.3
62.4
68.9
69.5
70.9
71.3
70.0
70.2
70.3
69.1
67.6
68.7
67.0
66.5
66.7
66.9
66.9
66.0
65.7
65.1
65.4
65.0
64.9
64.4
64.2
64.1
64.0
64.2
63.9
63.9
63.2
63.1
62.7
62.8
63.3
62.9
62.9
63.4
63.5
62.8
62.2
62.4
61.7
62.6
62.1
62.4
62.0
62.0
62.0
61.9
62.0
62.0
61.2
61.6
61.4
61.1
61.1
61.1
61.6
61.8
61.4
61.4
61.3
61.4
61.6
61.8
60.9
61.0
61.5
61.3
61.3
61.2
61.2
61.8
61.4
61.7
61.6
61.6
61.7
61.8
61.9
62.4
61.8
61.2
61.2
61.7
61.2
60.9
60.7
61.4
60.7
60.8
60.8
61.2
60.8
61.0
60.8
61.1
60.7
61.1
61.5
61.5
60.7
61.8
60.5
60.8
60.5
61.1
60.4
60.9
60.2
60.6
60.4
60.3
60.4
60.3
60.2
60.1
60.4
60.6
60.6
61.1
60.5
60.6
59.8
59.7
60.4
60.1
59.8
59.9
59.7
59.9
60.4
60.1
60.0
61.3
60.0
59.5
59.8
59.9
60.3
59.7
59.6
59.7
59.5
59.9
60.0
60.0
59.6
59.6
60.7
59.2
58.7
59.3
59.1
59.6
59.2
59.6
59.6
59.6
59.2
59.6
59.3
60.0
60.6
59.5
59.1
59.0
58.7
57.9
56.8
56.5
56.9
62.4
73.8
74.7
76.2
77.3
76.2
75.4
75.0
74.5
76.1
75.9
74.8
75.0
77.5
77.2
74.8
74.4
75.0
76.8
77.0
75.2
76.4
76.0
76.7
75.5
76.9
77.9
77.7
79.3
78.1
76.8
75.8
75.4
77.2
76.6
78.4
77.2
75.5
75.9
76.3
77.9
77.7
76.4
73.0
71.6
70.2
69.8
70.1
71.6
70.6
71.5
72.5
72.3
72.0
71.6
72.0
70.2
69.4
69.5
69.5
68.9
68.3
67.8
67.9
67.0
66.8
66.2
66.3
65.2
65.7
65.9
65.5
66.0
64.9
64.7
64.2
63.8
73.4
64.0
63.6
63.5
63.5
63.1
62.9
64.1
69.9
72.8
75.8
76.7
77.3
74.1
73.5
77.0
74.9
72.4
71.5
70.6
69.8
69.7
68.8
67.5
67.8
68.6
67.1
66.3
66.6
66.2
66.0
65.8
67.1
65.6
67.9
74.4
76.1
75.8
76.2
74.3
73.2
70.5
69.5
71.1
70.0
67.8
67.3
66.2
65.3
65.1
67.0
71.3
70.6
69.5
67.2
67.2
66.1
66.3
66.1
64.8
67.0
69.3
66.8
66.6
64.8
64.4
63.7
63.2
61.9
61.6
61.9
61.3
62.2
62.3
62.6
63.8
62.2
61.4
61.5
61.1
60.9
60.4
60.2
60.8
59.9
59.7
60.0
59.2
59.6
60.2
60.1
59.5
59.8
59.1
59.5
67.3
72.7
70.4
69.4
68.3
65.9
64.6
63.2
63.0
62.7
61.9
61.4
61.2
61.0
61.4
60.7
59.9
60.4
59.8
59.0
58.7
58.6
58.2
57.6
57.3
57.5
57.2
56.7
56.8
56.5
56.4
56.0
56.2
56.8
56.2
56.8
56.0
56.0
55.4
55.8
56.1
55.5
55.6
55.4
56.1
57.0
56.5
56.0
57.0
56.6
55.9
55.5
55.2
55.0
55.7
55.3
55.0
54.8
54.9
54.7
54.8
54.8
54.6
54.6
54.1
54.5
53.9
54.2
54.8
54.9
55.0
54.3
54.2
53.7
53.7
53.6
53.4
53.6
54.2
53.9
53.5
53.5
53.7
53.6
53.3
53.3
53.8
54.1
53.5
53.6
53.5
53.8
53.4
53.2
53.3
53.3
53.1
53.0
53.0
53.4
53.5
53.1
53.2
53.1
53.6
54.0
53.8
53.5
54.2
53.7
56.7
71.2
75.8
76.0
78.5
81.0
80.3
80.1
80.6
84.4
82.2
81.5
80.8
80.4
80.1
80.3
80.9
79.2
80.5
81.9
82.9
83.1
84.8
82.8
81.3
81.1
82.2
80.6
80.1
80.2
80.0
80.7
81.8
82.3
83.5
83.2
84.6
83.0
83.2
82.7
82.2
82.6
82.6
83.2
83.9
83.7
83.7
80.7
80.4
82.0
81.0
82.1
80.6
79.1
77.6
77.8
78.2
79.9
80.4
79.2
76.2
74.3
73.2
73.5
73.4
73.1
74.7
74.1
75.4
78.1
80.0
79.8
81.2
81.6
79.5
79.5
79.0
76.3
77.6
74.9
74.3
75.5
75.8
75.5
72.4
75.7
74.2
72.1
72.9
71.3
70.3
68.7
68.4
68.0
67.1
67.0
67.8
68.9
67.7
66.1
70.1
68.6
66.6
65.4
64.9
64.4
63.9
63.4
63.0
63.3
62.6
62.5
63.2
62.1
61.0
60.8
60.4
59.9
61.7
68.1
71.7
69.8
69.1
68.1
65.2
64.7
64.8
64.2
63.5
62.4
62.9
61.9
61.9
61.3
60.8
60.7
60.6
59.9
60.4
59.2
60.6
66.1
69.7
70.0
69.2
71.3
72.1
72.9
72.4
72.5
72.3
72.2
73.1
74.2
77.0
77.5
79.7
81.9
81.3
81.3
82.3
82.7
81.1
78.9
77.5
75.9
75.3
73.0
72.7
71.5
70.0
72.3
81.8
82.0
81.2
81.4
76.0
72.6
73.2
73.1
71.3
69.0
68.3
67.7
67.5
67.0
66.7
66.2
65.6
65.8
65.3
64.5
62.9
63.4
63.7
63.5
63.8
63.9
62.6
62.2
65.0
67.0
64.6
62.7
62.1
62.0
61.9
61.4
61.6
61.3
60.9
60.4
60.3
61.1
60.0
59.4
59.7
59.4
59.2
59.5
59.5
59.8
59.4
58.8
59.3
58.6
59.3
58.5
58.6
58.0
58.4
58.3
58.0
57.6
58.3
58.0
57.7
57.9
57.7
60.6
69.2
74.0
71.8
72.6
71.6
69.9
68.0
67.4
67.0
66.8
64.9
63.6
62.7
62.0
61.6
61.2
60.6
60.2
60.3
60.3
59.7
59.8
59.5
58.7
58.6
58.2
58.2
57.8
58.0
57.8
57.6
57.4
57.1
57.0
57.5
56.9
56.9
56.9
57.0
56.7
56.8
56.4
56.5
56.2
56.5
57.4
56.7
56.4
56.5
56.6
56.3
56.5
56.3
56.2
56.7
56.9
56.9
56.6
56.5
56.6
56.8
56.9
56.8
56.9
57.1
57.1
56.8
56.8
56.8
57.2
57.0
57.0
56.7
56.4
57.1
56.9
56.8
56.5
56.5
56.7
56.6
56.6
56.9
57.4
57.2
57.3
56.8
57.1
57.3
57.2
57.0
57.0
56.7
57.0
56.9
56.9
56.8
57.0
56.4
56.6
56.4
56.4
56.7
56.4
56.4
56.6
56.3
56.2
55.6
56.1
56.6
56.2
55.9
56.0
56.3
56.2
56.2
55.7
55.6
55.9
55.4
62.5
69.1
71.0
75.4
71.9
69.6
70.6
69.8
70.4
68.6
69.0
68.3
70.3
70.8
70.5
70.9
70.8
69.0
68.1
68.3
71.2
70.0
72.3
70.1
71.7
70.1
69.3
69.4
69.8
70.0
69.5
70.0
69.2
68.3
68.8
67.6
67.3
69.0
67.9
71.5
73.5
74.1
73.5
70.2
70.1
75.4
77.2
74.1
72.9
71.5
70.9
71.2
73.6
76.0
76.2
79.3
74.1
74.4
72.6
70.7
70.4
70.4
70.0
73.5
72.7
70.7
72.6
71.6
71.2
71.7
73.6
72.3
75.3
72.1
71.4
70.8
71.2
73.6
77.4
79.4
77.4
76.5
74.1
73.1
72.6
72.0
70.6
71.3
71.0
70.0
71.9
71.2
72.7
74.0
73.9
68.8
69.2
69.6
68.2
66.5
66.5
64.9
64.5
64.6
63.5
63.2
64.4
64.8
66.6
65.5
64.8
64.8
63.8
63.1
63.9
64.5
63.8
64.9
64.0
64.0
64.0
64.6
63.8
63.9
66.0
70.3
74.9
71.1
67.5
65.5
64.5
65.5
64.9
63.5
63.5
62.3
62.1
62.5
62.2
62.2
62.1
61.8
62.1
62.0
61.8
61.9
61.9
62.2
62.2
62.5
62.0
61.8
61.5
61.7
62.5
62.5
61.3
61.6
61.6
61.8
65.1
56.1
60.0
64.0
65.3
64.6
65.2
65.4
63.2
63.8
63.1
62.4
61.1
60.0
58.7
59.0
58.8
58.1
57.8
57.8
57.8
57.7
58.9
57.6
57.1
57.2
57.5
57.7
58.0
58.0
58.1
58.8
59.0
59.2
59.3
59.2
59.8
59.9
59.8
59.5
60.4
60.1
59.9
59.4
60.0
59.4
59.7
59.9
59.7
59.7
58.7
58.6
59.0
58.9
58.8
58.9
59.3
59.3
59.1
59.4
59.5
60.1
59.6
58.8
58.5
59.3
59.2
59.0
58.8
59.0
58.4
58.5
58.4
58.6
58.7
58.7
58.9
58.5
58.5
57.4
58.4
58.4
60.1
60.6
60.6
60.5
61.4
60.5
60.3
59.7
59.6
60.2
60.0
59.4
59.8
59.9
60.0
59.9
59.8
59.3
59.2
60.0
59.5
59.6
59.4
69.3
70.5
73.6
71.7
75.5
72.6
73.0
73.3
72.1
71.3
70.7
69.6
68.9
69.3
69.5
68.3
69.7
68.3
67.6
68.8
68.4
68.4
69.8
67.7
68.8
69.1
67.6
66.9
66.8
69.5
68.6
67.1
68.3
66.2
66.2
66.3
66.0
66.3
66.4
65.3
65.1
65.1
65.2
64.3
66.7
67.1
64.8
64.5
66.1
66.1
66.0
64.5
64.2
64.8
64.0
64.0
63.4
63.3
63.3
63.1
63.2
63.2
62.4
62.3
61.9
61.9
61.3
61.8
61.5
60.9
61.2
61.7
61.2
60.9
61.5
60.9
61.2
61.5
61.0
61.1
64.6
66.1
64.9
62.3
62.3
61.8
61.7
61.4
61.7
61.3
60.4
60.7
60.8
60.6
60.8
60.8
69.3
69.5
69.3
65.6
65.3
64.4
64.6
63.3
63.3
62.6
62.3
61.9
61.7
61.6
61.6
61.6
61.3
61.5
62.0
62.0
61.5
61.8
61.9
61.6
61.8
62.1
61.7
61.5
61.1
61.5
61.3
60.8
61.7
62.0
61.3
61.4
62.6
58.6
61.4
63.2
63.0
61.8
61.0
60.6
59.6
59.9
58.9
59.1
59.3
59.3
58.6
59.0
58.9
58.7
58.5
58.7
59.0
59.3
58.4
59.6
58.6
58.8
59.0
58.6
58.6
58.6
58.7
58.3
58.8
58.5
58.6
58.4
58.7
58.5
57.9
57.9
57.3
57.7
57.2
57.6
57.4
57.3
56.9
57.2
57.5
56.8
57.4
57.2
56.5
57.5
56.8
57.6
57.6
57.5
57.8
57.2
57.1
58.1
63.1
70.2
70.0
68.4
68.2
66.0
66.6
66.3
65.4
66.7
68.4
65.6
66.5
67.0
69.1
64.7
65.1
65.3
68.2
66.0
64.7
64.2
65.3
64.0
62.4
62.6
61.8
61.5
64.1
70.2
75.4
80.60000000000001
77.0
75.1
75.5
68.1
71.8
74.0
72.2
69.3
68.5
69.2
67.0
64.8
64.3
63.8
63.8
63.1
62.9
63.3
62.8
62.1
62.4
61.7
61.2
61.1
60.7
60.0
60.1
60.1
59.8
59.8
59.4
59.8
59.2
59.5
59.4
59.0
58.9
58.9
58.5
58.4
58.3
57.7
57.9
57.9
58.4
58.2
58.3
57.3
57.4
57.4
57.3
57.4
56.9
56.8
56.4
56.9
56.0
56.2
56.1
55.9
56.2
55.7
56.0
56.0
55.4
56.1
55.1
53.9
54.9
55.2
54.8
54.6
55.0
55.0
54.1
52.9
54.0
53.2
53.9
53.8
52.8
52.6
51.7
53.5
52.6
53.7
53.7
53.7
53.3
52.3
53.7
52.8
52.5
53.3
53.3
52.4
52.3
51.8
52.8
51.8
52.4
53.2
52.3
53.1
53.0
51.5
51.6
51.2
53.9
55.7
54.0
53.8
54.1
54.1
52.8
53.2
53.5
52.8
54.2
53.8
53.6
53.7
53.5
54.0
54.0
52.9
53.9
52.6
52.5
53.6
53.2
51.7
54.1
52.5
53.3
52.9
52.5
52.8
53.5
52.8
54.5
53.4
53.7
53.7
53.0
52.6
52.2
53.1
51.4
53.0
52.5
52.5
51.6
54.2
67.0
68.5
65.5
65.0
63.4
61.9
63.3
61.0
62.5
60.3
62.5
62.8
61.3
59.7
61.1
60.3
63.7
63.7
62.0
59.9
60.0
58.6
58.3
57.5
58.0
57.5
57.1
57.5
57.4
56.9
57.5
60.0
66.8
62.9
59.9
62.3
60.9
59.3
59.1
62.0
64.9
64.4
60.8
62.3
67.3
59.9
59.8
64.2
62.5
60.5
60.5
59.8
59.4
61.4
58.5
57.8
61.8
60.6
59.6
60.3
61.2
62.5
61.6
61.9
60.3
61.5
60.4
59.4
60.3
60.4
59.9
60.8
60.0
59.6
61.6
60.1
58.5
58.5
59.1
59.0
58.3
59.2
59.0
57.8
58.6
58.5
58.6
58.3
58.0
58.5
58.0
57.3
57.4
57.2
57.0
56.7
56.9
57.3
56.9
56.6
56.3
56.0
56.4
56.9
57.5
56.1
56.2
56.6
55.7
56.0
55.3
55.3
55.0
55.2
55.5
56.0
55.4
55.1
55.4
55.3
54.7
55.4
55.1
55.0
55.1
55.4
55.2
55.2
54.9
55.5
55.7
55.9
55.3
55.4
56.8
55.8
56.0
55.5
55.7
55.4
55.2
54.5
54.8
54.0
54.0
54.2
53.9
54.4
52.7
53.9
53.7
54.0
54.7
54.6
54.8
55.0
54.1
54.1
54.9
54.3
54.5
55.1
54.5
55.0
54.2
54.3
54.6
55.4
55.1
53.5
53.8
54.3
55.8
62.0
73.2
75.4
74.6
73.6
73.7
74.1
74.3
72.9
75.6
74.1
77.5
78.5
75.3
82.7
80.1
80.0
82.6
80.2
79.7
79.5
74.9
76.3
74.6
74.6
77.2
73.6
74.4
75.1
78.1
73.9
71.7
71.3
73.2
72.2
74.9
72.0
70.4
70.0
71.4
70.3
72.7
72.7
71.5
72.2
70.4
71.4
74.7
76.5
73.9
71.3
72.2
75.0
75.5
73.6
71.3
72.9
72.2
70.3
68.6
68.5
72.9
73.2
74.7
74.9
70.6
70.6
71.2
67.5
71.3
69.3
68.4
72.5
69.4
70.1
72.8
69.4
69.5
74.9
70.7
69.1
68.6
69.5
73.2
71.1
69.2
69.2
69.3
69.4
70.8
69.9
68.8
69.2
72.3
68.7
68.3
67.8
68.8
72.4
71.1
69.0
71.4
70.2
70.1
74.4
69.6
70.2
79.2
77.4
76.5
87.6
83.1
81.3
80.3
79.2
78.1
77.1
76.4
75.6
74.9
78.3
74.2
74.9
71.9
76.3
75.2
72.3
72.3
76.7
74.3
73.7
73.4
72.9
75.4
77.6
75.3
74.8
73.9
75.5
72.4
73.0
74.3
72.7
76.8
76.3
80.5
85.7
83.5
81.9
79.1
80.0
77.6
74.9
76.9
75.3
73.7
73.6
73.8
71.4
71.9
70.5
70.6
70.6
69.8
69.2
69.3
69.2
70.4
71.0
69.1
69.0
67.9
68.0
67.9
68.7
67.3
68.4
69.4
67.4
65.5
65.7
65.9
67.3
66.9
68.2
66.9
65.1
66.6
66.5
65.0
64.4
64.4
64.6
64.6
63.6
63.0
62.2
62.1
66.3
68.7
67.3
64.5
64.4
64.0
63.4
63.4
62.6
62.5
62.0
62.2
61.8
60.8
60.8
60.9
60.9
61.2
60.5
60.6
60.9
60.6
60.3
60.7
60.6
60.3
62.0
68.0
68.1
69.2
66.8
65.3
64.8
63.4
66.2
74.1
74.9
67.6
66.5
65.0
65.8
64.4
64.2
63.6
63.0
62.7
62.8
64.7
65.6
63.1
62.5
62.1
62.5
61.8
61.3
60.8
60.9
60.3
59.6
59.7
59.7
59.4
59.8
59.6
59.5
60.2
59.9
58.9
59.3
59.4
59.2
60.9
59.6
59.9
59.2
59.2
59.1
58.9
59.2
59.2
58.9
58.6
58.5
58.0
57.5
57.7
57.9
56.9
56.8
56.5
56.8
56.3
56.8
56.3
56.0
56.5
56.1
56.0
55.9
55.8
56.1
55.7
55.5
55.9
55.9
56.5
56.1
56.3
55.9
55.9
55.5
55.8
56.3
56.0
56.2
56.4
55.6
55.7
56.0
55.0
56.3
56.0
55.5
55.8
55.9
55.8
55.8
56.0
56.0
61.6
68.1
69.0
71.6
72.1
70.6
70.1
71.0
71.9
71.444
71.666
71.888
72.11
72.332
72.554
72.776
72.998
73.22
73.44200000000001
73.664
73.886
74.108
74.33
74.552
74.774
74.996
75.218
75.44
75.662
75.884
76.106
76.328
76.55
76.772
76.994
77.21600000000001
77.438
77.66
77.882
78.104
78.32600000000001
78.548
78.77
78.992
79.214
79.436
79.658
79.88
80.102
80.324
80.546
80.768
80.99000000000001
81.212
81.434
81.656
81.878
82.1
82.322
82.544
82.766
82.988
83.21000000000001
83.432
83.654
83.876
84.098
84.32000000000001
84.542
84.764
84.986
85.208
85.43
85.652
85.874
86.096
86.318
86.54
86.762
86.98400000000001
87.206
87.428
87.65
87.872
88.094
88.316
88.53800000000001
88.76
88.982
89.20400000000001
89.426
89.648
89.87
90.092
90.31400000000001
90.536
90.75800000000001
90.98
91.202
91.424
91.646
91.868
92.09
92.31200000000001
92.534
92.756
92.97800000000001
93.2
93.5
94.6
92.8
92.2
91.5
90.2
89.1
89.9
89.8
89.5
89.1
88.9
87.7
94.7
101.7
86.3
83.5
83.0
80.4
78.6
81.8
83.6
94.4
90.3
87.8
88.2
90.2
91.4
90.3
91.8
89.3
83.4
80.3
86.5
82.4
82.4
83.1
83.8
85.6
86.6
90.2
91.7
90.0
92.0
91.0
87.8
86.3
84.9
85.2
84.5
83.1
83.6
83.2
81.4
80.1
79.3
79.5
79.5
79.0
77.7
77.0
77.9
77.5
76.4
76.6
77.3
80.0
77.5
76.2
75.4
75.2
75.0
76.6
75.3
74.0
73.2
72.3
72.4
73.0
72.2
71.9
72.0
71.2
72.0
71.8
73.6
78.3
75.4
72.5
71.0
70.9
71.3
71.0
70.7
70.5
70.0
70.3
69.8
70.2
69.8
69.1
68.9
68.8
68.6
68.4
68.7
68.6
69.1
68.3
67.9
67.6
67.5
67.3
67.3
66.5
66.5
66.0
66.0
66.2
65.3
65.3
67.1
68.5
75.9
77.1
71.6
70.0
68.3
68.6
71.2
69.5
70.6
76.9
70.0
68.3
67.8
67.3
67.2
67.3
67.9
67.0
67.0
67.1
66.7
66.6
66.0
66.0
66.5
66.0
65.2
64.5
64.0
63.9
63.5
62.8
63.0
62.7
62.4
63.3
63.6
63.4
63.2
63.6
62.5
62.4
61.9
61.3
61.0
61.9
63.5
64.9
65.3
65.5
64.8
66.4
65.9
65.1
65.4
65.1
64.7
64.3
64.8
63.4
64.3
63.3
63.6
64.4
63.5
63.5
63.0
63.4
62.8
63.2
62.2
62.4
62.2
62.3
61.9
61.9
61.8
62.8
62.5
61.8
62.0
61.9
61.6
61.3
61.2
61.4
61.1
60.2
61.2
60.5
59.8
59.8
59.8
59.8
60.2
59.4
59.6
60.2
60.7
60.1
60.1
60.0
60.2
60.1
60.3
60.8
61.7
60.7
60.3
60.0
60.2
60.0
60.9
59.5
60.5
59.0
59.9
61.0
60.6
60.6
60.0
60.7
60.1
60.7
60.4
60.8
60.4
61.0
61.0
60.2
60.3
60.8
60.4
61.9
61.4
61.2
61.3
61.2
60.6
61.8
61.9
61.9
64.5
75.9
78.1
78.3
74.9
77.4
76.9
76.5
77.2
76.8
79.3
81.2
81.8
77.2
82.1
82.6
81.0
76.7
74.2
78.7
78.7
79.9
76.6
85.1
84.5
79.4
78.4
79.7
79.1
76.2
76.1
77.2
77.2
78.7
78.0
77.8
77.8
76.2
78.0
77.3
77.6
77.2
78.6
79.2
75.8
75.2
75.5
82.3
85.4
83.2
80.1
80.9
80.7
76.6
74.8
77.2
75.9
76.2
75.5
75.3
76.9
76.4
74.7
73.4
73.2
72.6
73.3
73.7
73.0
72.4
72.3
72.3
71.9
71.7
72.3
72.2
71.4
72.2
71.4
71.1
71.7
71.1
70.3
70.4
70.6
70.2
70.1
69.3
70.0
70.0
68.8
70.0
69.5
68.2
68.7
69.0
67.1
68.0
69.8
69.7
69.0
68.9
69.0
68.9
68.9
68.3
68.2
68.4
68.7
68.0
67.9
67.3
67.3
67.3
67.1
67.4
67.4
66.9
67.3
67.6
68.2
67.5
67.1
68.0
68.2
68.8
68.0
69.0
68.8
68.9
69.4
69.4
68.5
68.0
67.9
69.3
69.8
68.0
68.4
67.8
68.1
68.3
68.5
68.7
67.8
67.2
66.9
67.2
67.7
67.1
67.8
67.0
66.3
65.7
66.3
65.5
65.4
65.3
69.2
78.3
78.7
80.2
77.6
79.0
79.5
78.0
77.9
77.3
75.7
78.4
78.1
76.7
76.5
78.7
85.4
86.7
89.5
87.3
86.6
85.3
86.6
85.9
86.6
84.6
81.9
81.3
81.9
81.2
79.4
78.4
78.8
77.1
77.7
76.4
75.8
75.2
76.9
76.7
74.4
73.7
74.8
73.5
72.8
77.7
77.7
74.2
79.7
80.9
79.2
79.1
77.6
76.1
76.7
78.7
76.3
75.0
74.7
79.0
75.9
78.7
81.1
82.3
90.1
96.3
90.2
84.0
81.0
82.0
85.5
86.6
95.0
92.9
90.1
91.0
91.6
88.7
89.5
89.0
93.0
93.2
91.8
90.1
90.0
90.1
88.7
89.8
87.8
90.5
86.8
86.4
83.7
81.4
82.1
81.1
81.0
82.1
79.7
80.9
82.2
80.6
80.0
79.3
78.3
78.0
77.2
77.8
78.9
78.3
77.9
79.0
77.5
87.0
84.4
86.0
80.9
79.0
77.3
78.6
77.5
76.5
76.3
76.2
76.2
75.8
75.9
76.5
77.2
76.3
75.5
76.3
76.4
76.6
78.4
76.8
76.4
77.1
75.9
76.6
75.2
77.5
74.2
73.4
74.4
74.3
75.3
73.3
74.1
73.7
74.7
73.8
72.9
73.6
72.2
72.8
70.7
72.2
71.7
71.6
73.6
72.7
72.2
70.5
71.9
72.2
71.5
70.0
71.1
72.7
70.7
70.2
69.7
72.5
68.0
71.2
68.6
70.6
69.9
68.8
68.9
69.1
68.0
67.5
69.2
70.3
68.3
68.3
68.7
66.0
67.9
65.6
66.7
65.8
65.6
65.9
66.3
65.8
66.0
66.0
66.6
66.4
64.8
64.9
65.0
65.1
65.7
65.0
65.2
64.5
64.5
64.4
64.2
64.3
63.9
64.0
63.6
64.8
63.2
63.4
63.6
63.5
64.0
64.6
63.3
63.5
63.5
64.5
64.9
63.4
63.9
63.8
63.6
64.0
64.3
64.4
63.8
64.2
63.3
63.3
62.8
63.7
65.3
64.5
63.7
63.2
64.1
63.5
63.3
65.6
64.8
64.5
63.3
64.3
63.7
63.2
64.0
64.7
64.7
63.1
64.2
64.1
64.7
64.6
65.0
64.6
64.5
63.5
64.4
64.5
64.7
66.1
65.2
66.7
66.4
66.8
66.2
65.6
66.7
65.6
66.8
65.7
65.9
65.2
65.1
65.9
64.5
64.8
63.7
64.4
63.5
64.9
64.7
62.5
62.9
63.7
62.6
63.0
63.6
64.8
62.9
62.6
62.6
62.4
62.7
62.8
62.5
63.4
62.7
62.2
62.1
63.2
62.9
62.9
63.0
62.4
62.9
62.7
62.9
64.0
63.4
62.8
62.9
63.4
63.3
63.2
63.3
63.9
66.2
65.0
64.6
65.8
63.8
64.5
64.5
63.4
63.5
63.7
63.7
63.3
62.6
63.0
62.7
62.7
63.0
65.5
63.0
62.9
63.5
64.0
64.0
63.6
65.7
65.7
67.7
71.3
69.8
66.6
66.3
66.0
64.6
64.6
64.8
64.2
63.1
62.7
62.8
63.3
64.1
68.4
74.5
79.0
80.2
78.9
83.0
80.9
82.3
83.3
84.2
84.1
83.0
85.5
82.4
82.8
83.7
86.7
86.9
85.3
87.5
85.6
85.6
85.0
87.1
85.2
82.7
86.9
86.8
86.1
86.4
84.6
85.8
83.5
80.6
79.3
80.2
79.1
79.6
80.6
80.0
79.6
79.3
80.2
85.5
81.3
81.5
82.7
81.3
80.9
80.2
79.8
80.1
79.4
81.9
82.9
87.8
85.3
82.6
79.8
81.2
81.6
80.7
80.8
81.8
80.8
82.0
81.0
81.7
78.9
80.3
82.1
82.4
80.0
80.0
79.1
78.8
80.3
85.3
86.0
83.0
80.7
80.2
78.8
79.0
78.6
77.8
77.2
77.0
77.2
78.0
77.8
77.1
78.3
76.1
77.6
77.1
77.0
81.2
79.2
76.7
74.9
77.2
78.7
83.1
81.8
77.4
76.2
77.3
78.7
78.0
78.6
75.9
76.1
76.3
75.4
76.2
76.1
77.9
76.5
75.9
76.9
78.6
83.1
82.8
79.1
78.1
77.2
78.0
77.5
76.9
76.7
77.5
79.0
80.4
81.5
79.0
85.1
86.1
85.9
83.0
83.8
82.7
86.5
88.8
88.2
86.1
85.5
83.6
86.2
88.8
87.9
85.1
85.0
86.2
85.8
84.4
84.4
84.4
83.9
82.2
81.9
80.9
78.5
80.8
79.6
79.7
79.2
77.8
79.4
77.5
79.7
79.3
81.6
83.8
86.4
81.9
81.0
81.1
79.7
84.5
88.1
91.0
86.7
85.0
83.0
83.7
81.0
82.3
82.3
81.6
78.2
79.7
78.6
78.1
78.5
77.9
77.7
78.9
80.5
82.0
78.4
76.1
77.6
77.9
81.6
80.4
82.4
80.4
80.9
79.1
82.5
79.8
82.0
80.8
83.0
81.5
79.9
81.5
81.9
81.2
78.1
76.5
79.7
76.0
75.2
76.9
77.3
78.6
77.1
76.7
78.4
78.9
78.2
79.8
77.1
79.4
77.9
77.2
79.1
80.1
77.1
80.6
77.1
76.9
79.2
78.7
77.3
75.5
79.6
80.4
79.5
77.3
79.1
79.9
80.5
79.3
79.6
79.8
79.4
76.8
79.9
79.7
81.1
80.9
81.5
78.8
77.7
80.1
77.0
79.2
80.0
78.4
79.6
81.3
77.8
79.4
80.1
77.4
79.5
79.0
79.1
79.4
76.7
79.2
80.9
79.9
76.5
77.2
79.7
79.1
79.1
77.0
80.9
79.6
77.8
75.9
78.1
74.7
77.6
74.1
79.6
75.7
75.7
81.1
78.3
77.7
76.3
77.9
77.3
75.0
75.2
75.9
74.9
78.9
76.2
75.2
76.4
75.1
75.0
75.8
74.0
77.5
76.1
75.6
75.7
73.3
73.8
76.2
77.7
75.6
75.6
77.7
77.6
78.6
76.8
77.5
73.0
74.0
78.3
76.8
77.1
75.2
77.0
76.0
72.8
75.7
75.9
75.2
75.2
75.4
78.4
79.3
78.7
82.1
85.5
85.2
82.3
81.5
81.8
80.5
80.5
87.5
90.1
92.3
90.4
88.9
92.0
91.5
91.3
90.5
88.1
93.2
90.4
90.6
85.4
79.8
85.4
83.2
79.5
79.8
82.9
81.8
81.8
81.7
83.3
79.3
77.2
78.5
80.8
81.1
78.6
77.1
77.9
76.6
77.9
76.1
76.9
78.5
80.1
79.4
78.0
75.1
78.6
76.4
80.1
78.0
77.6
78.7
82.0
83.6
81.0
128.1
129.8
131.9
132.0
131.6
133.7
134.5
133.2
133.8
133.7
134.7
134.0
134.8
122.9
122.8
125.2
129.1
134.7
132.3
131.8
130.2
136.7
138.1
143.1
136.4
135.7
135.3
138.5
137.2
139.5
135.9
137.3
136.4
135.4
138.4
136.9
136.6
135.3
135.8
137.8
131.9
139.0
137.9
139.0
135.3
137.3
136.4
137.6
140.5
135.6
132.8
138.7
136.7
135.9
138.7
140.1
137.0
139.6
131.6
132.5
131.6
133.8
132.3
132.3
135.2
133.4
135.0
133.7
138.8
139.4
132.4
133.7
142.5
141.0
141.9
136.8
134.0
129.6
132.0
143.4
140.5
141.5
137.8
137.4
136.8
135.2
134.9
135.3
135.1
133.1
136.3
132.3
131.5
132.6
132.7
133.5
136.3
130.4
125.5
130.5
128.7
124.9
125.2
129.0
117.7
130.5
128.8
119.5
125.8
125.7
105.7
128.0
130.0
129.9
130.2
129.7
130.0
129.9
130.0
130.0
129.8
129.8
129.7
130.0
130.0
130.1
129.3
129.5
130.1
130.3
129.8
129.8
129.7
129.5
129.7
129.4
128.9
129.2
129.3
129.3
128.3
128.7
128.2
128.6
128.9
128.3
128.7
129.1
128.6
128.3
129.0
128.9
128.4
127.8
128.1
128.0
128.0
128.2
127.8
128.0
127.8
128.0
128.0
128.1
128.1
128.8
128.9
128.0
128.4
129.0
115.2
106.8
102.6
104.9
112.5
108.4
119.2
106.3
109.1
112.9
111.5
108.3
108.3
107.1
114.8
113.6
102.3
98.8
106.5
99.2
120.9
126.2
126.1
106.8
87.5
87.7
105.6
100.2
102.5
98.9
93.1
103.6
123.1
126.1
125.5
123.4
116.5
119.8
123.2
123.4
123.6
121.7
120.3
123.9
124.1
123.9
124.2
125.6
124.6
123.4
123.5
123.8
124.5
125.4
124.0
124.2
125.4
124.8
124.9
126.1
126.8
122.9
125.9
108.7
103.0
86.7
88.7
86.1
83.0
75.0
72.4
75.8
74.0
72.8
73.8
71.1
72.1
70.6
70.7
70.1
72.6
72.5
73.3
72.4
73.9
72.4
70.8
70.6
71.3
73.5
73.3
73.7
74.0
74.7
71.8
77.1
75.6
74.3
74.8
75.7
75.9
80.9
82.2
75.8
76.8
75.3
80.8
76.0
73.9
75.4
75.7
74.4
75.1
74.7
75.6
77.3
72.7
76.9
76.1
74.5
75.5
75.3
73.7
77.5
77.2
76.0
76.4
76.5
77.6
78.2
83.4
82.9
81.3
76.9
76.3
74.5
76.5
74.5
75.7
76.1
76.2
75.6
75.3
77.7
76.5
73.1
75.7
77.2
74.5
78.8
81.4
76.7
77.1
77.3
78.3
76.6
77.6
76.4
79.8
79.6
76.6
76.5
75.1
76.0
75.1
74.0
74.4
75.3
74.9
74.7
76.9
76.0
73.8
73.5
76.8
76.1
76.9
78.5
77.0
74.3
75.9
72.7
74.7
72.9
77.3
71.5
78.2
73.7
71.8
71.4
76.2
72.2
72.9
71.8
68.4
70.1
69.3
70.5
74.9
72.4
69.9
70.7
69.8
67.0
70.8
70.5
68.8
67.9
68.4
66.1
72.3
68.7
65.4
64.9
66.4
65.4
63.9
64.0
64.5
66.2
64.3
64.3
64.0
63.6
66.7
72.6
70.3
68.2
67.0
64.8
65.9
65.0
70.6
67.5
64.9
69.0
67.8
65.5
65.0
64.3
63.9
63.5
63.4
62.7
63.1
63.1
62.1
66.6
76.2
76.6
75.7
74.7
71.2
72.4
72.4
72.9
67.8
65.6
65.6
65.0
67.3
72.1
70.3
70.4
67.9
73.0
72.3
71.9
67.4
72.5
71.5
75.0
74.5
71.9
73.7
74.1
73.4
69.3
72.0
75.0
69.5
73.7
77.4
79.9
78.9
73.4
80.3
81.7
81.8
84.5
82.0
79.3
80.9
83.5
81.5
79.3
80.9
79.5
81.4
83.5
79.5
74.2
72.6
72.0
69.7
69.7
67.8
68.6
68.7
71.4
68.3
69.1
72.7
69.0
72.4
70.8
66.8
67.2
74.3
73.5
67.5
71.4
76.7
72.1
66.9
64.5
64.2
64.5
65.5
64.0
63.5
62.7
62.3
62.0
61.7
62.1
61.9
62.4
61.8
63.8
64.0
66.8
65.7
65.3
62.9
62.6
61.8
62.3
61.6
61.1
61.0
62.0
61.8
60.8
66.2
67.2
63.0
66.7
74.0
72.1
71.9
71.4
74.5
73.2
73.0
73.5
71.9
68.9
72.5
74.2
72.2
66.4
66.5
64.8
64.2
62.9
63.0
62.5
62.7
62.2
64.7
63.8
62.1
62.0
61.5
61.2
61.4
61.7
61.5
61.4
61.7
60.8
61.1
60.5
60.5
60.0
59.3
60.6
59.7
59.0
60.1
59.1
58.6
58.6
58.8
59.4
58.5
59.0
58.5
58.4
57.8
57.9
57.6
57.3
57.3
57.3
57.3
57.3
57.0
57.0
57.1
56.3
56.6
56.2
56.2
56.3
55.7
55.9
55.8
55.8
56.1
55.8
55.4
53.3
52.6
52.3
51.9
52.0
51.9
51.3
51.0
51.1
50.7
51.2
50.9
51.3
51.6
51.900000000000006
51.4
51.3
51.0
50.8
50.9
50.8
50.8
50.7
50.4
50.7
50.0
50.2
50.8
50.0
49.9
50.0
50.5
50.2
50.3
50.4
50.8
51.0
51.0
51.3
50.9
50.7
50.9
51.3
51.0
51.0
50.9
50.8
51.1
51.0
51.1
51.3
50.9
50.9
51.1
51.7
51.0
51.7
51.7
51.1
50.8
51.0
51.0
51.3
51.5
51.7
51.7
51.3
51.3
51.2
51.5
51.7
51.9
52.0
52.0
51.8
52.0
51.8
51.7
52.1
51.7
52.2
51.7
51.3
51.4
52.3
51.5
52.0
51.4
51.8
52.1
52.0
51.8
52.1
51.9
51.8
51.8
52.0
51.8
52.0
52.9
51.6
51.8
51.3
51.3
51.2
51.3
51.5
51.1
51.4
51.0
51.3
52.0
51.3
52.8
65.2
71.3
70.3
73.0
75.0
72.5
71.5
70.8
72.9
71.5
69.6
72.3
70.8
69.7
71.7
70.8
70.9
69.3
69.4
71.4
69.1
65.7
66.5
65.1
67.4
65.0
67.8
70.7
74.1
69.4
69.4
67.2
69.7
67.4
71.5
68.9
65.2
65.8
70.4
68.4
63.8
64.4
68.9
70.9
70.5
69.3
67.0
64.6
64.8
70.5
63.7
63.0
65.5
71.0
73.4
71.3
71.6
67.0
65.3
68.6
64.6
65.2
69.0
65.4
63.1
62.5
64.6
66.3
63.1
66.1
72.3
70.3
67.2
68.1
65.7
70.0
69.6
67.9
64.7
69.2
67.8
65.8
64.1
67.5
65.1
67.1
64.0
63.4
68.6
73.4
67.2
63.3
69.5
74.0
71.3
75.1
70.5
70.9
77.2
71.6
70.5
75.3
76.8
71.7
75.6
79.2
78.4
77.6
75.1
75.6
74.5
76.1
75.7
76.4
74.7
74.8
76.3
74.9
71.6
70.2
69.9
68.3
68.7
70.5
68.1
66.9
65.7
64.8
69.3
67.5
65.4
64.0
67.4
64.7
67.4
71.4
69.3
70.5
66.4
64.7
63.0
62.5
62.4
61.9
61.8
61.3
62.3
60.9
60.9
60.3
59.9
59.7
59.1
59.2
60.1
59.8
63.7
68.9
69.9
74.7
64.7
62.1
61.5
67.5
66.4
66.8
64.6
64.3
61.8
63.9
64.0
61.9
61.4
66.8
61.7
65.8
62.2
61.5
61.4
60.8
60.8
61.0
60.5
59.8
59.9
59.8
58.8
59.2
58.9
58.8
59.7
59.6
59.0
58.6
58.0
59.1
59.4
62.3
64.6
64.1
66.4
72.6
63.7
62.8
67.0
62.8
66.5
67.8
67.3
64.2
68.1
69.7
63.9
62.2
67.3
76.3
77.6
75.2
73.3
71.2
71.6
72.1
75.0
71.0
72.2
72.5
72.5
76.8
74.2
76.3
69.2
69.8
71.3
70.7
67.0
68.9
69.2
73.5
75.8
73.4
71.0
73.1
73.3
74.9
71.9
70.0
69.4
66.2
71.2
68.8
70.8
70.3
69.8
68.6
67.9
73.0
78.6
76.4
77.7
79.0
76.5
81.0
77.3
75.3
79.9
78.0
75.5
78.5
80.3
79.6
82.4
79.2
80.2
77.5
80.0
78.3
75.0
76.5
78.2
80.9
76.2
77.6
74.8
79.8
74.6
71.5
72.3
71.1
68.4
67.1
70.3
70.5
77.4
86.9
76.2
73.4
81.0
81.6
73.0
70.7
68.8
65.8
65.2
64.9
66.5
66.4
64.3
65.8
69.3
70.2
68.7
68.2
66.3
64.8
66.7
68.2
77.9
68.9
67.6
68.9
66.9
66.7
69.7
69.8
68.9
65.1
64.2
65.1
63.9
64.2
63.3
62.4
61.2
61.5
61.4
61.3
60.7
60.6
61.9
61.5
61.1
60.8
61.9
61.8
61.6
61.8
60.2
59.6
59.5
59.6
59.1
58.9
59.8
59.5
59.2
58.2
57.8
58.2
57.4
57.3
57.0
56.7
56.6
56.6
56.0
56.1
55.7
56.1
56.0
55.7
55.8
55.6
55.2
55.4
55.0
54.7
54.7
55.2
54.8
54.3
54.3
54.9
54.6
54.1
53.9
54.1
53.8
53.6
53.1
53.4
53.7
53.6
53.3
53.1
53.4
53.7
53.5
53.5
54.2
53.6
53.8
53.4
53.8
53.8
53.5
53.8
53.5
53.7
53.3
53.2
53.4
52.9
52.7
52.7
52.9
52.4
52.2
52.3
52.1
52.0
52.2
52.4
52.0
52.0
52.7
52.4
52.7
52.6
52.1
51.0
51.5
48.9
49.9
50.0
51.5
51.5
49.8
52.2
53.0
52.8
51.2
51.3
54.2
51.5
53.3
52.0
50.9
50.1
50.7
51.6
50.4
52.7
51.3
50.7
50.3
50.2
50.3
51.2
51.5
51.2
52.2
52.8
54.0
52.7
53.0
54.5
53.6
52.9
52.0
52.9
52.6
52.8
51.1
51.3
51.1
52.3
50.9
51.6
50.3
50.3
51.1
51.3
51.1
50.6
50.1
50.6
50.6
50.5
50.8
52.3
53.7
50.9
52.2
49.6
57.2
50.8
52.1
53.6
52.8
52.0
54.7
51.8
51.9
52.3
52.3
51.3
51.1
52.5
50.8
52.7
52.7
53.4
53.2
51.8
52.2
52.5
53.5
52.3
52.6
51.3
52.5
50.2
51.8
51.6
52.0
52.9
52.0
58.3
66.1
67.3
65.0
64.6
68.7
69.6
69.9
69.5
66.0
65.3
64.8
65.5
66.2
64.3
66.0
64.2
67.4
66.7
66.7
65.9
67.6
67.8
65.6
65.0
64.2
64.1
69.4
70.6
66.0
66.9
66.6
68.7
70.4
72.5
72.5
68.8
67.7
65.4
65.2
64.8
64.8
63.3
64.5
63.0
63.9
62.3
65.4
62.7
61.9
62.1
63.3
62.7
61.6
63.4
63.2
61.5
61.4
61.4
60.7
60.4
59.3
58.9
58.9
58.6
58.6
58.2
58.2
58.0
57.3
58.2
57.8
57.9
58.1
57.6
57.9
60.2
59.9
59.2
58.4
58.0
58.1
57.3
57.4
57.3
57.6
56.2
56.7
57.1
56.6
56.5
56.6
56.1
56.3
56.5
64.3
65.2
68.7
63.6
63.3
64.6
62.4
60.9
64.2
61.3
63.5
64.8
62.0
60.7
60.8
64.6
64.9
66.0
69.4
69.5
64.7
62.1
64.3
65.2
63.5
61.6
62.3
62.1
61.0
63.2
61.8
60.5
60.1
59.9
59.8
59.1
58.5
58.7
58.3
59.1
58.2
57.9
57.6
57.7
57.7
57.6
57.3
57.4
57.0
57.1
57.0
56.5
56.2
57.3
56.3
56.3
56.6
55.8
55.1
55.2
54.8
53.8
53.7
53.9
53.8
54.2
53.2
53.5
52.3
53.4
53.2
53.3
53.0
53.1
53.5
53.0
52.8
53.1
53.6
52.2
56.8
63.5
64.0
66.6
65.5
64.2
62.0
63.8
64.1
63.7
63.3
62.1
62.2
65.3
65.1
64.4
64.4
64.5
64.4
63.1
63.0
61.4
60.1
58.9
61.4
61.1
60.7
61.5
60.0
59.5
61.8
60.7
61.8
61.5
63.5
65.7
68.5
65.2
64.8
65.0
63.0
65.3
66.2
65.5
65.6
63.4
62.3
61.7
62.3
61.7
64.1
62.5
62.8
62.7
60.6
59.7
60.2
61.8
60.6
58.9
58.8
58.3
59.7
59.1
58.1
57.7
57.6
57.7
59.5
60.8
58.3
60.3
60.1
61.6
61.9
62.7
63.8
62.5
70.0
71.0
70.2
65.3
63.7
62.4
60.9
67.1
68.0
71.1
64.4
63.2
64.9
63.2
61.7
62.0
63.7
64.5
61.9
60.6
64.5
66.7
63.5
67.7
63.9
68.6
66.3
62.3
65.2
65.9
66.8
64.5
65.4
67.2
71.3
70.1
65.1
67.0
69.5
70.1
70.5
71.9
70.5
74.8
70.4
73.8
75.4
72.6
71.7
70.4
77.3
78.1
69.7
67.6
70.9
68.1
72.4
72.8
74.4
68.4
69.5
69.3
67.3
65.3
63.9
67.1
64.6
67.7
65.9
66.5
68.9
67.7
64.9
66.7
67.3
65.9
73.6
70.4
66.1
69.7
69.9
66.0
64.5
67.5
68.4
68.5
69.3
65.5
67.7
64.9
67.2
66.6
63.8
62.2
64.0
65.8
66.4
65.1
66.5
63.7
65.3
65.3
68.3
70.3
72.2
76.7
77.6
73.2
78.2
80.3
77.2
73.6
72.0
72.3
71.7
70.3
70.3
68.8
68.8
66.2
71.6
71.8
71.0
69.6
75.6
69.3
68.0
68.7
67.6
68.0
68.3
66.4
65.5
68.1
68.5
68.2
66.6
69.2
68.1
66.0
69.3
67.4
65.3
65.1
65.4
67.9
64.5
64.4
66.8
71.0
67.0
64.2
71.3
70.4
69.9
68.7
69.2
70.7
83.4
81.1
79.4
81.6
77.5
80.4
79.5
75.6
69.0
67.4
69.7
66.9
66.0
65.2
65.4
66.4
65.5
66.5
69.4
67.6
65.6
64.9
67.1
66.4
64.7
64.3
63.4
64.6
64.4
63.0
63.1
62.2
62.6
62.1
61.9
61.9
62.3
62.2
64.2
61.4
61.0
61.1
60.5
60.1
59.8
59.8
59.7
60.9
64.3
69.8
73.4
77.5
76.1
80.9
76.9
79.3
83.7
77.6
74.2
72.4
70.7
70.5
72.3
80.1
75.2
72.0
68.4
69.6
70.0
79.6
78.2
72.9
71.2
68.6
69.4
74.8
80.6
72.6
67.5
74.8
78.9
79.8
76.4
73.1
71.5
74.1
77.0
75.1
70.3
72.2
67.8
67.4
66.5
65.8
65.3
65.0
65.5
65.2
64.7
64.2
63.7
63.3
62.9
63.3
62.3
62.8
63.1
62.9
62.7
62.5
62.0
61.9
62.2
61.5
63.8
61.9
61.0
60.7
61.6
60.2
60.2
59.6
59.2
59.3
59.3
59.2
59.1
58.4
59.0
58.5
59.2
58.4
58.1
58.6
59.0
57.8
56.8
57.0
56.9
56.6
55.9
56.0
55.7
55.9
55.9
55.5
55.8
55.6
55.3
55.4
55.2
55.3
55.0
55.3
55.4
55.3
55.3
55.2
55.3
55.6
56.4
55.6
54.8
55.5
54.8
54.2
54.3
53.6
53.8
53.8
53.5
53.4
53.3
53.5
53.4
53.4
52.9
53.0
52.8
53.0
53.1
52.9
52.8
52.9
52.7
53.1
53.1
52.4
52.6
52.4
52.3
52.4
52.2
52.7
52.5
52.6
52.2
52.9
52.9
52.8
52.2
52.4
52.6
52.3
52.8
52.8
53.1
53.2
59.8
69.1
72.3
68.7
70.4
71.0
71.6
71.0
71.0
69.4
69.6
72.6
68.5
69.6
67.1
64.4
66.4
66.1
69.7
69.1
69.1
68.8
67.2
68.3
66.3
67.3
65.3
67.1
66.7
65.9
67.1
66.1
66.5
67.6
66.7
70.1
66.2
70.0
70.6
69.2
67.8
67.2
67.8
70.3
67.5
65.5
69.5
68.0
66.4
67.0
64.8
64.4
65.9
64.1
67.4
64.5
67.4
66.5
67.3
68.7
64.9
64.3
69.2
68.8
65.4
65.9
65.7
64.6
67.6
65.6
64.8
66.5
63.9
63.5
63.9
64.5
63.1
62.2
61.4
63.7
63.8
61.7
61.6
61.3
60.6
61.2
62.2
61.5
60.7
60.3
60.4
59.8
60.4
60.6
62.1
60.5
62.1
64.9
64.0
62.3
62.1
61.2
61.9
63.2
61.8
61.8
60.9
61.2
60.7
60.2
60.3
61.8
62.7
60.1
59.9
59.6
59.2
59.7
59.4
59.8
60.4
61.0
60.6
60.3
59.8
60.0
60.3
59.9
63.2
59.8
59.7
59.3
59.1
59.0
59.0
58.9
58.4
58.6
58.2
58.5
58.1
57.9
57.7
57.5
57.7
57.8
57.7
57.4
57.9
57.6
57.5
57.0
57.2
57.5
57.3
57.5
57.8
57.1
57.2
57.2
57.2
58.0
57.8
57.7
58.0
57.7
57.0
57.5
57.6
57.1
57.3
57.6
57.4
57.2
57.7
57.6
57.1
57.1
56.9
56.8
57.3
56.3
56.9
56.5
56.9
57.6
56.8
56.5
56.2
56.4
56.4
56.1
55.6
55.9
58.9
65.2
67.9
70.2
70.2
73.4
70.6
69.1
69.2
73.3
76.1
73.9
72.4
77.8
75.0
71.4
71.4
68.8
70.5
70.8
67.5
66.0
65.4
65.3
67.2
67.2
67.1
67.5
72.4
72.2
68.4
72.2
70.2
68.6
70.0
72.7
67.4
67.7
70.1
68.9
67.1
68.1
67.6
69.3
67.1
66.8
69.6
69.6
69.2
69.5
68.0
68.0
68.7
66.5
66.1
66.1
65.1
65.7
65.6
65.0
64.7
66.4
65.7
64.4
63.9
63.9
63.3
62.5
62.9
62.2
62.0
61.8
62.0
62.5
61.6
61.6
61.8
61.1
60.7
60.5
60.6
60.1
59.6
59.5
59.0
59.5
59.2
59.3
58.9
59.2
59.0
59.7
58.9
59.0
60.1
65.8
72.1
67.7
66.8
66.8
67.1
69.4
66.0
66.9
64.8
64.4
64.1
63.8
66.2
66.0
64.3
63.8
63.1
63.5
64.6
63.5
63.2
64.4
63.8
62.9
62.5
62.1
62.6
62.3
62.0
61.6
61.7
61.5
62.4
62.4
61.5
60.7
60.7
60.8
59.8
60.2
60.1
59.6
59.4
58.8
58.9
59.0
58.8
58.3
58.4
58.8
58.3
58.3
57.8
57.4
58.0
57.8
57.7
58.2
57.6
57.9
57.2
57.0
57.2
57.5
57.0
56.9
56.2
57.2
56.6
63.6
74.4
75.3
75.9
74.8
78.2
74.6
73.1
76.0
75.9
72.4
81.1
81.8
78.0
81.7
76.1
79.8
79.0
84.2
76.0
77.1
76.1
77.0
72.2
73.2
72.0
69.8
70.3
72.9
72.7
69.8
68.4
68.3
69.4
68.2
69.0
68.3
67.3
65.5
67.0
66.9
66.5
65.5
64.9
65.5
66.1
64.2
63.5
63.4
66.6
70.5
76.6
76.0
71.5
69.0
69.9
69.1
69.6
66.6
70.4
68.2
69.4
70.8
70.3
71.5
69.0
71.6
76.7
74.1
71.0
72.1
75.5
73.5
73.2
70.9
71.1
72.1
69.0
70.6
70.5
71.7
70.9
68.3
72.4
72.0
73.3
82.6
79.1
77.1
77.0
80.3
77.3
77.1
76.9
75.5
74.3
84.0
87.1
85.7
85.5
82.2
84.2
83.1
79.0
75.0
82.9
79.9
78.0
74.1
79.0
78.0
82.8
79.7
80.3
86.3
81.5
77.8
76.3
74.5
73.9
74.0
71.8
73.5
72.2
70.9
73.2
70.6
71.6
70.9
74.6
72.9
72.1
73.0
72.2
72.7
70.9
71.4
72.2
69.5
68.7
68.7
72.0
71.2
72.7
73.0
73.1
68.6
70.4
73.6
71.1
72.7
73.8
75.1
69.4
74.3
77.2
74.4
79.6
80.3
76.2
77.6
74.5
73.0
74.3
74.3
72.2
71.2
73.7
71.5
71.7
71.1
68.4
71.1
69.4
68.5
72.4
72.2
69.3
71.8
71.8
70.9
73.1
71.3
68.8
74.3
75.4
76.0
76.2
76.2
76.0
76.6
77.2
78.3
81.4
81.3
80.9
82.0
82.9
81.1
81.9
80.8
80.0
77.7
79.1
79.9
76.3
76.7
76.7
75.3
73.3
76.3
78.3
78.3
77.6
76.0
75.6
72.3
77.9
78.0
76.8
77.3
72.7
76.8
78.4
71.4
75.8
75.7
76.7
77.1
79.1
78.1
74.7
78.6
71.2
74.2
72.8
76.4
81.7
80.8
77.0
75.7
79.7
75.4
79.8
73.2
79.1
75.8
76.9
76.6
73.0
75.4
75.9
73.3
74.0
74.4
75.6
74.5
77.0
76.3
72.7
80.2
81.6
77.1
79.1
77.7
77.5
75.6
77.7
74.3
76.4
75.0
75.8
72.4
71.0
76.2
74.5
75.2
75.9
77.7
80.0
80.3
78.1
78.4
76.2
72.3
73.7
70.2
74.8
75.3
82.4
87.8
80.1
76.4
77.0
76.0
75.7
78.8
79.4
77.5
76.9
83.6
84.8
85.2
83.6
85.8
87.4
89.4
88.7
80.2
85.0
86.5
88.7
90.8
91.7
92.1
92.3
90.8
90.1
90.2
89.3
91.0
91.1
88.9
83.9
84.2
82.0
75.2
74.7
74.8
74.4
72.2
72.1
71.8
74.1
72.0
71.0
71.1
71.7
72.1
70.4
71.0
70.8
70.7
71.1
69.9
68.9
70.6
69.9
69.4
69.6
68.8
68.9
68.8
69.3
68.4
68.9
70.1
70.5
68.4
68.1
68.1
67.5
68.2
67.7
67.8
67.5
67.9
67.3
67.1
67.0
66.7
66.9
66.8
70.2
72.0
71.8
73.5
75.3
77.4
74.5
72.7
68.5
74.4
78.2
78.9
80.2
76.6
76.0
76.9
72.6
75.9
77.0
81.1
79.1
79.3
79.7
73.1
79.3
83.2
82.4
82.2
83.6
86.4
80.7
76.6
79.4
81.6
82.0
81.2
83.7
86.4
85.7
84.1
83.6
85.0
84.9
87.6
83.5
90.7
85.5
87.5
88.7
88.1
87.9
87.6
85.3
84.1
83.7
84.0
81.8
84.2
78.8
77.7
76.3
79.5
80.8
81.4
81.8
85.4
84.3
80.7
73.7
77.1
74.4
79.1
80.7
80.2
84.1
83.1
80.8
83.2
82.7
85.1
84.1
81.9
77.4
73.3
80.4
83.1
84.8
84.7
83.3
82.4
77.9
72.6
71.0
70.5
70.6
76.5
73.1
71.1
69.6
71.5
74.0
68.9
69.7
69.6
68.6
71.5
70.6
68.7
68.8
68.7
68.9
69.2
68.2
68.5
67.9
67.9
69.4
67.9
69.1
69.1
67.2
68.5
70.2
68.2
69.9
71.6
71.8
72.5
70.3
67.3
68.4
66.7
66.7
66.7
66.1
65.8
65.9
68.3
74.0
72.3
71.0
70.5
72.2
74.1
72.8
71.2
69.6
70.1
68.9
69.8
69.0
68.9
68.3
68.2
69.8
67.0
66.3
67.7
66.0
66.9
66.5
69.2
69.0
69.6
66.1
66.7
68.0
65.1
65.0
66.8
66.1
63.7
64.6
67.4
69.7
68.9
66.8
67.8
71.3
67.6
64.1
68.1
73.8
71.9
68.4
69.1
75.1
67.3
74.1
68.2
67.3
72.2
68.4
75.1
68.7
66.0
68.7
69.2
64.9
64.8
65.3
63.9
63.7
63.1
65.6
65.8
63.7
63.3
65.1
63.3
61.5
63.2
64.0
62.8
62.7
67.2
64.5
65.9
66.9
67.2
67.9
68.8
69.6
71.5
72.3
74.4
74.9
75.5
75.8
75.8
75.8
75.3
74.5
73.3
74.2
76.5
78.4
78.2
79.3
78.0
72.2
73.0
73.9
77.0
77.6
77.8
79.3
79.9
79.3
79.1
78.0
80.3
81.6
80.1
79.7
81.8
81.0
80.0
80.6
85.9
79.4
74.5
74.1
74.7
73.5
73.3
78.4
76.0
71.0
73.3
71.2
68.9
68.2
71.1
69.9
69.2
68.6
68.2
69.2
69.1
68.8
69.0
68.3
68.2
68.6
68.4
68.0
67.6
67.9
68.1
69.0
68.5
67.9
68.0
67.8
67.4
66.9
66.7
66.6
66.6
66.6
66.6
67.2
67.6
66.6
66.3
66.3
69.1
67.7
68.8
73.3
69.9
68.1
68.9
68.1
67.3
67.1
67.8
67.6
68.0
67.9
67.1
67.0
67.3
67.1
66.7
66.3
66.5
66.9
66.6
66.4
66.1
66.3
66.2
70.1
66.1
65.7
65.3
65.4
65.6
65.6
66.1
66.1
65.3
64.7
64.8
64.8
65.8
65.3
64.3
65.0
64.7
64.8
64.2
64.4
64.1
64.5
64.5
64.4
64.3
64.4
64.7
66.9
67.0
66.4
66.5
66.7
66.4
66.0
65.6
65.8
65.2
65.6
65.7
65.0
65.4
65.0
65.4
64.9
64.2
65.5
64.1
65.0
64.5
64.9
64.8
64.6
67.2
66.3
70.7
72.0
69.6
69.3
69.0
68.4
69.7
69.2
68.5
67.8
68.2
68.3
68.9
69.6
70.9
68.3
68.5
68.8
67.1
67.9
67.2
68.8
68.8
73.2
70.8
67.3
69.6
68.9
69.5
69.4
69.6
67.6
66.3
69.4
68.7
74.3
76.0
73.9
68.1
71.1
71.2
71.6
72.8
73.3
70.8
73.6
75.7
82.3
81.8
82.0
79.7
78.9
82.0
83.7
79.8
81.9
83.7
83.1
92.5
92.1
89.1
88.4
86.7
89.1
89.8
88.3
89.8
96.0
98.0
93.2
91.1
89.0
89.2
95.0
96.3
95.8
96.9
99.6
102.7
104.0
103.7
104.6
106.1
105.9
100.8
98.6
97.7
100.1
97.8
97.0
100.9
105.7
107.8
102.5
97.9
96.0
95.7
95.7
96.7
95.1
94.6
93.9
92.3
88.8
85.3
84.2
82.6
80.9
80.9
80.1
78.7
78.7
79.4
80.0
79.6
81.0
83.8
78.0
77.7
77.0
78.2
78.5
76.2
75.2
74.2
73.5
73.1
72.9
72.3
72.3
71.7
71.6
71.0
71.0
70.9
71.3
71.3
70.2
70.0
72.2
71.3
70.2
69.8
69.4
68.8
68.7
68.9
68.1
68.4
67.9
72.6
69.8
67.2
69.4
75.7
73.7
73.9
71.8
71.5
69.5
69.4
67.9
68.2
67.6
66.7
67.0
67.0
66.8
66.7
66.6
66.4
66.0
71.2
73.2
73.0
73.3
73.6
73.6
70.8
71.7
70.0
68.7
68.6
71.4
67.7
66.9
66.9
66.0
66.3
65.8
66.0
65.9
65.9
65.5
65.0
64.9
65.0
64.5
64.9
65.1
65.1
64.5
64.2
64.7
64.5
64.7
64.1
64.2
63.6
63.6
63.7
63.6
63.2
63.0
63.1
62.9
63.0
63.4
62.7
62.6
62.7
62.4
62.4
62.5
62.5
62.6
62.9
62.1
61.300000000000004
