77.9
77.5
76.7
77.0
77.7
79.4
75.8
73.9
81.1
81.3
76.2
71.3
70.6
72.0
69.9
69.7
69.1
69.1
66.3
67.4
67.4
68.2
67.7
66.6
65.7
64.80000000000001
66.79411764705883
67.34117647058824
67.88823529411765
68.43529411764706
68.98235294117647
69.52941176470588
70.0764705882353
70.62352941176471
71.17058823529412
71.71764705882353
72.26470588235294
72.81176470588235
73.35882352941177
73.90588235294118
74.45294117647059
75.0
74.2
71.2
70.2
69.8
67.5
67.6
70.8
66.0
65.7
67.0
66.7
65.7
63.4
67.6
71.4
69.9
73.8
72.3
69.4
66.3
69.2
69.7
74.2
70.1
74.9
66.9
63.5
68.3
70.4
73.8
68.7
69.0
68.7
68.4
68.3
70.5
67.4
69.0
70.0
70.1
71.4
72.6
72.5
74.0
73.6
73.6
75.1
75.0
73.4
75.7
75.9
74.8
75.0
75.5
74.6
75.1
75.5
75.2
76.5
75.2
75.9
75.9
75.8
75.8
75.8
76.5
75.2
76.5
76.9
75.6
77.5
77.2
77.2
79.7
83.9
74.4
76.6
75.6
78.6
76.7
77.1
82.3
76.7
82.8
80.3
73.4
77.1
83.2
77.3
77.3
83.2
77.7
79.3
81.7
79.3
81.2
86.0
86.4
74.6
76.7
80.8
83.6
78.7
79.3
87.5
79.3
77.1
81.5
83.8
78.9
84.5
78.6
81.6
81.8
80.8
82.0
80.7
87.9
81.8
75.3
82.9
85.3
80.5
80.2
85.1
81.5
85.3
85.9
96.3
87.3
77.3
81.8
87.3
82.0
81.5
84.8
81.0
76.9
79.3
82.9
83.1
89.3
77.4
80.3
84.6
81.6
84.1
82.8
85.3
83.3
85.3
85.0
83.7
84.2
87.1
86.3
81.6
85.4
87.1
83.4
86.3
93.5
82.0
84.6
85.9
84.7
85.6
87.6
86.9
88.0
85.9
86.8
89.1
84.7
85.8
87.3
91.9
85.3
87.8
84.2
92.4
86.6
85.6
88.8
86.5
89.7
87.8
86.8
88.0
87.7
88.4
90.0
89.3
89.5
89.4
87.3
90.0
90.1
93.4
94.1
90.8
91.7
97.7
103.0
109.4
113.3
116.5
108.7
111.9
109.5
98.0
100.1
106.2
96.4
93.7
94.1
92.7
92.8
93.2
89.9
92.7
92.1
90.5
92.1
89.8
91.7
89.9
90.7
92.0
93.1
92.1
95.3
92.2
92.0
93.3
95.6
91.1
98.1
95.7
102.2
100.9
105.6
96.4
99.8
94.9
102.2
96.2
91.3
92.5
95.2
92.7
93.9
94.4
94.6
96.5
102.2
91.7
93.4
90.5
91.5
94.3
96.9
93.7
96.4
100.2
99.9
101.7
98.9
99.0
97.7
100.0
100.3
102.5
96.9
98.9
102.0
109.0
102.9
104.6
90.1
96.7
99.1
100.6
93.6
98.1
99.1
99.9
98.8
101.3
106.7
89.5
91.3
99.3
93.6
97.3
96.4
101.8
95.0
100.4
99.5
97.2
97.7
93.2
99.7
95.0
98.9
99.0
97.1
92.1
97.1
93.0
94.7
94.1
99.2
95.4
90.7
92.2
97.9
95.1
104.0
99.2
100.0
98.3
91.3
91.7
92.4
104.8
94.2
94.2
93.3
89.7
93.4
99.9
92.3
94.6
97.2
98.7
96.5
89.1
101.2
92.1
91.9
93.7
96.8
98.3
95.8
103.1
102.7
111.4
89.9
89.0
87.9
100.5
114.6
102.7
93.7
96.4
101.7
109.2
102.5
88.6
103.2
95.9
91.9
103.1
100.6
88.9
90.0
89.9
89.4
89.3
86.7
90.7
83.2
86.0
88.9
87.7
93.3
90.4
92.8
88.2
93.4
91.3
94.1
104.1
101.6
103.4
104.4
96.3
111.0
108.1
89.6
94.8
104.5
113.3
97.4
96.3
96.8
109.3
114.1
95.1
93.8
100.7
96.8
99.6
116.2
99.1
93.4
102.6
98.5
89.2
95.3
102.5
120.0
104.9
94.7
100.9
105.5
101.5
102.6
100.1
103.0
101.1
98.3
99.7
101.6
100.1
103.4
100.4
101.8
102.5
115.4
117.2
112.6
122.8
108.6
104.5
104.1
102.1
105.9
103.9
110.9
111.7
101.1
101.3
102.5
102.7
109.7
118.5
106.9
103.3
101.3
106.7
107.8
103.0
101.6
101.2
101.2
101.1
104.4
105.0
108.1
112.9
102.8
99.4
100.2
99.7
99.6
101.0
106.3
102.6
100.8
103.6
104.8
103.9
104.9
106.5
103.5
104.6
104.9
107.0
107.8
107.5
113.4
124.8
116.0
116.9
114.6
108.6
111.9
102.8
103.8
119.9
104.1
102.7
103.3
101.1
103.6
100.8
102.2
102.7
104.5
101.7
101.2
101.1
102.4
102.1
103.1
102.9
113.9
124.2
103.0
101.0
101.0
98.3
109.0
113.6
109.1
94.8
96.5
95.7
93.7
102.2
91.8
104.1
96.8
91.7
96.7
102.1
105.5
98.3
99.0
102.8
98.1
98.5
103.0
98.9
106.8
96.3
93.8
94.7
96.6
93.4
97.3
96.9
96.5
99.2
93.8
99.2
96.0
98.0
95.6
102.1
101.3
100.8
96.1
105.3
93.9
89.3
90.9
93.4
94.2
89.6
93.9
91.2
102.1
92.8
98.3
98.8
97.8
99.1
98.1
103.7
101.6
110.2
105.8
103.4
101.9
104.2
103.8
102.5
100.2
92.6
104.8
103.6
95.4
89.4
95.6
97.8
91.9
93.5
94.0
93.3
95.8
94.8
96.6
100.0
101.9
96.7
97.9
103.3
96.0
118.8
105.1
107.6
105.0
103.5
115.8
98.3
98.4
93.2
94.8
100.0
101.6
98.7
104.1
105.1
97.4
98.8
97.0
101.1
97.1
96.2
99.8
100.9
99.9
102.7
103.2
102.2
104.0
102.3
101.3
103.1
103.6
105.0
104.2
104.1
104.0
105.8
107.5
103.6
104.8
104.9
110.6
122.9
100.8
106.5
102.0
98.8
101.6
102.5
104.9
105.4
107.5
104.8
105.5
107.4
103.0
104.1
106.8
106.8
108.2
107.3
108.9
108.0
106.5
106.3
107.3
111.2
118.9
111.8
100.4
117.6
108.3
97.7
94.7
95.0
98.3
94.8
99.7
98.1
95.1
95.8
95.9
93.2
98.6
97.3
103.3
106.0
101.8
94.0
98.9
100.3
99.9
101.6
103.6
101.1
102.2
104.2
103.5
101.3
101.8
103.1
102.1
105.0
100.9
102.9
105.1
103.2
102.3
105.3
102.8
105.5
103.9
113.6
114.5
120.9
103.7
100.3
97.1
101.8
100.2
98.2
106.4
100.8
100.7
103.1
98.4
97.9
109.1
99.3
94.7
97.1
100.5
100.8
100.3
102.5
105.2
103.2
103.9
103.9
105.4
104.3
106.5
105.3
104.6
106.5
104.7
105.2
104.1
104.2
105.7
105.4
105.6
105.3
126.2
116.0
104.5
103.1
101.8
103.0
104.5
105.6
103.9
102.7
102.8
102.9
100.0
101.6
100.2
98.5
101.7
106.7
99.7
101.7
109.1
102.3
102.3
112.1
124.0
111.8
106.8
109.3
103.3
109.9
105.4
103.1
101.2
103.0
113.0
132.9
109.6
105.6
98.3
98.5
98.9
98.3
99.6
101.5
103.3
98.5
102.0
100.2
103.8
102.4
102.2
103.5
105.0
104.3
107.8
100.9
103.1
104.1
104.2
103.3
104.8
105.5
102.3
103.7
103.1
103.2
105.5
107.4
97.0
102.2
102.7
102.9
100.5
103.3
103.4
101.2
102.2
103.2
103.7
103.0
103.1
104.1
106.8
100.3
101.7
103.4
102.0
106.4
101.3
105.3
104.3
104.2
105.8
102.8
106.5
110.6
95.9
100.3
103.8
110.7
127.4
103.9
105.1
101.2
103.5
104.5
111.0
107.8
114.3
104.0
99.8
109.5
108.8
109.4
106.0
112.1
109.0
105.1
105.4
106.2
102.7
109.4
105.4
107.4
104.3
106.3
103.9
103.9
107.7
115.2
109.8
109.5
113.3
122.4
121.7
115.9
117.0
108.5
123.1
122.6
114.7
112.6
112.6
112.9
115.1
115.7
114.4
124.5
126.1
118.3
122.2
128.2
109.3
108.2
108.0
107.7
106.7
107.7
105.6
107.4
134.5
117.7
103.3
101.9
102.3
104.7
109.4
103.2
98.7
99.1
100.2
100.9
105.8
103.4
104.0
102.1
99.8
103.0
103.4
101.4
105.2
101.6
105.5
97.8
99.9
101.9
103.2
105.2
109.3
117.9
98.4
99.9
100.6
100.4
101.0
101.1
103.5
104.3
105.0
105.8
106.5
106.5
105.8
106.3
105.8
106.5
107.5
105.5
104.6
105.7
107.2
104.3
103.9
107.9
107.5
100.8
100.7
104.1
103.8
105.1
105.4
105.0
105.0
107.1
105.5
104.1
105.8
105.1
104.5
118.1
115.7
128.8
101.8
103.0
107.0
105.3
99.8
104.4
102.5
99.9
105.0
107.7
101.3
103.5
108.1
109.4
101.1
108.1
118.5
108.4
110.8
109.4
109.8
123.0
110.1
110.7
110.7
112.5
102.2
105.0
108.8
108.9
103.4
102.3
102.8
106.1
109.2
102.7
103.5
104.6
109.3
108.1
108.3
111.3
103.4
105.6
108.6
107.5
110.3
108.6
102.6
99.2
96.3
98.0
96.0
98.5
96.7
96.5
96.4
98.9
100.9
99.0
95.2
100.5
97.9
96.2
94.0
95.5
98.0
96.2
94.2
91.2
93.0
91.5
89.8
91.5
88.2
93.2
95.7
98.7
104.2
95.3
103.0
97.7
90.7
93.8
95.5
92.7
94.7
94.6
95.3
98.1
91.0
89.8
88.4
87.1
88.5
88.4
88.9
88.8
87.6
88.3
86.3
87.1
88.6
84.4
86.0
86.5
86.4
86.9
86.3
85.9
88.2
84.5
86.8
86.3
85.6
85.2
87.3
86.4
86.1
86.9
87.4
86.7
87.7
86.4
88.4
87.4
88.2
92.7
87.8
83.3
83.6
85.5
87.1
86.4
87.5
85.4
87.8
84.9
88.4
88.1
85.0
86.1
86.6
87.7
86.5
88.1
90.7
93.9
93.3
91.7
90.1
88.49999999999999
91.69999999999999
92.5
93.3
90.3
90.4
95.3
97.9
98.5
101.1
97.6
95.4
92.8
93.1
94.0
92.6
91.1
90.5
91.1
92.0
99.5
97.5
97.9
97.1
94.9
93.7
92.9
92.1
90.1
90.7
93.3
88.7
87.2
90.4
88.1
89.0
89.9
88.7
87.5
91.3
87.6
85.1
89.1
88.5
89.4
85.0
83.9
85.9
82.5
84.4
84.6
82.7
82.6
82.8
86.4
82.3
81.7
86.4
87.5
83.1
85.5
86.9
83.8
86.6
84.7
80.6
86.4
86.7
88.9
94.6
91.1
82.5
83.1
82.3
81.3
81.2
83.1
80.8
79.9
79.7
83.7
83.5
81.5
84.0
82.0
82.1
80.7
81.3
79.9
81.1
86.8
79.0
80.2
81.4
79.4
81.0
80.7
80.0
80.3
79.4
79.5
79.8
78.3
82.6
83.5
84.0
82.3
85.9
82.5
82.3
81.6
78.0
83.6
85.4
81.1
82.0
82.7
90.2
81.3
89.4
92.6
87.8
83.7
85.9
84.6
91.3
88.2
90.6
87.9
82.3
81.5
80.4
83.2
81.6
88.6
86.6
81.1
81.4
81.9
82.2
80.2
78.7
80.5
81.2
80.1
81.0
78.5
80.9
79.8
80.9
80.9
80.4
78.6
82.1
84.9
87.8
90.5
88.9
89.8
86.3
89.1
89.3
87.9
86.3
86.6
86.2
86.0
90.1
87.6
89.9
87.4
88.3
87.3
88.0
84.9
86.9
85.0
85.6
83.5
82.7
82.1
83.2
83.1
81.6
82.6
82.2
82.2
83.7
81.6
88.1
89.4
85.7
82.5
82.9
82.7
83.1
84.0
81.4
83.3
87.1
86.2
85.6
85.6
85.8
87.4
83.0
82.4
82.7
84.3
85.6
83.2
79.4
81.3
85.4
81.3
82.8
80.2
81.3
82.4
84.9
79.8
80.5
80.6
83.2
82.6
87.4
84.7
83.3
94.6
100.7
106.80000000000001
96.76666666666667
94.80000000000001
92.83333333333334
90.86666666666667
88.9
88.0
87.1
90.1
86.6
83.4
88.2
91.3
96.8
98.7
97.2
93.7
93.7
94.1
93.4
95.1
90.9
94.3
90.5
93.2
96.7
90.9
97.6
92.2
95.4
95.2
92.3
94.2
95.8
94.7
91.5
94.4
97.0
93.7
95.0
92.3
93.3
94.9
93.8
93.9
94.9
96.4
99.0
94.4
95.6
94.9
95.6
97.9
94.6
94.5
96.4
93.0
98.3
100.7
98.3
91.2
90.6
92.2
92.3
91.5
90.5
88.7
90.6
92.8
92.8
88.7
92.0
89.8
90.8
86.3
94.0
91.1
87.2
89.4
85.6
87.9
85.8
88.2
88.8
84.9
87.4
86.2
84.1
87.0
87.9
92.3
86.9
84.3
87.9
88.5
87.2
85.7
86.1
88.4
88.2
89.8
86.2
86.7
90.1
89.2
87.3
88.1
87.8
87.1
88.6
86.0
85.9
87.9
94.3
87.9
87.6
89.2
87.3
89.0
87.0
86.5
88.7
86.7
86.1
90.5
92.6
102.8
91.3
88.1
91.5
88.1
88.7
89.3
91.7
95.2
97.4
93.5
91.7
89.1
92.6
93.4
98.0
97.7
95.8
98.0
89.5
88.1
91.4
93.8
88.5
85.5
88.3
91.1
90.0
82.9
86.3
86.8
85.3
82.3
84.8
83.3
84.4
84.0
82.7
86.8
94.0
86.9
84.7
86.0
81.1
81.8
81.0
83.4
82.1
82.4
80.3
83.3
82.2
81.1
79.4
80.5
79.8
80.9
80.9
82.2
79.6
81.6
81.1
79.5
81.2
81.6
80.3
80.2
80.7
80.5
84.5
79.9
81.7
81.3
85.2
87.7
94.0
89.8
89.4
81.0
83.4
82.3
84.9
81.3
83.4
84.9
81.4
83.0
80.8
79.8
80.6
80.6
80.3
82.0
80.5
82.3
82.4
80.8
81.0
87.2
83.1
78.9
83.0
91.8
83.7
81.8
81.7
83.6
85.8
86.3
83.0
88.0
84.2
86.7
86.9
89.6
87.0
86.9
85.2
82.3
84.5
84.8
83.6
86.9
88.0
87.2
87.7
87.5
89.4
87.5
89.9
85.2
88.2
87.1
85.7
91.2
87.6
89.6
88.3
87.6
84.2
88.6
88.0
91.1
92.9
89.7
86.3
89.0
88.2
86.3
87.2
88.8
88.8
89.7
91.9
91.3
90.8
83.7
89.6
91.4
85.4
86.3
87.3
93.0
92.5
108.0
114.5
95.8
92.7
91.1
87.9
87.9
90.1
88.8
88.5
91.8
94.2
91.1
90.8
90.8
87.2
86.5
88.2
88.1
89.1
87.5
89.7
89.2
89.5
90.8
88.3
89.6
87.1
89.0
87.6
88.4
86.5
93.3
96.8
89.8
94.3
90.5
87.4
88.1
87.3
93.1
87.2
89.5
91.2
93.4
87.8
87.8
92.1
93.0
89.7
94.5
101.2
97.3
95.9
98.7
95.7
95.1
97.5
99.4
102.4
102.1
99.8
100.7
101.2
99.3
96.3
97.1
100.3
96.6
95.6
97.0
95.5
92.2
92.2
97.7
90.8
92.4
98.8
102.8
101.3
101.0
95.6
95.9
93.7
93.1
93.2
93.7
94.3
93.9
92.5
101.3
97.3
95.9
96.1
93.3
94.0
93.6
96.1
92.2
90.3
95.3
96.3
100.6
100.2
90.5
92.3
90.1
91.4
91.6
91.5
92.0
97.4
93.3
92.7
91.8
93.6
93.6
97.8
90.0
95.9
96.3
103.0
92.4
99.9
97.3
92.0
94.3
92.4
95.8
91.8
91.2
90.3
92.7
88.7
90.6
90.4
95.7
92.9
88.2
91.5
89.3
87.4
92.8
98.2
92.0
88.3
91.0
87.6
90.8
88.0
89.6
88.7
88.7
88.8
91.7
88.3
89.9
91.5
92.9
96.5
87.2
90.9
90.9
98.3
105.6
104.0
98.9
98.8
101.0
97.6
92.6
88.7
85.9
88.6
88.7
88.5
86.6
88.0
88.4
88.80000000000001
90.30000000000001
91.25
92.2
93.15
94.1
95.05
96.0
96.95
97.9
98.85
99.8
100.75
101.69999999999999
102.64999999999999
103.6
107.1
102.1
95.8
98.2
103.8
104.7
99.1
100.5
97.9
98.6
98.1
95.8
94.0
94.3
95.0
96.7
96.8
95.9
95.4
93.1
92.0
92.7
92.4
94.6
90.7
90.7
93.5
95.3
92.3
93.8
91.5
97.3
91.5
94.0
92.9
92.2
91.8
90.5
90.7
93.3
90.6
90.4
92.4
92.5
91.7
94.1
92.3
95.3
93.1
93.4
92.5
95.4
94.5
92.7
94.0
93.9
101.8
99.2
96.1
105.6
93.8
96.0
97.9
96.9
97.3
95.5
101.2
99.0
95.4
94.6
93.9
94.5
95.0
109.5
89.2
91.8
93.2
92.6
99.3
92.4
93.3
100.5
94.6
99.6
103.2
106.6
96.9
95.9
97.3
94.5
89.9
100.2
102.8
119.6
113.9
106.1
94.6
99.3
106.7
121.7
157.4
124.6
126.1
125.6
123.0
119.2
118.7
122.9
121.3
123.5
121.6
121.6
120.5
119.6
124.3
121.3
120.3
115.1
110.0
107.3
105.2
104.7
107.5
111.2
108.0
113.5
108.5
111.5
101.4
108.4
117.8
146.4
145.5
143.5
145.9
142.5
144.6
146.3
145.6
144.5
145.3
112.7
149.7
148.0
117.9
125.5
149.8
149.2
135.7
150.9
137.0
126.4
145.6
147.3
150.2
101.9
101.4
95.9
103.2
98.7
102.3
100.1
102.0
106.2
104.1
106.2
100.9
104.1
108.0
114.5
103.9
92.9
93.0
94.0
91.9
95.5
93.3
100.2
113.4
94.7
97.1
94.6
95.4
96.8
97.9
97.4
107.0
113.6
110.4
96.1
95.1
100.2
103.8
96.1
100.8
96.5
100.5
92.2
95.0
98.0
141.3
134.9
139.3
98.6
97.7
100.0
96.6
103.1
97.8
102.8
97.8
104.0
99.5
93.2
132.5
141.5
140.5
134.2
139.4
137.7
136.0
138.5
139.6
138.6
141.9
124.8
105.6
95.3
92.5
88.3
89.0
88.6
88.0
87.4
88.4
90.1
90.2
89.9
89.1
88.6
90.0
87.3
87.9
89.7
93.6
98.2
91.5
89.9
89.0
90.3
88.5
86.5
86.8
86.7
86.7
89.3
86.2
88.4
91.1
90.6
87.5
88.4
93.8
90.0
96.0
107.7
138.7
136.7
137.3
140.2
143.0
134.5
146.2
137.4
136.8
138.4
132.2
133.9
100.1
92.4
116.5
141.7
135.7
131.9
137.7
100.3
91.7
115.9
130.4
129.0
120.5
130.0
135.1
136.1
132.7
133.7
126.2
138.0
113.4
111.3
132.4
140.1
140.5
132.4
134.6
136.4
135.3
140.1
133.1
129.0
124.0
125.2
116.7
119.9
108.0
115.4
108.3
116.4
106.5
102.3
106.5
99.5
96.7
103.4
105.2
100.2
103.3
117.8
115.5
103.2
115.4
114.9
96.4
113.6
117.6
121.1
102.7
112.6
112.0
116.7
116.3
117.4
101.1
121.1
120.3
116.6
125.0
126.2
129.3
129.4
128.0
130.7
129.4
129.5
128.2
126.2
128.4
128.2
128.8
129.4
129.9
130.6
130.5
131.1
133.0
133.0
127.2
124.1
128.7
129.0
124.8
128.9
112.7
117.3
120.0
124.5
100.8
100.4
99.3
100.8
131.7
130.0
129.4
121.7
122.1
125.6
126.1
129.8
117.6
114.2
92.6
96.1
111.2
84.6
87.1
88.0
84.5
85.4
90.5
86.4
87.4
90.2
90.7
89.5
89.0
86.2
87.8
85.2
87.2
84.6
86.0
83.9
89.1
86.1
83.3
83.5
85.1
84.4
83.9
84.5
83.2
84.2
83.4
84.9
84.0
82.8
83.2
83.9
83.8
83.7
84.3
84.7
87.7
81.4
84.1
84.1
83.4
84.5
87.3
80.3
82.9
84.0
83.6
83.9
83.4
82.8
82.6
84.0
82.6
83.0
83.7
83.4
82.4
83.2
82.0
83.2
90.3
85.6
82.2
84.5
84.8
83.0
85.9
84.4
82.8
86.3
87.0
86.9
85.8
89.3
88.4
92.5
90.8
86.6
86.0
86.1
86.3
87.1
87.3
87.3
84.8
83.4
84.5
85.5
84.0
87.9
89.8
86.6
87.3
92.9
92.2
87.7
86.2
88.6
87.3
83.5
83.1
81.7
81.6
80.9
81.5
81.1
82.2
83.6
82.7
82.7
83.8
80.8
79.6
80.1
79.6
80.5
79.7
79.9
79.9
80.0
81.6
80.2
80.3
80.4
80.5
80.6
80.6
80.6
81.1
81.3
80.6
80.1
80.9
80.9
80.5
81.0
81.2
81.3
81.6
80.5
81.2
85.0
81.0
81.3
82.1
81.7
81.5
80.9
81.0
81.7
81.5
81.5
82.1
80.8
81.4
82.5
81.8
82.2
83.1
83.7
82.6
82.8
82.2
83.2
80.8
82.0
82.8
81.4
84.9
81.1
81.8
82.0
82.0
81.0
82.3
83.2
88.0
82.7
83.0
83.2
82.0
83.9
84.3
87.4
89.0
89.1
90.0
88.7
88.5
86.7
87.6
88.4
88.3
86.7
85.8
86.1
86.5
84.1
82.9
82.8
79.2
81.2
81.3
82.0
86.3
84.6
84.0
92.2
96.5
86.7
84.1
84.0
83.3
80.6
81.0
83.5
80.4
85.1
81.5
80.0
83.9
81.2
83.2
80.8
83.4
82.4
81.2
81.9
83.0
82.7
82.7
83.3
82.6
84.1
82.8
83.9
85.1
84.9
85.5
85.5
86.1
83.7
85.4
84.3
83.4
85.7
90.1
91.1
91.4
90.9
89.0
89.3
91.3
91.5
89.2
89.2
89.8
89.9
90.0
88.7
89.4
85.4
85.4
84.4
83.0
84.5
84.4
85.6
84.9
84.9
84.8
88.7
84.7
85.0
85.8
86.1
86.1
87.0
91.1
86.5
87.5
91.9
94.0
94.2
89.8
94.2
102.5
97.2
90.6
91.8
96.2
92.3
93.6
89.7
91.7
97.1
91.7
93.6
92.0
92.8
94.1
89.4
96.4
95.3
94.6
94.3
91.9
93.7
92.4
93.1
92.5
91.1
91.4
91.0
88.3
88.4
87.8
89.3
89.4
90.9
85.4
86.2
85.2
84.3
82.3
84.3
81.0
80.4
82.2
83.8
79.0
82.0
78.6
79.8
83.7
83.4
81.4
84.5
81.5
78.4
76.8
77.9
79.6
75.4
75.3
76.0
77.1
74.5
77.2
76.3
75.8
76.5
79.3
77.8
77.4
74.7
76.3
76.5
75.8
73.4
75.4
73.6
76.2
74.2
74.3
73.8
74.1
75.4
75.1
74.4
72.0
74.5
74.5
76.8
78.4
73.2
72.2
72.4
74.5
71.9
75.0
70.1
70.4
71.9
71.8
70.0
69.6
73.5
71.2
69.7
70.1
70.2
70.7
71.5
70.8
72.9
73.0
71.5
68.8
70.1
72.6
74.8
73.0
72.5
76.4
76.3
75.9
68.6
72.0
71.7
69.3
71.9
76.2
71.3
72.5
70.5
68.9
69.7
71.4
73.0
76.2
82.7
86.8
81.8
77.3
77.1
76.9
73.2
77.0
76.4
72.5
71.8
73.4
72.2
74.0
72.4
74.0
74.1
73.2
73.8
74.4
73.8
76.5
75.2
73.1
76.6
75.5
77.2
74.6
77.7
78.0
75.4
70.7
74.4
71.7
75.7
76.4
71.4
72.0
73.2
72.9
74.4
74.1
76.2
77.5
81.8
77.6
79.1
75.8
72.4
73.6
77.4
76.5
75.4
74.3
74.8
72.9
75.1
75.3
74.9
74.8
75.5
81.0
79.5
79.3
81.1
80.7
79.2
82.3
82.4
79.7
82.5
83.1
83.0
84.6
85.1
83.9
81.5
83.5
83.6
85.0
83.1
84.8
85.2
84.1
85.7
88.1
86.2
83.7
84.0
85.9
87.5
83.0
85.7
85.3
84.4
90.4
87.1
84.2
84.9
84.7
83.0
86.6
89.8
84.5
85.3
87.5
87.7
85.3
83.8
83.2
82.0
83.8
80.8
88.7
89.6
100.1
104.4
90.9
91.1
91.0
88.7
94.0
91.8
88.1
90.6
89.9
91.5
90.7
91.9
90.3
89.7
86.7
90.1
89.3
88.6
89.6
88.7
91.4
85.1
85.2
82.4
82.8
86.6
82.9
78.9
78.5
78.2
80.1
79.5
75.3
77.6
77.9
79.1
78.2
75.6
79.4
78.0
74.6
77.2
76.7
74.6
77.4
79.1
74.2
78.5
76.8
80.1
76.6
75.7
72.9
74.9
72.4
72.3
78.5
81.7
84.5
80.4
74.3
75.3
72.4
74.3
78.7
71.3
71.8
72.5
71.2
72.0
71.7
74.7
72.2
79.3
79.6
79.89999999999999
79.9
76.7
75.6
74.2
73.1
72.0
71.9
70.7
71.7
70.4
70.0
73.3
70.0
72.8
71.6
74.1
69.2
64.30000000000001
68.9
77.0
73.1
76.7
79.0
77.2
77.5
72.2
73.8
70.5
76.8
72.0
72.6
74.0
73.5
74.7
75.6
72.2
75.0
75.1
75.2
73.9
74.4
74.4
75.3
73.2
74.6
74.6
74.6
74.9
74.0
74.3
74.4
75.5
73.6
74.3
72.8
73.6
73.8
75.2
75.4
78.8
82.2
83.5
81.8
82.2
84.1
79.2
79.3
78.8
77.8
77.6
78.5
74.8
78.7
76.8
76.5
76.5
76.9
77.2
76.7
76.1
77.5
76.6
76.4
75.8
76.7
75.8
76.3
77.4
76.1
76.5
75.8
75.9
76.7
76.3
76.8
76.8
81.5
81.7
80.6
80.1
82.5
85.7
85.9
82.1
79.5
84.8
75.1
78.6
78.0
79.1
76.1
77.6
76.5
77.8
77.7
78.0
77.7
80.6
77.0
77.0
79.1
77.8
77.8
78.5
78.4
79.7
83.1
80.3
76.7
77.5
79.6
80.6
87.6
88.8
88.9
80.3
79.2
79.4
84.3
81.4
78.6
82.4
81.4
81.3
80.2
78.8
80.2
82.2
83.7
79.8
81.2
79.6
80.4
84.9
85.0
79.6
83.7
87.0
90.1
87.3
82.1
80.6
81.6
83.2
86.5
83.1
84.2
84.9
83.2
80.7
83.2
81.5
83.8
86.6
80.0
81.0
85.4
81.9
80.9
84.2
82.6
88.7
84.0
86.1
83.2
83.2
83.5
86.7
82.9
85.3
88.3
91.9
85.2
84.8
83.2
84.8
84.0
83.2
84.4
88.0
83.9
84.6
92.1
84.9
84.8
85.3
85.5
86.3
87.7
92.8
93.8
87.8
86.5
86.5
86.1
87.5
86.2
87.5
86.4
90.5
88.6
90.2
92.0
87.9
87.3
86.1
86.8
93.2
89.6
88.4
89.2
87.4
85.1
87.0
87.8
92.4
89.8
86.0
85.3
87.3
87.3
89.2
91.8
87.3
89.6
89.3
92.3
97.2
90.0
97.0
108.6
107.2
100.8
100.3
102.4
103.9
104.1
101.0
103.9
104.8
106.1
104.4
104.9
107.2
104.0
105.8
105.0
105.8
106.4
106.2
105.7
102.9
103.0
104.9
101.6
101.8
102.4
102.2
100.4
100.2
101.0
99.7
99.3
100.6
98.3
98.2
98.1
99.0
98.0
96.2
95.9
94.3
93.1
93.6
92.6
93.5
94.6
94.0
93.6
100.3
98.1
94.7
95.5
97.1
97.0
106.1
100.2
100.1
101.7
97.1
94.5
93.5
92.6
94.6
94.3
97.3
102.0
94.7
94.1
96.7
92.7
92.8
93.5
91.7
92.8
91.8
92.2
99.4
93.7
93.4
96.9
93.5
91.7
92.0
92.1
89.8
90.5
92.5
97.6
91.3
92.6
94.2
93.9
95.6
101.3
92.6
93.7
99.3
90.7
90.5
90.3
91.3
90.2
90.8
92.1
89.4
91.2
89.9
89.1
89.7
88.0
90.3
90.4
87.6
90.9
90.6
90.7
91.2
85.3
88.8
86.3
86.8
86.3
86.0
85.0
86.1
88.6
95.0
95.3
97.4
100.8
96.2
91.7
92.3
85.4
85.0
85.2
82.4
100.3
100.1
101.8
99.8
101.9
98.1
111.5
107.9
103.3
110.5
106.3
106.6
106.9
104.2
97.4
103.5
103.8
105.6
106.6
100.2
107.4
99.4
99.9
93.8
104.4
91.6
105.8
99.0
116.6
112.2
114.4
109.2
101.6
110.1
101.9
105.4
99.8
108.5
91.8
83.4
83.1
81.1
84.1
83.7
86.7
81.0
85.6
82.5
84.2
83.0
85.1
83.0
87.5
85.9
87.0
85.3
84.7
87.8
85.4
83.2
85.1
85.0
84.4
88.4
93.4
95.4
94.6
95.0
93.5
88.6
86.8
87.2
86.2
87.6
92.1
89.1
85.4
86.1
85.2
86.5
88.9
90.2
86.6
87.9
87.0
86.9
90.2
88.5
87.7
87.6
89.6
89.3
91.8
94.1
99.1
93.6
92.0
90.8
91.6
89.5
90.3
92.8
97.7
93.9
90.7
90.9
90.7
90.7
90.1
91.4
96.1
91.6
90.8
91.9
91.6
91.8
91.7
92.4
94.1
94.5
95.8
95.0
94.6
94.6
107.3
108.8
103.5
105.0
112.2
105.7
98.1
127.7
113.0
120.5
133.8
114.0
123.3
119.6
125.2
126.9
130.2
131.5
134.5
131.5
115.1
119.4
128.5
126.3
131.7
121.4
130.4
118.7
129.4
123.6
116.1
125.8
138.4
131.1
116.2
121.8
127.8
123.1
126.4
124.9
133.1
132.1
135.7
139.9
129.1
129.4
131.5
132.6
129.6
126.9
137.2
125.0
124.4
123.0
126.4
119.9
124.7
122.4
120.0
122.1
112.2
107.4
118.8
110.7
109.1
111.3
111.1
120.6
111.6
106.5
93.7
95.8
95.5
94.8
94.4
108.3
111.6
106.1
104.2
102.8
100.7
101.3
99.0
96.4
94.9
93.2
92.9
90.9
91.2
90.7
90.3
90.5
90.3
90.2
90.1
90.1
90.8
90.8
90.9
90.5
91.4
90.8
86.9
86.4
86.9
85.2
84.1
83.7
83.4
83.7
86.3
90.5
86.2
85.3
81.9
83.1
83.6
82.5
82.2
81.8
82.6
80.7
80.7
79.9
80.0
79.9
79.5
78.8
79.2
79.4
80.0
78.5
77.8
78.7
78.7
78.2
77.9
78.0
78.8
78.8
78.0
78.5
79.0
78.2
78.6
79.1
78.5
78.9
78.8
82.5
79.4
77.1
78.6
79.0
78.2
78.8
77.8
78.7
78.3
78.0
79.2
80.0
79.2
79.7
79.2
78.9
78.3
78.6
78.4
78.0
78.7
78.0
78.5
78.3
79.0
77.9
78.0
79.1
78.4
78.9
78.9
79.2
78.8
78.6
79.4
82.3
91.4
94.2
97.2
95.9
93.3
92.1
91.5
91.4
90.1
90.1
90.3
94.1
96.8
95.4
93.8
93.4
92.1
91.8
93.2
95.4
98.9
99.6
99.3
98.4
97.4
98.2
97.5
96.8
96.6
98.9
100.3
101.5
103.0
105.5
103.0
100.8
99.3
98.2
96.6
95.4
94.2
93.7
93.6
93.0
92.2
93.3
94.0
91.1
90.9
91.2
90.7
90.0
89.7
89.5
88.9
89.0
88.6
89.0
88.3
88.0
88.2
87.6
87.7
87.3
87.5
87.1
86.9
87.0
87.8
86.6
87.0
86.8
86.1
87.2
87.1
87.0
85.9
86.1
85.3
85.9
85.5
85.5
85.6
85.7
85.3
85.3
85.6
84.5
85.1
84.9
84.6
84.9
84.8
84.7
85.1
84.7
84.1
85.1
85.6
84.8
85.4
86.7
87.5
85.7
85.5
87.2
85.2
84.5
84.2
84.4
84.7
85.3
87.8
83.8
85.9
86.5
85.6
84.3
87.6
87.2
92.1
89.4
89.5
91.4
90.7
88.8
89.6
88.7
89.2
90.3
89.2
89.1
89.3
88.9
88.3
88.2
88.6
89.3
89.7
89.3
89.2
89.7
89.8
90.3
89.1
88.0
89.5
89.8
89.7
89.9
89.8
91.1
90.6
90.8
89.2
88.9
89.9
88.3
88.8
89.0
89.4
89.4
89.7
88.8
89.6
89.3
88.7
89.8
89.6
88.8
89.0
89.9
89.7
90.5
90.5
91.1
88.9
91.0
92.0
90.7
90.5
89.9
90.9
91.4
91.0
89.7
89.4
89.3
90.5
90.3
92.3
90.9
89.6
88.9
88.9
88.9
88.9
89.1
89.0
89.7
90.3
92.1
92.7
89.4
88.6
88.6
91.2
90.7
90.6
91.2
90.1
90.4
89.6
89.2
90.5
90.0
89.8
89.9
90.2
89.8
91.0
91.4
91.1
91.4
91.7
90.9
90.9
91.3
91.5
93.3
93.9
97.5
97.4
98.6
97.9
100.1
101.6
100.8
99.3
98.2
96.8
96.7
95.8
95.5
95.0
98.6
99.2
99.2
98.2
98.7
98.5
98.3
97.1
97.0
97.1
97.0
97.6
97.2
97.0
97.1
97.0
96.7
97.0
97.2
97.6
97.8
98.0
98.6
98.4
98.7
98.9
98.6
97.9
97.8
97.4
97.0
96.6
96.1
95.9
96.3
95.9
96.6
96.7
96.4
96.9
97.2
97.0
96.7
96.6
96.8
96.8
97.8
97.6
96.7
97.4
97.5
97.2
97.0
97.4
95.6
97.8
100.9
102.3
102.6
99.4
104.9
109.6
111.3
111.1
107.4
104.2
105.2
107.9
109.1
108.2
106.1
105.6
102.1
101.7
101.8
99.9
98.8
98.8
98.5
98.2
97.8
97.9
98.1
98.3
97.7
98.1
97.3
97.3
97.3
96.7
96.7
97.0
96.4
96.2
96.2
95.6
96.5
96.5
95.8
95.7
95.2
95.1
95.2
94.6
93.9
94.3
95.0
94.2
93.2
93.0
94.4
94.2
94.7
94.6
93.7
94.9
94.7
94.2
93.9
93.1
93.3
94.2
92.1
92.6
93.7
93.1
90.7
92.2
92.4
93.0
93.3
92.1
92.1
91.8
91.9
91.7
91.5
92.3
91.4
90.7
91.6
91.0
91.7
91.3
91.1
91.0
90.7
90.9
91.1
91.2
91.0
90.7
91.0
90.3
90.0
90.0
90.4
90.4
90.5
89.9
89.6
90.0
90.1
90.1
89.3
89.8
89.4
89.7
89.6
89.8
90.0
89.4
90.0
90.3
89.7
89.4
90.1
89.6
89.6
90.0
89.3
89.1
88.4
88.2
88.2
88.3
89.2
89.7
88.6
88.8
89.2
89.3
89.5
89.0
89.9
92.4
93.7
92.8
91.3
91.0
92.5
93.6
93.9
93.2
93.5
91.9
91.7
92.0
92.6
93.2
92.0
92.0
92.2
91.5
90.2
91.8
92.7
90.8
92.3
91.6
92.4
92.9
92.7
92.2
91.6
90.7
90.8
90.1
90.1
89.7
89.1
89.4
88.8
88.4
88.5
89.3
88.6
89.1
89.0
88.7
87.7
88.0
88.5
87.8
87.7
87.6
90.2
88.0
87.8
88.4
89.8
88.7
86.4
86.2
87.0
85.8
86.1
85.5
84.4
86.0
86.0
85.2
85.6
84.8
86.2
85.7
85.0
85.2
84.7
85.5
85.7
84.6
84.5
84.8
83.3
83.5
84.1
83.2
83.3
85.2
83.6
83.9
82.9
83.7
83.5
83.8
83.5
83.0
83.4
84.0
83.4
82.9
83.9
83.2
82.8
82.4
82.3
82.7
82.8
82.6
82.9
84.3
84.5
84.3
85.1
84.4
85.3
84.7
84.3
83.8
84.3
83.6
83.2
83.9
84.4
84.2
84.4
82.5
83.8
82.6
83.0
82.2
97.2
89.7
89.7
89.8
88.9
90.0
89.5
90.0
90.0
90.0
89.8
89.9
104.8
89.7
89.6
89.7
89.6
89.8
89.8
89.7
89.8
90.0
89.4
90.0
89.9
90.0
89.7
89.8
89.7
89.5
89.7
89.6
89.7
89.7
89.5
89.5
90.0
89.7
90.0
89.8
89.5
89.2
85.2
82.5
82.8
83.2
83.0
83.0
82.7
82.7
83.0
82.7
82.9
83.0
83.0
83.1
82.9
83.1
82.6
82.6
81.9
82.4
82.9
85.1
82.7
80.8
80.9
80.8
81.1
81.9
81.1
80.5
81.1
81.3
82.0
81.8
82.1
81.9
82.2
82.3
82.3
82.9
83.2
83.0
83.8
84.3
84.8
85.1
85.2
85.7
84.8
83.2
83.4
83.4
83.5
83.3
83.1
82.5
82.5
83.1
83.0
82.8
83.6
83.4
82.9
82.7
82.2
82.6
82.9
82.4
82.5
85.5
86.7
84.2
83.2
83.4
83.0
83.0
82.6
82.1
81.8
82.0
82.0
81.4
81.6
81.7
81.4
81.2
81.1
81.3
81.3
81.0
80.3
80.8
80.4
80.4
80.6
80.2
80.7
79.9
80.0
80.1
79.8
80.2
79.7
79.9
80.3
79.9
79.6
79.7
80.3
79.7
79.6
79.3
79.5
80.1
79.0
79.8
79.6
79.3
79.9
79.7
79.7
79.6
79.8
79.4
80.0
79.5
79.8
79.7
79.8
79.8
79.1
80.0
80.7
79.7
81.2
80.6
80.8
80.2
81.0
80.7
80.8
81.1
81.2
80.1
81.2
80.7
81.2
81.4
80.2
80.7
80.6
80.4
80.5
80.3
80.9
80.2
80.3
81.1
80.1
80.1
80.2
79.9
80.2
80.5
80.4
80.7
80.3
79.9
80.1
79.6
79.7
80.2
79.9
79.8
80.4
79.6
80.2
79.8
79.6
79.9
79.3
79.5
80.2
80.0
79.5
79.6
79.7
79.7
80.4
79.2
79.6
79.2
79.3
79.4
79.2
79.5
79.6
78.9
80.4
79.6
79.2
79.3
78.9
79.3
79.0
79.0
79.4
81.1
83.1
78.1
76.8
77.6
78.4
77.9
78.5
78.4
78.2
77.8
77.8
77.9
78.4
77.9
77.8
78.0
77.9
77.6
77.6
77.7
77.5
78.1
77.5
77.7
77.8
77.8
78.8
79.2
78.9
79.2
79.2
79.1
78.6
81.8
81.9
78.8
77.9
77.3
76.6
76.1
78.0
78.4
77.0
76.9
76.4
76.9
76.8
77.1
77.6
77.6
77.2
77.2
77.9
76.9
77.0
76.7
76.8
76.9
76.7
76.5
76.2
76.6
76.3
76.1
75.7
76.1
76.0
76.1
75.6
75.2
75.8
75.2
75.2
75.3
75.3
75.3
75.4
75.1
75.1
75.1
74.7
74.1
73.6
73.3
73.7
72.9
73.1
73.4
73.1
73.2
73.1
72.9
74.4
76.2
74.8
74.6
74.9
74.6
74.6
74.8
74.3
74.1
74.1
73.3
73.0
72.6
73.3
72.7
72.8
72.6
74.3
80.8
85.6
84.8
79.7
77.3
75.8
75.5
75.3
75.9
75.4
73.7
73.5
73.8
74.5
114.8
94.5
95.0
95.0
95.0
95.0
95.0
95.0
95.0
95.0
95.0
95.0
95.0
95.0
95.0
95.0
95.0
95.0
95.0
95.0
95.0
95.0
95.0
95.0
95.0
95.0
95.0
95.0
95.0
95.0
95.0
95.0
95.0
95.0
95.0
95.0
95.0
95.0
95.0
95.0
95.0
95.0
95.0
95.0
95.0
78.3
78.6
77.1
77.4
77.5
76.4
77.1
78.1
76.6
77.5
77.7
77.4
78.4
77.5
76.5
75.7
75.8
77.3
77.7
85.9
97.3
95.0
95.0
95.0
95.0
95.0
95.0
95.0
95.0
95.0
95.0
95.0
95.0
95.0
95.0
95.0
95.0
95.0
95.0
95.0
95.0
95.0
95.0
95.0
95.0
95.0
95.0
95.0
95.0
95.0
95.0
95.0
95.0
95.0
95.0
95.0
95.0
95.0
95.0
95.0
95.0
95.0
95.0
95.0
96.2
95.0
96.0
94.9
95.0
95.0
95.0
95.0
95.0
95.9
95.0
95.0
95.0
95.0
95.0
95.0
95.0
95.0
94.9
94.3
95.1
95.0
95.0
95.0
95.0
95.0
95.0
95.0
95.0
95.0
95.0
95.0
95.0
96.1
95.0
95.0
95.0
95.0
95.0
95.0
95.0
95.0
95.0
95.0
95.0
95.0
95.0
95.0
94.9
95.0
95.0
95.0
94.9
95.0
95.0
95.0
95.0
95.0
95.0
95.0
95.0
95.9
95.0
94.9
94.9
95.0
95.0
95.0
95.0
95.1
95.0
94.9
95.0
95.0
95.0
94.9
94.9
95.0
95.0
94.9
94.9
96.1
95.3
94.9
95.0
95.0
94.9
97.1
96.0
96.0
96.2
95.0
95.0
96.4
94.9
95.9
96.1
95.0
95.0
95.0
95.0
95.0
95.0
96.0
95.0
95.0
95.0
97.1
95.9
95.7
95.5
95.0
95.0
96.0
95.0
96.0
95.0
94.9
95.7
95.1
94.9
95.0
95.0
95.0
94.9
95.0
95.0
94.9
95.0
95.0
95.0
95.0
94.9
94.9
96.3
95.0
95.0
95.0
94.9
95.0
95.1
95.1
95.0
95.1
94.9
95.0
95.0
96.0
95.0
94.9
94.9
95.0
94.9
94.9
96.0
94.9
93.5
95.0
94.9
94.9
95.0
95.0
95.0
95.1
95.0
95.0
95.0
95.0
94.9
94.9
95.0
95.0
95.0
95.0
94.9
95.0
96.1
94.9
95.0
94.9
95.0
95.0
95.0
95.0
95.0
96.0
94.9
95.0
95.0
94.9
95.0
93.5
95.0
95.0
95.0
95.0
96.2
95.0
95.0
95.0
95.0
95.0
95.0
95.0
95.0
96.0
95.0
95.0
94.9
95.0
94.9
95.0
95.0
96.2
95.0
95.0
94.9
95.0
95.0
95.0
95.0
95.0
95.0
95.0
96.0
95.9
95.0
94.9
95.9
94.9
95.0
95.0
94.9
95.0
94.9
95.0
95.0
95.0
94.9
96.2
95.0
95.1
95.0
96.1
94.9
95.0
94.9
95.0
95.0
95.0
94.9
96.0
96.9
94.9
95.0
95.0
97.0
95.2
94.9
95.1
95.0
95.1
94.9
95.0
95.2
95.0
94.9
95.1
95.1
95.9
94.9
94.9
94.9
94.9
94.9
95.1
94.9
96.1
96.0
94.9
94.9
95.0
94.9
96.1
94.9
96.3
95.1
95.0
95.0
95.0
95.0
95.0
95.0
95.0
95.2
96.0
95.0
95.0
95.0
94.9
94.9
96.0
94.9
95.9
95.0
95.1
94.8
95.0
94.9
94.9
96.0
95.0
95.1
94.9
95.0
90.1
104.7
95.0
96.0
94.9
95.9
95.0
95.0
95.0
95.0
96.1
95.0
95.0
95.0
96.0
95.0
94.9
94.9
95.0
94.9
95.0
95.0
95.0
95.0
95.0
95.0
95.0
95.0
95.0
95.0
95.0
95.0
95.0
95.0
95.0
95.0
95.0
95.0
95.0
95.0
95.0
95.0
95.0
95.0
95.0
95.0
95.0
95.0
95.0
95.0
95.0
95.0
95.0
95.0
95.0
95.0
95.0
95.0
95.0
95.0
95.0
95.0
95.0
95.0
95.0
95.0
95.0
95.0
95.0
95.0
95.0
95.0
95.0
95.0
95.0
95.6
95.0
95.0
95.0
95.0
95.0
95.0
95.0
95.0
95.0
95.0
95.0
95.0
95.0
95.0
95.0
95.0
95.0
95.0
94.3
95.0
95.0
95.0
95.0
95.0
95.0
95.0
95.0
95.0
95.0
95.0
95.0
95.0
95.0
95.0
95.0
95.0
95.0
95.0
95.0
95.0
95.0
95.0
95.0
95.0
95.0
95.0
95.0
95.0
95.0
95.0
95.0
95.0
95.0
95.0
95.0
95.0
95.0
95.0
95.0
95.0
95.0
95.0
95.0
95.0
95.0
95.0
95.0
95.0
95.0
95.0
95.0
95.0
95.0
95.0
95.0
95.0
95.0
95.0
95.0
95.0
95.0
95.0
95.0
95.0
95.0
95.0
95.0
95.0
95.0
95.0
95.0
95.0
95.0
95.0
95.0
95.0
95.0
95.0
95.0
95.0
95.0
95.0
95.0
95.0
95.0
95.0
95.0
94.4
95.0
95.0
95.0
95.0
95.0
95.0
95.0
95.0
95.0
95.0
95.2
95.0
95.0
95.0
95.0
95.0
95.0
95.0
95.0
95.0
95.0
95.0
95.0
95.0
95.0
95.0
95.0
95.0
95.0
95.0
95.0
110.9
95.0
95.0
95.0
95.0
95.0
95.0
95.0
95.0
95.0
95.0
95.0
95.0
95.0
95.0
95.0
95.0
95.0
95.0
95.0
95.0
95.0
95.0
95.0
95.0
95.0
95.0
95.0
95.0
95.0
95.0
95.0
95.0
95.0
95.0
95.0
95.0
95.0
95.0
95.0
95.0
95.0
95.0
95.0
95.0
95.0
95.0
95.0
95.0
95.0
95.0
95.0
95.0
95.0
94.9
95.0
95.0
95.0
95.0
95.0
95.0
95.0
95.0
95.0
95.0
95.0
95.0
95.0
95.0
95.0
95.0
95.0
95.0
95.0
95.0
95.0
95.0
95.0
95.0
95.0
95.0
95.0
95.0
95.0
95.0
95.0
95.0
95.0
95.0
95.0
95.0
95.0
95.0
95.0
95.0
95.0
95.0
95.0
95.0
95.0
95.0
95.0
95.0
95.0
95.0
95.0
95.0
95.0
95.0
95.0
95.0
95.0
95.0
95.0
95.0
95.0
95.0
95.0
95.0
95.0
95.0
95.0
95.0
95.0
95.0
95.0
95.0
95.0
95.0
95.4
95.0
95.0
95.0
95.0
95.0
95.0
95.0
95.0
95.0
95.0
95.0
95.0
95.0
89.3
81.9
84.3
83.4
84.7
100.6
90.0
90.0
90.0
90.0
90.0
90.0
90.0
90.0
90.0
90.0
90.0
90.0
90.0
90.0
89.8
90.0
90.0
90.1
90.1
90.1
90.1
90.1
90.0
90.0
91.3
90.3
90.4
90.1
90.1
91.5
90.5
90.4
90.3
90.3
90.9
91.2
90.6
90.6
91.5
90.6
90.3
91.6
91.3
90.7
90.5
90.1
91.6
91.6
90.4
90.3
92.6
90.6
90.4
90.4
91.7
91.5
90.4
90.5
90.5
90.4
90.8
91.5
90.5
90.6
92.9
90.5
90.5
90.6
90.6
90.6
90.7
90.5
90.6
90.7
91.8
90.7
90.6
86.9
85.8
101.1
90.0
89.6
91.0
89.8
90.3
89.4
90.2
89.9
90.8
90.8
90.7
90.8
90.8
90.9
90.7
90.9
90.4
90.1
90.2
90.3
90.6
91.6
90.4
90.9
90.9
91.0
90.7
91.1
91.8
90.6
90.8
91.0
90.9
90.9
91.0
91.0
90.9
90.5
91.9
91.0
90.7
90.8
91.0
91.0
91.1
90.9
103.5
128.1
113.1
91.9
91.1
92.5
91.3
90.6
91.0
90.9
91.5
85.0
81.3
83.0
84.8
83.8
83.9
101.9
90.6
90.6
90.4
89.5
89.9
92.7
117.2
91.2
105.9
104.6
111.0
111.1
111.3
127.3
117.3
106.4
106.3
138.6
97.1
103.6
90.6
89.4
93.6
90.0
89.6
87.5
91.6
90.5
88.4
86.6
85.9
89.3
86.8
87.9
86.5
89.9
87.0
88.8
86.7
88.1
89.3
88.2
87.8
89.4
86.0
90.0
87.5
89.6
87.4
88.5
88.7
87.9
90.4
88.7
88.3
88.1
91.2
93.4
92.4
89.2
93.4
92.8
88.5
89.2
90.2
90.4
91.0
90.7
90.8
94.6
92.6
91.1
93.2
91.1
93.3
91.3
89.8
91.9
90.8
92.4
92.1
99.3
92.8
91.7
89.0
88.3
86.1
88.5
88.5
88.4
89.3
89.8
86.8
89.6
87.6
88.0
86.3
87.6
87.1
87.8
87.3
86.4
87.4
86.8
86.19999999999999
86.78620689655172
86.77931034482758
86.77241379310344
86.76551724137931
86.75862068965517
86.75172413793103
86.7448275862069
86.73793103448276
86.73103448275862
86.72413793103448
86.71724137931034
86.71034482758621
86.70344827586207
86.69655172413793
86.6896551724138
86.68275862068965
86.67586206896551
86.66896551724138
86.66206896551724
86.65517241379311
86.64827586206897
86.64137931034483
86.63448275862069
86.62758620689655
86.62068965517241
86.61379310344827
86.60689655172413
86.6
86.59310344827587
86.58620689655173
86.57931034482759
86.57241379310345
86.56551724137931
86.55862068965517
86.55172413793103
86.54482758620689
86.53793103448277
86.53103448275863
86.52413793103449
86.51724137931035
86.51034482758621
86.50344827586207
86.49655172413793
86.48965517241379
86.48275862068967
86.47586206896553
86.46896551724139
86.46206896551725
86.45517241379311
86.44827586206897
86.44137931034483
86.43448275862069
86.42758620689656
86.42068965517242
86.41379310344828
86.40689655172415
86.4
86.3
85.2
86.1
85.4
85.6
85.8
87.7
97.6
95.8
89.1
89.6
90.7
90.3
89.3
88.3
88.0
93.9
89.1
88.1
89.4
108.8
97.4
94.1
94.1
91.5
90.1
94.2
93.7
103.0
117.7
106.7
112.5
114.0
109.8
109.7
110.6
108.2
106.7
111.4
109.1
105.8
104.4
105.3
101.9
103.1
101.4
101.1
105.0
100.7
106.1
102.6
103.2
107.2
112.4
126.6
127.1
127.7
133.1
128.4
130.4
135.0
137.2
129.8
125.7
123.1
124.2
123.3
123.4
120.6
120.0
123.0
120.0
127.2
124.8
132.3
133.3
127.0
129.6
112.5
107.8
107.2
108.7
107.2
111.6
109.5
126.8
126.3
119.0
108.8
106.9
103.1
107.0
104.9
111.7
107.2
104.1
103.0
101.4
101.1
99.2
99.7
99.6
98.9
98.1
99.0
98.1
96.6
97.9
98.9
97.2
96.8
98.4
97.5
97.4
98.2
96.8
98.7
97.9
97.8
100.4
97.0
98.5
98.7
100.6
96.8
99.9
96.6
97.4
102.0
99.6
122.7
118.1
133.0
128.5
118.5
117.5
112.9
114.0
115.4
112.6
110.3
114.5
112.9
109.2
109.2
109.6
110.3
120.9
113.5
108.4
108.8
109.0
106.8
105.8
127.8
124.2
115.7
110.6
115.0
108.1
108.4
108.7
106.9
105.9
121.0
116.4
102.8
107.5
98.5
95.7
97.3
95.4
95.1
95.2
92.2
94.5
93.6
92.4
92.8
95.5
94.0
92.2
92.3
91.1
92.5
90.6
92.0
90.4
92.1
90.5
91.7
90.9
92.4
91.7
92.9
91.8
91.3
92.0
90.6
92.7
93.6
92.1
91.6
92.5
91.5
92.4
91.5
93.1
91.9
93.8
92.7
93.2
92.8
94.6
96.5
95.9
93.5
93.9
93.0
93.8
93.4
92.9
93.5
105.6
106.2
110.9
102.6
99.6
96.5
95.9
95.5
95.9
98.2
94.5
95.6
99.1
96.2
95.2
96.3
94.1
95.4
95.7
95.7
94.7
100.1
105.9
99.7
98.6
96.8
96.1
97.8
102.5
110.9
107.5
103.6
98.7
96.3
99.1
97.1
96.8
97.9
98.1
98.0
95.6
95.2
93.2
92.4
91.9
91.0
94.9
93.2
92.3
90.1
90.8
90.7
90.5
88.6
88.6
88.9
88.5
89.0
91.2
89.5
89.6
92.3
91.7
93.2
104.9
104.5
100.9
95.9
95.8
95.2
97.3
94.7
95.5
94.5
95.0
93.9
95.1
94.4
94.5
96.5
95.1
94.6
97.1
96.1
95.4
95.8
95.1
96.2
94.9
95.6
99.4
97.5
95.7
95.8
103.4
100.9
98.4
100.1
95.1
96.6
95.4
95.2
96.1
95.2
95.6
96.2
97.2
95.1
95.4
97.6
95.3
98.2
96.8
96.3
95.6
97.7
96.8
98.1
96.7
97.1
96.8
97.7
97.9
97.8
97.2
97.4
98.5
96.7
98.7
95.7
96.4
97.4
98.9
96.7
97.0
98.4
96.8
96.9
96.9
98.1
95.9
97.6
97.2
97.7
97.4
97.1
98.0
100.5
105.4
103.3
105.5
100.3
102.2
107.7
102.2
104.4
107.5
108.6
108.3
107.2
103.5
102.7
103.0
101.6
101.6
100.9
100.9
101.4
101.0
99.9
99.4
99.9
100.5
99.9
99.8
100.4
100.0
99.1
99.9
97.7
98.4
97.8
97.3
98.2
98.7
97.1
96.3
98.2
96.6
97.4
96.5
96.7
97.9
98.1
98.8
97.8
98.0
90.1
88.4
88.7
88.0
88.6
86.6
86.6
86.2
86.4
86.6
85.8
86.0
87.2
87.3
86.4
87.1
86.8
87.0
87.5
88.0
87.8
88.7
88.8
88.5
89.0
91.0
89.4
89.5
90.3
89.9
89.5
90.4
89.5
88.9
90.2
89.3
88.7
89.4
89.9
89.6
89.9
90.8
88.8
90.4
90.3
90.4
90.0
91.8
91.1
96.1
93.8
91.9
91.8
92.1
91.3
91.4
92.0
92.7
91.8
92.8
92.5
93.6
93.6
94.4
94.0
93.6
93.8
95.0
93.2
94.8
94.3
94.5
94.9
94.6
96.1
94.4
95.1
97.0
96.6
96.3
95.6
96.2
97.0
99.4
96.4
96.4
96.7
96.9
96.7
97.5
98.2
95.4
97.4
96.9
95.9
97.3
96.7
99.5
99.9
96.6
97.4
98.0
96.5
97.5
97.9
97.4
97.9
98.7
98.6
99.4
100.5
99.8
100.4
99.8
99.2
100.4
99.3
101.5
103.8
100.5
101.5
98.9
101.0
99.6
101.0
100.5
98.3
99.1
98.7
106.6
110.1
101.7
105.7
101.2
101.7
102.3
100.1
100.4
100.3
100.1
99.4
100.2
99.4
99.8
102.0
100.3
101.3
101.4
100.9
100.9
101.1
101.2
102.4
101.7
101.6
101.2
101.7
101.4
101.0
104.6
103.1
102.9
102.8
103.4
103.2
102.5
103.1
103.0
104.3
109.0
107.4
103.2
103.5
102.9
103.0
102.8
102.4
101.8
101.9
101.8
101.8
101.7
101.4
101.6
102.0
101.6
100.8
100.8
100.8
101.3
104.9
104.0
102.8
102.7
102.7
102.4
102.2
102.1
102.3
102.7
103.4
103.2
104.0
104.2
104.3
103.6
105.5
105.1
105.7
106.5
106.2
106.4
106.6
105.6
107.5
105.9
107.0
106.5
106.5
108.9
107.5
109.1
108.0
108.7
108.3
107.6
108.4
108.5
108.6
109.4
109.5
116.4
119.5
114.1
113.2
116.9
112.8
111.1
110.8
106.0
99.1
95.2
93.7
94.2
93.2
93.2
93.3
98.0
95.5
94.6
93.4
92.6
93.6
92.7
94.9
93.4
93.3
93.9
93.6
94.6
93.8
93.2
94.3
94.3
93.3
93.2
93.3
93.0
94.0
95.6
93.2
94.0
94.4
93.8
94.3
94.7
95.0
95.0
94.8
101.6
96.4
94.6
94.5
94.6
94.1
94.6
95.2
94.4
95.1
95.1
94.7
94.8
94.8
95.0
95.5
94.6
95.0
94.8
95.2
94.6
95.5
94.7
95.2
95.4
95.8
95.3
95.7
95.3
99.0
97.4
97.7
99.0
96.4
96.1
96.3
97.1
95.8
95.4
97.5
96.1
98.3
98.0
99.9
105.5
104.6
103.3
102.5
102.8
100.2
100.2
108.9
117.0
113.7
111.1
111.9
111.2
113.8
108.0
106.7
104.7
103.7
103.1
103.1
102.2
102.4
102.6
104.3
103.6
102.2
103.2
102.9
105.3
103.4
102.7
102.3
101.7
102.2
101.3
100.8
100.0
100.4
100.3
99.8
99.6
99.4
99.4
99.3
99.8
99.5
100.2
98.6
99.5
100.0
99.0
99.1
99.3
100.8
99.0
100.1
99.6
100.5
99.6
99.7
98.6
98.8
98.6
98.0
97.8
98.5
99.2
99.3
98.1
97.6
98.8
102.9
98.5
98.4
97.5
97.2
96.4
96.1
95.7
95.1
95.3
95.3
94.9
94.6
95.1
94.7
94.5
94.6
94.3
94.1
94.2
94.0
94.3
94.3
93.6
93.9
93.8
94.4
94.0
93.5
94.7
94.3
93.3
93.9
93.5
93.6
93.8
93.6
93.5
96.9
102.6
104.6
101.9
101.3
102.0
98.4
97.1
97.2
95.6
95.2
96.0
94.8
95.5
94.8
94.4
95.3
94.2
94.2
94.2
94.4
93.9
99.5
93.0
93.9
96.0
95.1
94.3
93.8
94.0
93.3
93.2
93.4
93.4
93.8
93.5
93.9
94.4
94.7
94.0
94.2
94.2
93.9
94.4
94.4
93.4
94.2
94.0
93.8
94.2
94.2
95.8
94.0
94.1
95.3
93.7
94.7
94.0
93.6
93.5
93.7
93.4
93.6
93.2
101.2
98.7
96.9
98.0
97.0
98.9
97.6
99.0
99.9
97.3
96.5
96.6
97.7
102.0
99.0
98.4
100.5
97.0
96.7
97.7
95.4
95.7
96.1
95.4
95.1
95.0
95.4
94.5
94.9
95.3
95.2
94.7
94.9
94.4
94.4
94.1
93.8
94.7
94.5
95.3
99.2
95.6
95.2
94.2
94.3
94.6
91.6
94.9
87.4
85.2
83.3
83.1
82.5
82.2
82.0
81.7
81.8
81.8
82.5
81.8
81.6
82.2
81.9
92.1
89.4
98.8
99.4
103.1
103.6
100.5
98.3
101.7
97.4
93.3
92.1
92.3
92.4
92.9
92.1
92.8
93.5
93.2
93.2
93.7
94.3
93.3
93.7
93.1
93.9
93.4
93.5
93.3
93.4
93.5
93.5
93.6
93.5
94.3
94.4
93.8
94.3
94.1
94.4
94.4
94.2
94.3
94.2
94.1
94.8
95.4
101.3
101.0
100.0
100.3
100.3
100.3
100.6
101.1
105.1
105.1
103.4
103.3
100.1
100.1
98.9
99.0
99.4
99.0
98.3
98.5
99.1
97.6
99.0
98.8
98.8
99.2
99.4
99.1
101.0
100.7
100.6
99.9
102.8
100.9
103.3
101.9
102.0
101.1
102.0
101.0
102.1
102.3
101.4
101.9
100.9
100.7
101.4
100.3
100.7
103.0
103.5
101.0
101.3
102.4
100.3
100.9
100.8
101.3
101.4
101.1
100.6
101.1
101.4
100.7
100.3
99.5
100.0
99.4
99.7
98.5
99.9
98.6
99.4
98.9
101.3
104.5
103.2
104.1
102.8
102.5
102.3
102.2
102.1
103.1
103.5
102.3
101.6
102.1
106.8
106.6
101.4
101.2
101.2
100.5
100.5
99.6
99.8
100.3
99.2
99.8
98.4
98.1
98.7
99.5
98.7
100.1
99.5
99.2
98.0
98.2
98.4
98.4
97.6
97.7
97.3
97.4
97.5
98.0
100.0
101.0
100.2
98.9
99.1
98.9
101.2
99.6
99.6
100.6
99.3
99.3
100.4
99.6
100.7
99.8
100.1
100.1
99.9
100.2
102.0
100.7
101.2
101.0
101.6
102.3
101.7
102.9
104.6
104.9
105.1
104.9
104.6
104.2
104.1
104.1
104.1
104.3
104.3
105.6
107.5
106.2
106.5
107.0
109.3
111.7
109.2
108.8
108.9
110.6
110.3
110.3
110.0
111.4
113.3
114.7
113.8
113.9
114.5
115.1
115.1
114.8
113.9
113.8
114.6
114.2
113.8
114.4
114.2
114.3
115.6
117.8
116.1
114.6
105.3
102.9
98.7
98.0
96.9
97.2
96.1
97.2
96.6
96.7
96.6
96.6
96.9
96.1
96.0
96.2
96.0
96.2
96.1
95.5
96.3
96.0
96.6
97.3
97.1
96.5
96.2
97.1
96.6
98.6
96.9
97.2
96.9
96.6
96.6
96.9
96.8
96.9
96.9
97.6
96.8
96.8
96.7
97.1
96.9
97.5
96.1
96.4
96.6
95.9
96.6
97.2
97.2
98.2
98.8
100.9
99.6
98.5
98.7
98.0
98.0
97.9
99.3
97.9
98.3
98.8
98.9
98.2
100.8
100.2
101.0
100.0
100.3
100.8
110.7
108.2
104.1
104.1
103.9
103.2
101.9
101.7
101.9
102.5
101.7
102.4
102.6
103.4
102.9
102.9
103.3
103.1
103.6
104.7
112.9
112.0
107.7
106.2
106.0
104.5
104.4
104.6
104.3
104.7
104.1
103.6
103.6
103.5
103.3
103.2
104.0
103.9
103.3
103.2
103.4
103.1
103.4
103.1
102.9
103.0
102.6
102.2
102.7
104.5
105.9
104.7
103.4
104.7
104.5
104.1
104.9
105.0
104.4
105.6
105.6
106.4
106.2
106.5
105.8
108.0
112.3
108.4
108.2
107.1
106.3
106.2
105.7
105.8
105.1
103.7
104.0
103.4
103.7
104.0
103.4
103.8
103.6
103.5
99.7
97.4
96.4
93.6
91.3
90.2
89.4
89.3
88.8
89.5
91.6
90.5
89.7
89.2
90.0
88.0
90.7
93.0
94.5
92.5
91.0
89.9
90.2
89.5
88.5
88.1
91.0
90.7
89.3
89.9
89.2
87.9
87.3
87.2
86.8
87.5
87.1
87.1
86.8
86.9
88.4
86.7
87.6
86.6
86.0
85.7
83.6
82.4
81.4
81.7
81.0
81.0
80.3
81.1
80.9
79.8
79.2
79.0
78.7
78.7
78.3
78.0
77.5
77.5
77.6
76.8
77.1
76.3
76.4
76.0
78.6
77.9
77.5
79.8
77.4
76.3
80.7
77.0
77.0
79.4
79.4
78.5
76.9
77.2
77.6
77.5
75.0
77.1
75.6
75.0
74.4
75.7
75.3
75.9
76.0
75.5
76.6
75.2
75.1
75.8
74.8
74.8
74.2
74.9
73.8
75.7
78.1
74.6
74.6
74.5
74.7
74.1
73.6
73.3
73.8
73.7
73.0
73.0
73.0
73.0
73.1
72.7
73.8
73.3
73.1
76.0
71.4
71.1
71.6
72.7
72.8
72.0
73.2
74.6
72.4
72.2
72.5
72.7
72.3
74.6
74.6
74.2
72.9
73.2
72.6
73.4
72.7
73.1
74.8
72.2
72.4
72.6
72.4
72.9
74.6
75.6
72.9
72.9
74.5
73.9
72.8
75.3
74.1
73.8
74.0
75.8
76.0
75.6
77.2
74.0
76.6
74.8
74.2
76.6
73.9
74.8
74.0
74.4
75.0
73.5
73.5
74.1
74.5
74.9
75.5
75.3
76.1
76.6
80.1
84.1
90.6
95.7
101.0
97.4
104.9
98.9
95.4
91.3
89.1
86.4
85.6
85.5
84.2
85.1
87.1
83.7
82.6
82.0
81.0
80.9
80.4
79.9
80.1
80.7
79.8
80.2
81.1
82.1
84.0
85.9
84.7
82.4
82.1
81.1
81.2
80.8
80.3
85.7
84.8
84.2
81.9
81.9
82.1
82.7
81.5
82.8
81.4
81.1
83.7
81.3
80.7
80.2
82.9
80.5
80.4
80.6
82.1
85.8
83.2
81.5
84.3
83.9
82.2
83.0
82.5
83.2
82.9
86.9
83.9
86.1
84.2
84.5
83.5
85.2
93.2
106.6
102.3
96.7
92.3
90.0
87.9
87.8
85.7
86.6
85.7
85.1
84.8
84.7
86.7
85.9
86.1
85.4
84.7
84.5
84.6
84.6
84.1
83.7
84.7
84.5
84.7
84.9
86.8
90.6
86.6
85.2
85.1
84.0
88.0
84.0
84.9
88.7
87.8
86.5
86.3
86.5
89.3
86.4
89.1
86.3
87.5
86.4
88.6
87.8
86.3
86.8
88.5
86.7
88.0
87.7
90.9
99.6
93.6
94.1
90.0
89.2
90.2
109.3
103.3
97.2
97.6
94.5
92.3
91.9
91.9
91.5
92.2
91.2
92.6
89.6
90.2
89.0
88.4
92.1
87.0
86.4
86.7
87.2
87.5
88.2
86.8
87.5
86.4
90.1
92.2
95.2
97.3
105.5
105.2
110.6
110.6
102.5
97.8
96.2
94.2
92.4
91.4
90.7
90.0
91.0
89.5
90.3
90.8
91.0
90.6
90.4
90.5
90.5
89.8
90.0
90.0
89.7
89.5
90.0
90.0
89.6
89.5
89.6
90.3
89.5
89.1
89.0
89.6
88.5
88.9
90.5
87.4
87.5
88.0
88.3
88.1
87.5
88.5
87.4
88.4
87.3
87.9
87.2
87.9
87.1
89.4
92.7
94.3
90.4
89.7
93.7
90.5
89.7
88.8
88.8
91.3
88.0
88.1
88.1
89.0
88.9
88.4
88.8
88.8
89.2
88.9
88.1
88.7
88.6
88.5
90.9
90.7
90.5
89.1
89.2
89.5
100.6
94.0
108.0
103.6
97.9
97.9
97.4
94.6
94.8
94.3
96.6
98.7
95.2
97.9
96.4
95.6
95.8
96.0
95.6
95.8
96.1
96.1
96.0
96.3
98.9
96.6
97.0
96.4
96.9
97.7
97.0
96.6
96.8
96.1
98.0
97.7
97.8
96.9
97.3
99.9
96.5
96.1
96.5
97.3
97.8
97.0
97.3
97.1
97.5
98.3
96.5
96.0
99.4
97.2
95.6
96.4
96.3
96.2
95.8
96.1
95.4
97.0
96.9
94.5
95.6
96.5
95.6
94.9
95.4
94.6
95.4
93.6
93.2
93.3
93.4
92.6
93.9
91.6
91.4
91.9
91.4
91.5
91.3
91.7
91.0
91.0
91.1
90.6
90.8
91.0
90.1
90.3
90.7
90.5
90.4
90.0
90.0
90.2
90.0
91.8
92.1
91.2
92.6
91.4
91.4
91.0
90.4
90.6
89.9
90.1
89.4
89.9
89.6
90.2
89.8
89.8
92.1
89.7
90.8
90.4
91.3
92.9
91.3
91.0
92.0
91.1
91.3
92.7
91.5
92.1
92.9
92.8
93.5
92.4
92.0
92.5
92.1
94.4
98.3
94.2
93.6
96.4
93.7
95.6
94.9
93.9
94.8
94.8
93.8
94.6
94.3
93.7
95.0
100.5
96.4
95.3
95.4
94.2
95.7
95.0
93.8
94.6
94.8
95.0
94.4
94.1
93.7
94.2
94.0
94.7
95.5
94.1
94.7
94.5
95.0
94.7
94.6
95.0
96.8
94.5
94.3
95.2
96.7
93.2
94.0
94.1
94.4
93.2
94.0
93.6
93.7
93.7
93.6
95.0
92.9
93.4
92.3
92.9
92.7
92.5
91.6
92.5
91.4
91.6
91.8
91.0
91.4
90.6
90.5
90.1
90.3
89.2
90.0
91.7
90.4
90.3
92.4
94.6
91.3
92.9
91.7
92.3
94.3
106.0
105.2
102.4
98.3
96.4
94.7
94.9
93.3
93.7
93.4
93.2
93.4
93.1
93.2
93.5
92.9
92.9
92.1
89.8
86.8
85.0
83.6
83.6
82.6
83.2
82.7
82.9
82.8
83.8
82.9
83.1
83.3
85.3
84.2
83.4
83.9
83.2
83.3
84.4
83.7
82.3
83.0
82.7
82.5
82.8
82.7
82.9
82.4
82.8
82.3
82.4
83.5
82.3
82.7
82.7
82.7
83.0
82.8
82.8
82.9
83.1
83.1
82.9
84.1
83.9
82.9
83.6
83.3
83.5
83.6
84.2
84.3
84.0
84.1
87.0
84.4
84.5
84.6
86.9
84.8
85.3
85.3
86.6
85.8
85.4
86.0
85.7
86.1
87.3
86.7
88.3
86.3
86.9
88.3
88.2
86.5
87.5
88.0
87.1
87.2
88.9
87.5
88.8
89.8
87.3
87.8
87.5
87.3
87.8
88.6
88.2
88.2
90.4
94.8
91.8
89.3
89.3
89.2
89.6
89.8
89.1
89.2
89.3
89.4
90.5
92.6
94.6
95.5
92.4
92.7
92.4
91.1
91.8
90.8
90.7
89.8
91.4
91.3
91.4
90.6
94.1
102.3
107.0
109.0
104.6
96.8
94.9
93.5
92.3
92.0
92.0
91.9
91.2
92.0
91.7
91.7
92.6
91.0
92.1
91.0
91.6
91.2
90.4
91.7
93.5
91.5
90.4
91.0
90.6
92.6
94.6
93.5
94.6
91.9
93.1
91.5
93.1
96.4
93.1
92.6
92.9
92.5
93.0
93.4
92.6
94.4
93.0
90.3
90.9
90.6
89.4
90.5
89.3
92.3
94.2
89.5
89.8
89.6
90.1
92.6
88.6
89.0
88.9
89.1
89.0
89.2
89.6
89.4
89.7
89.2
89.2
89.5
89.1
89.3
90.3
91.1
91.6
96.0
96.1
91.6
90.5
91.0
91.0
90.1
90.8
90.5
92.3
92.9
94.0
95.6
93.5
92.1
92.7
93.8
92.5
91.5
92.5
92.6
92.4
92.1
92.1
95.0
97.8
93.2
91.9
94.2
93.3
91.8
92.1
92.0
92.7
91.5
91.7
92.4
91.5
91.1
91.4
91.4
90.6
91.2
90.5
91.4
91.2
92.0
92.1
91.9
91.1
92.0
90.5
89.8
90.1
89.9
90.0
89.2
89.6
89.4
90.1
90.0
89.2
89.0
88.8
89.1
88.9
88.7
91.0
90.0
92.5
95.7
93.2
96.7
93.5
92.9
92.0
91.3
93.3
91.0
90.7
91.3
90.9
90.4
90.6
90.0
89.9
89.4
89.8
89.4
89.7
89.8
88.9
88.7
89.0
88.7
89.0
88.8
89.2
88.0
87.9
88.4
88.4
88.3
88.0
89.3
89.7
87.8
87.8
88.3
87.9
87.9
88.0
88.2
87.8
87.7
87.8
87.7
87.2
87.5
87.6
87.2
87.4
88.2
87.4
87.5
88.1
91.9
91.9
91.7
90.4
90.1
91.7
91.6
93.0
91.5
90.0
90.2
90.0
90.1
90.4
92.8
90.8
91.5
92.6
91.3
90.5
90.9
90.1
89.6
89.6
89.1
88.9
88.9
88.4
88.3
88.2
88.2
87.9
87.9
88.4
90.6
88.6
87.0
87.7
87.6
87.0
87.4
87.1
88.6
87.0
87.0
87.1
87.2
87.2
87.1
86.3
86.3
86.5
86.8
88.1
86.3
86.6
86.3
86.2
86.5
85.9
86.6
86.6
86.0
89.2
88.0
86.0
86.2
86.1
87.1
86.8
86.7
86.3
87.1
86.9
90.2
87.5
87.6
87.5
87.3
88.0
87.9
89.1
88.1
90.2
90.0
89.1
89.0
88.9
89.8
88.3
89.3
89.1
88.7
89.8
88.7
88.8
88.2
88.0
89.4
87.8
87.5
87.4
87.0
87.3
89.0
88.2
88.7
90.3
85.6
82.5
81.6
80.7
80.1
80.1
79.3
79.4
79.2
79.4
80.0
79.0
79.0
79.4
78.6
79.4
78.9
78.8
78.8
79.4
80.0
79.3
79.3
79.6
79.0
79.0
79.0
79.0
79.0
79.0
79.0
79.0
79.0
79.0
78.7
80.6
81.5
79.6
79.9
80.7
81.0
81.2
80.7
81.4
80.9
81.3
81.4
81.6
82.8
83.0
86.9
86.9
87.2
83.2
82.4
82.9
83.0
82.5
82.5
82.2
82.7
82.9
82.7
82.9
83.0
82.7
82.4
82.4
82.5
83.0
82.7
82.6
82.0
82.4
82.4
82.0
82.4
82.1
82.3
82.9
82.6
82.0
82.3
82.2
82.0
82.0
81.6
81.4
81.8
81.2
81.0
81.4
82.5
81.3
81.6
82.8
86.4
87.5
90.8
93.3
97.4
95.4
92.1
91.3
90.0
88.9
88.1
88.3
88.4
89.3
89.0
89.2
88.4
88.1
87.8
88.2
88.5
89.7
88.2
88.2
90.2
87.9
88.7
89.1
90.8
90.2
89.5
89.8
89.5
90.7
88.8
90.1
89.2
89.5
88.1
89.1
88.2
89.2
90.0
89.5
88.5
89.3
92.5
92.1
92.1
92.2
90.5
90.9
89.6
90.1
89.9
90.3
90.2
89.5
89.4
88.9
88.0
88.0
87.8
87.9
87.9
87.0
87.5
87.1
87.5
87.6
87.1
87.2
87.8
87.0
87.3
87.5
86.5
86.0
85.9
86.0
85.3
85.9
85.9
85.9
85.7
85.8
85.4
84.7
83.9
83.0
83.0
85.5
84.1
85.1
88.5
86.0
83.9
84.1
85.3
84.8
83.8
83.1
82.2
82.8
83.3
85.8
85.1
84.2
84.7
84.7
84.5
82.6
81.6
81.8
82.9
85.2
82.7
81.3
83.5
81.4
81.5
81.2
80.5
80.7
80.3
80.0
80.8
82.5
78.8
78.7
80.2
79.2
79.4
82.6
80.5
78.5
78.4
78.7
78.3
80.1
79.3
77.3
77.4
77.2
77.4
77.1
76.9
76.0
76.3
76.3
77.8
76.6
76.3
76.0
76.6
75.9
76.5
77.0
75.7
75.0
75.4
75.0
76.0
75.0
76.1
75.1
74.3
74.0
74.5
75.1
81.3
87.0
89.5
98.6
97.2
90.9
87.6
83.9
82.6
80.7
78.8
78.0
77.8
77.0
77.0
76.7
76.3
76.0
76.7
76.8
76.5
77.0
76.7
76.9
77.0
76.4
76.3
76.3
76.8
76.2
76.7
75.8
76.0
75.7
76.0
75.1
74.6
75.0
76.2
75.0
75.0
75.7
74.9
74.7
75.0
74.7
75.0
75.1
75.0
75.8
74.8
76.5
76.0
75.5
77.8
77.2
82.0
84.7
80.4
78.0
78.1
76.9
77.4
76.0
75.2
75.2
75.7
76.2
76.6
75.0
75.6
76.1
75.9
75.6
75.3
75.7
77.8
77.8
76.3
77.9
77.7
77.3
77.0
76.8
76.9
76.5
76.3
76.7
77.2
77.9
77.5
76.8
76.9
80.5
78.0
77.0
77.0
77.0
77.3
77.2
77.0
76.6
76.6
76.6
76.9
77.9
77.9
82.1
89.4
87.5
82.1
82.1
79.8
80.0
81.3
80.0
81.1
81.2
79.5
79.1
79.4
79.0
78.3
78.0
78.0
78.0
78.2
78.2
79.1
78.2
78.1
79.0
79.0
79.1
78.3
78.6
78.4
78.8
78.7
79.0
80.8
78.6
78.5
78.6
78.8
79.9
84.6
82.4
81.6
80.5
80.9
80.2
80.0
80.1
79.8
79.8
79.5
79.5
80.5
80.6
79.4
81.0
81.7
80.8
81.6
81.3
82.1
83.7
81.2
81.4
81.7
82.0
81.5
81.7
82.6
83.1
82.0
81.5
81.7
80.5
80.4
80.3
80.6
80.4
80.8
80.2
82.3
81.8
80.0
80.2
79.9
79.3
79.8
80.0
79.8
80.2
79.4
79.6
79.8
79.0
79.7
79.7
80.1
79.1
79.7
79.1
79.1
79.2
79.0
78.4
79.0
78.2
79.0
78.8
78.9
80.1
79.0
79.9
82.7
82.2
80.2
80.1
79.5
80.0
79.8
79.0
80.2
80.1
84.3
81.1
86.4
84.2
80.9
82.0
81.0
80.5
80.4
80.0
79.2
79.2
81.6
85.6
79.6
79.3
80.2
79.7
79.8
79.9
79.3
79.7
80.5
78.8
79.3
79.2
79.7
79.8
80.9
79.6
90.8
86.3
82.4
81.4
80.9
83.0
81.4
80.7
80.5
81.2
80.3
80.6
80.1
81.1
81.1
80.6
79.7
80.4
81.0
81.3
80.9
80.0
80.4
80.3
80.5
80.3
81.7
80.5
81.6
81.1
80.6
80.4
80.5
80.5
80.1
80.5
81.4
82.3
83.1
83.0
83.5
83.8
83.8
83.8
83.5
86.1
84.5
84.6
84.8
84.4
85.6
91.9
105.8
111.8
108.4
104.2
99.6
95.9
93.3
91.6
92.5
91.4
95.2
101.5
97.9
98.0
95.4
96.5
93.5
91.4
93.6
92.4
90.9
91.3
90.8
90.6
94.0
95.7
92.0
90.0
90.1
92.1
93.6
90.6
90.8
93.3
92.9
93.4
91.5
91.7
92.8
93.1
92.4
91.7
91.7
92.3
91.7
93.3
89.9
89.2
91.0
92.9
92.5
90.9
91.7
92.0
89.8
90.1
91.6
89.7
89.6
89.9
88.3
88.6
89.0
90.6
89.9
88.6
88.3
89.1
88.0
88.9
87.3
88.6
88.3
88.2
87.5
92.2
94.1
88.8
88.3
89.8
87.2
87.0
87.3
86.9
87.3
86.6
88.2
86.0
86.6
87.4
85.3
85.9
86.1
86.1
86.6
86.8
87.3
85.5
86.2
86.7
88.8
90.4
86.1
86.4
87.2
89.7
86.2
87.0
87.5
88.1
88.0
85.9
87.2
87.3
86.9
88.0
86.5
86.2
86.8
87.4
85.7
86.8
87.0
87.5
87.7
86.3
89.5
90.9
87.4
88.1
88.9
89.5
88.7
87.8
88.1
88.3
87.8
88.2
88.6
89.0
87.9
87.9
89.5
89.1
89.8
89.6
89.9
89.0
90.2
97.4
95.8
92.2
98.2
93.9
92.2
93.1
93.3
102.5
108.7
116.2
109.5
110.5
106.8
103.6
102.4
102.4
100.5
99.7
99.1
98.2
98.6
98.3
97.2
96.5
96.4
95.7
95.9
95.1
94.7
94.3
97.4
97.3
94.2
96.2
93.3
95.5
95.2
96.6
95.2
94.3
95.3
95.6
94.6
94.5
93.9
91.9
91.2
92.0
91.3
91.1
89.4
90.0
91.3
88.3
87.1
87.2
87.6
86.5
85.5
85.4
85.3
86.2
87.4
86.1
87.1
86.6
83.9
83.7
83.1
82.0
81.4
80.9
80.7
82.3
85.6
89.0
85.1
84.1
83.3
81.5
81.8
80.5
81.1
82.9
81.3
80.5
84.0
87.2
81.3
81.0
80.9
80.1
80.0
79.5
81.0
80.7
80.2
81.4
80.2
80.0
80.4
80.1
79.3
79.9
79.1
79.2
78.8
79.7
79.4
79.8
79.3
79.3
79.0
78.0
77.5
77.5
83.1
80.4
79.9
80.1
80.0
80.0
79.8
79.7
80.0
79.7
79.4
79.7
79.7
79.2
79.4
79.7
79.3
78.9
79.5
79.9
84.9
91.7
100.6
101.4
97.3
91.1
89.6
87.0
86.3
85.6
85.1
84.7
84.8
84.4
85.6
85.5
85.1
86.6
85.9
85.0
85.0
85.0
84.0
84.6
84.5
83.8
87.7
90.6
87.3
86.6
87.9
90.7
92.5
99.7
108.7
109.2
108.6
103.9
98.7
95.9
93.5
93.2
90.7
91.1
93.2
93.6
90.6
89.2
88.9
91.2
98.7
94.9
91.3
89.6
89.4
94.6
99.2
97.2
93.1
91.0
95.4
93.6
90.1
89.4
88.3
88.4
88.6
86.3
86.7
85.9
86.3
90.0
98.7
103.7
100.5
110.7
103.7
110.0
111.2
108.6
110.8
107.5
106.9
103.4
110.8
104.0
98.3
96.4
95.3
93.6
95.5
93.0
92.5
91.2
91.2
94.5
91.1
90.6
90.6
90.4
89.6
89.8
91.6
90.4
90.8
88.0
88.0
88.2
88.3
87.4
87.7
91.1
87.7
87.2
86.7
87.9
88.7
85.2
85.9
85.4
83.2
84.9
84.9
90.5
93.8
86.5
83.1
83.7
81.6
85.0
82.6
81.9
82.2
80.1
86.2
79.8
80.7
80.8
80.6
84.0
82.0
83.8
79.4
81.5
79.4
80.7
79.4
80.7
82.1
80.4
79.9
81.0
79.2
83.5
80.1
80.2
81.2
80.8
79.1
78.9
79.1
80.0
79.0
78.8
79.9
78.7
78.8
82.3
83.2
85.2
84.1
84.1
90.3
87.0
81.8
80.1
80.3
79.8
79.7
78.7
79.0
78.5
78.6
78.4
79.1
78.2
79.0
79.7
78.2
79.0
79.4
78.8
79.5
78.6
78.4
78.8
78.6
78.1
78.3
78.5
78.0
78.2
78.6
78.2
78.5
78.2
78.3
78.2
78.2
78.4
78.4
78.7
78.0
77.9
78.1
78.1
78.2
77.5
77.7
77.3
77.8
79.0
76.9
77.6
80.6
85.2
80.1
78.6
79.0
78.5
77.8
78.6
78.2
78.3
77.8
79.5
79.3
77.6
78.9
79.0
79.8
78.5
78.3
79.1
78.8
79.1
79.2
78.9
79.0
79.7
80.2
84.3
83.1
82.5
82.3
81.8
81.2
81.0
80.3
80.7
80.6
81.2
80.7
82.3
88.6
88.1
87.2
87.9
88.8
91.0
104.9
110.4
103.4
107.0
108.2
103.1
102.0
98.1
98.4
102.5
99.3
93.9
93.0
93.5
93.4
92.2
91.8
91.0
90.9
90.9
90.6
90.1
90.0
89.4
89.2
89.2
89.2
88.7
88.2
88.1
89.0
87.2
87.1
87.1
86.9
86.7
86.6
88.0
90.4
88.3
87.2
86.7
86.2
86.4
86.1
86.1
85.8
85.3
85.2
85.3
84.9
85.5
85.4
85.0
85.1
85.3
85.3
85.0
85.1
85.1
84.9
85.1
84.9
85.0
85.3
85.2
84.5
85.0
84.7
84.3
84.1
84.2
84.6
84.3
84.7
85.0
84.7
85.0
85.2
85.0
85.5
85.5
85.5
86.1
85.9
85.7
85.8
85.3
86.0
85.9
85.7
85.5
86.4
85.9
86.2
86.4
86.1
86.0
86.9
86.5
86.8
86.3
85.8
86.7
86.7
86.5
86.9
86.3
87.0
86.7
86.8
86.7
87.2
86.7
86.9
87.0
87.0
87.2
86.9
87.2
87.5
87.0
87.1
87.7
87.3
87.3
87.6
87.7
87.9
88.0
88.5
87.8
88.2
88.3
88.3
88.5
88.6
88.5
88.6
88.6
88.5
88.6
88.3
88.9
88.9
89.2
89.4
89.2
89.1
89.8
90.4
100.2
102.5
104.5
105.5
102.7
102.5
99.4
97.6
95.8
94.6
94.7
94.1
93.6
93.3
92.7
92.7
92.6
92.9
92.6
92.8
92.4
92.5
92.2
92.4
92.5
92.3
92.2
92.3
92.2
92.5
92.5
92.9
92.9
93.0
93.1
93.0
93.0
93.0
93.0
93.0
92.9
92.8
93.0
92.9
93.6
93.4
93.3
94.2
93.9
101.3
101.2
99.8
100.5
98.6
97.9
97.1
96.0
96.5
96.4
95.7
95.6
95.6
95.7
95.7
97.5
103.8
101.2
100.5
99.4
98.3
97.7
98.0
97.3
96.8
97.1
96.8
97.0
97.9
98.5
99.9
101.4
106.2
105.3
110.0
119.3
117.0
114.9
120.7
119.7
116.2
115.0
113.9
112.6
109.9
108.1
106.9
106.5
105.5
104.6
104.4
103.6
103.7
104.7
103.7
102.6
101.7
101.9
101.2
101.2
100.1
99.9
100.5
101.0
100.0
100.0
99.6
98.8
99.1
98.5
97.9
97.0
96.3
96.4
96.2
96.2
96.5
96.7
96.2
96.1
96.1
95.7
96.4
95.7
95.6
95.8
96.3
96.4
96.9
103.2
102.5
99.9
101.4
101.2
99.2
101.1
100.1
99.7
98.7
97.1
95.9
95.1
95.0
94.9
95.5
96.9
99.1
96.1
94.1
94.0
93.4
93.0
92.8
91.6
92.0
92.0
91.5
91.9
91.5
91.9
90.8
90.9
90.9
90.1
90.1
90.0
89.9
91.3
91.2
90.0
90.4
90.6
90.9
91.1
89.9
89.2
89.6
89.2
92.0
94.9
91.8
92.0
94.1
92.1
90.8
91.1
91.9
91.3
90.7
90.7
91.1
92.4
91.1
89.9
90.5
92.3
90.2
89.9
90.0
90.0
90.2
90.5
89.4
89.9
89.7
90.1
89.8
89.5
89.7
90.2
89.7
90.0
89.8
90.6
89.9
89.9
91.8
90.6
92.5
93.2
92.8
93.9
97.5
94.5
93.1
93.0
92.3
93.0
92.3
92.0
91.3
91.6
91.1
91.0
90.6
90.4
90.9
92.4
94.3
91.2
91.0
93.9
91.5
90.8
90.8
90.9
94.8
95.0
98.8
100.8
98.9
95.5
94.8
95.3
93.7
93.0
92.1
92.0
92.2
92.0
92.6
92.6
92.6
93.6
90.6
90.5
91.9
95.6
90.7
90.7
90.2
90.0
90.0
90.0
89.3
90.0
89.9
89.6
89.2
89.6
89.3
89.0
88.2
88.8
89.1
89.0
89.0
89.0
88.4
88.0
88.1
87.8
87.6
90.0
89.4
87.5
88.0
88.0
87.9
87.5
89.1
90.3
88.9
89.0
90.6
90.7
90.3
90.7
90.0
89.8
90.0
89.6
89.8
89.1
88.8
92.2
90.6
89.6
90.9
92.3
91.4
99.8
101.8
98.7
97.0
99.4
100.2
100.8
102.0
102.3
109.1
117.1
118.6
111.1
108.2
107.4
107.6
113.8
107.4
118.5
125.3
127.2
122.5
118.0
121.7
115.5
112.2
111.3
110.5
110.9
108.8
106.4
107.9
107.8
105.2
103.3
104.7
106.6
104.2
101.7
100.6
101.6
100.5
102.9
100.8
100.5
100.1
97.8
98.9
100.6
99.3
98.9
99.4
98.7
97.9
98.6
98.5
102.6
97.4
96.3
97.1
96.3
95.3
98.7
94.3
94.2
94.8
94.1
93.1
94.1
92.9
92.4
93.9
93.6
93.0
91.9
94.2
93.3
92.4
93.3
94.7
93.4
94.3
92.8
95.4
92.8
92.9
93.2
93.7
94.4
95.4
94.2
94.2
92.0
94.0
94.3
93.7
93.5
93.4
93.0
93.6
92.8
92.3
92.2
92.5
95.0
93.0
92.8
93.5
93.6
92.2
94.6
91.9
94.7
93.1
93.5
93.7
93.6
93.0
92.2
92.2
92.6
92.0
95.2
94.3
92.0
92.8
92.3
91.2
91.1
92.0
92.4
91.4
91.5
91.9
91.1
91.2
91.4
92.0
91.8
90.9
92.3
91.6
90.7
91.6
91.0
95.0
95.4
93.4
93.0
91.5
91.4
91.0
90.6
91.3
90.6
90.3
90.0
90.7
90.3
90.6
90.7
89.8
90.0
89.3
90.1
89.2
89.4
89.3
89.7
91.2
93.6
90.9
93.8
90.2
90.7
90.5
90.4
90.9
92.2
94.6
92.2
93.0
95.4
97.7
97.4
96.9
95.0
96.0
95.1
94.4
93.6
93.9
93.7
97.0
95.0
93.8
96.2
94.3
94.9
96.2
94.4
94.6
93.9
93.3
92.9
92.0
92.2
92.6
91.7
91.1
90.0
88.5
89.3
89.4
89.1
89.2
89.0
87.1
88.6
88.7
89.6
87.6
86.9
87.7
88.0
86.2
86.2
85.0
85.7
85.3
86.0
85.4
85.6
86.0
85.2
86.2
86.4
85.9
86.8
85.0
85.1
85.1
85.3
84.2
83.8
84.0
84.2
84.4
83.8
83.0
83.6
83.0
84.1
83.3
82.0
82.1
82.9
81.9
81.2
81.1
80.9
80.3
80.9
80.3
81.6
79.2
80.2
79.9
80.2
80.5
81.7
79.9
79.4
84.4
82.6
86.8
83.3
90.6
90.2
84.8
82.7
81.3
80.9
81.9
81.2
80.7
81.2
84.3
82.2
80.7
84.8
81.0
81.8
80.5
80.4
80.7
81.2
80.6
80.0
80.0
81.1
79.4
79.8
81.5
80.5
79.0
79.9
82.6
80.4
81.9
82.7
81.2
79.9
80.6
81.0
81.3
81.0
80.4
79.6
79.7
80.2
80.1
80.9
80.7
80.2
80.0
80.2
79.1
79.8
83.7
81.0
81.1
82.0
81.2
80.4
85.7
93.7
94.3
100.0
96.4
94.9
101.4
99.7
98.1
91.8
87.6
86.0
84.9
84.0
84.0
83.5
83.1
83.4
82.4
82.2
82.1
82.8
82.2
82.2
82.5
82.7
85.2
83.5
82.8
83.7
83.0
83.9
82.3
81.7
81.4
83.6
82.9
81.3
82.3
82.4
81.9
81.9
83.2
83.6
83.5
84.4
84.3
83.8
83.9
82.7
84.8
84.9
84.3
83.7
86.0
86.6
85.2
83.6
82.6
83.5
84.6
87.2
84.9
83.4
86.1
84.0
84.7
84.9
85.4
83.1
82.7
83.6
85.6
83.3
85.3
85.3
89.9
90.5
89.8
88.2
88.3
88.0
83.8
84.1
83.9
83.7
83.6
84.6
83.9
83.2
82.6
83.1
83.2
83.6
81.6
82.4
82.4
83.7
83.6
84.4
81.7
84.7
85.5
82.6
83.4
83.8
82.5
84.1
83.9
82.4
83.3
84.3
83.0
84.0
82.3
83.1
83.0
82.4
82.9
82.4
82.5
83.5
86.8
95.8
92.6
87.1
85.2
86.7
85.4
85.8
84.5
84.7
85.3
84.6
85.1
86.2
84.3
84.9
85.3
85.8
85.0
91.8
91.7
89.7
89.9
89.0
87.9
89.2
87.6
87.1
87.8
86.5
86.1
86.8
89.7
87.5
88.1
86.5
87.2
88.1
87.8
86.5
88.5
86.7
87.0
86.2
86.9
85.1
85.0
85.3
84.7
85.2
85.2
84.1
85.7
86.3
86.6
88.4
92.1
87.1
86.8
87.2
86.0
85.9
87.6
86.1
86.1
85.5
84.9
85.0
85.4
85.0
86.3
86.2
86.4
87.2
92.6
103.0
101.1
102.4
93.8
96.6
91.5
90.8
90.0
88.6
88.6
89.2
87.6
87.4
88.3
88.0
88.0
90.8
88.6
87.9
87.7
88.7
88.7
88.4
89.3
88.9
89.0
89.7
87.3
89.2
89.2
87.5
88.4
88.3
87.5
88.3
87.0
88.3
87.1
93.3
87.6
86.9
87.7
87.4
86.7
86.3
86.2
86.8
86.0
86.5
86.4
86.8
86.2
86.4
87.0
87.3
86.2
87.2
89.7
86.6
85.5
85.5
86.2
87.3
90.6
87.3
86.8
87.0
89.8
86.7
86.5
86.6
86.9
87.7
90.4
87.3
86.4
87.5
87.6
86.9
88.8
86.5
88.4
87.8
88.6
87.2
88.5
88.7
89.8
96.2
90.3
90.4
89.9
89.9
89.9
93.6
92.1
88.6
89.6
89.8
89.6
89.4
90.1
90.1
89.6
89.7
89.1
89.7
89.5
89.0
88.2
89.5
89.7
89.6
87.9
88.5
89.2
89.0
88.6
88.5
89.0
93.6
96.5
99.7
99.3
106.6
109.1
106.4
101.2
96.8
94.9
93.9
92.3
94.7
94.9
94.8
95.0
92.2
91.9
91.5
90.5
90.8
91.0
91.4
91.0
91.6
93.9
92.1
92.4
93.9
101.4
103.7
111.3
116.0
110.6
109.0
106.8
101.1
100.5
100.8
110.5
115.2
113.2
105.9
107.9
106.7
101.7
99.6
98.0
98.2
97.8
97.3
96.1
96.1
95.6
94.6
94.5
94.4
94.0
94.1
96.0
94.2
92.5
93.0
94.1
92.9
92.9
93.0
97.4
96.0
98.2
96.1
94.4
94.3
94.7
95.2
97.1
97.0
101.6
104.7
105.4
112.3
115.4
110.3
112.2
110.3
104.4
103.1
99.2
97.7
96.0
95.4
95.0
95.2
96.0
94.5
95.1
95.9
94.5
94.2
94.1
94.2
95.8
93.4
93.9
94.0
95.2
93.3
95.6
96.2
94.6
92.3
92.6
102.2
101.1
99.0
94.0
93.3
90.3
88.8
88.4
89.3
91.6
93.6
90.4
88.6
86.7
86.7
86.1
85.0
85.9
82.4
84.3
81.3
81.8
80.6
79.6
80.4
78.7
78.3
79.6
78.0
79.5
77.3
77.8
77.8
77.4
80.7
81.1
80.0
77.0
76.9
77.7
81.6
76.8
76.6
75.1
75.8
77.3
76.6
77.5
76.4
74.5
75.9
74.6
74.6
75.0
74.8
74.1
73.0
74.5
74.1
72.3
73.3
73.7
73.2
72.0
72.2
72.3
71.2
72.0
71.8
71.3
71.6
72.1
72.2
71.4
71.4
70.9
71.1
72.1
71.4
71.3
70.7
71.0
70.8
73.0
73.2
71.8
73.1
71.9
71.2
73.6
71.0
72.9
73.8
72.8
73.8
77.1
78.7
73.7
76.9
75.6
79.9
82.2
78.3
73.5
74.1
75.7
72.5
73.6
72.5
73.1
73.7
71.5
71.8
71.4
71.0
71.1
72.1
71.7
72.8
72.5
72.6
71.8
72.3
71.6
72.7
71.8
73.4
73.8
69.6
69.7
71.8
72.4
69.9
70.1
71.1
70.3
69.5
70.1
70.1
69.8
69.8
70.8
71.5
69.0
70.7
73.9
69.8
69.9
70.4
70.8
70.2
69.9
69.7
69.8
70.0
71.1
71.0
70.8
70.9
70.8
71.2
77.8
73.2
69.5
69.8
70.2
69.9
70.9
71.7
71.3
71.1
70.4
70.7
70.5
70.8
71.1
70.1
69.9
70.2
70.9
69.6
70.6
68.5
69.4
70.2
70.1
70.6
69.5
69.8
70.3
70.0
70.3
69.2
70.5
69.9
71.6
70.5
72.0
72.0
71.8
70.3
70.7
70.0
70.1
69.8
70.5
71.7
70.0
70.5
71.2
70.8
70.5
70.7
70.9
71.3
73.0
71.8
71.7
72.3
72.1
71.3
72.2
71.4
72.3
71.5
72.8
73.4
72.8
73.7
74.1
73.8
74.7
74.1
72.0
73.1
73.1
74.0
73.4
74.1
75.5
75.5
74.3
77.4
76.3
77.2
77.8
77.7
77.8
78.0
77.4
77.9
76.8
76.3
76.9
76.3
76.7
77.0
76.6
76.6
78.1
77.7
76.8
77.4
77.6
77.4
76.4
76.8
76.8
77.6
78.6
79.1
79.6
76.7
77.1
77.0
77.3
76.9
76.6
77.0
76.8
76.6
76.3
82.5
84.7
77.0
76.7
77.1
76.9
80.2
77.6
77.0
77.1
77.2
77.8
76.9
77.2
78.0
78.0
78.6
79.7
79.4
78.7
78.8
80.5
82.2
80.3
79.0
79.2
79.8
79.7
81.2
84.9
82.9
80.5
87.0
87.5
88.3
88.9
91.0
95.9
99.2
100.0
99.0
103.9
102.6
106.3
98.8
94.2
91.7
92.9
90.6
90.2
88.0
88.4
90.1
88.8
87.2
87.2
88.3
89.7
88.7
88.2
87.4
87.4
87.0
86.8
87.5
88.0
87.8
88.6
87.6
87.1
89.7
88.1
86.9
86.8
86.4
88.9
88.0
87.8
93.5
97.7
101.0
98.8
100.2
99.0
107.4
104.5
109.9
101.6
95.8
93.3
95.3
92.5
90.6
91.9
90.3
90.4
90.1
89.6
89.6
89.2
88.9
88.6
88.5
88.3
88.0
87.8
87.8
87.7
87.3
87.3
87.4
87.2
86.7
87.2
87.1
86.9
86.5
86.7
87.1
86.5
86.7
86.1
86.1
85.6
85.7
86.3
86.0
86.0
87.2
87.3
87.0
92.2
90.4
91.8
88.5
89.6
89.8
89.6
89.1
90.7
90.0
90.7
90.1
90.6
90.4
90.4
90.5
90.3
90.7
91.0
92.3
91.7
91.0
91.3
91.8
91.6
89.7
90.8
92.1
93.7
93.6
94.1
98.8
103.8
109.7
103.6
112.0
108.0
99.8
96.5
96.0
93.8
94.4
93.8
93.7
93.5
94.3
97.3
94.1
93.5
93.7
93.0
92.7
92.7
92.3
92.6
91.8
91.6
91.0
90.9
90.8
90.5
90.4
89.8
90.0
89.4
89.2
89.1
88.8
89.3
89.5
90.1
90.0
89.3
89.3
88.9
89.3
88.1
88.5
88.8
88.7
95.4
103.5
101.5
98.6
97.1
97.6
101.0
96.4
94.4
94.5
94.4
92.1
91.6
92.7
92.0
90.3
90.6
90.0
89.9
89.4
88.9
89.5
88.3
88.3
88.4
88.1
88.0
87.7
87.5
87.8
87.7
87.8
87.0
87.0
86.8
86.6
86.5
86.6
87.0
86.6
86.9
87.0
86.4
86.1
86.4
86.7
87.1
86.8
86.2
86.2
85.8
86.6
86.3
86.3
86.7
86.6
86.4
86.3
86.3
87.1
86.7
87.2
87.9
87.3
90.5
98.4
97.8
93.4
91.9
96.6
92.6
92.8
91.2
92.0
94.2
97.7
91.7
90.1
91.1
90.6
91.5
89.7
88.9
89.1
89.0
90.6
89.8
89.7
89.3
89.1
89.4
89.6
90.1
90.0
89.4
90.0
89.9
91.6
90.2
90.0
90.0
89.5
89.0
89.1
89.0
89.5
90.0
89.1
89.0
89.2
88.8
89.3
89.6
88.8
88.8
88.5
89.3
88.8
88.7
88.8
88.3
88.9
89.9
96.8
97.3
93.9
94.4
94.4
97.4
94.2
93.3
93.8
94.2
94.6
94.4
99.2
98.3
95.0
94.1
96.9
96.2
102.0
99.4
97.1
99.4
103.5
97.2
99.8
100.0
102.1
103.3
102.8
101.0
108.5
106.3
103.3
104.2
102.4
109.3
107.9
103.1
102.9
101.5
100.2
99.1
99.0
97.6
97.6
97.9
96.5
96.6
98.7
96.9
97.2
97.1
97.2
97.0
95.9
95.1
97.2
96.9
96.5
97.8
97.6
96.3
94.8
95.9
94.0
94.6
93.6
94.0
93.8
95.0
93.6
93.9
95.5
94.2
93.6
93.1
94.2
93.9
94.3
93.2
92.9
92.6
93.1
91.8
92.5
92.7
92.5
92.2
92.3
92.2
92.2
91.8
91.8
91.5
90.9
89.7
90.9
92.0
93.4
90.3
91.2
91.4
91.6
91.5
89.9
90.7
91.5
92.0
91.6
96.0
92.7
92.8
91.0
91.9
91.5
92.1
93.6
93.8
96.7
94.7
93.4
93.4
95.9
93.5
93.9
93.3
92.8
92.3
91.7
90.7
89.6
90.0
89.8
98.4
94.9
89.9
88.8
89.5
92.5
88.8
87.3
87.8
86.2
85.0
84.6
84.1
83.5
83.6
82.9
82.0
81.6
81.4
81.2
80.3
80.0
80.2
79.7
80.4
79.8
79.1
78.7
79.1
78.3
78.1
78.7
79.0
82.4
80.1
79.4
78.9
78.9
78.8
81.6
80.2
79.0
77.4
77.6
78.6
77.0
77.1
78.1
77.4
77.1
76.6
77.2
77.4
78.8
78.0
77.9
77.3
78.5
77.9
77.7
79.3
84.7
81.4
78.7
78.3
77.9
77.8
78.2
77.4
77.5
78.6
78.2
81.1
78.8
80.3
78.2
78.1
78.0
78.4
78.0
77.6
78.1
79.0
78.4
80.2
79.9
80.2
81.4
79.9
81.2
79.5
79.3
79.2
79.1
79.5
80.4
79.3
79.0
79.0
81.2
80.1
81.1
81.3
79.9
79.2
79.7
79.4
80.5
79.3
80.3
83.3
80.5
79.2
82.7
83.8
82.2
83.9
81.1
79.5
80.4
81.8
81.6
83.9
84.3
84.2
82.8
83.6
82.3
82.6
81.5
82.6
82.9
82.1
81.2
82.4
82.5
82.8
82.7
82.7
83.0
83.1
81.8
82.4
81.9
82.6
82.2
82.6
82.7
82.3
81.9
81.6
81.8
81.5
81.8
81.7
81.5
81.8
81.6
81.2
80.8
81.0
81.8
80.5
81.6
81.1
81.5
81.3
79.3
79.8
80.3
79.6
79.2
79.6
79.9
79.5
79.6
78.9
79.1
79.3
79.7
79.7
81.3
80.2
82.7
80.8
81.1
81.3
81.4
81.7
80.3
80.7
80.8
80.4
80.7
81.7
82.6
79.8
80.9
81.4
80.9
80.6
80.9
80.4
81.1
80.4
81.1
79.4
79.9
80.5
79.5
81.7
79.5
80.0
79.3
78.1
77.6
78.9
78.3
77.9
79.0
78.2
78.5
78.7
78.0
78.2
78.4
77.6
78.1
78.8
80.9
78.8
79.4
78.7
78.8
78.9
79.5
78.3
78.4
78.8
78.1
77.8
79.4
79.5
79.4
79.3
79.6
80.2
79.7
79.2
80.34615384615385
80.66923076923078
80.99230769230769
81.31538461538462
81.63846153846154
81.96153846153847
82.28461538461539
82.60769230769232
82.93076923076923
83.25384615384615
83.57692307692308
83.9
82.3
81.8
82.4
82.1
84.2
83.7
83.7
84.9
86.4
86.3
84.9
86.3
86.7
86.4
84.8
85.6
87.5
88.6
84.1
84.8
85.4
84.7
85.3
84.9
84.8
85.0
85.0
85.2
84.5
84.9
87.0
84.7
84.0
85.1
83.9
83.9
83.9
83.8
83.4
83.5
85.8
86.0
85.5
84.9
84.6
84.5
84.1
84.5
87.2
84.6
81.99999999999999
85.3
85.4
85.9
86.2
88.9
86.7
85.8
85.8
87.5
85.3
85.4
86.9
86.1
86.8
86.4
94.8
106.3
107.9
107.1
104.1
99.4
99.3
102.8
107.3
100.3
97.6
96.4
96.4
96.1
95.7
95.7
97.0
100.2
96.4
99.9
98.2
98.2
97.5
95.1
94.6
95.1
94.5
93.9
94.4
94.2
95.1
93.1
93.8
93.4
94.1
95.6
94.6
93.3
92.0
95.8
97.1
93.6
94.6
93.0
93.7
93.0
93.8
91.8
92.8
91.8
92.1
92.1
92.6
91.7
92.0
91.5
91.5
91.6
95.1
91.7
90.9
91.1
90.7
91.6
90.4
90.4
91.4
90.6
89.4
89.3
89.3
89.3
91.3
89.7
90.0
90.1
90.4
90.5
91.4
92.4
91.0
90.1
93.2
93.4
92.1
91.3
91.1
91.6
91.5
91.2
92.8
90.8
91.5
95.8
93.0
93.4
98.1
94.9
114.3
113.6
110.9
108.0
107.4
104.1
105.1
102.7
101.3
104.4
99.1
100.2
98.2
99.9
99.6
97.1
98.4
97.8
96.0
94.7
96.7
98.9
98.0
97.8
100.6
98.8
98.9
95.9
98.5
98.8
96.0
95.4
95.8
95.8
96.9
97.9
96.8
98.0
96.1
99.5
98.5
102.2
100.6
100.7
101.8
108.0
107.9
106.3
102.1
100.0
101.9
97.2
95.7
97.2
100.7
97.4
96.5
97.3
98.1
99.2
97.9
97.5
97.6
98.7
98.0
95.3
95.4
95.5
95.3
94.3
94.9
95.1
93.8
93.2
93.9
94.4
94.1
94.0
96.1
95.5
95.0
95.3
95.2
95.6
96.5
94.8
95.4
95.1
95.0
93.7
96.2
93.7
100.7
97.3
93.8
93.2
93.1
95.8
94.4
92.6
92.5
93.4
91.6
93.5
94.7
92.9
91.8
90.9
92.4
91.7
92.4
92.3
90.6
90.5
91.1
92.2
91.8
90.7
90.1
89.7
90.0
90.2
89.7
90.0
89.7
89.0
89.9
89.4
89.8
90.0
88.2
88.8
88.2
88.6
89.2
89.2
89.6
88.4
88.4
88.9
89.2
88.0
87.2
87.1
87.2
88.4
88.3
88.0
87.3
87.5
89.3
87.0
86.9
87.4
86.8
87.3
85.8
87.0
89.0
90.2
88.4
89.5
89.1
89.8
87.6
88.3
88.8
88.4
89.1
88.9
89.0
88.8
89.1
93.0
94.1
91.9
91.3
92.6
96.8
93.7
92.5
92.2
92.9
92.7
93.2
92.7
92.2
93.5
94.3
92.4
94.5
93.1
92.1
94.8
93.1
92.0
91.8
92.0
91.3
91.4
90.7
91.0
90.0
91.1
90.6
90.4
90.6
91.1
91.2
90.1
89.4
93.4
90.7
89.2
89.7
89.3
89.4
92.0
92.3
90.1
91.7
90.9
91.9
93.9
92.7
95.3
92.8
92.5
93.5
96.2
99.6
97.8
97.9
97.0
95.4
99.1
96.6
92.8
94.5
96.7
92.8
93.2
92.9
92.9
93.0
92.3
93.4
93.9
93.6
93.3
94.1
93.0
92.5
93.9
104.3
96.0
94.5
97.0
98.4
96.6
93.7
97.9
95.1
94.5
93.5
96.5
95.1
94.6
95.5
95.2
96.0
96.0
93.7
95.2
104.6
102.0
97.9
95.5
94.9
93.7
96.0
93.6
93.2
93.7
93.7
93.5
93.3
95.1
93.2
95.3
95.2
92.8
93.5
92.8
94.0
94.5
94.2
93.0
94.4
95.8
93.9
93.0
92.9
93.2
94.5
96.8
93.5
94.5
93.1
93.7
94.1
94.9
94.3
94.3
93.5
93.0
91.5
92.0
91.9
91.3
92.2
90.1
90.0
89.9
89.4
88.9
88.2
88.0
88.0
86.9
87.0
87.5
86.9
86.4
87.2
85.4
86.2
86.7
85.1
84.6
84.5
84.4
84.0
85.4
84.3
84.3
85.0
85.0
86.3
87.5
86.5
86.2
85.7
86.9
87.1
85.1
85.2
84.6
83.4
84.6
84.0
83.2
84.8
83.3
83.6
90.1
85.3
83.1
83.0
82.8
83.3
82.1
83.3
83.2
85.9
91.9
86.6
84.2
82.7
83.7
81.9
82.0
83.8
82.3
83.0
82.0
82.5
81.8
82.7
82.0
83.0
82.4
89.5
89.3
89.6
82.9
82.2
81.6
82.9
83.6
82.8
84.0
83.7
83.7
82.5
82.6
82.3
82.3
82.1
82.0
82.1
82.3
82.9
82.5
82.2
83.5
81.3
84.0
83.7
81.9
82.9
81.9
83.7
82.0
84.4
82.6
82.0
82.1
82.3
82.3
82.0
82.0
89.4
82.5
83.2
87.5
87.6
91.8
97.9
103.0
99.4
89.7
87.5
86.2
84.4
84.5
84.3
85.0
83.9
84.4
85.4
84.4
84.1
84.6
84.4
84.3
85.0
84.6
85.1
84.2
83.4
84.0
84.3
83.5
83.9
84.0
83.3
83.4
83.4
83.1
84.2
84.4
83.4
84.0
83.5
83.9
83.2
84.7
85.4
83.6
83.3
84.3
83.1
83.8
85.5
83.0
83.8
83.8
83.9
84.0
83.5
84.0
83.3
83.6
83.4
83.5
83.5
83.2
84.0
84.6
85.4
84.6
84.6
84.8
85.7
85.1
83.4
85.1
86.6
85.5
90.3
92.7
87.6
86.1
91.5
99.1
96.9
90.2
88.5
88.7
88.9
96.5
92.6
103.5
101.0
97.6
96.6
95.8
93.6
90.0
92.1
89.3
90.1
89.9
89.8
89.5
89.9
89.8
88.4
88.1
87.9
88.1
89.8
87.9
89.4
89.5
87.0
87.4
87.7
87.1
86.1
88.5
86.5
86.4
86.3
86.1
86.4
84.6
85.9
85.6
84.7
85.0
85.0
85.0
84.3
84.8
85.0
84.4
85.4
84.7
85.0
85.0
85.0
85.0
84.8
84.7
85.0
84.6
84.2
84.0
84.0
84.0
87.6
84.2
83.6
84.0
83.4
84.1
83.8
83.2
83.0
83.8
83.3
83.1
83.2
83.0
83.0
84.4
83.3
84.9
84.6
83.9
83.8
83.6
83.9
84.0
84.2
83.1
83.0
85.1
83.1
84.4
85.2
85.0
86.5
85.6
87.3
85.4
84.5
85.0
84.5
84.0
84.0
83.8
83.9
83.9
83.9
84.7
84.5
85.1
86.3
86.0
84.5
85.0
84.3
84.4
84.2
84.0
83.4
84.0
83.9
83.9
84.7
84.0
83.2
83.3
83.8
85.2
85.5
82.7
83.1
83.0
83.0
82.9
82.6
83.2
83.1
83.4
84.7
86.2
84.1
84.0
83.9
84.6
84.3
83.0
83.4
82.8
82.0
82.0
82.0
82.5
82.2
81.2
81.3
89.6
87.4
84.7
84.8
82.4
82.2
82.9
82.1
81.8
82.0
82.1
82.2
82.1
82.0
82.0
81.9
81.4
81.1
83.1
84.7
83.7
82.2
82.0
82.0
82.5
82.0
81.6
81.7
81.8
81.9
81.4
81.9
81.8
81.8
82.0
81.9
81.6
81.6
81.5
81.3
81.2
83.6
83.9
82.6
82.0
81.9
82.2
82.3
81.7
81.6
82.0
82.2
81.8
82.4
82.1
92.7
87.0
84.6
85.6
84.6
85.3
85.1
86.0
86.5
85.3
85.6
84.4
84.7
84.1
84.2
85.1
84.5
84.2
83.9
84.4
85.5
84.4
83.4
84.9
84.5
84.8
84.9
83.6
83.4
83.6
83.7
82.8
82.5
83.0
83.2
82.7
82.7
83.3
82.5
82.5
82.9
82.4
82.3
82.0
82.2
84.1
83.7
81.5
82.4
83.8
85.1
83.8
85.1
84.2
83.6
84.0
84.1
82.8
82.4
82.2
82.0
81.7
81.5
81.3
81.7
81.1
81.3
80.5
81.1
81.2
81.1
80.7
80.8
80.1
80.2
80.3
80.0
80.0
80.0
80.4
80.3
82.9
85.5
84.9
88.3
88.3
84.5
85.2
84.4
84.1
83.6
84.7
85.7
85.4
87.0
86.2
85.8
87.2
84.7
85.3
84.0
83.5
83.4
84.7
83.7
84.7
89.1
90.3
103.0
98.5
98.3
100.8
98.9
91.3
89.4
88.0
91.3
88.7
87.9
88.2
87.4
87.4
87.2
89.0
86.6
87.2
87.7
86.4
86.6
86.6
86.1
85.9
86.6
86.9
86.7
88.3
87.1
87.0
86.8
87.2
87.0
86.7
87.0
87.6
87.0
87.3
94.0
94.0
88.3
86.1
86.6
87.6
87.6
86.1
86.5
86.5
87.1
87.1
87.0
86.6
86.5
86.8
87.0
87.1
87.0
86.3
86.8
86.2
86.9
87.0
86.1
86.2
86.0
86.1
85.8
86.9
85.6
86.0
86.2
85.5
85.6
89.1
86.9
87.3
86.9
86.6
86.6
86.6
85.6
85.2
85.3
85.3
85.0
85.6
84.9
84.8
85.0
85.8
85.7
86.2
85.4
86.4
86.3
85.5
89.0
87.4
87.1
92.0
90.8
89.5
88.1
89.3
89.4
88.0
90.5
87.9
87.9
88.5
87.8
87.8
93.2
90.9
92.4
94.3
92.0
93.2
92.6
90.6
90.1
92.3
93.4
101.1
103.2
96.3
104.0
103.8
98.7
93.6
92.1
91.2
89.2
90.2
90.0
90.4
89.8
90.3
89.9
88.7
89.3
89.4
90.5
89.0
90.3
90.0
90.1
89.1
90.1
89.1
90.9
90.9
90.3
89.9
90.9
90.1
89.5
89.5
90.2
90.9
90.9
90.4
90.8
91.3
89.7
89.3
89.4
90.2
91.0
87.8
88.4
90.1
88.4
87.7
91.7
88.5
86.8
87.2
87.5
87.6
87.3
86.8
87.4
88.3
87.3
86.7
86.5
86.1
89.4
88.5
86.7
88.1
87.0
86.5
86.5
85.4
85.3
86.2
85.4
85.2
85.0
85.5
86.5
84.6
85.0
85.7
87.8
88.6
84.1
85.3
85.7
85.4
85.2
85.3
85.0
85.1
86.8
88.8
84.2
84.3
85.2
84.9
85.7
85.7
84.4
85.1
84.2
84.0
84.3
86.1
84.6
84.0
84.4
85.5
86.9
86.8
88.8
85.9
86.3
85.8
85.1
83.3
82.4
84.1
83.3
83.4
83.5
83.7
83.7
83.2
84.1
83.6
82.8
82.4
83.0
83.0
84.8
86.3
83.5
82.5
82.4
82.8
82.2
81.7
81.9
82.0
81.6
80.9
80.7
81.3
80.7
80.9
81.6
81.8
81.6
82.0
81.6
81.2
81.3
81.0
82.0
84.0
85.3
82.1
82.4
85.1
84.9
84.3
84.9
82.0
85.5
83.8
81.8
81.7
82.2
81.6
80.8
81.5
80.4
81.7
80.7
81.2
81.1
80.1
80.4
82.0
83.2
80.1
80.9
80.4
80.3
81.1
79.9
83.5
81.2
80.1
81.6
85.4
81.2
79.2
79.6
80.1
83.5
82.0
78.7
88.1
81.4
80.7
82.7
78.9
79.6
78.6
79.0
80.4
78.8
78.1
79.8
79.5
78.7
79.3
80.1
79.4
80.3
79.3
80.3
80.7
79.5
80.4
80.0
80.0
79.2
81.0
79.2
78.9
79.2
80.6
79.2
80.1
81.2
78.8
83.9
83.3
81.0
80.2
80.8
81.3
80.1
81.2
79.1
79.5
79.9
80.5
81.2
81.9
82.9
83.7
87.2
85.6
82.5
82.6
81.5
80.9
81.4
81.1
82.1
84.2
83.4
88.7
93.4
98.3
93.6
91.5
90.5
91.0
89.5
89.8
87.4
89.4
91.0
95.1
92.6
92.7
89.7
90.6
92.3
89.9
93.9
91.8
89.7
92.2
91.4
91.0
92.6
90.9
92.9
92.8
90.9
93.9
96.1
92.8
94.0
92.1
93.1
93.3
92.2
91.9
93.2
93.0
93.1
93.6
93.4
95.3
91.4
90.9
92.2
96.2
93.4
89.6
92.1
90.8
90.2
90.5
94.5
87.8
87.1
88.3
89.9
90.4
89.9
90.2
88.3
88.2
92.7
88.7
88.7
90.5
90.0
92.6
93.5
89.6
91.9
90.3
96.4
96.8
97.0
97.8
95.4
93.3
90.1
90.5
90.7
89.6
89.3
88.9
91.2
90.3
88.3
90.6
88.9
90.2
90.0
92.2
89.8
89.0
91.0
90.6
91.4
94.9
95.4
93.4
108.4
109.0
104.2
109.3
112.9
111.0
109.1
114.2
115.8
112.3
110.1
107.5
106.5
109.1
112.3
119.0
118.7
112.3
109.0
107.8
103.9
104.4
104.7
102.1
102.6
104.0
103.8
103.7
101.5
101.3
102.1
100.1
98.4
99.8
100.8
98.1
94.9
95.0
96.1
96.0
93.7
95.1
93.5
96.4
94.5
94.3
94.2
91.7
94.3
91.3
89.3
91.6
91.2
90.4
91.6
94.5
100.5
103.0
106.1
99.0
96.7
93.4
92.9
91.4
90.1
87.8
88.2
88.2
88.5
87.5
87.0
90.1
91.6
93.3
92.5
87.8
86.2
83.4
83.6
82.9
80.8
79.7
80.8
83.2
81.1
80.4
79.6
79.6
79.4
77.5
77.6
76.6
78.4
77.2
77.8
76.3
77.7
76.1
77.8
79.7
80.1
78.4
79.4
76.6
75.4
74.3
77.4
77.0
73.8
74.5
79.5
78.9
74.1
74.3
75.8
73.4
74.4
75.1
73.0
73.8
74.8
74.9
74.2
73.4
73.7
72.9
73.1
73.8
72.5
72.4
72.9
73.7
72.8
72.0
73.7
72.5
72.3
73.2
73.8
73.9
73.3
74.6
77.0
74.4
73.8
78.3
81.6
76.5
73.9
73.0
73.5
74.0
73.3
73.6
73.6
73.5
75.8
71.9
73.5
72.2
73.9
73.1
72.7
72.0
72.1
73.2
72.2
72.9
71.6
72.7
72.7
75.9
75.4
72.1
73.1
73.5
72.1
72.8
73.9
74.8
73.2
72.8
73.5
75.1
73.5
74.7
74.2
74.7
72.7
73.8
73.1
73.4
73.6
73.3
73.1
73.4
74.5
73.7
72.4
72.5
73.0
73.0
72.7
72.8
72.9
72.5
73.5
74.3
72.9
73.2
72.9
73.6
72.7
72.9
73.9
73.3
74.5
72.0
73.7
71.6
72.5
72.3
72.7
71.6
73.1
72.7
73.3
71.0
72.8
71.1
73.8
71.7
72.0
72.3
72.2
72.6
71.8
71.9
71.7
71.5
73.7
73.3
71.1
73.6
71.4
71.7
73.7
76.5
85.2
79.9
78.2
75.0
72.3
72.2
75.1
75.0
72.3
75.0
74.5
71.4
71.7
72.0
73.3
72.1
73.2
72.2
72.5
72.8
72.9
73.5
77.0
80.3
81.4
73.1
73.0
73.4
74.1
73.9
74.2
73.5
74.1
74.0
73.8
73.6
73.9
74.4
73.1
73.3
73.5
74.1
73.1
74.0
74.1
74.2
73.9
73.8
73.8
74.2
74.3
74.0
73.7
73.8
73.5
73.4
73.3
73.3
72.9
72.8
73.0
72.7
72.8
72.9
72.8
73.2
75.7
73.5
73.9
76.9
82.1
77.0
75.2
73.0
72.8
76.1
74.0
73.6
71.7
72.1
73.8
72.1
75.7
72.5
73.4
72.9
72.6
72.5
72.3
72.7
72.0
72.1
71.4
72.3
71.9
72.0
71.5
72.0
71.9
72.8
72.5
72.7
71.7
72.7
73.2
71.9
72.2
72.0
71.9
72.2
72.6
72.1
72.4
72.8
72.7
73.0
73.0
73.1
73.2
76.6
74.0
74.4
74.9
76.1
81.4
85.8
85.0
80.6
78.4
79.3
76.1
75.4
75.4
74.8
75.5
74.7
74.6
74.6
74.5
73.9
74.3
73.3
73.9
73.0
72.9
74.1
73.8
73.7
73.1
73.2
73.2
73.4
73.0
73.7
73.0
72.9
73.2
73.6
74.5
73.9
74.1
74.1
74.3
75.9
80.4
79.6
79.9
79.4
79.7
77.7
80.6
77.6
78.6
77.6
77.2
76.3
76.4
77.2
78.1
80.6
77.3
76.0
76.7
76.3
75.5
77.1
82.6
78.7
76.2
76.3
79.1
78.8
78.7
77.5
79.9
79.5
79.4
82.0
80.7
77.7
77.4
77.4
77.8
78.5
79.3
77.3
79.9
82.3
79.8
78.7
79.4
81.4
94.7
91.7
84.4
82.3
81.2
79.2
78.4
79.9
80.5
82.8
83.1
85.2
87.3
88.2
85.7
86.1
86.2
85.6
84.6
85.7
87.9
88.1
87.2
89.3
94.3
92.0
88.9
84.0
84.8
82.9
81.5
81.2
80.0
80.3
81.1
82.7
81.3
81.6
83.0
85.9
81.9
84.3
83.4
86.1
83.4
82.5
82.9
87.1
87.4
88.5
88.9
88.0
88.5
86.6
85.4
82.4
85.6
83.0
81.6
82.4
81.4
82.0
82.4
82.9
81.2
81.5
83.7
84.5
83.7
84.4
84.4
80.9
83.8
83.8
86.2
83.5
87.3
86.9
85.9
86.6
83.7
80.7
82.8
83.2
84.8
83.2
82.8
80.8
80.1
80.0
80.0
79.4
78.7
78.8
78.4
78.2
78.1
78.9
78.8
78.1
78.3
78.3
78.1
77.9
77.7
78.4
78.3
77.9
77.7
77.7
77.3
76.7
77.3
77.4
78.0
77.0
77.8
79.2
77.7
77.9
78.0
77.5
77.5
77.7
78.2
77.5
78.0
78.2
78.4
78.3
77.5
78.7
78.3
77.7
79.3
78.0
78.8
79.5
79.9
83.1
79.4
80.2
79.2
78.8
78.6
79.0
78.9
79.3
78.7
80.6
78.6
78.4
78.9
79.1
78.6
78.8
78.9
79.4
78.7
78.4
78.1
78.0
78.7
77.4
78.4
78.0
77.7
78.0
77.9
78.4
78.1
78.6
80.1
87.0
85.0
86.3
82.1
82.6
88.0
85.0
81.5
82.6
82.8
79.4
79.5
80.0
79.3
82.5
83.5
80.1
79.0
79.2
79.0
79.6
79.4
79.7
78.7
79.6
78.9
78.4
79.2
79.0
79.6
78.9
78.5
79.1
79.5
78.4
78.8
79.6
79.9
78.8
79.0
79.2
79.6
79.4
80.9
78.3
79.2
79.0
78.9
79.3
78.5
79.6
79.4
78.9
79.1
77.7
79.3
79.9
79.9
79.3
79.7
80.9
79.9
79.7
80.5
80.7
80.1
79.4
80.8
80.1
80.9
81.2
80.3
80.7
81.0
81.7
80.9
80.4
80.8
81.1
81.3
81.9
81.7
81.3
82.2
82.8
80.5
81.8
80.4
87.8
88.3
84.9
85.9
85.1
86.9
89.6
85.9
88.0
86.8
87.7
87.3
85.2
86.1
85.3
85.1
84.2
83.3
84.3
87.3
101.0
100.0
103.9
97.9
95.3
106.0
98.5
95.0
93.0
91.8
90.3
88.5
88.5
87.8
87.7
88.4
86.6
86.8
87.4
86.8
86.9
86.1
85.5
85.8
86.5
85.0
85.1
84.8
85.5
84.1
84.0
83.7
85.1
84.0
83.8
83.6
83.7
85.6
84.1
83.0
82.9
82.9
83.3
81.7
82.7
82.4
82.1
82.2
82.2
82.6
81.9
81.9
83.7
83.8
85.3
82.1
83.2
82.4
82.9
81.8
83.0
81.7
83.1
81.6
82.5
81.5
81.5
81.6
81.4
82.0
81.6
81.6
81.6
81.3
81.4
81.0
81.6
81.2
81.9
82.4
81.6
82.2
81.9
82.1
81.5
81.6
81.7
82.2
81.2
81.5
82.0
82.1
82.3
82.1
81.6
81.1
81.5
81.5
81.2
81.2
81.4
81.5
82.1
81.0
80.9
81.0
82.1
81.3
82.1
81.4
81.6
81.5
81.2
81.2
84.1
88.4
86.4
86.9
86.7
87.0
83.2
83.6
82.9
83.5
83.1
84.7
83.1
83.6
83.6
83.1
84.3
83.5
83.7
83.3
83.4
83.5
83.7
82.8
83.7
83.3
83.4
82.7
85.8
83.6
83.3
83.6
83.2
83.3
84.9
81.7
82.2
83.0
82.4
82.4
82.0
83.2
82.6
82.5
82.4
82.9
81.5
82.6
83.2
82.4
81.6
82.4
82.0
83.0
81.9
82.8
83.5
83.5
91.5
86.9
88.1
87.2
91.0
91.5
86.3
85.7
84.8
85.6
87.9
84.6
84.2
84.0
84.6
84.6
83.8
85.9
85.1
85.6
85.6
85.6
84.8
85.0
85.0
85.2
86.2
85.3
84.4
85.7
89.2
85.5
85.0
84.6
84.9
90.0
87.7
90.6
89.3
91.0
90.1
86.3
84.6
84.2
83.6
84.3
84.0
85.6
83.1
88.0
89.6
91.8
89.8
87.6
84.0
85.1
84.2
83.9
83.6
82.9
82.7
82.8
82.1
83.1
83.0
82.2
82.9
82.4
84.0
88.5
91.9
87.3
88.6
86.7
86.6
89.0
87.4
89.3
88.4
87.2
86.5
85.9
87.2
87.7
88.2
84.2
87.7
88.0
89.3
87.2
88.6
91.7
90.8
89.1
89.3
88.5
88.0
87.2
90.3
89.0
89.1
88.6
87.7
89.7
89.2
95.9
91.4
89.9
89.7
94.0
96.1
92.5
94.9
92.1
95.4
96.1
96.1
93.1
91.0
91.3
89.4
88.7
92.1
91.1
90.1
89.4
89.0
89.3
90.3
92.1
89.5
86.8
87.9
86.9
87.5
88.2
86.9
87.8
90.2
88.4
87.8
88.8
89.8
87.7
87.7
89.6
90.0
89.4
90.2
87.5
87.5
87.0
86.5
87.4
88.3
86.8
88.1
89.1
92.7
88.6
92.6
86.9
90.0
93.5
90.2
91.3
90.1
88.1
91.7
88.7
88.4
90.5
90.7
88.2
88.4
88.2
87.4
88.7
88.6
87.2
89.4
88.5
86.1
86.7
87.7
87.4
87.7
86.9
88.2
87.9
87.0
86.2
86.6
86.8
86.9
89.1
86.7
89.2
85.8
86.9
86.9
86.7
86.5
85.8
85.6
87.3
86.1
88.5
86.5
87.6
87.3
86.6
86.0
88.3
85.5
86.2
85.9
85.7
89.3
85.7
86.3
85.3
87.0
89.3
85.8
84.9
84.5
83.8
84.1
83.6
83.7
84.3
90.0
84.6
85.3
82.9
83.7
83.0
83.1
83.5
82.3
81.6
83.6
84.8
81.8
81.7
82.7
82.4
81.9
81.7
85.2
88.8
89.4
89.8
98.1
93.8
98.6
92.9
93.2
100.8
99.6
98.9
100.5
100.7
100.9
103.1
104.3
102.3
101.5
96.1
101.6
100.2
96.9
97.7
94.6
94.6
95.9
95.2
95.0
93.5
93.6
93.3
96.5
92.8
91.9
92.1
91.2
92.6
89.7
94.3
91.7
91.3
91.8
91.3
90.1
90.1
90.7
90.7
89.5
90.7
87.4
88.4
89.8
92.1
89.1
84.6
85.2
85.2
85.2
86.5
86.2
85.4
84.2
84.9
84.0
84.6
85.7
84.4
84.7
85.2
83.5
85.0
83.7
83.7
82.6
81.1
82.9
82.4
81.5
82.6
81.1
84.8
83.8
80.3
79.6
78.4
79.0
78.2
78.6
78.5
76.1
78.7
79.9
76.3
74.9
75.2
75.6
77.3
74.5
73.9
77.6
73.4
73.4
75.0
74.2
72.6
70.3
71.6
74.5
72.5
70.7
70.2
70.7
71.0
70.2
70.1
72.8
73.1
74.4
74.4
70.9
74.4
74.3
75.3
74.4
71.3
69.6
71.0
70.1
70.2
69.2
71.1
68.6
67.4
69.0
68.9
68.9
69.8
70.9
70.3
69.7
70.6
71.2
70.1
66.1
66.8
67.1
66.9
66.5
67.8
68.5
67.0
67.7
68.2
66.9
67.5
70.0
66.9
70.2
65.7
67.1
68.0
68.4
65.8
65.9
67.1
65.6
67.2
65.8
67.1
68.4
66.5
65.8
67.2
65.0
65.1
66.6
65.1
66.8
66.8
68.3
77.1
80.6
70.5
67.0
67.2
67.4
68.3
69.0
67.4
68.3
68.5
66.7
67.5
67.6
67.0
66.8
68.7
67.4
67.2
70.0
72.4
69.8
68.3
70.5
69.5
70.7
71.1
68.7
70.0
70.5
70.7
69.2
68.8
68.9
70.6
68.5
69.4
74.5
82.4
85.5
80.2
82.3
82.7
78.2
74.5
73.6
80.1
77.8
82.0
76.8
76.2
77.5
84.8
84.7
78.7
76.8
75.9
76.5
74.8
74.6
74.9
75.5
75.5
74.4
74.4
74.2
74.7
74.9
75.6
81.3
82.4
77.4
74.3
74.9
74.8
73.8
76.0
73.3
73.4
75.3
74.0
88.9
87.2
81.4
78.2
75.9
74.9
72.5
72.7
73.2
72.5
72.2
74.7
74.2
71.9
69.60000000000001
72.0
72.7
73.4
73.6
71.7
71.4
72.5
72.1
72.5
72.9
71.8
72.6
71.7
72.3
72.8
71.7
71.2
71.7
73.1
72.8
71.8
72.8
72.6
71.3
73.7
72.2
72.0
71.7
70.5
70.6
72.0
71.6
71.6
70.9
71.2
70.1
72.5
72.4
72.2
71.0
71.7
73.0
70.5
70.8
72.2
72.5
71.8
71.7
73.9
71.9
71.4
72.9
72.2
73.6
73.7
72.4
73.4
74.2
73.3
74.3
72.3
73.6
73.8
70.5
71.9
71.9
73.1
72.6
71.4
71.7
71.2
72.6
70.1
70.2
70.9
70.9
70.8
70.2
71.0
70.9
70.4
70.5
70.8
71.6
71.6
70.9
71.1
70.8
72.1
71.7
70.9
81.2
82.9
86.4
85.3
83.9
79.1
77.8
76.1
74.9
74.6
74.9
73.8
74.8
73.9
73.5
75.2
73.9
73.8
74.2
73.8
73.3
73.3
74.1
74.0
73.0
75.3
73.8
73.6
75.5
75.4
72.3
73.4
72.7
73.8
72.4
73.5
73.9
75.0
73.3
72.7
73.7
72.8
74.1
73.9
77.6
74.8
72.3
73.1
71.9
71.5
72.1
72.2
72.6
73.9
71.8
72.5
72.1
73.2
72.0
71.5
73.9
73.7
72.2
74.0
73.0
73.7
80.0
74.0
72.1
71.9
73.7
72.7
71.7
72.8
72.3
72.5
71.2
73.7
74.0
74.1
73.5
74.0
75.0
73.9
73.8
74.9
73.4
74.8
73.2
71.7
73.9
75.6
72.1
72.4
73.4
74.5
74.4
73.5
74.4
75.3
74.6
73.3
73.3
75.0
73.1
72.8
73.0
73.2
74.3
73.7
74.6
73.5
74.3
74.4
76.7
73.8
74.4
73.4
74.5
74.5
75.3
74.4
81.2
76.7
77.5
81.8
85.0
79.1
78.1
79.8
80.2
77.6
77.9
77.7
80.5
80.1
79.8
80.2
81.3
77.8
79.5
80.0
84.7
84.1
81.8
80.1
81.5
79.5
79.1
76.7
77.5
84.4
81.7
81.5
83.4
89.0
92.6
92.5
90.9
85.3
85.5
84.0
84.0
82.9
83.7
83.2
82.8
84.2
86.6
83.8
83.2
82.0
81.8
83.8
83.6
81.5
80.5
81.4
80.2
80.1
81.0
79.9
81.2
80.0
81.7
77.8
81.1
79.0
78.2
81.5
79.5
79.3
78.1
79.8
79.8
78.8
78.6
80.0
80.7
82.8
81.1
82.2
85.6
82.3
78.8
77.1
81.2
78.2
77.6
78.1
77.5
79.1
87.2
88.3
91.6
95.6
100.9
96.4
94.2
95.9
95.4
99.6
98.3
94.6
98.7
105.3
102.8
104.3
103.1
105.7
113.4
111.8
111.5
110.3
106.7
102.1
100.6
99.1
97.5
100.7
105.5
101.9
97.7
98.6
99.6
100.8
93.3
92.3
91.1
90.0
90.0
88.9
89.5
86.0
87.3
85.1
90.6
86.5
84.4
87.7
85.6
85.5
85.6
85.7
84.6
88.0
89.9
97.8
94.7
88.5
88.4
91.2
86.8
100.0
96.7
90.8
86.6
84.8
82.8
81.8
81.4
81.3
81.2
79.9
78.8
79.8
80.6
80.2
79.4
79.2
77.5
77.8
77.6
77.2
77.6
78.6
77.9
76.7
77.9
77.1
76.5
76.9
76.5
76.6
75.5
76.1
76.6
75.7
75.8
75.7
75.0
74.5
75.3
74.7
75.4
75.0
74.6
74.5
74.8
72.8
74.0
74.0
73.6
74.0
73.4
73.4
73.7
73.3
74.0
74.9
74.1
73.8
74.0
74.3
73.5
74.1
73.8
73.5
74.6
73.9
73.4
72.7
73.5
74.5
76.2
73.3
73.5
74.1
74.2
73.3
73.9
74.3
73.5
73.0
73.1
73.0
73.2
73.8
73.1
72.6
73.1
72.9
72.9
73.1
73.7
72.0
72.9
73.4
73.0
72.3
73.6
73.2
73.2
73.7
73.0
73.1
75.0
73.2
72.0
73.8
74.2
88.9
81.6
76.5
74.5
74.5
75.8
74.6
74.2
74.3
73.8
73.7
74.3
73.9
74.3
74.5
75.0
74.3
74.0
73.3
73.6
73.1
74.2
74.4
73.1
73.4
74.1
72.9
73.9
73.3
73.7
73.2
73.3
73.8
73.4
71.9
73.7
72.5
74.2
73.5
72.6
73.1
72.9
73.8
72.8
73.0
73.3
73.6
72.7
73.3
73.4
72.4
72.8
72.9
73.6
75.5
74.2
75.6
75.6
74.9
73.6
74.6
75.0
75.2
74.8
73.8
73.7
76.2
74.1
72.8
74.0
73.4
74.0
74.0
73.5
74.3
74.3
74.0
73.8
74.0
73.8
73.0
72.9
74.2
72.4
72.8
72.9
73.7
73.1
80.1
80.6
78.8
76.7
77.6
77.1
77.5
76.0
78.5
76.9
74.8
76.9
78.0
77.5
75.3
76.4
75.4
73.6
74.0
73.3
74.4
73.2
74.3
73.5
73.4
72.4
73.9
73.0
73.0
72.5
73.3
72.7
73.1
72.8
71.8
72.0
72.1
71.3
72.3
72.1
72.6
72.0
72.8
72.8
73.0
72.0
73.2
73.1
72.8
73.5
73.3
73.4
74.0
73.6
73.3
73.4
73.5
74.1
78.8
76.2
74.3
93.6
95.3
88.9
84.1
78.9
76.8
76.7
76.8
78.6
76.5
76.8
77.5
77.0
76.6
76.0
77.0
76.4
76.9
76.8
77.0
76.6
76.4
76.4
76.1
76.1
76.2
76.4
76.4
76.0
76.4
76.5
76.1
76.8
76.7
77.0
76.3
76.0
76.7
76.6
76.7
76.6
76.2
76.0
76.2
75.8
75.4
75.4
76.7
75.2
75.6
75.8
75.9
75.9
76.3
76.3
76.1
75.8
75.9
76.0
75.4
76.2
76.1
75.9
75.8
76.0
75.7
76.7
76.2
76.8
79.5
83.2
82.0
80.9
79.8
80.8
80.3
77.4
77.9
78.5
78.7
77.2
77.1
75.8
76.4
76.3
76.1
76.4
76.0
76.0
75.8
75.3
75.5
75.7
75.5
76.5
76.5
76.0
76.3
75.6
77.2
75.2
74.8
75.1
74.6
74.2
74.0
73.2
73.2
73.4
73.4
73.2
73.0
73.4
73.1
73.3
73.6
73.4
74.0
73.7
73.7
73.6
73.7
74.0
74.2
73.9
76.6
78.7
74.4
73.5
74.5
75.2
74.9
74.1
74.4
74.4
73.9
73.4
73.8
73.4
73.6
73.8
74.0
73.9
74.1
74.0
74.0
74.1
73.7
74.0
74.1
74.0
74.6
73.9
74.5
74.1
73.9
75.0
73.3
73.8
74.5
71.6
72.8
73.3
72.8
72.4
72.7
72.7
72.9
72.0
72.3
73.0
72.9
73.2
73.0
73.0
73.4
73.3
73.2
73.6
74.5
73.5
72.2
73.9
74.7
75.8
74.0
74.0
74.0
80.5
89.0
87.6
87.1
86.9
85.7
82.9
81.5
79.1
78.6
83.8
96.3
87.6
93.8
88.7
87.0
84.2
85.2
78.9
80.9
79.0
79.5
80.1
79.2
80.2
78.7
79.2
78.9
78.3
78.6
83.3
78.0
77.3
77.9
78.6
79.3
80.0
93.0
80.9
78.4
82.7
78.0
77.2
78.5
76.5
77.7
76.2
75.3
76.1
76.0
75.2
75.5
74.6
75.2
75.5
75.4
75.5
75.0
74.8
74.8
74.3
74.6
74.3
74.7
74.5
74.3
74.4
74.1
74.2
75.1
74.6
75.0
75.1
74.3
74.2
74.3
74.1
74.1
74.5
74.3
74.7
73.9
74.6
73.9
86.6
81.1
86.8
82.7
77.4
76.4
75.5
75.1
74.3
74.1
74.2
74.0
73.9
73.6
73.1
73.5
72.9
73.3
73.2
73.2
85.7
73.2
72.7
72.0
72.0
72.9
71.9
72.4
72.6
73.0
72.1
72.2
72.1
72.5
74.1
73.2
70.9
72.2
72.1
72.9
72.3
72.8
72.0
72.4
72.3
72.4
88.1
78.3
80.9
75.0
76.2
74.6
80.8
76.9
75.5
82.9
82.7
80.1
75.1
75.3
74.1
73.9
73.1
73.2
73.5
73.6
72.8
73.0
73.2
72.8
73.0
73.2
73.0
72.3
73.3
72.9
73.1
73.5
72.7
72.0
72.1
72.9
71.3
72.2
72.1
73.1
72.5
72.7
74.0
72.1
72.6
73.3
73.1
72.9
73.5
72.9
73.9
74.0
74.0
78.2
75.4
75.6
74.8
74.8
75.0
75.2
74.5
75.2
75.3
74.9
75.6
75.6
75.2
75.1
75.6
75.0
75.6
75.0
75.9
76.4
75.5
86.6
84.6
79.2
79.3
79.5
78.2
77.9
80.2
78.7
77.4
76.5
79.2
76.8
76.1
77.3
76.9
77.4
79.9
75.7
77.1
77.2
76.6
76.9
76.2
76.6
76.0
76.1
76.3
75.9
76.0
75.2
75.7
75.7
76.8
75.3
75.5
75.8
81.2
74.7
74.8
75.0
75.6
76.0
75.9
75.6
74.7
79.1
79.3
77.3
75.4
77.8
76.1
75.8
75.0
75.1
75.0
75.2
75.2
75.2
75.4
75.6
74.7
75.1
75.1
74.1
75.4
74.5
75.2
74.2
75.0
75.0
74.6
74.7
74.8
74.7
74.7
74.5
73.8
77.5
81.4
75.1
77.0
77.9
80.0
79.9
78.4
81.4
80.3
76.6
78.1
77.7
77.5
77.8
78.4
77.9
76.1
76.5
77.0
76.9
76.0
76.1
76.1
74.9
76.9
78.2
75.2
77.9
77.1
75.6
76.8
81.7
78.5
79.0
77.6
76.8
77.1
78.4
76.7
79.3
80.3
76.6
77.8
78.2
77.9
77.9
76.8
78.2
77.8
78.0
78.5
77.7
78.6
78.7
79.2
78.0
78.8
78.3
79.0
80.5
80.1
79.2
79.8
79.9
81.7
84.8
83.8
99.1
90.2
96.1
90.5
89.1
85.0
81.8
83.2
83.2
80.6
82.4
81.6
80.5
79.3
80.9
81.1
78.6
79.7
79.6
81.0
79.9
78.5
81.6
80.7
80.6
80.9
78.3
77.3
78.0
77.6
78.3
77.5
77.3
77.2
77.4
77.8
77.5
77.8
77.4
77.2
75.0
77.1
78.7
76.0
77.9
76.5
76.5
77.0
77.6
77.3
78.9
77.5
77.2
77.0
76.2
76.3
75.5
76.0
74.6
77.8
76.0
77.3
74.9
72.6
74.8
74.5
74.1
73.4
72.6
74.3
78.1
74.0
71.8
72.9
73.7
73.8
73.1
74.1
74.0
71.9
73.7
73.9
74.7
75.4
75.3
74.4
73.2
74.3
71.4
72.5
72.0
72.6
73.5
77.7
73.8
74.2
72.8
73.1
74.5
72.6
71.1
71.4
72.5
71.0
71.8
71.3
71.0
70.3
70.8
73.9
70.5
70.3
71.2
69.5
73.7
70.1
71.5
70.4
73.1
69.9
69.2
70.3
69.4
71.7
68.3
69.9
72.5
67.7
70.1
70.9
69.1
69.3
70.1
69.9
68.5
70.2
68.3
68.0
68.9
68.9
69.4
71.5
68.7
69.3
71.1
66.7
68.9
68.9
67.4
72.3
69.2
69.0
68.1
70.9
68.8
68.5
69.5
69.6
70.5
69.4
67.5
70.0
70.0
71.0
66.9
67.6
69.1
68.7
70.1
69.4
68.4
69.8
69.3
71.2
68.6
69.1
68.7
69.5
69.5
69.1
68.7
71.3
70.6
70.2
68.2
69.1
67.8
68.0
67.5
68.5
68.8
67.7
67.9
68.4
69.1
69.4
68.7
68.1
69.3
67.2
68.3
68.9
67.7
67.8
68.7
69.5
68.2
67.2
69.0
68.7
67.8
69.2
68.2
68.6
68.8
68.2
71.7
70.6
68.6
69.3
70.1
68.1
70.3
69.5
71.4
68.9
68.3
69.7
69.0
70.8
67.2
69.3
68.4
68.9
68.8
68.9
68.5
71.1
69.0
68.7
69.8
69.1
70.1
72.2
69.0
70.8
70.5
72.1
72.3
68.6
71.9
68.8
71.4
71.5
68.8
69.6
69.3
70.0
69.6
69.1
68.5
70.0
70.0
69.0
72.3
74.2
67.8
68.8
69.4
69.5
69.7
70.1
69.1
69.8
69.9
71.1
74.8
70.1
69.8
69.2
70.3
69.8
71.0
68.1
70.3
69.2
70.7
70.0
73.4
75.6
71.0
70.5
69.9
70.6
74.5
77.0
76.7
85.7
93.8
94.7
90.6
98.6
90.2
86.5
90.3
81.6
85.9
83.0
77.7
78.2
80.3
82.6
80.9
80.4
83.5
82.9
79.4
81.9
84.4
