122.6
111.3
111.0
107.4
115.7
121.1
115.8
97.2
121.6
122.1
117.8
115.3
114.8
109.7
115.8
120.1
96.4
108.2
119.2
110.5
105.8
100.3
159.9
162.2
151.5
153.4
155.8
133.4
116.4
124.7
127.2
124.1
89.3
100.8
113.2
126.1
115.4
101.6
108.1
99.3
103.8
102.7
90.0
88.1
89.7
90.4
96.0
88.6
87.3
104.1
89.7
97.5
108.4
84.6
102.3
97.7
108.9
115.7
108.5
124.2
117.3
116.6
126.7
117.5
130.6
131.8
169.0
150.2
137.4
132.7
152.3
146.8
134.0
136.8
136.7
147.2
142.8
136.0
115.8
117.3
105.9
106.6
98.2
5.8
20.9
13.6
6.300000000000001
47.0
63.699999999999996
80.39999999999999
97.1
147.6
146.8
144.4
111.8
118.2
59.4
0.5999999999999943
33.0
19.800000000000004
6.6
-6.600000000000001
8.6
9.6
10.6
11.6
12.6
45.1
61.85
38.53333333333333
35.25
31.96666666666667
28.683333333333334
25.4
22.116666666666667
22.68
21.32
19.96
18.6
17.1
5.6
-5.900000000000002
18.628571428571426
25.142857142857146
31.65714285714286
38.17142857142857
44.68571428571429
51.2
37.1
4.4
-28.300000000000004
7.0
8.3
16.93333333333333
21.9
10.8
4.9
1.9
2.5
3.1
8.5
10.9
19.1
55.2
2.3
8.7
15.1
8.7
10.8
29.6
24.6
40.0
37.5
21.3
23.0
138.3
138.7
135.8
140.7
136.0
140.5
138.7
139.7
137.9
138.2
128.9
132.0
138.9
134.2
137.6
136.2
135.2
124.8
137.4
132.7
127.9
128.4
130.8
128.9
131.5
126.4
125.1
125.7
127.0
120.5
118.0
125.5
122.7
113.4
116.7
123.2
127.1
121.9
122.9
119.4
115.4
118.4
114.1
118.6
93.9
119.8
116.1
110.1
115.2
115.7
53.3
43.9
49.5
51.5
53.2
51.5
51.0
51.1
51.0
51.5
52.0
52.3
51.5
51.0
50.4
50.2
50.2
49.5
49.6
49.7
51.0
48.2
48.1
41.2
43.6
46.6
44.7
48.3
48.6
48.5
48.5
47.5
47.9
47.4
47.2
47.5
48.1
48.7
46.5
46.6
46.1
46.2
45.9
46.1
45.2
45.0
44.7
45.2
45.2
45.1
44.3
43.6
44.4
45.7
44.9
46.2
46.3
46.7
49.6
61.7
70.8
111.3
140.9
143.3
146.3
144.7
152.1
156.2
153.9
150.9
156.2
150.0
158.4
164.2
156.5
168.3
158.6
159.9
159.9
162.1
165.6
167.2
165.4
163.7
162.2
160.5
161.6
162.1
160.8
163.8
160.4
158.4
156.2
146.5
143.4
139.4
139.2
139.8
149.2
145.9
139.9
138.5
133.7
141.4
137.7
133.1
132.2
127.1
129.7
127.5
126.8
125.7
122.6
69.6
62.0
60.0
68.8
70.7
102.0
125.7
126.9
121.1
134.4
132.4
138.3
153.9
154.6
153.0
148.8
145.8
158.5
157.8
160.1
158.4
144.8
157.2
151.9
151.6
148.8
149.9
144.4
141.7
145.9
141.1
140.0
133.8
133.1
135.0
126.9
129.9
124.8
130.1
128.1
128.4
125.7
131.8
130.9
134.7
141.2
144.3
143.2
142.3
147.5
95.0
148.6
132.2
132.4
139.8
133.8
136.2
153.1
156.8
153.9
151.8
151.5
147.2
147.4
151.1
152.3
150.2
139.3
137.5
142.7
138.5
133.8
130.2
129.6
128.7
119.7
117.6
122.3
112.1
111.4
107.3
92.9
76.3
73.3
73.2
65.9
62.0
59.4
59.5
57.7
52.9
51.3
53.5
51.4
50.7
53.0
55.5
62.4
70.3
72.2
74.6
76.3
80.1
80.1
80.8
79.9
79.4
80.0
80.0
81.1
84.4
94.3
96.0
95.1
97.6
97.8
99.8
101.8
105.6
105.9
105.2
102.7
105.4
107.4
96.7
80.0
80.0
77.9
80.0
80.0
80.0
82.9
80.5
80.0
80.0
80.6
80.0
80.0
80.0
80.0
80.0
81.5
80.4
80.0
80.0
80.0
80.0
80.0
80.0
80.0
80.0
80.0
80.0
80.0
80.0
80.0
80.0
80.0
80.0
80.0
80.0
80.0
80.0
80.0
80.0
80.0
80.0
80.0
80.0
80.0
80.0
80.0
80.0
80.0
80.0
80.0
80.0
80.0
80.0
80.0
80.0
80.0
80.0
80.0
80.0
80.0
80.0
80.0
80.0
80.0
80.0
80.0
80.0
80.0
80.0
80.0
80.0
80.0
80.0
80.0
80.0
80.0
80.0
80.0
80.0
80.0
80.0
80.0
80.0
80.0
80.0
80.0
80.0
80.0
80.0
80.0
82.3
80.0
80.4
80.1
81.2
80.5
79.8
80.16666666666667
80.0
80.0
80.0
80.0
82.1
86.4
82.3
80.0
80.0
80.0
80.0
80.0
80.0
80.0
80.0
80.0
80.0
80.0
80.0
81.2
80.0
80.0
80.0
80.0
80.0
80.0
80.0
80.0
80.0
80.0
80.0
80.0
80.0
80.0
80.0
80.0
80.0
80.0
80.0
81.2
80.0
80.0
80.0
80.0
80.0
80.0
80.0
80.0
80.0
80.0
80.0
80.0
80.0
80.0
80.0
80.0
80.0
80.0
80.0
80.0
80.0
80.0
80.0
80.0
80.0
80.0
80.0
80.0
80.0
80.0
80.0
80.0
80.0
80.0
80.0
80.0
80.0
80.0
80.0
80.0
80.0
80.0
80.0
80.0
80.0
80.0
80.0
80.0
80.0
80.0
80.0
80.0
80.0
80.0
80.0
80.0
80.0
80.0
80.0
80.0
80.0
80.0
80.0
80.0
80.0
80.0
80.0
80.0
80.0
80.0
80.0
80.0
80.0
80.0
80.0
80.0
80.0
80.0
80.0
80.0
80.0
80.0
80.0
80.0
80.0
80.0
80.0
80.0
80.0
80.0
80.0
80.0
80.0
80.0
80.0
80.0
80.0
80.0
80.0
80.0
80.0
80.0
80.0
80.0
80.0
80.0
80.0
80.0
80.0
80.0
80.0
80.0
80.0
80.0
80.0
80.0
80.0
80.0
80.0
80.0
80.0
80.0
80.0
80.0
80.0
80.0
80.0
80.0
80.0
80.0
80.0
80.0
80.0
80.0
80.0
80.0
80.0
80.0
80.0
80.0
80.0
80.0
80.0
80.0
80.0
80.0
80.0
80.0
80.0
80.0
80.0
80.0
80.0
80.0
80.0
80.0
80.0
80.0
80.0
80.0
80.0
80.0
80.0
80.0
80.0
80.0
80.0
80.0
80.0
80.0
80.0
80.0
80.0
80.0
80.0
80.0
80.0
80.0
80.0
80.0
80.0
80.0
80.0
80.0
80.0
80.0
80.0
80.0
80.0
80.0
80.0
80.0
80.0
80.0
80.0
80.0
80.0
80.0
80.0
80.0
80.0
80.0
80.0
80.0
80.0
80.0
80.0
60.1
40.0
40.0
40.0
41.6
40.4
79.6
85.0
82.3
80.0
80.0
80.0
80.0
80.0
80.0
80.9
82.5
83.4
84.5
85.0
85.8
86.1
87.0
87.1
87.5
87.2
88.0
88.6
90.8
90.3
89.9
89.9
89.0
89.0
89.0
89.0
89.0
89.0
89.0
89.0
89.0
88.9
88.4
88.9
89.0
88.7
88.7
89.0
89.0
89.0
88.4
88.0
88.0
87.7
87.0
87.4
87.5
86.2
84.9
82.6
81.4
80.5
80.0
80.0
80.0
80.0
66.1
63.4
60.5
59.2
57.2
56.2
55.0
55.0
55.3
56.2
60.7
77.8
81.4
80.0
80.0
80.0
80.0
80.0
80.0
80.0
80.0
80.0
80.0
80.0
80.0
80.0
71.6
59.7
60.0
59.1
58.7
58.0
56.8
55.599999999999994
54.7
51.2
50.7
78.1
80.0
80.0
80.0
80.0
80.0
80.0
80.0
80.0
80.0
80.0
80.0
80.0
80.0
85.0
85.0
85.0
85.0
85.0
85.1
85.1
85.2
85.1
85.2
85.3
85.2
85.2
85.3
85.2
85.2
85.3
85.3
85.1
85.1
85.0
85.0
85.0
85.0
85.0
85.0
85.1
85.0
85.0
85.0
85.0
85.0
85.0
85.0
85.0
85.0
85.0
85.0
85.0
85.0
85.0
85.0
85.1
85.0
85.0
85.0
85.0
85.0
85.0
85.0
85.0
85.1
85.0
85.0
85.0
85.0
84.8
80.7
78.4
77.2
79.9
80.0
80.0
80.0
80.0
80.0
80.0
80.0
80.0
80.0
80.0
80.0
80.0
80.0
80.0
80.0
80.0
80.0
80.0
77.3
74.9
74.7
74.6
75.1
75.0
74.7
75.3
74.7
74.6
74.1
83.3
82.2
80.0
80.0
80.0
80.0
80.0
80.0
80.0
80.0
80.0
80.0
80.0
80.0
80.0
80.0
80.0
80.0
80.0
80.0
80.0
80.0
80.0
80.0
80.0
80.0
80.0
80.0
80.0
80.0
80.0
80.0
80.0
80.0
80.0
80.0
80.0
80.0
80.0
80.0
80.0
80.0
80.0
80.0
80.0
80.0
80.0
80.0
80.0
80.0
80.0
80.0
80.0
80.0
80.4
80.7
81.1
80.0
80.0
80.0
80.0
80.0
80.0
80.0
80.0
80.0
80.0
80.0
80.0
80.0
80.0
80.0
80.0
80.0
80.0
80.0
80.0
80.0
80.0
80.0
80.0
80.0
80.0
80.0
80.0
80.0
80.0
80.0
80.0
80.0
80.0
80.0
80.0
80.0
80.0
80.0
80.0
80.0
80.0
80.0
80.0
80.0
80.0
80.0
80.0
80.0
80.0
80.0
80.0
80.0
80.0
80.0
80.0
80.0
80.0
80.0
80.0
80.0
80.0
80.0
80.0
80.0
80.0
80.0
80.0
80.0
80.0
80.0
80.0
80.0
80.0
80.0
80.0
80.0
80.0
80.0
80.0
80.0
80.0
80.0
80.0
80.0
80.0
80.0
80.0
80.0
80.0
80.0
80.0
80.0
80.0
80.0
80.0
80.0
80.0
80.0
80.0
80.0
80.0
80.0
80.0
80.0
80.0
80.0
80.0
80.0
80.0
80.0
80.0
80.0
80.0
80.0
80.0
80.0
80.0
80.0
80.0
80.0
80.0
80.0
80.0
80.0
80.0
80.0
80.0
80.0
80.0
80.0
80.0
80.0
80.0
80.0
80.0
80.0
80.0
80.0
80.0
80.0
80.0
80.0
80.0
80.0
80.0
80.0
80.0
80.0
80.0
80.0
80.0
80.0
80.0
80.0
80.0
80.0
80.0
80.0
80.0
80.0
80.0
80.0
80.0
80.0
80.0
80.0
80.0
80.0
80.0
80.0
80.0
80.0
80.0
80.0
80.0
80.0
80.0
80.0
80.0
80.0
80.0
80.0
80.0
80.0
80.0
80.0
80.0
80.0
80.0
80.0
80.0
80.0
80.0
80.0
80.0
80.0
80.0
80.0
80.0
80.0
80.0
80.0
80.0
80.0
80.0
80.0
80.0
80.0
80.0
80.0
80.0
80.0
80.0
80.0
80.0
80.0
80.0
80.0
80.0
80.0
80.0
80.0
80.0
80.0
80.0
80.0
80.0
80.0
80.0
80.0
80.0
80.0
80.0
80.0
80.0
80.0
80.0
80.0
80.0
80.0
80.0
80.0
80.0
80.0
80.0
80.0
80.0
80.0
80.0
80.0
80.0
80.0
80.0
80.0
80.0
80.0
80.0
80.0
80.0
80.0
80.0
80.0
80.0
80.0
80.0
80.0
80.0
80.0
80.0
80.0
80.0
80.0
80.0
80.0
80.0
80.0
80.0
80.0
80.0
80.0
80.0
80.0
80.0
80.0
80.0
80.0
80.0
80.0
80.0
80.0
80.0
80.0
80.0
80.0
80.0
80.0
80.0
80.0
80.0
80.0
80.0
80.0
80.0
80.0
80.0
80.0
80.0
80.0
80.0
80.0
80.0
80.0
80.0
80.0
80.0
80.0
80.0
80.0
80.0
80.0
80.0
80.0
80.0
80.0
80.0
80.0
80.0
80.0
80.0
80.0
80.0
80.0
80.0
80.0
80.0
80.0
80.0
80.0
80.0
80.0
80.0
80.0
80.0
80.0
80.0
80.0
80.0
80.0
80.0
80.0
80.0
80.0
80.0
80.0
80.0
80.0
80.0
80.0
80.0
80.0
80.0
80.0
80.0
80.0
80.0
80.0
80.0
80.0
80.0
80.0
80.0
80.0
80.0
80.0
80.0
80.0
80.0
80.0
80.0
80.0
80.0
80.0
80.0
80.0
80.0
80.0
80.0
80.0
80.0
80.0
80.0
80.0
80.0
80.0
80.0
80.0
80.0
80.0
80.0
80.0
80.0
80.0
80.0
80.0
80.0
80.0
80.0
80.0
80.0
80.0
80.0
80.0
80.0
80.0
80.0
80.0
80.0
80.0
80.0
80.0
80.0
80.0
80.0
80.0
80.0
80.0
80.0
80.0
80.0
80.0
80.0
80.0
80.0
80.0
80.0
80.0
80.0
80.0
80.0
80.0
80.0
80.0
80.0
80.0
80.0
81.2
80.0
80.0
80.0
80.0
80.0
80.0
80.0
80.0
80.0
80.0
80.0
80.0
80.0
80.0
80.0
80.0
80.0
80.0
80.0
80.0
80.0
80.0
80.0
80.0
80.0
80.0
80.0
80.0
80.0
80.0
80.0
80.0
80.0
80.0
80.0
80.0
80.0
80.0
80.0
80.0
80.0
80.0
80.0
80.0
80.0
80.0
80.0
80.0
80.0
80.0
80.0
80.0
80.0
80.0
80.0
80.0
80.0
80.0
80.0
80.0
80.0
80.0
80.0
80.0
80.0
80.0
80.0
80.0
80.0
80.0
80.0
80.0
80.0
80.0
80.0
80.0
80.0
80.0
80.0
80.0
80.0
80.0
80.0
80.0
80.0
80.0
80.0
80.0
80.0
80.0
80.0
80.0
80.0
80.0
80.0
80.0
80.0
80.0
80.0
80.0
80.0
80.0
80.0
80.0
80.0
80.0
80.0
80.0
80.0
80.0
80.0
80.0
80.0
80.0
80.0
80.0
80.0
80.0
80.0
80.0
80.0
80.0
80.0
80.0
80.0
80.0
80.0
80.0
80.0
80.0
80.0
80.0
80.0
80.0
80.0
80.0
80.0
80.0
80.0
80.0
80.0
80.0
80.0
80.0
80.0
80.0
80.0
80.0
80.0
80.0
80.0
80.0
80.0
80.0
80.0
80.0
80.0
80.0
80.0
80.0
80.0
80.1
80.0
80.0
80.0
80.0
80.0
80.0
80.0
80.0
80.0
80.0
80.0
80.0
80.0
80.0
80.0
80.0
80.0
80.0
80.0
80.0
80.0
80.0
80.0
80.0
80.0
80.0
80.1
80.0
80.0
80.0
80.0
80.0
80.0
80.0
80.0
80.0
80.0
80.0
80.0
80.0
80.0
80.0
80.0
80.0
80.0
80.0
80.0
80.0
80.0
80.0
82.2
84.4
79.5
75.3
80.0
80.0
80.6
77.3
79.3
82.0
81.3
80.8
80.8
71.3
80.2
79.5
80.0
80.0
80.0
80.0
80.1
80.1
80.1
80.1
80.1
80.2
80.2
80.1
80.1
80.0
80.0
80.1
80.0
80.1
80.0
80.2
80.0
80.0
80.0
80.0
80.1
80.2
80.1
80.0
80.1
80.1
80.0
80.1
80.0
82.6
84.6
79.6
80.0
80.0
80.0
80.0
80.0
80.0
80.0
80.0
80.0
80.0
80.0
80.0
80.0
80.0
80.0
80.0
80.0
80.0
80.0
80.0
80.0
80.0
80.0
80.0
80.0
80.0
80.0
80.0
80.0
80.0
80.0
80.1
80.0
80.0
80.0
80.0
80.0
80.0
80.0
80.0
80.0
80.0
80.1
79.9
80.0
80.0
80.0
80.1
80.0
80.0
80.1
80.0
80.0
80.0
80.0
80.0
80.1
80.0
80.0
80.0
80.0
80.0
80.1
80.0
80.0
80.1
80.0
80.0
80.1
80.0
80.1
80.0
80.0
80.0
80.0
80.0
80.0
80.0
80.1
80.0
80.0
80.0
80.0
80.0
80.0
80.0
80.0
80.1
80.0
80.1
80.0
80.0
80.1
80.0
80.0
80.0
80.0
80.0
80.1
80.1
80.1
80.0
79.9
80.0
80.0
80.0
80.0
80.0
80.0
80.0
80.0
80.0
80.1
80.0
80.0
80.0
80.0
80.0
80.0
80.0
80.0
80.0
80.0
80.1
80.0
80.1
80.0
80.0
80.1
80.0
80.0
80.1
80.0
80.0
80.0
80.0
80.0
80.0
80.0
80.0
80.0
80.1
80.1
80.0
80.0
80.0
80.1
80.0
80.0
80.0
80.0
80.0
80.0
80.0
80.0
80.0
80.1
80.0
80.0
80.0
80.0
80.0
80.0
80.0
80.0
80.0
80.0
80.1
80.0
80.0
80.0
80.0
80.0
80.0
80.0
80.0
80.0
80.0
80.0
80.0
80.0
80.0
80.0
80.0
80.0
80.0
80.0
80.0
80.1
80.0
80.1
80.1
80.1
80.0
80.0
80.0
80.0
80.0
80.0
80.0
80.0
80.1
80.0
80.0
80.0
80.1
80.0
80.1
80.0
80.0
80.0
80.0
80.0
80.0
80.0
80.1
80.0
80.0
80.0
79.9
80.0
80.1
80.0
80.0
80.0
80.0
80.0
80.0
80.0
80.0
80.0
80.0
80.0
80.0
80.0
80.0
80.0
80.0
80.0
80.0
80.0
80.0
80.0
80.0
80.0
80.0
80.0
80.0
80.0
80.0
81.1
80.0
80.0
80.0
80.0
80.0
80.0
80.0
80.0
80.0
80.0
80.0
80.0
80.0
80.0
80.0
80.0
80.0
80.0
80.0
80.0
80.0
80.0
80.0
80.0
80.0
80.0
80.0
80.0
80.0
80.0
80.0
80.0
80.0
80.0
80.0
80.0
80.0
80.0
80.0
80.0
80.0
80.0
80.0
80.0
80.0
80.0
80.0
80.0
80.0
80.0
80.0
80.0
80.0
80.0
80.0
80.0
80.0
80.0
80.0
80.0
80.0
80.0
80.0
80.0
80.0
80.0
80.0
80.0
80.0
80.0
80.0
80.0
80.0
80.0
80.0
80.0
80.0
80.0
80.0
80.0
80.0
80.0
80.0
80.0
80.0
80.0
80.0
80.0
80.0
80.0
80.0
80.0
80.0
80.0
80.0
80.0
80.0
80.0
80.0
80.0
80.0
80.0
80.0
80.0
80.0
80.0
80.0
80.0
80.0
80.0
80.0
80.0
80.0
80.0
80.0
80.0
80.0
80.0
80.0
80.0
80.0
80.0
80.0
80.0
80.0
80.0
80.0
80.0
80.0
80.0
80.0
80.0
80.0
80.0
80.0
80.0
80.0
80.0
80.0
80.0
80.0
80.0
80.0
80.0
80.0
80.0
80.0
80.0
80.0
80.0
80.0
80.0
80.0
80.0
80.0
80.0
80.0
80.0
80.0
80.0
80.0
80.0
80.0
80.0
80.0
80.0
80.0
80.0
80.0
80.0
80.0
80.0
80.0
80.0
80.0
80.0
80.0
80.0
80.0
80.0
80.0
80.0
80.0
80.0
80.0
80.0
80.0
80.0
80.0
80.0
81.0
80.0
80.0
80.0
80.0
80.0
80.0
80.0
80.0
80.0
80.0
80.0
80.0
80.0
79.7
80.0
80.0
80.0
80.0
80.0
80.0
80.0
80.0
80.0
80.0
80.0
80.0
80.0
80.0
80.0
80.0
80.0
80.0
80.0
80.0
80.0
80.0
80.0
80.0
80.0
80.0
80.0
80.0
80.0
80.0
80.0
80.0
80.0
80.0
80.0
80.0
80.0
80.0
80.0
80.0
80.0
80.0
80.0
80.0
80.0
80.0
80.0
80.0
80.0
80.0
80.0
80.0
80.0
80.0
80.0
80.0
80.0
80.0
80.0
80.0
80.0
80.0
80.0
80.0
80.0
80.0
80.0
80.0
80.0
80.0
80.0
80.0
80.0
80.0
80.0
80.0
80.0
80.0
80.0
80.0
80.0
80.0
80.0
80.0
80.0
80.0
80.0
80.0
80.0
80.0
80.0
80.0
80.0
80.0
80.0
80.0
80.0
80.0
80.0
80.0
80.0
80.0
80.0
80.0
80.0
80.0
80.0
80.0
80.0
80.0
80.0
80.0
80.0
80.0
80.0
80.0
80.0
80.0
80.0
80.0
80.0
80.0
80.0
80.0
80.0
80.0
80.0
80.0
80.0
80.0
80.0
80.0
80.0
80.0
80.0
80.0
80.0
80.0
80.0
80.0
80.0
80.0
80.0
80.0
80.0
80.0
80.0
80.0
80.0
80.0
80.0
80.0
80.0
80.0
80.0
80.0
80.0
80.0
80.0
80.0
80.0
80.0
80.0
80.0
80.0
80.0
80.0
80.0
80.0
80.0
80.0
80.0
80.0
80.0
80.0
80.0
80.0
80.0
80.0
80.0
80.0
80.0
80.0
80.2
80.0
82.2
82.0
79.9
80.3
81.7
82.4
84.0
80.1
81.0
80.0
80.0
80.0
80.0
80.0
80.0
80.0
80.0
80.0
80.0
80.0
80.0
80.0
80.0
80.0
80.0
80.0
80.0
80.0
80.0
80.0
80.0
80.0
80.0
80.0
80.0
80.0
80.0
80.0
80.0
80.0
80.0
80.0
80.0
80.0
80.0
80.0
80.0
80.0
80.0
80.0
80.0
80.0
80.0
80.0
80.0
80.0
80.0
80.0
80.0
80.0
80.0
80.0
80.0
80.0
80.0
80.0
80.0
80.0
80.0
80.0
80.0
80.0
80.0
80.0
80.0
80.0
80.0
80.0
80.0
80.0
80.0
80.0
80.0
80.0
80.0
80.0
80.0
80.0
80.0
80.0
80.0
80.0
80.0
80.0
80.0
80.0
80.0
80.0
80.0
80.0
80.0
80.0
80.0
80.0
80.0
80.0
80.0
80.0
80.0
80.0
80.0
80.0
80.0
80.0
80.0
80.0
80.0
80.0
80.0
80.0
80.0
80.0
80.0
80.0
80.0
80.0
80.0
80.0
80.0
80.0
80.0
80.0
80.0
80.0
80.0
80.0
80.0
80.0
80.0
80.0
80.0
80.0
80.0
80.0
80.0
80.0
80.0
80.0
80.0
80.0
80.0
80.0
80.0
80.0
80.0
80.0
80.0
80.0
80.0
80.0
80.0
80.0
80.0
80.0
80.0
80.0
80.0
80.0
81.0
80.0
81.1
80.0
80.0
80.0
80.0
80.0
80.0
80.0
80.0
80.0
80.0
80.0
80.0
80.0
80.0
80.0
80.0
80.0
80.0
80.0
80.0
80.0
80.0
80.0
80.0
80.0
80.0
80.0
80.0
80.0
80.0
80.0
80.0
80.0
80.0
80.0
80.0
80.0
80.0
80.0
80.0
80.0
80.0
80.0
80.0
80.0
80.0
80.0
80.0
80.0
80.0
80.0
80.0
80.0
80.0
80.0
80.0
80.0
80.0
80.0
80.0
80.0
80.0
80.0
80.0
80.0
80.0
80.0
80.0
80.0
80.0
80.0
80.0
80.0
80.0
80.0
80.0
80.0
80.0
80.0
80.0
80.0
80.0
80.0
80.0
80.0
80.0
80.0
80.0
80.0
80.0
80.0
80.0
80.0
80.0
80.0
80.0
80.0
80.0
80.0
80.0
80.0
80.0
80.0
80.0
80.0
80.0
80.0
80.0
80.0
80.0
80.0
80.0
80.0
80.0
80.0
80.0
80.0
80.0
80.0
80.0
80.0
80.0
80.0
80.0
80.0
80.0
80.0
80.0
80.0
80.0
80.0
80.0
80.0
80.0
80.0
80.0
80.0
80.0
80.0
80.0
80.0
80.0
80.0
80.0
80.0
80.0
80.0
80.0
80.0
80.0
80.0
80.0
80.0
80.0
80.0
80.0
80.0
80.0
80.0
80.0
90.8
80.0
80.0
80.0
80.0
80.0
80.0
80.0
81.0
80.0
80.0
80.0
80.0
80.0
80.0
80.0
80.0
80.0
80.0
80.0
82.3
80.0
80.0
80.0
80.0
80.0
80.0
80.0
80.0
80.0
93.9
80.0
80.0
80.0
80.0
80.0
80.0
80.0
80.0
80.0
80.0
80.0
80.0
80.0
80.0
80.0
82.3
80.0
80.0
80.0
80.0
80.0
81.0
80.0
80.0
80.0
80.0
80.0
80.0
80.0
80.0
80.0
80.0
80.0
80.0
80.0
80.0
80.0
80.0
80.0
80.0
80.0
80.0
80.0
80.0
80.0
80.0
80.0
80.0
80.0
80.0
80.0
80.0
80.0
80.0
80.0
80.0
80.0
80.0
80.0
80.0
80.0
80.0
80.0
80.0
80.0
80.0
80.0
80.0
80.0
80.0
80.0
80.0
80.0
80.0
80.0
80.0
80.0
80.0
80.1
80.0
80.0
80.0
80.0
