107.4
109.2
109.1
106.9
112.0
111.6
111.8
110.7
113.8
112.6
110.6
107.3
106.1
103.4
103.9
102.8
101.3
102.4
102.0
99.6
100.4
101.5
100.4
101.4
100.2
102.8
106.6
105.8
106.2
109.8
108.6
107.1
106.3
105.1
103.6
103.1
103.6
102.9
104.2
105.4
105.3
111.2
113.8
114.7
113.3
113.3
109.2
115.4
114.8
112.0
110.4
111.8
113.9
112.6
112.4
109.9
106.6
107.8
103.9
103.8
109.0
111.0
104.0
104.1
105.0
104.8
106.4
114.0
118.3
113.4
110.7
109.0
114.9
107.0
103.4
104.7
107.0
105.8
105.2
104.7
105.8
107.4
106.6
106.4
105.5
104.2
104.7
101.9
102.3
102.6
101.7
102.6
102.1
103.8
100.0
100.4
106.9
105.8
105.8
105.9
104.3
102.9
103.0
104.5
100.2
101.0
100.8
97.7
103.6
109.8
112.6
115.3
110.7
111.7
111.0
104.9
104.2
104.6
105.4
105.5
104.5
103.4
103.8
106.1
106.3
106.0
106.1
103.4
103.6
101.9
101.3
100.4
100.7
100.7
104.0
101.9
100.3
96.4
98.9
99.6
98.5
98.2
98.4
98.0
98.2
97.9
97.6
98.4
103.6
103.6
100.2
99.0
102.9
101.5
100.2
98.3
103.2
102.1
97.6
97.8
99.9
98.6
98.8
98.3
99.4
99.9
104.4
101.2
99.7
98.6
103.6
98.4
99.2
98.2
99.5
93.7
101.9
103.8
95.5
94.6
99.9
98.0
98.9
101.2
102.3
103.3
105.4
107.8
109.6
107.8
108.1
106.3
104.0
106.6
106.5
106.2
106.5
105.1
105.6
105.6
104.7
107.4
107.6
106.8
102.8
102.6
102.3
102.9
102.3
102.2
101.7
101.8
99.6
99.8
100.4
99.2
100.4
100.5
100.3
100.1
100.8
104.2
105.8
101.0
100.0
100.1
100.1
100.2
99.8
99.9
98.6
98.5
99.6
98.9
98.9
97.6
97.3
97.8
97.1
98.8
97.7
97.2
98.3
98.9
98.3
105.2
107.5
103.3
103.4
102.1
102.0
100.3
100.4
101.2
103.6
108.2
105.7
109.6
115.0
114.3
114.3
112.1
111.3
114.0
114.1
113.2
112.8
112.5
107.9
108.7
105.7
104.6
106.3
111.8
114.5
113.8
109.8
106.5
101.5
99.7
98.3
98.3
98.3
96.9
96.8
95.5
95.6
95.9
96.7
99.5
99.2
97.3
96.0
93.4
92.6
92.4
92.8
91.3
91.7
92.1
92.3
91.8
93.2
92.6
92.3
91.9
90.9
94.1
95.9
99.0
97.1
102.6
98.7
99.4
97.9
100.8
102.4
101.2
100.1
98.9
99.9
99.1
98.6
98.7
97.2
97.7
97.9
97.7
97.3
96.0
96.0
95.2
95.3
95.4
95.1
95.1
94.2
93.8
93.5
93.4
93.4
94.4
94.2
94.1
92.4
93.6
93.6
93.1
94.0
93.5
94.0
93.1
93.5
94.2
94.1
94.9
95.1
94.0
94.0
92.9
92.9
93.4
93.8
93.4
92.8
93.4
93.1
93.5
93.9
98.7
99.1
94.3
92.7
92.9
95.2
95.5
96.3
96.5
94.0
93.6
93.8
93.8
95.4
94.7
93.4
93.8
94.1
93.7
92.7
93.5
94.4
95.2
98.4
96.9
96.5
98.4
108.6
104.8
102.3
101.1
99.8
99.1
98.4
98.1
98.6
98.2
98.5
98.5
98.1
99.4
99.0
98.0
99.4
103.9
99.7
100.5
100.5
101.7
94.1
95.8
95.7
96.1
98.7
99.7
101.4
101.7
98.6
100.8
100.9
100.2
103.8
99.7
107.2
108.2
108.7
106.3
105.4
105.9
105.2
104.2
104.9
103.7
104.5
103.5
102.0
101.3
101.3
103.9
102.7
101.3
104.0
104.9
104.0
102.9
101.1
102.1
100.7
101.4
103.7
109.2
113.4
113.9
108.8
104.8
102.4
104.1
103.0
103.1
102.4
102.6
105.7
114.0
114.3
116.2
118.5
117.0
115.9
114.8
115.6
114.5
113.6
113.5
119.1
115.2
112.7
110.6
112.3
111.3
106.3
102.4
102.7
102.3
102.8
103.7
103.2
101.5
96.7
99.6
100.8
102.8
103.7
101.5
100.8
100.3
100.3
99.8
100.5
100.1
99.9
102.4
116.2
115.5
115.2
112.8
113.6
113.0
113.9
112.2
112.6
111.8
112.1
114.2
112.5
111.9
112.8
112.4
112.1
112.6
111.9
113.2
114.1
112.3
112.0
112.4
111.9
112.0
112.1
112.2
112.7
112.5
112.1
113.2
112.7
112.9
112.8
113.0
113.3
114.1
115.0
114.2
115.0
113.9
113.2
112.4
95.1
98.7
101.2
99.4
95.9
103.0
99.5
101.1
102.3
98.7
99.1
102.6
103.1
102.9
104.9
104.1
106.0
104.7
102.7
101.9
109.2
109.1
112.4
113.7
112.7
109.9
105.2
102.4
103.5
103.7
107.8
108.9
110.1
105.0
102.4
100.0
100.4
101.0
102.3
108.6
109.5
117.1
114.0
114.0
110.3
103.5
99.7
99.8
99.9
101.0
98.4
98.8
98.3
98.1
97.6
98.1
99.8
98.4
97.8
97.5
97.9
98.1
96.8
95.3
97.1
104.1
108.2
106.7
104.1
103.9
102.4
100.1
98.3
97.7
97.8
98.2
98.5
97.4
98.1
97.2
96.4
101.2
107.8
105.2
105.6
104.9
104.7
103.0
100.3
102.2
105.2
101.0
101.0
101.6
103.9
107.1
105.1
107.2
101.8
100.5
99.1
100.8
101.2
102.0
102.0
102.9
104.7
104.8
107.0
106.6
106.0
108.1
110.7
108.3
107.1
103.8
103.8
107.7
105.7
103.1
101.8
101.8
100.3
101.5
101.2
100.6
99.5
100.1
100.6
101.2
103.2
102.0
100.8
101.0
100.9
100.4
101.0
101.2
106.6
108.7
103.9
101.9
99.8
98.0
100.0
98.8
96.5
99.6
106.3
103.3
99.3
97.7
97.2
97.0
96.4
94.0
97.3
98.2
101.9
99.0
98.7
97.2
97.2
98.0
101.7
105.3
107.1
103.9
100.3
101.0
99.7
97.8
98.9
99.7
99.0
100.1
99.0
98.0
105.3
104.9
103.2
98.9
97.7
97.3
96.7
94.8
96.5
94.2
95.5
98.9
98.8
96.8
97.4
97.3
100.3
99.5
100.3
99.0
100.0
100.0
98.4
97.2
96.0
96.4
92.8
91.5
93.5
93.8
98.6
93.8
95.7
93.8
92.7
93.1
93.9
94.2
92.7
93.6
94.1
95.3
98.4
96.6
99.2
97.1
94.6
95.1
94.7
96.0
96.7
96.3
95.5
93.6
92.8
92.8
92.1
92.2
92.3
92.2
91.4
91.3
91.9
90.8
91.0
90.6
89.7
89.6
88.4
88.3
88.6
88.9
89.4
89.6
90.2
90.0
89.9
90.6
90.2
90.0
89.8
89.5
89.1
90.1
89.4
89.7
89.9
93.5
94.0
94.5
96.6
98.0
96.9
97.2
97.5
96.9
96.7
94.0
95.5
93.1
93.9
95.3
94.1
96.4
95.2
93.6
91.9
89.9
90.3
92.4
93.1
93.8
92.0
94.1
92.6
93.1
94.2
96.8
98.9
98.0
99.1
96.5
91.1
91.5
90.2
89.6
89.0
90.3
87.9
88.6
87.5
90.5
90.4
90.9
91.0
91.3
90.2
90.0
89.9
90.8
91.2
90.8
90.5
90.3
90.5
89.8
96.8
93.4
90.0
88.8
88.2
88.0
89.3
88.8
89.2
88.2
89.1
88.8
88.6
89.3
90.6
93.9
91.5
90.5
92.2
90.1
88.8
91.9
90.5
90.4
87.7
90.5
94.5
91.6
91.6
93.3
91.1
90.4
98.3
90.5
93.1
96.2
100.0
98.7
97.1
95.0
95.1
95.0
96.2
94.8
95.6
95.5
94.3
94.9
94.7
94.4
96.6
98.8
105.3
100.9
97.0
94.5
95.0
95.2
95.8
94.9
94.5
94.5
93.9
95.3
94.6
94.7
94.8
92.4
91.6
90.6
88.2
88.9
89.1
87.7
87.9
90.2
89.7
89.3
92.3
89.4
87.7
88.5
92.8
94.5
99.7
100.6
99.3
97.9
106.0
106.0
103.6
93.7
89.1
91.9
90.0
89.3
85.3
84.3
84.3
85.5
86.9
86.2
86.6
85.3
83.6
82.1
79.6
76.2
77.7
76.8
76.7
77.5
78.9
77.2
80.2
80.5
84.6
81.9
78.2
77.2
76.1
75.4
76.4
75.2
74.8
75.3
77.4
78.7
78.7
78.0
77.2
74.2
70.4
69.4
69.2
70.4
69.1
69.9
70.0
73.3
74.8
74.2
74.7
74.4
74.7
75.0
76.4
77.0
80.1
77.5
76.1
74.6
74.2
74.4
74.3
73.5
74.1
74.0
71.3
68.6
69.3
68.2
68.9
68.9
69.0
67.4
67.9
67.7
67.7
67.6
66.7
68.5
67.9
68.1
68.1
67.3
67.1
67.9
67.6
67.6
67.7
68.3
67.4
67.5
66.7
67.3
67.4
67.6
67.0
67.6
67.9
68.6
68.8
72.9
70.8
68.5
68.5
71.0
70.3
70.0
69.4
69.1
68.7
68.3
68.4
67.4
68.6
69.3
68.8
69.8
68.4
67.5
68.0
68.3
68.2
68.4
67.9
68.5
68.6
68.3
68.0
68.4
68.9
68.3
68.4
67.6
69.8
71.8
69.3
72.2
71.8
72.3
74.4
72.7
71.1
72.3
71.4
69.9
70.2
74.2
72.5
70.9
70.6
69.8
71.4
69.0
69.4
69.5
69.3
73.8
72.6
73.2
71.4
69.1
73.4
70.4
70.6
71.3
74.8
81.2
85.2
83.5
80.8
79.1
82.3
81.5
81.2
80.1
80.0
83.8
85.5
82.8
80.7
80.7
79.9
79.0
78.1
78.4
77.9
79.2
81.2
79.8
76.3
76.3
75.1
76.4
80.2
81.3
80.9
81.5
76.7
77.1
77.9
80.0
80.5
79.7
78.5
77.7
78.0
78.1
78.5
77.7
77.2
77.9
77.7
79.1
82.3
80.5
78.4
79.3
77.7
77.3
83.5
80.9
83.0
84.9
80.9
76.5
76.2
75.1
75.5
76.3
74.5
71.8
72.1
72.7
73.3
74.3
73.4
72.4
73.2
72.9
73.2
72.7
72.2
73.1
73.7
74.0
74.1
73.9
73.3
72.9
73.4
76.4
78.4
79.6
79.5
76.4
81.2
80.1
78.7
76.0
80.9
73.4
72.7
74.1
73.8
75.0
72.3
72.6
73.9
74.4
73.7
74.8
75.2
73.4
74.7
74.9
75.6
74.0
79.9
82.4
84.2
85.0
87.1
86.0
84.7
84.1
85.2
88.5
84.4
86.9
94.6
91.6
91.5
85.8
85.3
83.5
82.6
81.4
82.3
78.9
78.8
77.3
78.9
82.3
82.1
82.7
84.9
84.5
83.7
83.2
79.4
81.5
81.1
80.4
80.7
78.4
81.6
80.3
81.6
79.5
79.1
75.5
74.3
72.7
71.9
71.1
70.9
70.3
72.2
70.8
74.6
73.8
76.9
77.8
76.1
73.3
72.1
71.6
70.7
71.4
70.1
69.3
68.7
69.1
70.1
69.4
70.1
69.2
69.3
69.7
72.1
72.3
71.6
70.7
70.1
68.7
68.1
68.1
67.5
67.4
66.7
66.3
66.1
66.2
66.3
66.4
66.0
65.7
66.4
65.9
65.3
64.6
65.6
64.8
64.9
65.0
65.2
64.5
64.7
64.5
64.6
64.3
64.3
63.8
64.3
63.8
64.1
64.5
64.0
64.2
63.6
63.7
64.4
64.4
64.5
63.9
64.1
65.2
65.1
64.2
63.6
63.6
64.6
63.6
64.1
63.6
64.5
64.0
63.8
72.7
69.0
66.9
66.9
66.8
66.8
67.0
67.2
67.6
65.9
66.6
67.7
67.6
66.8
66.5
66.4
73.8
76.8
74.3
74.8
76.9
72.8
75.8
75.2
72.9
71.3
70.8
70.3
71.8
74.5
74.8
74.3
74.3
73.7
71.8
71.5
71.3
71.9
73.8
73.7
75.4
74.6
73.8
74.4
73.9
73.7
73.7
75.0
74.3
73.1
74.5
73.7
74.5
72.7
73.4
73.9
72.6
71.5
73.7
76.3
74.6
76.8
76.1
75.0
74.0
74.2
75.2
74.6
76.2
75.2
76.8
75.4
75.4
74.2
71.7
72.0
73.9
74.6
73.3
74.4
74.6
74.1
72.7
76.4
72.4
73.3
72.1
70.5
73.3
76.3
78.0
76.4
76.1
74.9
75.4
76.0
75.1
75.7
76.3
74.6
76.6
76.0
74.7
74.5
73.0
72.8
72.5
71.5
72.2
76.8
75.4
73.4
72.9
77.0
78.4
78.9
80.8
81.0
81.0
74.1
71.9
71.9
71.6
72.2
72.1
69.5
69.4
69.6
69.2
69.5
69.9
70.6
70.7
71.3
70.9
70.2
70.8
70.0
70.0
70.9
70.5
71.0
71.6
71.8
70.5
71.0
72.0
73.2
77.0
80.8
79.3
79.5
79.8
78.2
74.1
72.0
70.7
70.8
70.5
69.7
69.7
68.9
68.6
69.3
69.3
68.5
68.9
70.1
69.7
69.4
68.7
69.7
69.4
71.6
70.5
69.9
70.2
73.6
71.8
73.6
73.9
75.3
75.3
74.1
77.7
76.6
75.1
74.7
76.7
74.8
77.1
75.0
77.7
75.2
74.0
72.1
71.9
88.7
94.9
88.0
71.0
70.7
71.2
71.8
72.1
72.3
71.8
71.8
71.3
71.4
75.9
77.9
75.0
75.4
74.0
73.4
73.4
73.3
73.2
72.9
72.5
72.2
72.5
70.9
71.8
71.4
73.4
71.5
71.9
73.3
71.9
72.1
77.1
85.7
86.9
84.5
91.3
91.5
90.3
87.8
91.3
89.7
88.6
89.6
92.8
93.3
90.1
92.7
87.2
84.1
81.8
80.5
80.6
81.6
81.4
84.7
80.4
82.2
83.1
82.6
82.2
88.5
80.8
75.7
74.5
74.4
72.8
72.3
72.6
74.1
72.4
72.8
71.0
72.7
73.1
73.2
72.4
73.0
73.3
72.9
72.4
70.0
71.8
70.4
69.9
71.1
71.5
71.4
72.2
71.1
72.7
72.3
71.6
72.2
69.9
70.2
69.8
69.9
70.9
70.6
71.3
75.9
76.0
73.1
72.3
72.6
74.6
74.2
72.5
74.7
74.0
77.6
80.2
81.0
81.0
80.8
82.1
78.6
78.6
81.0
81.2
75.7
80.6
82.3
82.9
80.0
79.4
78.8
78.0
79.1
82.0
74.7
71.9
72.2
71.2
71.2
72.4
74.1
74.7
75.3
75.0
79.2
79.6
77.6
78.7
80.9
83.9
81.1
83.3
85.5
79.1
77.0
79.2
76.1
75.0
74.4
74.9
74.3
74.7
72.0
73.8
73.3
73.9
78.1
77.1
75.8
73.3
73.3
71.7
71.2
70.6
69.6
70.1
72.8
74.8
71.9
72.3
70.8
71.2
71.4
71.7
70.9
70.0
70.1
70.0
70.2
70.3
70.8
70.9
70.5
70.6
70.9
69.8
69.9
69.8
70.6
70.0
69.7
70.5
69.5
70.1
71.7
77.7
78.5
81.5
82.3
76.6
76.3
78.7
79.7
80.3
80.0
81.5
85.2
84.6
80.2
79.9
78.0
79.5
81.3
82.4
80.8
83.0
81.2
82.3
84.9
84.9
76.3
75.1
73.3
74.3
73.5
72.8
77.4
77.9
78.0
75.9
76.3
73.4
70.4
70.5
69.8
70.0
69.2
68.6
68.6
68.1
67.7
67.7
67.7
68.2
68.1
67.6
70.0
69.3
68.4
67.7
67.1
68.0
68.0
69.5
67.7
69.3
69.3
68.3
73.4
69.9
74.0
72.5
68.7
69.4
72.6
70.8
73.1
72.7
70.6
71.0
69.8
68.9
70.0
69.6
68.9
69.3
68.7
69.1
68.7
68.3
69.0
69.4
67.9
68.6
68.8
68.6
68.5
69.3
68.6
68.3
68.7
69.0
69.5
70.2
69.5
69.4
68.8
68.9
69.4
69.3
69.9
69.8
69.7
69.6
68.8
69.4
68.9
68.6
69.1
70.3
69.6
69.4
69.8
74.0
70.0
70.8
69.6
70.8
70.4
70.5
71.4
70.4
69.3
69.2
70.2
70.3
72.4
70.7
72.9
72.9
72.9
72.2
73.0
73.6
75.2
71.9
72.8
73.5
73.2
73.7
72.0
73.4
71.5
72.4
71.9
71.1
71.6
71.3
70.3
71.2
70.6
71.0
72.0
71.9
71.4
71.8
71.4
71.9
72.0
71.7
71.0
70.7
72.5
74.2
73.4
72.5
72.1
71.8
71.7
75.1
73.0
71.3
73.1
73.6
72.9
72.8
74.7
73.1
73.6
72.8
73.5
75.1
82.5
84.6
84.0
80.4
83.2
86.4
82.9
83.3
80.7
83.0
85.7
85.5
84.0
80.9
80.7
82.5
82.9
80.5
79.7
79.4
79.4
79.8
82.5
84.2
80.6
83.0
79.5
80.3
83.7
82.5
78.8
78.3
76.9
76.9
76.0
76.3
76.2
76.5
75.0
73.5
74.6
77.2
77.8
81.2
79.4
79.2
78.5
82.6
81.3
80.2
82.4
84.4
82.1
80.1
81.7
87.5
87.8
90.2
86.3
81.7
77.8
75.9
76.6
74.4
72.4
72.6
72.9
72.9
73.0
73.3
73.0
73.9
74.6
73.4
75.1
74.0
74.1
73.4
73.7
72.9
74.0
73.1
73.7
73.3
73.7
73.5
72.0
74.2
73.9
77.7
76.3
75.4
74.5
75.1
80.2
87.0
89.4
88.4
85.9
84.4
83.1
84.5
88.8
85.3
81.2
80.8
84.0
81.7
80.2
80.9
84.3
81.6
81.8
82.0
84.6
84.7
82.2
83.1
84.2
79.5
79.3
80.6
80.7
80.1
82.5
82.3
81.2
82.5
82.1
84.4
84.8
81.6
80.3
80.5
81.5
83.9
83.1
85.5
83.3
77.0
80.2
79.6
80.5
83.5
82.9
81.0
82.3
82.3
81.3
79.5
80.6
83.5
84.3
79.5
79.8
80.5
80.8
80.9
84.3
88.0
87.7
90.9
94.4
89.3
88.5
87.3
89.5
85.3
85.0
84.4
86.3
84.7
86.1
88.2
85.8
88.2
85.1
88.3
81.1
86.3
83.4
82.7
83.4
82.3
81.5
91.9
89.6
86.6
87.5
82.3
83.0
82.3
86.4
89.3
90.3
87.8
85.8
84.1
82.8
86.7
87.3
79.8
86.0
86.6
86.5
87.1
86.7
87.3
88.1
89.6
89.3
89.5
88.1
91.9
88.0
84.2
81.4
79.1
77.2
80.3
76.4
77.9
80.4
77.7
77.5
75.0
76.4
76.5
77.6
78.0
77.9
80.2
76.7
77.4
78.6
81.4
81.1
82.9
87.2
85.3
83.0
81.4
84.3
81.4
78.4
81.4
77.9
78.3
78.1
75.7
75.8
75.5
76.9
73.9
73.0
76.7
79.5
82.9
84.7
81.2
85.7
80.8
82.5
83.5
80.6
73.3
73.5
77.5
74.1
72.1
72.2
72.9
73.8
72.3
75.3
79.7
74.7
73.1
74.4
74.0
73.8
72.6
76.2
74.7
74.0
75.7
78.2
76.1
76.4
76.6
75.8
75.2
74.8
83.9
76.6
75.0
73.8
75.5
77.4
74.9
74.3
75.0
76.2
75.7
74.6
75.2
82.0
79.8
78.1
74.7
77.5
75.0
77.9
76.9
74.7
76.0
77.7
81.8
77.1
77.7
80.1
77.6
84.2
80.2
79.3
77.7
83.1
88.6
91.8
92.3
88.8
87.6
84.3
85.4
83.5
81.8
84.1
86.1
86.0
80.7
80.2
81.8
84.8
84.9
85.2
84.8
85.1
86.2
93.4
88.2
80.7
77.3
80.5
81.2
78.7
77.0
78.3
77.3
76.6
78.7
84.0
84.0
80.3
78.2
76.4
78.2
78.1
77.6
76.0
75.9
76.5
74.3
74.1
73.3
74.2
77.7
75.8
75.5
74.1
73.0
78.9
77.2
78.9
77.9
79.2
75.6
77.5
76.3
74.5
75.4
73.6
74.4
69.1
68.2
69.5
70.8
69.6
71.8
71.7
75.6
75.9
76.3
75.4
71.5
68.7
69.7
67.7
70.1
72.49999999999999
71.3
72.5
70.3
69.0
75.0
78.4
79.5
82.4
81.2
81.9
85.0
83.8
82.3
83.8
82.4
79.3
82.4
80.8
80.3
79.8
80.9
81.2
78.5
80.3
78.2
82.1
80.0
77.7
76.5
78.1
78.8
75.5
74.8
75.3
73.7
75.3
73.4
77.0
78.3
74.8
72.8
74.7
80.3
80.8
76.8
73.5
72.8
75.7
77.5
75.7
74.2
75.3
74.5
74.3
73.8
74.7
73.2
71.1
70.1
72.7
74.5
75.4
75.9
74.1
72.5
72.6
74.3
75.9
75.2
74.1
72.0
70.8
69.8
70.8
69.6
72.2
71.2
70.8
70.5
72.2
73.6
74.5
74.3
74.7
76.3
72.6
72.5
72.6
75.3
73.0
72.1
72.1
73.4
72.1
73.1
70.0
70.1
73.0
72.8
72.4
72.5
71.2
69.7
