67.8
65.5
67.1
66.2
67.1
67.2
68.2
68.1
67.9
69.0
69.6
68.5
70.8
71.9
72.8
73.69999999999999
71.1
67.7
67.5
68.4
69.7
71.7
68.8
68.7
71.1
68.3
69.8
69.7
70.6
70.7
69.5
68.5
70.7
71.3
69.6
68.2
68.8
68.6
68.1
69.7
70.9
70.4
67.7
65.7
68.1
68.4
67.2
67.7
68.2
66.4
67.0
68.6
67.1
67.4
66.9
66.0
68.1
68.6
68.4
70.8
70.7
72.1
71.6
70.4
72.6
71.7
72.2
71.9
72.3
70.6
72.9
70.9
71.2
71.3
69.3
72.2
70.6
71.5
72.4
72.2
71.7
69.1
68.8
68.0
69.7
70.8
68.8
67.9
68.3
68.3
70.4
68.8
69.0
67.6
69.9
68.0
68.6
69.7
69.9
71.1
69.8
68.0
69.2
67.6
69.0
70.8
69.8
69.0
68.8
68.5
68.1
69.5
70.2
68.2
69.2
67.4
69.4
68.1
70.7
70.8
70.1
70.0
68.8
68.8
70.0
69.5
69.8
69.7
69.1
68.7
76.0
69.0
73.2
69.2
67.8
68.4
69.1
68.8
68.9
68.6
67.5
70.2
70.7
69.1
73.5
71.6
71.3
69.4
68.6
71.0
69.2
68.3
65.8
66.1
69.4
67.6
69.5
67.6
69.3
67.7
70.2
68.5
68.9
65.9
68.0
67.2
67.9
66.4
67.7
69.5
69.7
69.6
71.4
71.9
71.3
71.1
71.3
70.0
70.7
71.2
71.5
71.5
68.2
68.5
68.8
68.2
69.3
67.3
68.9
68.6
70.9
71.2
71.3
70.3
70.1
69.5
72.6
71.9
71.8
70.7
70.8
71.4
71.8
71.6
69.3
70.9
67.7
69.5
72.4
72.2
71.3
70.8
70.8
71.5
72.4
72.9
73.0
73.9
72.3
71.1
73.0
72.9
72.0
71.1
72.2
72.0
72.6
74.3
71.6
73.3
73.0
72.5
72.2
75.3
73.8
73.9
72.7
72.2
72.7
72.8
72.8
72.7
72.2
70.7
73.3
71.8
71.3
70.8
73.8
73.6
72.4
78.3
76.5
74.9
74.0
74.8
76.2
75.1
74.9
74.7
73.9
76.3
74.4
75.6
75.6
74.7
74.0
75.0
73.7
73.9
75.2
77.4
78.7
77.6
76.4
76.8
76.5
75.5
76.5
73.8
80.9
73.0
74.2
74.4
74.4
75.0
74.1
74.1
74.5
77.0
76.2
75.0
76.9
77.2
74.0
74.7
76.3
76.8
77.4
77.3
77.0
78.5
76.9
78.9
78.5
77.8
76.6
78.6
78.3
79.8
78.1
78.8
80.2
79.8
79.0
78.6
80.8
79.6
80.2
81.7
81.0
80.4
82.0
81.1
83.9
83.8
85.6
84.6
83.1
82.5
81.8
81.7
81.5
81.3
79.8
80.5
81.5
80.6
80.1
80.0
80.4
80.4
80.7
79.7
80.4
80.1
80.7
81.9
82.2
80.5
78.7
81.3
80.3
81.0
79.3
76.2
79.9
77.3
77.7
76.7
77.4
78.4
82.2
79.6
84.4
80.3
80.7
81.8
80.5
80.7
81.4
81.2
80.9
84.2
82.8
82.2
81.0
79.7
79.3
83.4
81.8
83.0
79.1
79.8
82.0
82.7
81.0
81.7
81.1
80.3
78.8
79.3
78.2
78.1
79.2
77.9
79.7
78.3
75.7
77.1
76.4
74.6
75.7
74.9
73.5
72.3
73.7
75.0
74.4
72.3
76.9
77.4
76.1
75.3
74.8
74.3
76.7
73.9
74.2
72.1
71.8
71.9
74.4
76.3
73.4
72.5
73.2
71.8
73.6
73.2
73.8
74.9
74.5
75.3
73.8
72.2
75.5
74.5
75.3
73.8
75.0
74.4
72.9
72.7
74.0
73.9
71.8
71.3
72.7
74.6
73.8
70.8
70.7
71.6
71.4
69.5
70.3
71.6
71.9
71.2
71.0
72.3
68.3
70.8
72.7
72.6
73.4
72.4
70.2
70.4
72.1
71.9
72.6
73.5
74.4
72.7
71.4
72.3
73.3
73.8
73.1
69.4
71.7
73.4
72.9
73.6
74.7
79.8
70.7
69.5
70.4
73.6
72.0
70.1
69.9
70.6
71.8
73.3
71.8
71.6
73.2
72.6
71.4
72.3
71.4
69.8
71.2
71.9
72.3
73.0
71.4
72.6
73.7
73.3
71.4
71.4
71.6
73.1
72.9
72.9
74.9
73.6
73.7
72.9
70.2
71.1
73.4
73.9
73.6
73.5
73.1
74.0
73.1
72.7
73.3
71.8
71.9
73.9
70.9
69.3
71.4
72.3
71.6
72.5
73.3
71.9
72.2
71.5
72.6
74.2
70.1
71.5
71.1
71.3
71.5
71.1
72.4
71.7
73.1
71.4
74.7
74.0
78.7
78.4
75.4
74.3
74.8
77.3
75.6
74.2
73.1
73.5
74.0
73.0
73.6
69.4
70.6
73.3
71.0
70.8
72.6
71.9
71.9
70.9
70.8
71.4
71.0
70.9
71.4
70.4
70.7
72.0
71.1
71.8
71.9
74.4
70.8
70.9
72.7
72.5
73.0
72.1
69.7
71.9
74.5
76.3
67.4
70.3
71.6
68.3
69.0
74.3
74.9
75.50000000000001
60.3
71.2
69.7
72.2
75.0
73.7
72.7
70.2
77.4
73.2
72.5
70.7
70.7
70.8
70.6
67.8
70.2
75.6
81.7
78.7
74.3
76.4
72.2
71.4
70.7
76.0
70.8
68.2
69.1
70.2
70.1
71.4
70.9
71.0
72.6
71.4
72.0
73.5
72.3
71.7
72.4
71.9
71.5
70.1
70.4
72.8
71.7
73.0
72.7
71.7
73.6
72.7
73.4
74.6
73.8
76.1
74.5
75.4
74.5
75.5
76.0
75.6
76.8
76.2
76.9
76.5
76.2
76.5
76.2
75.3
76.4
75.7
74.9
75.5
75.5
75.2
75.9
76.1
74.9
70.5
74.1
74.9
74.9
74.3
75.0
75.4
73.2
71.0
70.5
71.6
72.4
71.7
71.0
70.9
69.5
70.2
70.3
70.4
71.2
71.4
71.6
71.9
70.6
69.3
69.3
70.1
69.9
70.4
71.0
70.9
72.4
75.6
71.7
74.1
75.6
76.2
73.1
71.7
71.5
74.0
71.8
72.4
71.8
70.7
70.9
70.9
70.9
71.8
70.3
70.8
71.1
71.1
72.6
68.8
69.3
71.2
69.7
70.4
70.6
70.4
69.9
69.5
70.2
69.4
69.5
69.2
70.0
69.3
70.1
70.2
69.7
69.3
69.1
69.1
68.8
69.3
70.1
69.8
69.6
69.3
68.9
69.4
69.2
68.8
69.5
69.8
68.8
70.0
69.3
69.5
69.8
69.7
71.4
69.4
70.4
70.6
69.5
71.5
70.0
69.8
71.0
70.3
69.7
71.0
69.7
69.9
69.9
69.6
70.0
70.4
70.0
69.8
70.9
70.1
72.4
70.1
69.8
71.0
72.6
74.1
70.8
69.7
72.1
70.7
71.5
71.7
70.7
72.3
71.9
71.2
74.2
76.4
77.8
74.9
75.1
73.3
74.0
76.0
72.2
71.6
71.1
73.4
73.0
72.1
73.7
74.3
72.2
72.8
72.4
72.1
71.6
70.3
78.3
78.0
72.0
73.3
73.0
72.8
70.3
71.3
71.9
71.5
69.8
71.7
71.3
73.6
73.1
71.9
72.1
71.8
72.0
71.7
71.4
71.4
72.9
70.5
71.9
73.5
72.8
71.6
71.0
71.8
71.4
73.7
74.4
71.2
72.3
73.3
75.6
72.3
72.3
72.4
71.4
73.8
75.2
74.7
78.0
75.5
73.4
73.2
76.0
78.7
81.2
78.6
78.1
77.9
78.1
74.9
76.6
73.6
72.2
73.1
73.8
74.3
73.2
75.2
73.8
73.4
73.5
72.6
74.3
73.5
71.0
72.5
73.6
74.7
73.0
72.3
73.9
74.3
75.0
72.8
73.2
73.4
74.6
72.7
74.0
71.8
72.9
72.4
74.4
72.3
74.7
71.2
73.2
74.2
72.6
79.2
74.9
72.4
73.5
73.7
75.0
79.0
76.9
73.5
75.7
73.1
74.8
73.5
73.7
75.6
76.4
75.8
77.2
76.7
75.3
74.6
76.8
75.6
76.4
73.7
75.8
76.0
74.5
76.5
73.9
74.8
74.8
76.6
77.4
76.1
76.0
75.6
76.6
75.8
75.7
75.6
75.2
77.4
72.5
73.7
74.9
75.7
75.8
76.1
75.5
76.2
75.2
74.9
75.7
76.4
73.2
73.8
74.5
74.4
74.3
75.2
74.6
74.7
74.2
74.7
73.3
78.3
71.8
70.5
72.5
74.2
74.1
80.7
73.7
71.8
74.1
72.4
73.7
73.9
74.3
72.2
73.1
75.8
72.9
72.5
72.4
71.9
72.4
72.5
71.9
72.1
75.5
71.8
71.3
74.4
77.2
74.9
74.7
75.5
74.1
75.5
75.0
75.3
74.7
73.0
72.6
74.8
77.1
73.1
74.2
74.4
73.3
73.0
75.5
75.6
73.7
74.3
71.6
73.7
74.5
75.2
75.9
71.0
68.9
74.1
73.7
72.2
72.9
74.0
71.9
66.1
73.5
72.3
71.7
70.2
73.0
75.7
74.6
81.1
76.2
73.2
73.4
74.6
76.4
76.1
74.9
75.8
79.4
77.7
79.2
81.8
78.1
76.0
78.0
82.9
79.5
76.8
77.9
77.2
79.2
79.9
82.1
80.4
77.9
78.7
78.2
78.8
77.4
80.3
77.8
77.8
76.2
79.1
80.3
76.2
75.3
74.9
77.5
76.5
77.5
78.5
77.4
77.35000000000001
81.9
79.6
78.4
78.3
78.19999999999999
78.3
78.3
79.0
78.5
78.0
71.41428571428571
67.87142857142857
64.32857142857144
60.78571428571429
57.24285714285715
53.7
76.6
78.1
79.4
79.3
75.9
78.1
77.7
77.9
80.2
79.1
77.5
79.3
78.3
78.0
75.8
76.8
74.3
76.4
77.2
74.3
76.0
76.4
74.3
75.9
75.4
76.8
76.9
76.4
76.1
78.0
75.8
76.8
75.4
78.3
78.5
78.1
76.8
75.7
77.3
78.2
76.2
77.4
75.1
75.8
76.6
76.5
78.3
79.7
75.9
77.7
77.4
76.1
73.7
77.6
75.5
77.2
74.3
75.1
76.5
73.7
76.8
75.1
76.0
77.0
77.1
77.9
77.5
77.2
75.3
77.0
75.6
75.5
77.6
76.6
78.1
75.9
74.2
75.3
73.2
75.6
77.0
74.7
76.2
74.3
78.7
80.6
74.8
76.8
72.8
73.6
80.2
78.3
72.9
74.3
73.6
77.1
72.5
74.0
77.4
76.3
74.4
75.2
76.7
75.6
75.1
76.8
75.3
75.7
76.6
76.2
74.8
75.9
77.1
76.5
73.0
77.1
73.6
74.5
74.9
75.7
74.5
77.0
74.8
77.8
78.3
79.0
78.9
78.6
79.0
81.9
80.8
77.4
81.3
77.7
78.7
78.6
80.2
78.5
77.8
79.2
78.8
79.3
80.3
77.4
76.8
77.4
77.4
78.2
79.4
78.2
80.3
77.7
77.6
76.4
78.4
74.9
79.2
73.7
74.1
74.4
75.8
75.7
75.5
76.7
75.1
74.6
75.3
74.9
77.3
73.5
73.2
73.3
72.8
72.7
74.8
71.6
72.9
74.4
72.8
72.5
74.1
73.8
73.7
78.6
74.5
76.0
79.6
79.0
76.1
73.9
74.9
76.5
74.8
74.1
72.5
76.0
76.5
79.8
76.3
74.2
75.6
75.9
76.1
74.4
74.0
76.0
76.3
74.6
73.6
72.4
74.3
76.4
74.7
73.4
75.6
74.2
74.3
76.4
75.6
75.4
75.0
75.3
73.1
74.5
75.0
73.1
74.0
73.3
74.2
73.6
72.4
76.3
73.2
76.4
74.6
78.7
75.9
76.6
74.8
77.7
76.3
76.3
76.0
75.1
76.9
76.5
74.9
76.4
75.7
76.7
79.0
77.6
78.9
78.3
82.0
86.3
84.8
84.1
86.0
83.2
82.8
85.1
87.3
83.6
83.5
83.5
82.7
84.6
85.6
83.5
87.1
81.8
82.5
84.3
85.8
85.0
83.4
84.3
83.5
82.7
82.8
82.3
83.4
82.1
83.1
83.9
80.7
82.1
82.0
81.9
81.2
80.6
83.6
81.4
87.4
86.8
85.1
87.3
88.3
88.5
87.8
91.3
87.1
87.6
90.8
90.3
92.5
88.6
85.7
86.6
85.9
83.4
85.1
85.9
84.1
86.5
85.2
84.1
84.1
84.4
84.2
84.7
85.1
85.6
85.4
82.4
84.5
85.0
84.9
85.3
85.6
88.2
92.5
91.0
91.5
89.2
91.4
89.0
88.7
84.8
86.9
84.0
82.7
82.3
81.3
82.2
81.6
81.8
82.7
80.9
81.4
83.1
83.3
83.8
82.1
83.5
83.1
81.5
80.9
82.0
84.8
85.7
85.6
85.6
86.9
88.20000000000002
87.9
88.1
88.8
88.7
89.1
88.7
87.8
90.1
90.3
89.0
89.0
90.8
92.5
91.9
91.8
92.8
93.1
92.2
90.4
89.5
87.9
87.4
87.8
86.5
84.2
86.2
85.4
87.0
83.3
83.3
82.1
82.7
83.2
81.7
81.4
82.8
81.5
81.3
83.2
80.1
80.4
81.7
80.9
79.5
80.4
80.4
79.7
79.1
79.3
80.0
82.8
82.3
85.4
85.6
84.0
86.5
87.5
86.9
86.8
86.1
88.1
88.3
87.4
88.1
87.4
86.5
84.4
86.6
87.1
84.4
84.2
84.2
84.6
87.2
87.9
87.1
87.6
86.1
87.3
86.8
88.4
87.6
88.9
86.2
83.9
84.5
84.3
83.1
83.3
82.1
82.9
83.4
83.5
84.1
83.9
82.5
81.3
79.9
80.2
78.0
81.5
80.2
80.7
81.6
82.4
82.5
82.3
83.1
81.8
84.1
79.7
81.7
81.8
81.4
81.2
80.8
84.6
82.4
82.6
82.9
84.5
82.8
82.9
82.2
82.3
84.1
81.2
82.2
82.2
82.5
84.2
83.9
81.7
82.0
82.4
83.9
82.1
82.2
81.1
80.5
80.8
84.3
81.1
81.7
82.5
82.5
82.6
83.1
82.2
85.3
86.2
83.7
84.4
83.3
82.0
80.9
81.5
80.9
80.2
81.1
79.5
79.6
79.7
78.7
80.1
80.6
78.7
80.5
77.6
78.3
77.6
79.6
79.8
81.1
79.2
79.5
79.5
78.5
79.2
78.5
81.6
81.8
79.9
78.8
79.3
77.8
79.5
78.3
76.7
78.6
78.3
80.4
79.2
76.1
75.5
73.6
75.8
77.8
74.2
75.3
75.8
75.9
77.4
77.1
77.1
80.1
79.9
77.4
77.8
79.2
78.9
77.5
77.2
77.9
80.6
82.9
77.1
76.7
77.9
77.3
77.0
76.7
75.9
75.9
74.8
76.7
74.5
75.2
77.6
79.3
78.3
76.1
77.2
77.9
78.1
79.7
78.3
77.7
79.5
78.4
78.4
79.4
80.9
81.0
81.4
84.2
82.5
81.0
81.4
78.9
80.5
79.5
78.7
79.2
78.8
78.6
78.7
80.1
79.5
77.8
75.8
76.5
76.9
76.5
77.4
76.3
78.7
78.5
76.5
78.3
78.4
79.5
80.4
80.8
81.9
78.9
79.0
80.0
80.1
79.1
78.1
76.1
76.5
76.8
78.5
79.6
79.8
81.0
79.2
80.4
78.8
78.6
79.8
80.4
81.2
81.0
81.2
81.2
81.0
79.9
80.1
79.9
80.0
78.9
79.9
80.8
80.4
78.7
80.4
82.1
77.5
76.7
79.6
79.0
77.4
76.5
78.5
81.9
80.8
77.8
78.4
76.9
76.2
76.9
77.6
78.9
75.7
78.0
79.3
78.5
79.3
78.3
78.6
79.0
79.1
79.5
78.8
79.5
79.6
81.1
81.3
81.1
80.3
79.5
80.8
81.3
81.6
80.7
80.5
81.2
80.6
80.5
79.8
80.6
80.2
81.2
80.4
80.4
80.2
80.5
79.4
80.6
80.9
80.6
81.3
81.2
80.5
80.3
80.5
79.5
80.0
81.2
80.0
80.8
80.5
80.6
80.1
81.3
79.4
79.8
80.7
80.4
80.2
80.7
80.6
80.8
80.4
80.3
79.7
80.0
79.8
80.3
79.9
80.6
80.1
80.4
79.3
80.0
79.3
80.1
79.7
80.5
80.2
80.3
80.7
80.4
78.7
79.8
80.3
80.9
80.9
81.9
80.7
81.8
80.8
82.7
81.6
82.1
81.3
81.7
82.3
82.0
81.8
81.5
82.0
82.0
82.9
82.1
81.8
81.2
81.7
81.7
81.7
82.0
82.0
81.3
81.2
84.3
90.1
89.4
85.8
84.7
84.3
84.7
83.6
87.2
83.2
81.4
81.5
80.6
79.7
80.9
80.1
82.0
79.5
77.8
80.6
79.4
80.7
78.7
80.5
79.9
79.6
79.8
80.7
80.2
79.9
81.3
82.4
80.3
80.5
81.1
80.6
80.6
80.3
80.4
81.1
80.8
81.3
79.5
79.7
78.8
80.2
79.2
79.8
79.4
80.2
79.9
79.3
79.8
80.1
81.9
80.4
79.8
79.2
80.4
85.3
80.7
79.9
79.7
80.6
80.9
80.2
77.9
79.1
80.0
80.8
79.0
79.4
80.7
80.9
80.9
81.4
81.5
81.5
82.1
80.6
80.2
81.0
80.5
80.7
80.6
79.7
81.1
79.7
82.2
81.7
80.5
81.1
81.4
80.7
81.4
81.3
82.4
78.8
80.0
80.3
81.3
82.6
81.9
81.6
82.6
82.5
81.6
82.4
81.1
79.9
82.3
80.7
79.8
80.4
79.7
80.7
79.8
80.6
79.4
80.4
80.9
80.3
81.2
80.5
81.3
82.2
80.9
81.3
81.4
81.0
79.0
81.7
82.0
80.1
81.4
82.7
82.7
83.5
83.4
81.8
80.3
81.0
83.7
84.4
83.5
84.8
84.4
84.4
84.3
83.8
84.1
84.0
84.0
84.6
84.4
84.9
84.2
85.1
85.0
84.5
84.6
80.5
83.6
82.4
82.3
83.1
82.5
82.7
83.1
84.0
84.2
85.0
83.3
84.4
83.2
84.7
83.7
85.2
84.9
85.5
85.4
85.5
86.8
88.5
81.9
83.6
84.4
84.4
83.8
83.3
82.0
82.8
83.2
81.9
81.7
82.1
82.8
82.7
82.0
81.5
81.8
82.4
82.8
82.3
82.5
83.6
84.0
81.5
81.8
84.3
84.0
83.7
81.7
83.1
82.8
82.5
83.5
84.0
82.6
81.6
81.6
82.0
83.0
82.1
81.8
82.2
81.5
82.0
81.1
82.3
81.8
82.0
86.1
84.1
84.3
80.3
81.5
82.0
81.4
80.1
80.5
78.8
80.0
77.9
78.5
79.3
80.3
80.1
80.8
78.5
79.6
79.6
79.9
79.7
80.3
79.8
80.0
80.2
80.5
80.7
80.1
81.3
81.1
80.5
82.5
82.4
81.0
81.1
82.7
82.0
79.0
81.3
81.0
80.6
80.5
81.3
81.8
81.5
80.7
80.8
80.1
80.5
80.5
81.2
80.9
80.9
80.9
80.6
79.9
80.7
82.3
82.3
81.1
81.8
81.2
82.0
81.9
82.4
82.6
83.1
81.8
83.0
83.3
82.0
83.6
82.9
82.9
83.3
83.5
83.0
83.9
82.8
83.2
83.1
83.7
83.6
84.0
82.8
83.5
81.8
83.7
84.9
82.3
83.9
82.9
84.2
82.6
83.0
83.1
82.6
82.3
82.4
84.4
84.2
85.5
82.6
83.8
83.8
83.8
82.8
84.8
84.0
84.7
83.8
83.8
84.4
84.9
83.4
83.6
85.6
84.9
84.7
82.8
86.5
89.2
86.0
87.2
92.3
90.7
90.9
91.5
91.2
92.8
91.3
93.3
91.9
92.3
91.0
89.6
92.9
91.9
91.8
89.2
86.60000000000001
90.0
90.4
86.9
85.35000000000001
85.7
85.4
85.7
86.1
84.9
84.6
85.7
83.4
83.9
84.5
82.6
83.9
84.1
83.8
85.6
87.0
88.3
87.1
87.5
90.7
89.3
89.5
90.1
89.5
91.1
89.5
90.3
91.2
91.1
90.7
91.0
90.3
89.5
90.2
87.2
88.1
87.9
89.5
89.5
89.9
90.4
90.4
89.5
88.1
90.1
88.7
89.4
88.1
88.3
87.0
87.8
88.2
87.9
86.8
87.1
87.5
89.5
89.9
89.1
89.3
89.3
90.3
90.5
90.6
90.69999999999999
