76.4
75.7
74.0
77.0
77.4
74.0
75.1
75.9
72.1
72.9
74.0
70.5
70.3
70.9
77.2
74.7
74.6
74.2
72.5
72.2
72.8
71.9
71.2
71.8
69.7
70.4
72.0
73.2
71.7
68.1
70.7
67.7
68.8
69.4
68.3
70.3
71.3
71.5
68.3
70.6
70.4
67.0
66.1
71.4
73.9
67.7
72.5
72.0
71.3
68.9
71.8
70.4
72.6
72.9
68.2
72.7
72.2
72.9
70.1
72.5
70.3
70.7
69.2
70.2
72.0
73.0
71.6
72.4
69.3
68.9
73.0
69.6
72.4
69.3
70.7
72.5
72.4
70.4
71.0
70.2
70.7
65.2
77.7
76.4
71.3
69.2
72.9
76.1
74.5
76.5
70.5
71.1
73.7
70.2
72.2
71.5
72.4
72.8
71.3
71.5
74.6
74.6
72.4
71.2
74.7
72.4
67.6
75.5
62.6
58.4
66.7
65.6
71.5
69.3
65.1
74.2
67.0
70.4
67.4
62.6
58.5
63.4
63.7
62.6
60.2
60.5
65.6
61.8
66.6
67.8
60.4
64.5
62.2
64.2
61.3
67.3
66.6
62.9
59.8
55.5
53.0
52.2
45.2
53.7
56.7
54.5
48.6
60.2
48.4
69.7
70.4
66.8
69.7
68.3
69.0
69.3
68.9
69.1
68.4
69.6
68.8
71.5
68.1
69.3
67.6
68.4
70.1
70.3
71.2
71.0
67.0
71.5
71.2
67.1
69.5
68.9
67.8
69.8
71.6
68.8
68.8
73.0
67.7
71.0
68.3
68.2
67.9
68.7
70.8
71.2
69.0
69.9
67.1
71.3
71.8
72.0
68.0
69.0
70.7
72.5
69.6
68.9
69.3
68.8
69.3
68.2
72.0
69.2
71.5
68.6
72.9
69.8
70.4
71.0
69.6
68.3
71.5
69.7
72.4
68.7
69.3
70.3
67.9
71.2
68.7
66.2
71.9
67.7
71.9
72.6
70.6
75.4
67.5
74.3
76.8
77.2
74.7
71.2
72.7
71.6
67.7
69.7
69.2
71.7
69.7
71.5
70.4
70.9
73.2
70.1
71.2
68.2
73.5
70.4
77.2
82.8
75.3
71.0
73.2
68.1
71.4
68.2
66.9
68.7
68.4
69.2
72.5
73.5
69.8
71.8
70.8
70.9
70.8
71.1
71.5
72.4
72.8
71.0
67.9
67.1
70.7
71.4
70.1
70.2
68.1
71.1
72.9
69.8
71.0
70.5
74.0
69.2
69.4
75.8
70.8
72.6
73.3
72.0
76.1
71.6
68.5
74.3
72.3
71.5
73.8
72.2
73.0
73.1
72.8
70.1
72.2
72.2
69.6
71.0
72.5
70.4
69.4
72.7
70.8
69.9
68.7
68.3
70.4
72.2
75.5
72.4
70.5
71.2
69.9
72.3
71.8
71.1
74.6
71.2
77.4
78.4
75.3
76.4
77.0
75.5
77.6
79.9
80.9
79.9
83.7
83.2
90.2
81.3
86.0
82.2
95.7
91.3
87.4
92.0
94.4
88.2
93.9
88.8
85.8
85.1
79.2
80.6
87.4
90.4
91.4
89.9
88.0
85.5
84.4
90.9
89.7
88.3
84.3
80.7
85.9
76.2
79.6
78.9
80.1
79.3
88.5
87.9
88.4
99.4
96.5
94.0
91.7
89.8
82.5
82.0
86.4
81.7
82.8
80.8
82.5
84.0
81.7
85.1
84.4
87.9
86.3
83.5
78.6
85.7
90.4
90.3
81.7
86.5
89.0
87.1
81.8
81.9
85.5
81.7
85.7
82.5
84.3
86.6
81.2
83.0
81.9
85.8
81.4
82.5
78.6
84.2
78.5
81.9
77.6
75.5
80.0
80.0
77.1
79.3
80.8
80.0
83.5
80.1
79.5
76.7
81.1
80.3
78.6
79.3
78.6
78.5
78.2
83.3
76.3
80.1
82.3
84.5
84.2
91.7
90.0
84.3
89.9
84.7
80.5
84.5
82.9
84.8
87.5
77.8
91.6
85.4
83.1
82.0
81.4
82.5
85.3
85.8
81.3
83.6
80.5
82.0
81.1
85.5
77.5
85.8
81.0
78.8
80.1
84.7
91.7
85.6
91.3
94.5
88.0
93.6
82.5
85.1
89.5
83.7
81.8
81.1
80.1
84.8
85.4
84.1
84.1
82.0
79.1
83.1
79.8
83.9
83.3
86.5
87.3
82.4
82.7
84.6
85.1
85.6
85.8
82.2
85.1
82.8
85.1
84.5
84.2
94.1
90.3
83.1
79.6
82.7
85.4
84.6
86.4
82.0
87.2
79.1
83.6
81.4
85.3
82.2
82.4
77.5
83.8
80.8
85.2
82.3
85.1
78.3
87.3
82.1
80.5
79.2
81.3
79.4
83.9
81.4
81.5
84.6
83.6
83.0
90.0
84.7
77.7
80.7
83.2
80.5
81.1
83.1
83.1
83.0
82.7
83.3
83.6
79.8
86.0
86.0
80.2
84.0
90.3
86.0
88.9
80.2
81.6
84.1
84.8
82.3
84.5
89.6
84.3
84.3
80.9
87.5
78.5
82.8
86.3
82.6
87.3
84.3
82.7
78.8
78.4
82.0
81.0
85.2
84.7
83.1
93.0
92.9
94.2
86.1
84.9
85.2
88.2
81.3
83.4
83.2
83.1
82.3
86.4
75.0
86.4
82.7
89.2
83.7
83.2
76.9
84.0
83.9
88.2
82.4
89.2
83.2
82.9
82.4
82.6
89.2
82.9
82.2
82.7
81.2
84.2
80.8
84.2
86.6
89.1
81.4
79.5
79.5
83.5
82.6
80.7
79.5
86.9
82.7
81.1
77.2
83.1
79.6
81.8
82.6
82.5
81.6
86.6
80.1
85.7
81.4
88.3
85.2
85.6
81.9
83.3
84.6
83.6
80.0
77.0
83.4
84.7
81.9
81.0
88.6
85.6
82.3
82.9
84.0
80.3
83.0
86.8
91.1
86.5
90.3
89.0
85.7
90.0
91.0
86.6
89.4
83.2
79.7
87.3
88.2
97.0
81.4
84.5
88.1
88.1
85.3
85.0
79.6
83.7
81.8
89.4
83.0
87.0
83.0
86.9
90.8
87.1
88.3
82.0
82.9
82.9
86.6
85.8
82.9
84.2
86.6
86.6
94.7
87.1
84.7
82.8
82.7
86.6
88.1
88.3
75.6
85.8
86.5
89.8
85.9
89.0
89.0
94.1
84.5
92.6
86.5
87.4
87.1
81.5
88.5
84.3
87.0
84.3
81.8
80.7
83.6
79.5
87.0
83.5
86.9
85.4
99.9
87.1
90.3
89.1
87.7
86.4
87.8
87.6
97.3
96.2
86.4
91.3
84.8
115.8
93.8
91.7
91.3
97.1
86.7
85.3
96.4
89.1
88.1
89.6
90.7
96.5
86.2
88.3
88.4
95.6
97.4
90.7
85.5
97.1
94.0
96.7
85.0
88.0
90.2
86.2
90.1
86.7
85.0
88.7
95.0
95.7
85.6
93.1
84.7
98.0
98.4
99.0
104.5
93.7
95.3
96.3
104.7
108.8
91.1
95.3
96.1
91.3
107.5
103.6
95.2
94.7
94.6
89.8
97.3
98.1
93.7
93.5
88.0
93.2
89.5
89.5
82.4
90.5
89.7
85.8
80.2
81.9
82.4
82.5
79.4
79.8
80.1
79.5
76.4
77.7
74.7
77.2
78.6
77.4
76.0
75.8
76.4
79.4
79.3
84.6
78.1
80.7
80.5
83.9
85.5
80.9
80.6
84.1
77.6
77.1
74.8
76.9
80.3
75.9
74.9
78.3
74.9
75.3
77.2
81.1
78.4
74.6
72.8
74.3
74.2
74.6
78.4
77.6
77.8
80.7
79.5
76.3
76.4
75.5
80.0
74.7
73.5
78.9
78.2
78.1
78.8
79.2
81.5
79.4
80.7
78.5
76.5
79.6
80.3
78.6
77.4
80.8
83.2
83.5
79.7
76.7
71.8
75.1
76.3
73.4
76.4
76.3
76.1
77.8
80.0
77.0
78.8
97.3
81.4
81.0
88.3
90.0
83.0
83.0
83.1
89.5
79.1
83.0
81.4
78.3
74.6
76.7
72.8
78.0
74.9
74.4
76.4
77.1
73.3
75.5
76.2
79.4
78.8
76.9
75.0
75.1
77.2
78.5
73.8
73.9
80.1
77.8
81.9
78.5
76.1
74.4
74.8
79.8
79.3
76.0
75.1
78.8
76.3
76.8
74.2
74.6
76.7
76.4
78.2
79.8
79.9
79.0
78.8
77.2
78.7
80.1
76.2
77.4
81.4
78.1
80.7
81.7
76.1
78.4
79.6
75.8
81.6
80.5
77.7
79.8
79.4
82.6
75.0
77.3
78.1
79.9
79.6
75.3
74.3
79.5
74.6
73.6
74.8
75.1
75.2
73.4
74.6
75.7
79.2
73.2
74.9
74.8
74.1
77.2
76.3
75.4
74.5
75.1
72.1
73.9
74.4
73.9
76.3
77.1
70.9
72.0
72.5
75.4
77.7
76.1
77.2
77.7
76.6
74.2
75.4
78.0
76.6
75.1
73.9
76.7
73.2
74.1
73.8
72.9
75.2
73.4
72.4
74.6
73.0
71.7
74.3
74.1
73.2
78.2
76.1
74.6
77.2
74.0
75.6
75.3
75.4
72.6
76.4
75.1
73.0
73.6
71.7
74.6
71.1
75.7
75.0
72.6
75.3
74.6
80.8
73.7
74.7
75.8
76.89999999999999
66.3
79.5
75.9
78.4
80.9
74.0
75.7
76.6
76.5
77.7
76.1
77.6
76.9
75.5
76.0
72.8
73.4
75.7
75.4
74.9
72.8
72.2
76.6
75.9
73.7
72.2
75.4
72.7
73.8
73.9
73.8
77.1
77.9
76.9
74.5
78.8
73.5
75.1
72.0
71.2
75.8
73.2
72.5
75.0
75.5
74.0
73.1
73.4
75.1
73.1
74.3
74.6
76.3
76.3
74.6
78.7
74.6
75.0
75.4
71.6
72.3
73.0
73.5
73.7
75.9
73.0
75.4
76.2
75.5
72.6
76.7
76.3
76.0
78.4
73.3
75.9
73.6
78.5
76.4
74.6
75.7
77.0
78.6
80.7
81.2
75.7
83.5
77.2
81.8
82.4
80.8
83.6
83.1
78.5
82.0
81.3
83.6
75.8
80.1
80.4
83.7
79.7
82.2
83.0
77.2
81.9
79.5
73.5
78.8
80.9
76.4
76.0
80.2
74.9
78.2
77.3
77.3
78.1
74.7
77.2
78.2
78.1
83.9
78.1
83.5
79.7
79.2
75.1
74.7
76.8
73.7
78.3
72.6
73.6
74.3
78.8
75.7
80.8
74.0
76.2
76.5
73.1
77.2
76.0
75.1
81.0
77.1
77.0
80.1
79.1
73.3
74.8
76.3
80.9
78.2
80.1
76.0
77.6
81.1
79.5
77.9
79.6
81.3
84.7
84.7
75.9
78.1
78.1
77.5
78.6
78.6
76.7
77.7
80.9
79.8
76.1
76.9
79.6
79.5
74.3
76.2
74.2
77.9
75.7
77.4
77.9
81.7
76.5
83.5
74.6
76.2
74.6
80.4
73.2
77.7
78.5
74.2
79.0
76.7
80.2
80.3
80.0
76.2
78.1
79.7
82.0
82.7
79.8
78.2
78.3
75.4
76.1
71.5
73.4
72.2
73.6
73.4
72.8
75.9
78.8
78.7
73.4
76.0
75.4
76.5
74.1
81.7
75.9
74.6
81.6
81.3
81.5
79.2
78.4
78.5
81.0
77.5
75.0
74.6
79.6
78.8
78.2
77.5
80.8
78.4
74.6
78.2
80.8
79.8
76.7
76.7
82.9
79.7
82.2
78.6
80.2
80.8
84.5
78.0
80.7
82.3
82.7
83.8
84.1
82.2
82.7
83.6
83.8
82.6
91.0
86.4
87.9
88.6
83.7
86.6
85.6
84.7
85.8
83.5
89.5
88.3
95.4
98.1
99.0
90.8
100.3
103.1
113.9
113.2
98.7
118.3
115.7
114.3
122.2
118.0
114.4
107.2
104.1
93.5
91.6
96.4
97.0
93.6
93.1
95.5
97.5
95.8
98.1
90.2
93.2
88.9
89.2
97.2
92.7
89.6
85.4
88.8
89.6
92.6
87.5
86.8
86.6
95.4
98.1
98.4
89.2
89.3
88.4
89.4
86.0
85.5
90.4
85.4
87.6
85.9
92.0
89.2
85.8
85.6
86.3
84.2
92.6
88.5
83.9
92.1
94.0
96.0
103.9
105.1
99.1
106.6
104.0
101.4
98.3
96.1
98.4
97.5
96.9
106.8
89.5
96.1
101.8
99.3
96.1
96.0
93.3
109.0
101.9
102.3
101.3
96.8
92.7
89.4
95.8
93.0
89.2
88.9
87.8
89.7
83.8
84.4
87.1
86.1
85.0
85.7
87.7
89.0
91.8
86.5
80.6
82.3
89.6
86.4
83.4
81.5
85.6
89.5
100.2
94.7
88.9
93.2
91.9
91.4
90.3
89.0
92.2
87.5
101.2
92.0
97.8
89.0
96.1
89.2
91.1
94.4
87.1
93.0
87.3
91.7
100.6
89.4
90.4
92.3
93.6
90.9
90.7
89.2
88.4
94.8
86.3
82.9
86.2
87.6
91.3
90.9
90.7
86.2
88.3
92.2
92.4
83.5
100.3
93.5
97.2
92.9
90.8
89.6
95.2
99.0
95.2
99.1
96.8
98.3
87.9
90.7
90.4
89.1
89.6
87.2
91.4
89.4
86.1
88.4
84.5
79.5
91.5
89.0
90.0
98.0
107.6
98.0
94.3
101.8
89.8
100.3
106.1
109.3
113.6
101.0
110.8
109.6
107.1
115.0
123.9
113.2
109.4
115.8
120.3
123.7
117.6
114.2
121.4
114.4
102.3
124.4
114.9
100.3
89.3
90.8
91.1
88.5
84.9
82.9
85.8
82.8
84.7
81.4
88.6
83.9
83.5
87.3
89.3
84.4
86.9
85.7
87.9
82.1
89.7
89.3
80.8
84.5
82.2
87.2
81.4
86.0
78.9
88.3
83.5
91.1
87.0
92.8
90.7
91.0
84.4
93.8
92.0
91.4
95.4
90.8
91.0
95.7
98.3
89.1
91.1
93.5
93.3
92.9
100.2
96.1
95.6
91.9
99.1
108.2
101.4
106.5
103.8
108.4
101.9
95.2
96.9
98.9
95.4
90.2
86.9
98.2
90.0
84.0
86.2
85.9
86.9
86.5
90.1
86.3
93.9
92.0
86.3
84.1
85.0
89.6
90.9
87.7
85.0
90.0
88.8
82.7
83.0
93.9
91.2
95.8
89.0
89.4
81.7
87.7
94.5
93.3
90.4
87.5
88.8
84.2
90.8
85.7
83.3
83.3
78.4
83.1
85.1
90.2
85.7
83.1
87.3
89.9
88.4
91.5
90.7
84.2
97.3
105.5
110.4
113.4
120.3
112.3
113.8
114.0
115.7
101.3
90.8
91.5
88.4
89.6
90.6
87.1
81.8
81.3
86.9
91.0
95.4
99.1
93.7
93.9
93.4
103.3
96.2
103.0
98.2
95.0
96.1
97.1
99.6
99.9
87.5
88.9
93.0
86.3
93.3
95.8
90.1
93.0
86.5
91.2
96.2
101.2
100.5
86.0
95.5
100.9
87.7
90.8
92.5
95.2
91.9
87.3
87.1
86.0
85.9
83.3
79.7
79.6
91.9
86.7
80.3
78.7
84.8
87.7
87.6
76.7
88.6
86.6
91.0
84.5
82.1
87.7
83.0
84.5
85.0
84.2
88.6
83.1
81.9
82.2
84.0
80.4
87.6
86.8
91.5
87.2
82.4
85.6
83.6
88.3
92.7
84.6
88.0
87.3
92.8
90.6
93.0
88.8
91.5
88.4
93.6
78.0
92.6
93.4
86.5
86.5
93.9
91.6
88.1
100.2
95.7
91.5
97.2
96.9
103.1
95.4
88.2
88.6
91.8
92.7
87.2
90.4
92.8
82.9
86.5
85.0
85.8
85.0
88.3
87.6
89.9
81.0
80.7
86.4
81.2
77.8
86.5
85.7
92.1
86.3
86.0
83.1
85.5
84.7
84.0
87.1
96.1
97.9
97.2
98.8
100.0
97.0
95.9
86.0
86.9
82.6
83.9
84.9
83.6
79.4
80.8
83.9
81.8
77.5
80.3
81.4
76.0
79.7
79.2
72.6
79.9
78.5
81.4
75.6
78.4
78.6
77.5
79.3
82.4
80.9
77.3
79.8
78.7
78.3
76.7
75.1
77.8
79.6
76.4
79.5
81.7
79.7
83.7
79.0
77.2
77.7
75.4
77.0
80.0
75.5
79.0
81.0
78.0
83.9
82.9
82.9
77.4
87.0
80.1
82.0
83.8
83.6
92.6
92.5
87.2
99.5
101.6
94.8
101.9
92.1
93.5
104.4
105.2
96.4
96.1
87.0
98.7
91.5
97.0
99.8
103.4
88.8
100.9
100.7
106.7
99.8
89.6
84.2
82.1
84.7
79.1
79.5
77.5
78.7
78.0
78.5
76.9
79.8
76.2
80.9
79.6
78.6
78.6
76.7
75.3
76.0
79.9
78.8
75.5
77.2
74.4
73.9
82.0
82.2
88.5
91.4
87.3
86.4
87.4
95.8
92.1
92.5
88.9
85.6
82.4
85.7
83.0
79.8
80.3
83.3
82.3
80.1
76.8
79.9
78.0
78.9
78.0
78.5
77.6
78.1
79.7
79.8
76.9
79.3
79.6
73.7
80.5
83.5
81.3
78.0
82.1
78.2
79.0
76.4
75.5
75.4
75.0
74.3
75.1
76.1
79.3
75.8
74.3
76.0
71.1
73.5
73.0
73.4
77.5
76.7
76.4
78.0
76.2
74.6
72.6
73.5
74.2
72.0
77.9
75.4
74.7
74.4
72.9
72.5
73.3
71.7
73.3
71.8
71.1
69.8
70.8
73.0
72.9
73.8
73.6
72.9
71.7
76.8
74.1
73.3
74.9
73.8
75.7
75.1
81.1
76.9
78.1
74.8
72.7
75.9
77.4
77.5
76.0
75.1
79.4
77.1
75.2
78.3
80.0
77.7
76.8
74.4
74.9
79.6
77.5
75.4
80.3
79.2
75.5
78.3
75.8
76.6
81.6
87.2
88.7
97.9
90.3
83.9
79.6
73.4
78.2
77.5
72.3
75.9
73.9
74.2
73.6
83.2
80.8
80.3
85.9
86.8
93.9
91.0
89.3
88.6
86.9
84.5
80.3
86.7
100.7
95.8
101.0
96.9
96.2
88.5
77.6
88.2
80.3
81.5
79.4
84.3
84.4
81.1
78.6
79.5
83.2
78.2
76.6
77.2
80.9
79.8
75.3
74.8
77.9
77.3
78.2
77.1
84.7
96.4
86.2
89.1
92.1
87.8
94.5
97.8
90.6
99.7
98.6
96.9
92.3
93.5
92.6
101.8
94.4
98.5
104.2
107.1
105.9
101.0
100.3
103.2
97.8
104.0
100.5
115.8
100.9
111.3
112.4
107.0
103.9
120.8
113.7
116.2
107.6
113.6
111.7
112.8
97.4
97.2
90.8
95.0
86.5
86.4
85.1
88.2
86.1
88.6
90.6
90.6
93.8
92.8
92.2
87.1
81.7
80.8
89.9
90.7
101.3
94.8
92.2
94.9
100.4
93.6
89.4
95.6
96.6
91.2
99.8
94.7
91.4
89.9
92.7
90.1
93.3
90.5
88.6
92.7
97.0
100.2
100.6
99.7
97.2
94.7
94.3
91.4
108.8
101.2
101.9
101.3
98.7
95.5
96.3
110.3
112.4
107.6
106.2
108.2
102.6
108.0
98.3
104.6
103.9
100.8
112.7
104.2
113.8
107.0
108.5
103.5
97.1
99.9
111.4
102.5
114.8
111.4
125.0
109.5
109.6
116.2
103.1
96.7
96.0
89.8
88.6
89.4
89.5
90.7
92.7
96.2
87.4
90.1
94.9
91.8
91.9
86.2
86.5
91.7
89.2
84.8
84.9
83.0
91.4
91.5
88.9
87.9
81.1
87.4
95.2
93.0
91.3
91.2
83.6
88.5
91.0
90.7
92.9
86.6
90.8
97.3
89.9
109.0
100.6
107.0
104.8
99.8
98.9
104.6
103.8
103.9
105.4
112.3
105.6
103.0
108.0
105.3
112.7
111.3
111.6
119.4
122.6
115.7
114.4
115.8
113.3
106.6
112.4
109.5
111.0
109.1
117.3
112.3
117.4
114.8
115.4
107.6
104.9
114.8
115.4
107.4
117.1
112.3
118.3
118.2
104.7
105.1
91.9
96.1
89.6
91.8
86.0
89.3
89.1
82.7
83.8
84.8
88.5
85.0
84.4
81.6
80.4
84.0
80.1
84.3
82.0
77.8
79.0
78.9
81.7
85.2
84.9
78.5
85.3
83.2
81.5
82.5
79.9
78.6
76.4
79.5
80.1
76.9
78.1
75.4
78.3
79.0
79.7
76.6
74.3
79.7
81.0
79.3
80.5
74.7
80.1
79.5
78.1
79.3
82.1
80.6
75.2
75.7
72.0
76.5
73.2
77.2
90.3
81.8
89.0
94.0
99.1
96.3
87.5
101.0
94.2
111.3
102.4
101.9
99.5
105.6
109.6
111.8
105.8
112.5
111.0
114.0
124.2
117.0
126.5
124.0
120.2
119.0
120.4
107.8
104.8
96.5
99.0
84.6
94.5
98.0
95.8
91.0
90.8
90.0
92.1
91.4
89.9
89.4
87.6
90.8
85.9
89.7
86.6
83.1
87.5
91.0
91.7
92.9
92.5
84.4
78.9
76.5
77.0
77.2
74.9
74.9
75.7
72.7
74.9
71.1
75.7
72.2
73.6
71.8
72.9
77.5
72.9
76.4
72.0
77.2
75.3
76.1
69.7
70.0
71.4
72.5
73.3
82.6
75.9
73.6
73.7
84.7
82.4
100.2
98.6
106.3
83.5
75.8
75.9
77.9
75.2
77.5
76.8
73.3
73.0
74.0
75.5
73.6
72.2
73.6
73.0
75.0
71.7
72.9
70.0
72.6
73.8
74.9
74.4
77.8
73.7
71.5
72.8
71.9
77.3
72.3
73.4
71.4
71.4
69.6
74.1
76.0
71.1
77.2
77.5
77.9
83.8
78.0
77.6
77.2
78.5
73.5
79.0
85.7
86.8
85.0
89.1
84.5
84.2
86.3
78.6
79.5
81.6
74.0
75.8
76.6
74.6
76.6
75.7
71.8
72.8
76.5
76.0
74.2
78.4
77.2
75.4
81.7
88.2
90.9
89.4
96.9
93.3
93.4
100.1
93.9
105.7
94.3
109.1
122.0
128.8
133.4
132.2
123.7
110.6
121.4
117.6
107.7
119.2
106.5
102.6
95.2
103.8
107.4
96.5
106.4
98.9
94.1
100.0
92.6
91.2
85.8
86.7
86.2
93.6
90.2
95.1
93.6
89.7
95.3
104.2
104.3
102.5
93.5
96.6
95.3
98.1
91.3
88.7
96.6
92.9
88.6
97.4
90.5
89.0
98.7
94.4
89.8
91.3
91.6
92.7
93.7
93.0
98.8
96.2
98.0
93.2
98.2
101.5
93.5
100.3
102.6
99.2
93.6
95.9
94.4
96.0
95.2
98.4
107.2
97.6
104.7
94.4
91.0
98.0
100.4
97.8
97.8
102.6
94.7
100.2
98.0
100.4
100.8
98.4
96.5
94.9
92.4
85.5
94.0
85.8
97.9
94.6
96.9
94.0
91.8
84.9
95.1
93.4
99.7
89.5
89.9
88.3
94.4
87.7
91.9
93.0
87.0
86.7
89.9
85.4
82.8
88.1
89.3
88.1
85.5
85.8
84.5
84.5
79.1
81.9
87.0
89.1
91.3
94.5
109.6
107.6
103.7
96.1
113.5
105.4
93.8
99.1
93.7
85.8
85.0
90.9
86.4
80.9
84.2
85.2
81.8
84.6
82.7
85.8
80.9
86.5
84.2
82.0
81.6
83.2
89.0
84.3
84.0
83.3
97.1
105.1
100.8
101.8
95.2
92.2
88.6
94.0
91.5
89.2
85.6
87.3
90.9
89.3
86.5
82.7
85.5
83.1
82.0
78.2
87.3
84.1
86.8
87.8
86.5
80.6
78.5
86.3
83.3
80.8
81.1
78.6
84.3
81.9
82.6
82.4
83.7
86.0
83.3
82.8
81.6
83.5
77.9
81.8
78.2
83.5
80.5
80.7
83.5
79.5
83.3
78.3
80.5
82.0
78.2
80.4
89.3
83.5
86.1
86.5
84.8
84.7
88.4
84.8
82.1
87.3
83.8
81.9
86.7
80.9
84.6
87.6
87.7
88.4
87.7
84.4
89.2
83.1
79.3
84.0
79.4
83.8
82.3
104.1
97.7
98.9
99.9
107.3
102.9
104.6
108.6
107.8
115.1
108.8
111.4
107.2
113.9
116.8
111.8
117.0
119.5
118.1
121.4
120.5
113.9
122.2
124.5
112.3
125.4
122.3
126.2
117.9
118.8
116.7
124.3
119.0
115.5
120.6
125.0
119.7
120.2
117.6
123.2
113.7
120.7
119.6
118.8
114.9
112.6
111.0
112.4
121.9
116.0
114.6
108.3
105.8
102.4
101.9
98.0
107.6
110.1
97.0
104.2
107.3
114.3
110.3
110.3
100.3
112.8
101.8
103.4
104.4
110.5
116.0
112.8
110.6
115.9
113.3
108.9
104.0
113.5
105.6
102.6
105.7
99.0
104.9
102.3
100.4
99.6
105.4
99.1
94.7
101.6
100.2
101.2
106.9
101.2
107.8
100.5
96.5
107.4
94.7
91.9
100.3
99.6
94.9
100.1
100.2
94.0
101.5
103.7
102.1
104.8
108.1
106.0
108.2
112.4
116.3
109.9
121.0
116.0
115.1
119.7
117.2
110.8
113.2
115.7
115.1
112.1
108.3
111.9
120.1
115.3
117.1
117.2
110.5
106.0
108.7
114.0
109.1
109.9
120.2
114.0
117.4
106.0
105.5
117.9
117.6
114.3
116.5
115.9
111.6
109.7
100.1
101.2
103.1
112.6
122.5
113.8
102.2
106.9
100.0
90.4
91.5
92.7
95.3
95.5
95.1
97.8
101.6
92.2
91.6
92.1
91.4
91.0
95.0
94.1
89.4
88.9
92.3
95.2
93.4
91.2
90.7
93.2
89.5
88.1
92.5
93.6
95.5
92.7
91.1
91.2
91.1
91.8
91.2
91.6
88.5
90.8
91.0
88.6
89.0
88.2
89.8
88.9
95.5
94.8
96.2
91.1
97.5
92.8
94.3
95.4
103.9
102.9
107.2
102.2
99.2
103.7
106.5
100.9
99.8
101.6
101.4
105.5
100.0
106.6
102.7
96.2
98.5
99.4
90.4
97.0
90.6
89.2
88.5
87.8
82.8
87.6
85.2
83.9
86.3
81.8
84.4
88.3
86.4
85.6
86.8
88.8
85.1
87.8
83.4
88.2
82.8
81.3
82.7
84.3
81.9
84.2
82.2
84.6
86.7
84.6
81.9
87.2
83.2
86.7
87.3
84.6
83.9
83.1
84.2
81.3
85.3
87.2
100.9
92.9
90.5
84.5
91.9
104.1
92.5
92.7
97.9
102.5
99.7
108.3
108.2
122.2
113.9
114.5
102.3
105.3
96.5
93.9
96.7
92.6
95.8
93.5
93.1
88.8
94.4
96.2
93.1
94.1
93.0
93.9
94.3
95.9
93.2
95.5
88.5
88.1
95.5
92.5
92.2
94.6
99.1
99.0
97.4
100.5
103.7
97.1
100.4
100.4
100.4
98.1
100.0
104.1
103.9
100.5
105.1
101.6
102.1
111.8
106.6
105.9
104.4
95.7
103.3
100.7
109.2
101.4
99.3
103.0
99.2
114.2
112.3
112.9
112.1
107.8
103.0
104.1
103.9
107.8
120.7
112.7
105.4
109.8
111.5
101.5
111.7
112.6
113.1
114.3
113.8
112.7
108.9
107.5
107.5
111.8
111.2
109.2
107.2
103.6
107.9
112.1
112.9
111.4
106.9
110.8
104.9
103.6
116.7
104.3
105.0
104.1
108.7
109.4
113.2
103.3
112.8
103.8
115.9
113.1
102.8
117.1
105.6
101.2
110.6
108.7
113.9
111.0
113.8
103.5
93.5
100.3
105.6
100.1
106.1
106.5
100.5
96.1
101.7
97.7
99.0
97.3
96.6
97.0
101.9
98.4
103.2
98.9
103.8
102.2
95.7
93.2
101.4
92.3
91.3
99.8
102.2
103.3
110.6
106.8
104.0
99.3
101.5
104.0
103.2
101.9
97.9
108.8
103.7
111.4
98.1
103.9
99.4
96.4
101.4
113.1
104.6
103.1
97.8
123.0
123.2
114.7
116.6
114.9
113.20000000000002
43.3
53.2
48.4
55.7
52.5
52.5
58.9
50.1
40.6
31.1
92.8
97.4
91.7
89.9
92.7
88.8
89.7
90.0
92.0
89.0
90.0
90.7
91.5
94.9
88.4
91.1
88.7
88.6
89.9
87.0
84.7
86.9
86.0
88.3
90.9
88.4
85.3
88.0
86.7
83.1
85.2
89.4
88.6
88.5
87.2
87.5
86.7
89.2
86.9
87.0
87.3
91.8
88.6
88.7
86.8
87.9
86.1
82.8
81.2
85.2
84.2
81.1
83.5
82.1
87.1
87.0
87.3
84.8
97.8
87.5
82.5
90.1
85.1
89.9
91.9
92.7
101.3
95.5
90.8
87.5
88.2
94.6
89.2
94.9
88.6
87.0
84.9
83.6
84.2
88.3
96.6
94.5
97.2
96.1
101.4
96.7
96.1
102.6
102.5
104.7
104.5
104.4
92.5
113.0
92.0
98.8
108.4
107.3
105.1
97.1
99.5
93.7
94.5
92.5
94.7
90.1
89.4
96.0
87.4
90.1
86.3
86.8
86.4
87.8
90.9
93.0
93.6
91.6
87.6
89.4
86.4
100.0
92.7
102.9
96.2
99.4
108.6
97.1
103.5
104.9
98.6
92.29999999999998
88.0
86.6
85.8
91.9
90.3
84.2
83.3
87.4
82.2
81.0
78.9
83.4
83.1
84.5
81.3
82.5
84.2
82.9
81.60000000000001
84.2
89.1
80.6
84.5
81.5
80.7
89.9
87.3
85.6
86.1
90.4
86.5
83.3
85.2
85.0
81.4
93.2
94.6
90.6
86.6
91.9
88.5
93.2
85.3
90.9
96.5
93.4
87.9
86.4
82.0
83.2
87.0
84.2
83.8
81.8
84.0
80.1
81.5
80.3
81.2
78.5
80.4
77.0
79.0
79.2
77.3
77.8
76.6
76.8
77.0
81.2
82.8
78.9
76.1
78.0
77.7
77.6
78.6
78.0
78.4
74.3
76.2
75.6
74.2
78.1
72.8
73.0
80.0
72.7
76.5
74.5
74.7
76.8
78.4
73.1
76.9
74.0
78.3
77.2
76.2
77.0
80.7
75.8
75.5
78.3
76.7
78.2
77.0
80.7
82.7
78.7
82.4
84.1
83.8
87.3
91.2
86.2
85.8
88.5
88.7
92.6
93.3
91.7
93.3
94.6
92.3
88.1
89.0
91.7
91.1
89.2
91.6
91.4
88.2
88.1
91.5
98.9
101.8
100.3
103.0
108.2
98.9
95.0
97.2
109.5
100.6
108.8
110.5
103.8
94.9
106.8
96.3
94.3
99.7
90.2
85.0
98.2
99.9
95.3
97.8
97.0
96.6
95.5
99.3
102.4
100.9
103.6
103.2
98.0
97.9
108.3
95.4
101.5
93.9
91.1
100.1
94.9
98.0
94.1
96.7
88.0
92.0
90.6
95.8
91.3
95.6
92.2
91.1
93.8
90.2
93.6
90.1
93.6
97.0
93.6
96.2
87.5
85.4
100.2
96.6
99.0
96.8
101.6
103.7
96.2
98.2
100.1
106.3
103.8
107.4
100.3
93.5
104.1
103.1
99.4
109.4
107.4
100.9
101.6
99.2
99.9
102.6
102.1
111.4
110.3
118.8
107.7
112.4
115.6
101.3
107.8
106.0
99.6
96.8
96.4
105.8
105.6
100.7
103.1
100.6
98.2
112.7
106.4
105.5
101.2
104.7
95.2
105.9
98.8
95.9
99.4
101.4
100.8
110.2
109.8
110.6
102.4
102.1
95.4
92.7
86.2
91.9
93.6
95.5
95.1
93.4
91.1
91.4
88.4
85.8
86.6
90.5
87.4
93.2
88.1
92.5
96.4
100.0
106.1
96.7
109.4
116.3
106.0
116.8
100.5
102.6
101.5
95.7
107.1
96.1
97.3
94.5
96.5
108.5
101.1
94.1
96.5
103.3
108.4
108.8
110.6
113.7
103.9
104.0
106.6
101.9
98.1
99.4
98.7
98.1
103.6
87.0
103.1
99.3
101.0
96.0
88.2
103.1
99.1
105.9
95.1
94.3
100.4
106.6
100.7
90.1
98.4
98.2
97.1
96.1
90.8
89.2
90.6
92.4
98.7
93.8
99.2
104.8
101.4
94.8
93.6
101.0
94.3
111.2
105.6
100.8
107.2
97.7
89.7
98.5
93.2
98.3
104.2
97.8
95.2
98.1
99.6
108.7
90.6
94.1
99.8
96.2
102.3
94.2
94.1
93.9
90.8
101.4
98.6
101.9
98.8
92.3
94.6
93.7
93.5
105.1
102.2
92.3
92.2
94.4
99.5
90.3
95.5
99.6
89.6
97.5
95.0
97.7
93.9
94.8
91.2
104.4
115.2
105.5
103.8
90.4
97.6
100.0
101.6
100.7
99.8
97.1
100.0
100.1
100.1
95.6
94.4
105.0
94.9
95.0
98.1
98.3
94.4
90.6
97.6
95.2
87.8
96.4
93.6
97.7
98.3
95.1
100.3
103.2
96.2
98.6
95.3
95.4
90.9
91.5
97.0
92.4
93.2
93.7
95.4
92.7
87.7
94.4
91.3
88.0
91.7
93.2
91.2
91.9
91.1
89.0
94.4
92.4
97.2
101.1
90.3
96.3
95.0
93.0
92.8
96.4
92.2
95.3
91.7
96.3
94.2
92.4
91.7
88.1
90.3
87.4
87.4
91.7
91.8
86.7
92.2
92.3
86.1
89.0
90.9
88.8
95.1
89.0
90.4
88.2
92.9
91.9
89.8
92.5
86.4
92.4
91.0
91.9
88.1
91.6
90.8
85.2
86.8
92.6
89.3
84.3
87.8
86.3
86.4
89.0
89.9
90.0
86.6
86.7
85.1
87.9
90.4
85.3
93.4
87.0
87.3
98.8
94.3
98.7
95.2
91.9
95.8
96.4
99.6
103.5
99.8
106.5
111.5
104.0
105.6
122.3
107.3
108.6
101.6
104.2
98.9
94.6
95.1
96.0
91.4
95.1
90.1
94.5
93.9
91.4
93.0
91.7
89.7
89.8
89.8
91.4
93.5
89.3
89.7
91.8
85.8
87.9
90.8
91.6
95.0
86.5
90.8
88.2
90.5
90.9
91.5
82.5
91.0
88.3
87.0
86.2
89.0
93.6
85.0
89.6
89.5
88.4
85.1
91.2
89.9
88.0
90.2
82.6
88.1
85.7
90.1
87.5
85.0
85.0
85.7
91.5
91.5
89.4
91.1
94.8
103.5
97.1
96.4
93.4
97.6
93.7
99.8
106.4
104.3
96.9
95.3
99.7
99.9
107.8
104.5
105.6
108.0
102.6
94.4
96.0
98.5
96.6
98.2
98.5
93.8
91.2
93.6
92.2
95.0
103.9
114.5
112.3
116.0
115.0
108.3
105.6
119.2
106.6
103.9
108.3
111.5
108.5
121.6
110.4
119.4
120.4
114.7
98.4
105.1
96.2
96.0
90.5
97.8
93.3
87.7
92.9
91.4
88.2
91.4
93.1
95.9
93.6
89.9
90.6
92.5
104.4
97.4
100.0
96.0
91.2
93.3
91.4
88.5
86.0
94.6
88.7
85.7
93.2
92.5
92.0
88.3
92.9
84.2
89.7
88.0
90.4
90.4
84.2
88.5
88.0
83.7
92.4
90.8
89.3
94.1
93.5
84.8
87.0
90.1
85.8
95.7
88.9
87.5
88.9
90.1
88.1
88.9
89.3
90.4
92.2
90.7
86.2
86.5
91.5
88.6
85.69999999999999
94.0
90.4
96.6
90.8
90.6
88.1
92.3
93.5
87.7
91.2
88.4
87.7
91.3
88.4
86.7
86.2
82.2
87.4
85.1
83.4
82.3
85.4
80.8
82.9
82.1
82.5
80.5
85.0
81.2
82.2
81.5
85.0
85.2
81.4
84.0
84.6
80.1
77.4
85.8
87.2
87.3
84.8
87.2
82.2
80.3
80.7
85.3
80.6
84.2
81.3
86.5
84.8
85.1
83.5
81.3
81.3
87.6
86.1
82.4
81.1
86.0
80.5
85.4
87.1
91.1
95.6
106.1
100.4
105.3
99.9
102.7
100.9
98.5
100.9
95.4
94.1
104.5
107.5
117.7
108.4
107.1
92.9
94.3
92.7
92.7
88.3
88.5
90.1
87.7
90.9
89.9
93.9
90.7
87.1
89.0
90.3
85.2
90.0
86.7
87.1
86.4
88.9
83.6
90.9
88.4
85.4
85.6
89.0
87.6
88.3
89.5
84.6
87.4
93.2
89.9
90.7
89.3
88.2
90.9
89.1
90.7
90.8
93.7
88.2
87.3
84.3
87.2
87.9
87.1
89.5
81.5
84.1
87.3
81.0
86.1
87.2
88.9
89.8
88.3
83.6
88.5
88.1
86.0
86.8
97.0
89.5
89.1
91.5
90.0
92.4
88.9
90.6
90.6
85.8
85.5
87.5
81.8
85.9
86.4
84.8
89.8
90.8
85.4
84.4
91.2
90.1
86.6
89.4
86.7
89.1
85.1
84.2
91.7
93.5
86.9
89.2
86.8
90.0
100.8
104.3
106.3
98.3
101.8
105.2
125.0
116.9
118.0
117.0
105.5
100.6
102.8
98.0
95.3
98.6
102.2
103.2
93.4
97.8
91.6
90.9
105.2
96.0
99.9
97.6
97.1
102.4
95.1
96.3
103.1
105.8
95.9
98.1
116.2
99.7
103.5
100.6
97.8
106.1
110.3
98.6
107.9
100.5
97.7
97.1
112.2
116.9
125.2
112.2
110.4
107.3
111.2
106.4
102.9
105.0
105.7
101.4
102.8
99.1
104.1
98.2
98.1
100.5
98.0
95.1
99.2
98.4
98.2
93.2
99.3
101.5
95.3
104.5
100.9
95.8
102.3
97.7
96.2
96.2
91.6
94.6
96.8
97.2
105.5
93.3
96.6
96.4
93.8
95.8
93.8
101.5
98.4
92.0
98.3
94.3
93.0
90.8
88.8
85.6
89.0
92.0
99.1
107.9
102.8
103.5
94.8
101.3
94.1
97.8
99.2
101.2
91.8
94.6
96.4
95.8
96.8
91.7
90.4
99.9
99.1
98.7
103.9
100.7
92.6
94.0
93.1
95.3
94.6
102.6
95.7
94.5
100.6
102.3
95.2
98.2
89.1
93.6
98.8
98.7
93.2
100.4
92.6
105.5
105.5
102.1
95.3
94.1
103.6
103.0
100.2
97.2
97.1
95.4
89.5
91.6
98.5
90.3
91.9
95.1
90.9
86.4
93.3
90.3
91.7
92.1
95.2
88.7
90.6
91.3
88.9
85.3
87.6
92.3
88.9
87.1
87.8
85.7
91.1
93.5
92.0
89.4
91.1
89.5
88.0
86.2
92.6
87.1
86.0
89.5
85.1
89.3
91.8
92.1
94.5
91.9
89.6
89.5
92.6
96.3
118.6
102.1
94.2
98.4
97.8
92.7
95.7
95.8
95.7
95.6
96.0
90.1
95.8
101.8
102.2
95.2
100.7
107.9
125.1
100.9
100.3
98.5
103.5
116.5
107.5
111.9
103.2
106.7
106.0
102.2
92.6
92.1
92.7
89.7
89.9
89.2
90.1
87.1
86.3
89.1
87.1
86.7
88.5
87.4
84.8
90.2
89.4
88.1
89.4
84.3
87.9
89.2
85.4
86.2
88.8
81.7
87.8
89.7
83.8
90.1
86.7
89.8
89.3
87.4
87.5
86.3
87.1
87.7
84.1
86.4
84.1
86.9
89.5
86.6
84.8
85.2
88.9
89.1
88.6
91.1
87.5
86.8
84.6
90.2
82.5
81.6
89.2
84.7
85.2
88.3
85.2
87.1
85.0
85.6
87.0
95.6
90.5
110.7
110.7
121.6
122.8
116.7
109.2
106.7
106.6
102.5
103.6
104.4
106.1
100.2
111.8
113.1
102.8
121.1
122.0
115.2
117.5
115.4
111.5
116.3
125.6
119.5
113.1
114.0
116.8
121.0
110.9
117.6
116.4
123.4
114.7
119.3
121.5
122.7
125.7
118.8
120.0
117.8
108.6
94.9
107.7
96.2
96.2
103.2
95.9
96.0
96.2
97.5
94.7
92.8
94.9
90.5
94.2
92.3
89.6
95.2
92.5
90.9
94.3
93.4
88.4
87.8
90.7
93.5
87.2
91.8
91.3
88.2
89.6
87.6
93.2
89.7
89.9
91.9
89.0
86.0
86.1
92.6
87.6
86.2
85.5
86.6
81.6
87.6
84.3
91.0
80.8
85.2
86.0
85.0
89.2
86.5
83.2
87.2
88.5
86.0
84.6
88.6
91.4
87.0
88.1
91.0
118.2
116.6
103.6
117.7
112.2
107.6
100.5
106.2
96.3
110.7
105.6
114.9
114.0
108.9
110.4
112.9
107.2
116.8
111.2
112.0
117.3
126.3
120.6
120.9
112.2
122.0
117.0
117.9
115.4
108.9
116.4
115.5
110.4
118.1
116.8
116.1
114.3
109.1
116.8
107.7
118.8
114.2
116.9
115.0
104.8
101.2
118.5
119.5
123.0
116.3
111.4
112.9
129.7
129.4
123.7
119.7
112.0
116.9
98.9
109.9
112.1
107.6
108.5
108.9
111.1
110.4
112.3
108.6
105.3
108.1
112.8
113.8
105.6
110.4
114.7
113.0
117.5
113.9
107.6
112.5
112.3
112.8
112.7
108.7
117.1
110.0
113.7
117.3
110.2
118.4
110.3
120.4
114.0
111.9
117.4
117.0
115.8
121.5
112.2
118.1
110.6
113.1
107.1
114.4
106.0
112.9
107.7
109.7
111.3
109.1
113.8
115.4
112.3
112.7
112.8
109.7
121.4
106.2
115.5
111.6
105.5
121.5
109.2
106.7
110.7
116.2
116.7
111.9
111.6
106.6
112.8
105.9
108.7
104.1
108.7
111.9
106.4
95.1
93.2
94.9
96.9
98.7
98.4
97.0
95.1
97.3
96.2
102.2
98.9
93.3
96.8
98.2
91.6
94.6
96.9
96.2
91.2
96.0
91.8
90.7
93.6
90.8
96.0
91.7
90.7
90.0
90.1
85.2
89.6
86.7
94.7
85.4
87.8
93.4
90.4
85.0
84.1
85.4
91.1
85.9
87.2
88.9
85.5
86.5
84.6
85.5
83.7
81.2
85.5
85.1
85.2
86.5
82.3
79.3
84.3
86.7
87.2
85.9
81.8
87.2
86.0
85.2
85.3
86.6
82.9
83.2
83.6
82.7
80.5
86.0
84.2
83.2
82.9
85.1
101.3
106.7
103.7
112.5
120.8
118.3
111.8
122.0
132.7
126.3
126.2
117.3
113.9
118.1
113.7
114.4
111.9
103.5
106.1
110.7
115.3
114.5
113.4
112.6
106.6
107.8
101.4
105.5
102.8
113.7
98.4
100.8
106.8
98.2
107.0
95.5
94.1
96.3
94.0
95.2
99.2
103.0
98.5
94.7
94.4
94.1
93.3
91.5
95.3
89.9
93.6
91.4
91.9
84.7
90.8
92.1
89.5
94.7
86.0
84.0
83.2
86.0
89.1
81.4
86.7
86.8
84.7
85.8
88.4
91.2
84.6
84.0
88.8
95.2
89.2
89.7
98.1
92.9
91.4
91.5
90.0
90.0
88.6
86.6
89.5
85.7
79.0
84.4
86.2
85.3
82.6
85.5
81.3
85.5
84.9
88.5
79.6
79.6
85.1
84.7
83.3
83.2
86.7
86.0
84.4
81.7
81.3
82.7
83.9
82.9
83.9
80.8
83.6
83.8
84.3
83.5
82.9
86.8
87.5
83.9
83.0
84.7
90.2
87.2
85.5
87.4
89.4
89.2
91.5
89.6
93.0
89.6
88.6
86.7
85.1
86.5
82.7
85.3
86.2
84.2
88.4
85.9
82.6
84.3
87.9
85.5
85.4
85.0
85.2
83.8
77.9
84.1
83.8
85.4
83.0
81.6
83.0
81.8
84.7
93.2
114.7
111.1
107.3
99.1
97.4
105.5
108.6
94.3
103.5
97.6
105.3
117.7
118.1
114.6
115.8
116.8
103.4
109.0
104.4
119.7
123.2
116.6
108.7
116.3
105.2
114.8
106.6
114.3
111.2
111.4
109.8
110.7
104.2
114.7
122.0
105.1
106.5
107.9
106.4
109.2
100.5
131.5
120.1
115.0
117.4
113.3
109.1
128.1
121.1
113.1
110.4
104.7
108.6
107.3
105.7
105.8
118.6
126.0
130.5
114.5
111.8
108.6
105.9
96.3
97.4
95.4
101.0
98.9
98.4
92.5
95.9
94.0
93.4
98.6
94.3
99.8
103.3
101.3
103.5
105.3
105.6
95.3
103.6
98.1
100.2
99.1
99.3
90.4
128.9
120.3
108.6
108.7
115.4
120.3
114.4
123.8
121.4
118.0
117.8
112.3
112.2
113.4
129.8
120.1
124.5
122.3
117.6
121.8
116.0
112.7
117.2
122.9
114.8
108.1
120.9
102.4
94.8
105.7
102.6
104.3
96.1
96.4
98.8
107.5
99.4
97.2
99.0
99.9
107.1
107.5
104.3
101.4
111.8
122.6
114.4
113.7
116.6
112.7
104.2
97.5
99.1
102.3
102.3
98.7
97.9
94.4
99.7
97.4
95.2
91.4
89.8
90.4
89.0
90.0
93.1
90.9
90.7
89.5
84.2
82.5
84.8
87.6
89.8
86.8
87.6
86.5
90.1
84.8
85.0
87.2
86.7
84.4
84.3
84.6
87.6
87.7
90.6
96.5
90.2
86.3
92.8
89.5
88.5
85.5
80.4
89.1
87.1
93.2
84.9
87.1
93.2
93.8
86.0
85.1
90.1
99.0
81.9
86.8
89.0
88.5
86.8
83.7
89.7
94.6
89.7
88.6
92.7
93.8
95.4
92.7
90.7
89.3
94.2
92.2
96.0
94.4
98.3
87.8
97.0
105.4
96.7
94.4
94.1
98.1
91.4
100.4
98.1
112.4
112.8
103.5
105.4
107.30000000000001
126.0
114.8
115.0
107.5
106.1
96.4
102.2
100.4
99.2
93.8
99.8
93.3
100.1
96.0
96.6
94.7
94.9
98.3
95.5
95.8
97.8
97.2
93.9
98.1
89.4
96.3
93.7
96.0
95.7
96.8
92.8
94.0
94.0
97.5
93.4
89.0
98.2
95.0
94.4
93.9
93.5
92.9
113.9
97.9
93.6
95.1
88.6
92.1
92.2
90.8
97.0
87.2
86.3
88.5
92.4
93.8
88.1
92.4
87.6
90.3
92.0
87.4
87.4
91.3
89.5
88.0
85.2
91.7
90.7
88.5
88.4
87.1
86.1
90.0
87.8
84.1
82.6
89.5
87.5
88.0
88.4
86.3
88.9
85.1
92.8
93.8
92.6
92.5
91.5
90.2
93.5
85.0
92.1
89.8
91.6
90.6
91.6
92.5
84.6
98.1
87.1
86.5
94.2
95.1
94.0
91.5
84.5
92.7
99.4
95.1
93.8
92.4
95.0
94.2
95.2
94.4
93.1
93.8
91.8
88.2
90.4
85.7
96.0
93.0
92.0
89.6
94.1
97.1
95.3
103.0
111.5
94.1
94.7
97.4
92.2
88.5
91.8
92.5
92.8
86.0
86.8
93.5
92.0
89.1
90.9
90.8
91.4
90.0
86.4
89.4
89.2
88.5
89.9
90.6
86.8
93.6
91.9
89.9
94.7
90.8
94.4
92.1
89.8
91.5
93.7
100.2
93.2
93.8
91.8
88.5
87.9
89.0
91.1
86.8
92.7
101.8
95.3
106.7
96.9
93.3
95.2
98.8
107.6
96.3
99.8
96.7
100.7
99.0
96.2
105.2
97.2
95.1
101.0
115.7
109.9
96.6
103.0
107.4
113.2
100.2
100.8
98.7
96.7
101.5
95.9
95.8
100.6
107.7
97.4
106.7
96.9
96.8
96.8
92.2
95.4
100.2
100.1
97.3
99.9
96.0
103.5
100.2
100.1
110.9
99.0
106.7
97.8
99.2
98.9
100.7
100.0
102.4
99.9
100.9
111.8
116.5
108.9
108.7
108.0
99.8
103.5
95.6
95.8
102.0
102.0
96.8
97.0
92.7
94.8
100.3
95.0
92.9
90.4
89.9
91.4
93.6
89.0
89.1
97.5
88.6
84.9
88.4
90.9
89.6
92.0
88.3
90.9
92.9
89.2
86.7
93.5
91.4
89.4
87.6
88.8
91.7
86.0
89.7
92.1
86.2
90.2
90.9
93.8
92.3
91.7
90.4
94.9
89.4
93.4
94.8
90.9
101.5
96.7
91.6
96.5
99.7
93.4
95.6
95.8
96.8
93.6
99.9
90.1
90.8
97.3
94.8
98.4
104.8
102.5
106.8
107.0
100.7
106.5
101.8
101.6
103.2
98.9
101.8
103.5
102.2
100.5
107.6
106.8
110.8
103.8
98.2
108.0
107.6
96.8
100.6
101.7
99.0
96.1
100.8
98.7
95.4
94.8
101.5
101.4
100.5
98.4
104.2
103.8
99.8
103.3
103.9
99.5
99.3
102.6
106.5
113.4
116.3
114.8
107.8
104.0
105.3
112.1
109.5
106.8
107.4
101.5
105.9
100.7
98.5
107.5
111.6
107.5
101.6
97.7
97.5
94.0
100.5
96.9
95.7
90.8
100.3
94.4
91.9
90.8
92.2
92.7
93.9
92.3
93.0
92.9
91.5
96.0
95.6
90.2
94.4
93.6
98.6
93.0
91.8
90.1
93.1
95.6
90.5
102.9
100.4
98.9
97.6
96.29999999999998
92.7
96.7
95.7
91.5
86.2
85.7
84.9
88.3
81.1
76.7
81.7
86.5
85.3
81.1
83.2
80.2
78.5
74.3
79.9
79.5
79.2
83.0
81.6
80.1
84.6
81.2
86.0
80.4
87.1
83.4
88.6
83.9
83.7
85.8
83.5
90.3
79.6
84.5
79.3
86.8
84.0
80.1
83.8
82.7
81.3
87.0
82.9
85.3
88.4
79.5
80.1
84.6
79.5
89.4
87.1
79.5
83.6
74.7
89.4
87.6
85.8
84.9
84.3
86.8
89.5
78.3
88.9
88.9
80.6
83.5
89.5
89.7
92.7
91.4
96.6
90.6
92.2
93.4
92.4
87.6
92.6
93.2
82.6
91.3
96.6
95.2
93.6
93.6
95.4
92.8
100.6
94.3
94.3
105.7
95.7
99.4
100.0
97.6
99.5
102.1
96.5
104.7
97.6
90.2
91.6
95.4
88.1
93.5
90.4
87.9
87.9
84.6
86.0
91.7
89.2
89.5
93.8
84.9
99.1
89.7
93.1
89.6
96.0
95.8
93.8
90.5
93.2
88.7
88.6
94.7
93.1
90.3
91.0
93.6
91.3
89.4
84.0
95.8
92.2
88.9
93.5
93.9
91.4
92.5
95.1
101.6
97.3
97.9
94.2
94.1
97.0
101.2
95.8
97.1
91.6
96.2
95.1
91.8
89.4
92.6
97.0
111.0
110.6
111.7
108.1
109.4
98.5
108.1
109.4
97.4
99.9
100.8
101.7
110.2
104.2
98.8
103.0
105.4
107.8
102.1
99.6
100.4
97.9
101.3
101.4
96.4
100.4
100.3
102.3
105.2
100.9
103.0
104.6
104.9
106.4
108.5
98.1
104.6
101.4
101.4
103.8
111.3
102.0
100.3
104.0
99.9
105.9
98.8
99.4
106.5
98.6
107.5
102.3
105.6
101.2
111.5
99.2
101.1
107.7
100.8
103.5
99.2
99.3
88.8
95.2
95.3
90.2
93.2
89.4
88.7
87.3
90.7
82.3
91.7
91.0
89.6
87.3
91.4
88.6
87.9
82.8
88.5
86.4
76.6
90.4
88.8
86.3
91.6
88.3
80.6
86.4
82.8
89.1
85.4
87.8
86.0
90.0
85.8
90.4
90.1
89.6
84.7
84.9
85.4
85.8
83.7
84.5
87.2
87.6
103.4
105.3
106.1
94.5
104.1
107.2
124.7
116.9
114.0
113.7
114.6
115.4
102.5
107.0
102.1
110.3
108.8
106.7
103.7
107.2
103.7
110.7
110.7
118.2
121.7
114.2
102.2
107.0
109.6
106.7
92.6
105.6
100.3
97.5
100.1
99.0
97.5
96.5
97.8
95.9
93.0
97.9
96.4
96.6
85.7
90.9
92.3
93.3
93.0
98.2
94.2
91.5
91.2
89.4
92.0
95.5
93.6
93.6
90.9
93.6
89.4
90.6
85.7
89.0
91.1
87.0
87.0
92.9
87.5
87.1
91.0
83.8
92.4
84.1
90.0
88.6
88.9
84.6
88.2
90.0
98.8
92.8
86.3
89.1
88.5
86.2
82.3
83.1
88.5
86.7
86.3
82.0
82.7
81.1
81.0
83.3
83.9
84.7
79.0
80.3
80.1
85.8
78.1
80.1
81.1
79.9
86.4
84.2
83.4
82.4
79.5
78.3
80.6
80.8
79.6
80.3
79.4
74.9
80.7
85.4
80.0
86.9
79.9
80.9
77.5
74.1
81.2
85.0
81.0
78.6
80.5
81.9
83.0
77.2
84.1
80.5
85.7
83.3
80.0
81.8
82.7
81.9
78.2
86.0
85.2
84.8
84.7
84.4
83.9
83.1
84.2
89.6
86.1
82.6
85.7
83.1
88.7
87.0
82.0
81.6
83.9
87.1
82.8
83.2
80.6
82.9
76.5
83.1
79.5
83.6
82.1
79.5
79.9
79.7
78.1
79.4
80.8
79.2
79.5
82.8
79.8
82.1
78.2
83.3
75.5
80.9
75.4
76.9
81.1
80.9
80.7
79.8
76.8
80.0
80.4
80.8
80.7
81.0
84.5
79.9
83.9
81.5
80.3
82.4
79.3
77.5
76.9
80.1
80.2
79.2
81.0
81.4
78.8
80.7
93.6
97.1
98.9
95.5
95.2
85.4
88.9
87.5
92.1
89.5
84.8
87.8
88.9
87.0
94.1
88.1
88.7
83.3
89.0
92.3
92.0
91.6
89.6
96.2
88.3
89.4
88.9
91.3
92.8
94.9
83.7
87.3
91.8
85.7
84.2
87.7
85.5
89.1
86.9
88.1
89.7
90.4
85.1
84.1
83.7
93.9
96.4
93.3
87.1
90.8
95.9
93.2
89.4
92.0
92.5
95.5
91.9
93.0
98.3
94.6
93.5
92.3
94.7
93.1
95.3
105.7
102.7
96.1
99.5
95.8
101.3
95.9
95.1
91.3
93.4
92.6
92.1
96.4
92.3
97.1
100.5
98.0
99.2
99.1
97.4
97.0
91.0
91.0
89.3
87.0
91.3
91.0
90.0
88.2
87.3
91.1
87.5
81.5
88.1
90.1
86.6
86.8
83.7
87.0
86.3
80.7
86.3
87.4
84.6
86.0
86.7
86.6
81.8
81.7
84.6
87.7
85.1
82.5
87.5
88.4
89.5
89.3
86.1
83.6
83.5
85.7
86.1
92.9
91.1
96.9
90.9
96.7
98.0
92.0
103.5
111.7
106.9
106.6
115.3
106.4
112.3
112.0
102.8
99.5
108.7
115.9
105.4
104.0
103.3
112.1
113.1
115.2
112.1
108.8
110.8
107.1
108.8
104.8
110.0
115.1
108.6
109.1
99.1
102.8
112.4
97.8
106.5
96.5
114.8
101.0
103.3
97.4
100.4
103.0
106.6
96.3
99.6
100.7
93.3
94.5
96.1
97.6
95.3
95.6
97.3
104.1
127.4
113.2
123.2
104.2
101.3
95.6
99.6
96.0
93.3
95.3
95.3
93.4
96.4
92.2
97.8
91.5
92.4
96.2
87.5
88.8
90.3
92.3
92.8
93.3
93.4
94.6
94.5
96.2
99.4
95.9
96.8
93.1
89.9
87.5
90.7
110.2
106.4
114.7
110.9
104.5
115.3
125.1
114.6
109.3
104.0
103.2
104.6
106.0
104.1
108.9
101.4
107.7
103.3
107.8
101.1
100.8
99.2
96.3
100.7
98.8
101.9
102.7
102.8
97.6
96.5
96.0
98.6
108.1
112.0
115.1
100.0
98.9
105.5
117.5
129.2
122.1
120.4
116.5
108.2
104.9
99.4
103.5
94.2
96.6
101.3
104.1
106.3
102.0
99.3
98.5
97.6
101.3
104.2
103.0
104.4
104.7
104.8
97.6
96.6
104.4
99.0
101.9
100.5
101.3
103.8
98.6
104.6
102.2
99.6
95.5
102.5
96.1
96.8
104.3
100.7
93.6
94.1
101.5
100.4
98.3
93.3
105.2
92.7
96.2
95.7
122.6
107.6
101.6
98.0
108.5
110.1
100.2
103.3
101.8
98.7
98.3
94.3
95.1
96.7
92.0
84.9
93.2
95.3
93.0
93.2
89.1
92.9
90.0
91.6
91.0
90.2
93.3
90.9
92.2
94.0
90.4
90.0
97.1
99.2
98.6
101.8
109.1
101.8
98.8
126.2
104.0
98.7
97.6
97.1
91.4
107.1
94.5
104.6
101.9
99.0
98.4
100.0
95.5
96.6
93.1
97.7
92.8
95.9
96.7
87.9
95.8
91.6
91.2
87.5
92.1
91.1
91.8
87.9
92.5
92.5
89.0
90.7
86.5
88.3
84.1
87.5
90.4
89.0
94.5
90.0
91.6
87.3
88.5
92.1
87.0
86.1
86.8
92.2
96.6
88.5
90.5
90.0
90.7
95.7
93.7
88.2
91.7
87.9
88.6
87.2
90.9
85.7
92.3
91.8
90.4
90.7
93.5
92.0
87.5
89.9
115.9
113.7
101.3
109.3
97.3
103.9
101.2
104.5
105.2
104.6
95.7
96.0
98.5
107.0
102.2
103.9
98.7
107.7
106.6
100.8
107.1
107.5
109.4
104.3
109.6
103.3
103.6
101.9
96.6
106.0
98.9
100.1
103.7
100.2
100.9
96.9
108.3
102.1
108.2
108.8
107.3
105.0
97.3
99.5
96.2
105.4
103.5
100.2
104.2
106.3
106.2
107.6
99.8
103.0
111.0
112.7
98.3
102.6
102.7
102.9
108.5
105.8
102.5
100.6
103.5
101.1
102.0
101.3
91.1
98.4
99.6
96.3
98.6
103.6
105.5
115.8
99.4
105.0
96.1
100.7
97.0
94.1
96.5
101.7
91.7
105.3
99.2
102.1
96.5
107.8
111.6
111.7
102.2
100.1
100.8
99.9
103.9
97.4
98.8
89.1
98.4
90.7
94.5
94.8
92.7
98.1
105.8
99.7
92.0
91.5
96.5
93.8
96.2
92.6
93.8
94.5
92.3
93.1
92.2
90.6
86.9
90.6
89.6
95.3
87.5
102.6
113.2
110.5
109.6
110.8
115.6
115.0
113.8
102.4
105.4
111.5
104.1
101.3
101.6
101.3
94.9
95.8
93.2
110.4
107.7
97.3
91.8
103.1
98.0
99.6
94.1
95.8
99.2
91.2
94.5
88.8
87.1
91.9
84.7
88.7
93.5
88.1
88.2
86.7
88.4
86.1
84.8
88.9
86.4
81.5
81.2
83.4
83.1
78.7
84.3
85.4
85.5
83.8
84.1
81.3
83.1
85.8
84.5
84.7
84.5
85.7
83.1
84.7
82.9
84.9
85.6
87.3
80.5
87.0
81.8
84.3
85.4
82.8
82.2
86.1
84.9
87.0
84.6
87.5
87.8
86.1
84.9
82.4
82.7
85.0
89.0
92.5
83.3
87.2
85.5
83.0
87.3
89.8
90.6
85.7
83.2
85.4
81.5
84.5
82.6
84.1
85.4
85.1
82.3
84.2
81.4
81.5
83.2
83.9
89.4
81.1
89.2
86.0
87.6
86.2
84.4
84.9
84.0
81.3
84.5
85.9
85.1
87.4
91.1
89.7
84.3
89.3
89.1
89.4
86.5
84.3
86.0
84.6
85.2
87.3
83.4
94.5
110.6
105.3
104.0
113.0
111.6
95.2
107.8
97.7
101.7
98.9
92.1
96.9
93.4
93.2
90.0
89.9
96.3
100.9
100.4
96.5
91.7
98.5
92.2
93.5
91.8
96.7
104.9
121.2
107.3
102.0
97.8
105.7
89.7
95.3
96.5
91.2
93.8
92.8
95.5
90.3
94.2
98.9
96.1
91.8
90.7
99.5
90.4
97.8
90.4
90.6
93.4
89.4
90.8
92.1
92.4
90.5
90.8
90.2
90.7
84.6
92.0
92.0
90.4
94.2
87.5
93.3
92.7
101.6
96.1
94.9
92.7
93.9
91.2
93.2
91.0
91.6
101.0
90.9
89.0
91.5
89.6
85.3
91.9
88.5
89.1
84.4
90.9
84.9
85.7
92.4
91.0
91.3
89.4
86.5
87.9
85.6
87.5
85.8
85.9
88.0
89.0
89.4
88.0
88.3
86.7
89.5
92.2
88.3
86.3
87.6
86.7
84.8
87.9
87.8
90.6
81.9
90.2
88.7
88.9
89.2
94.0
85.0
91.1
89.9
88.2
86.5
90.4
93.8
91.8
98.9
93.0
91.1
96.9
92.3
103.3
105.0
103.4
99.8
101.4
103.6
112.7
108.9
109.1
105.0
108.4
108.2
108.8
103.0
107.3
102.1
103.5
113.7
112.6
104.8
107.3
122.3
112.7
120.1
112.7
115.9
112.9
106.9
106.6
118.2
117.5
108.6
108.1
114.2
110.9
115.3
116.0
122.4
109.0
114.6
114.8
121.6
119.6
110.4
112.6
112.4
120.5
120.4
124.3
109.6
113.0
108.2
117.4
122.4
129.9
135.8
130.6
129.7
126.1
112.8
120.4
114.5
120.2
116.5
119.1
123.8
115.9
119.9
112.3
122.6
118.1
130.1
125.2
144.6
159.3
146.6
131.7
133.5
137.0
136.2
148.6
151.7
149.1
138.3
139.9
138.2
124.0
132.2
135.0
126.7
125.2
118.5
110.7
111.2
111.1
110.6
114.6
107.4
104.1
105.1
99.9
101.4
101.0
98.0
99.2
97.2
97.8
97.6
93.0
98.5
92.6
94.5
93.2
92.4
99.8
95.9
93.3
99.0
89.5
100.0
92.1
93.5
90.4
95.7
96.2
97.7
98.1
93.5
93.7
93.9
97.0
88.5
100.6
101.7
100.6
94.9
97.9
94.1
97.3
96.0
91.6
93.8
95.5
100.6
91.2
95.2
90.5
90.0
95.1
94.9
90.7
90.9
92.9
88.6
95.5
87.1
89.8
91.2
91.3
90.3
89.2
91.3
90.3
85.5
90.2
86.2
90.6
85.1
89.0
91.8
90.0
99.7
114.9
106.3
107.3
111.9
105.3
98.3
102.7
98.4
101.6
95.2
99.8
95.7
91.8
99.6
98.9
97.1
97.9
95.0
94.5
95.1
97.3
95.2
95.8
94.2
91.8
94.2
97.0
99.7
89.0
95.6
95.1
96.4
95.0
92.9
95.6
94.9
97.5
93.7
89.2
95.6
97.8
101.9
93.4
93.4
100.7
98.8
101.7
93.7
95.2
94.7
92.4
93.3
97.9
102.7
93.7
95.3
94.8
92.4
97.2
95.4
93.5
91.1
92.0
95.2
93.3
89.1
90.1
88.2
90.0
90.5
89.3
92.1
86.1
87.4
89.4
85.1
88.5
90.0
90.4
88.8
87.0
88.7
92.4
88.7
85.1
85.1
88.6
89.2
85.2
92.3
95.0
89.9
88.8
84.2
89.2
89.6
86.4
91.4
89.5
89.2
94.2
85.7
97.7
95.2
87.6
90.4
94.6
96.6
90.1
92.3
88.4
88.7
87.5
86.2
92.6
92.6
85.0
86.7
86.8
86.8
86.7
88.7
89.9
91.3
88.5
83.0
91.8
103.2
117.1
115.7
114.9
105.3
100.6
97.4
92.7
98.2
95.0
98.7
97.0
97.8
93.1
96.0
95.9
92.6
94.7
92.9
91.8
89.5
91.7
93.0
95.5
90.2
94.7
92.6
97.0
89.7
92.5
95.9
93.0
89.6
91.8
95.7
91.3
91.5
96.1
96.9
92.4
91.6
87.9
86.6
90.0
93.8
92.7
89.3
90.3
91.0
90.3
90.1
91.2
88.9
94.5
93.1
91.1
96.9
93.6
90.4
89.6
86.9
89.3
89.0
90.3
87.6
89.1
87.0
88.2
83.8
86.4
86.2
83.3
87.7
84.1
88.9
88.5
90.5
85.2
88.0
88.8
88.1
90.4
85.3
90.0
90.2
87.1
86.2
92.9
85.0
88.0
86.8
89.0
85.1
84.1
87.6
87.7
88.2
84.0
85.5
87.2
85.7
86.2
84.4
88.0
85.4
87.7
88.0
89.5
82.7
82.2
83.3
88.6
85.4
87.3
86.2
88.2
86.7
85.9
85.8
86.3
85.4
81.9
86.1
82.3
87.8
86.1
82.9
84.7
82.2
79.1
84.8
82.3
83.9
78.4
86.4
81.6
85.6
83.5
82.2
84.2
83.7
84.0
81.9
82.0
85.0
82.0
83.0
78.5
90.0
88.0
85.1
86.5
91.3
86.9
88.0
83.8
84.6
86.2
81.7
87.1
85.8
86.3
87.4
92.0
96.2
88.8
99.4
98.0
91.6
89.0
108.1
112.0
122.8
114.4
106.6
103.3
93.7
89.9
94.0
93.1
91.3
89.9
87.8
91.8
88.7
90.2
89.0
88.5
91.7
90.6
92.3
95.0
85.2
90.3
87.2
88.6
87.6
89.7
89.0
91.1
85.7
88.8
85.5
84.9
84.1
85.9
84.4
83.7
84.2
84.4
82.3
82.3
81.6
81.7
81.8
81.2
78.9
82.6
83.0
83.9
85.8
79.4
81.7
82.5
84.9
83.7
79.7
82.3
79.1
93.2
113.2
105.3
98.2
93.3
91.2
88.6
90.7
89.5
92.1
87.1
94.6
93.2
93.3
91.5
90.2
89.5
93.9
88.2
88.9
88.8
89.9
92.7
102.6
97.2
99.4
92.8
91.5
96.1
94.2
90.7
93.3
91.9
91.4
91.0
91.3
90.3
84.6
88.6
91.1
85.9
88.5
88.4
86.6
88.1
84.2
83.6
82.8
85.3
83.3
86.5
88.5
83.3
86.4
85.9
78.7
79.0
80.8
81.9
79.9
80.0
80.2
82.2
82.4
75.7
81.7
81.2
79.1
82.0
80.9
84.2
81.8
82.2
83.6
83.6
86.7
88.8
94.9
96.1
100.9
91.2
82.9
86.1
83.7
84.2
82.5
82.2
85.2
83.6
88.2
81.7
83.9
78.4
85.3
80.9
87.8
84.1
85.2
83.0
77.1
85.9
90.0
88.1
84.0
86.4
87.1
82.3
83.8
87.7
89.9
81.9
87.0
83.8
88.1
86.5
86.0
84.8
85.1
85.4
84.7
86.1
86.2
85.8
86.2
87.7
86.9
87.4
88.0
86.8
95.7
84.2
84.7
89.2
89.4
91.1
92.9
87.4
90.5
93.8
86.6
88.6
88.6
83.8
82.9
81.7
81.5
83.1
84.2
76.5
79.4
79.5
80.1
86.3
93.0
96.5
102.9
94.6
95.4
94.6
92.0
89.1
91.6
92.7
89.7
84.8
88.4
93.6
92.3
88.1
88.3
86.0
95.7
88.5
96.0
95.2
91.9
94.8
91.8
95.5
92.9
90.3
92.5
89.5
94.7
102.7
102.3
101.8
103.7
89.1
95.2
94.9
99.1
99.4
98.1
98.7
98.2
99.1
95.6
100.4
105.5
95.7
99.2
104.6
99.4
105.6
104.8
99.3
101.7
102.1
100.4
95.3
99.3
97.8
97.4
97.5
103.3
92.3
93.3
92.6
97.5
97.6
93.1
94.4
94.9
96.0
98.1
94.8
93.3
93.3
92.8
88.0
87.6
90.2
91.0
87.0
86.9
86.9
92.5
89.6
88.1
87.4
89.3
88.5
89.1
85.5
84.3
84.9
84.5
84.8
83.4
85.7
89.0
85.7
83.2
85.4
86.7
87.7
85.6
89.6
86.0
84.3
85.2
81.2
87.4
93.7
86.4
96.0
99.5
91.7
86.4
83.1
88.8
87.2
85.2
86.0
82.4
83.4
86.3
84.1
85.5
84.5
86.8
83.3
83.9
84.8
83.8
82.7
81.6
82.1
81.2
81.0
80.9
82.7
85.4
80.7
81.0
80.6
83.2
81.1
80.1
83.4
85.6
83.1
81.6
80.3
80.1
79.5
87.0
82.5
83.3
78.5
87.7
91.2
83.2
87.5
81.3
82.8
83.8
79.0
80.3
87.0
80.1
83.4
83.2
82.5
82.8
82.9
82.9
80.1
81.4
81.7
82.5
84.5
83.4
83.2
84.1
84.2
82.3
83.8
86.0
85.2
80.4
81.6
84.3
80.0
82.2
86.6
82.4
82.7
88.5
92.6
93.8
94.5
89.5
96.5
98.8
103.8
99.8
100.9
96.5
101.8
103.5
104.2
99.1
98.0
105.0
104.4
98.1
104.1
97.6
101.4
89.1
90.4
92.0
87.5
86.9
88.2
91.0
89.3
86.7
85.9
82.5
86.4
85.1
84.5
82.2
80.1
81.8
81.2
83.1
83.1
85.2
85.1
85.7
84.2
84.6
87.7
82.8
78.7
83.7
86.1
83.3
82.7
81.1
82.8
81.7
79.7
83.3
80.9
82.0
82.8
79.1
85.3
81.2
81.8
86.4
82.1
80.2
82.3
83.0
84.6
82.8
81.0
86.7
84.2
84.2
79.8
80.1
81.0
83.1
82.0
86.5
82.1
77.4
80.4
79.8
80.6
84.5
79.1
78.2
79.0
80.3
76.5
82.1
86.4
88.0
89.2
88.6
93.8
90.2
89.3
90.8
88.7
92.8
90.5
88.7
101.1
106.6
98.5
91.9
94.3
100.0
99.6
97.0
94.6
101.0
95.4
91.3
100.3
95.3
91.2
93.9
102.0
97.3
100.0
92.2
93.6
91.3
91.3
91.8
94.9
96.4
88.6
97.7
99.0
95.3
94.1
91.2
94.8
91.6
88.6
99.9
92.0
91.3
95.6
96.3
97.0
97.4
99.2
94.9
106.4
97.5
95.8
99.9
94.8
95.0
97.7
103.0
96.2
96.8
109.6
101.4
111.0
109.2
107.7
97.7
100.8
97.2
94.9
91.4
92.4
93.9
93.1
92.29999999999998
96.3
97.9
96.4
95.2
92.2
87.4
88.7
89.7
92.2
87.6
87.4
96.0
93.8
117.1
111.1
109.3
107.9
105.5
104.0
109.2
112.9
109.4
110.7
106.9
99.7
111.4
111.4
107.4
107.6
110.2
105.2
104.5
101.1
102.5
101.8
106.0
107.3
109.8
110.7
100.7
112.9
106.9
108.4
105.5
103.8
95.6
104.6
115.7
116.2
115.7
112.6
111.5
112.1
113.0
110.1
114.0
116.0
113.9
111.3
114.2
115.9
120.1
111.5
101.1
103.1
103.8
99.0
100.6
104.8
93.3
99.1
100.6
94.7
101.1
102.5
94.9
98.9
97.2
99.0
96.0
95.7
97.8
94.7
96.5
98.0
88.1
102.6
98.7
91.9
111.1
105.6
94.6
110.7
106.6
118.3
109.2
110.2
104.9
103.0
123.2
104.5
111.7
117.9
116.6
109.6
107.8
110.1
112.9
113.5
104.9
123.2
116.8
108.6
130.3
132.3
129.7
121.6
119.9
132.8
119.8
125.4
131.0
121.5
112.0
128.26666666666668
131.65
135.03333333333333
138.41666666666669
141.8
143.4
140.1
135.2
140.9
146.60000000000002
122.9
117.8
119.6
113.4
111.0
112.0
113.0
105.6
117.7
110.7
108.5
110.1
105.3
107.6
109.7
109.2
111.4
107.1
107.3
109.7
102.9
102.0
106.1
96.5
103.6
100.8
103.8
104.7
106.2
103.4
96.2
99.4
96.0
99.7
99.8
99.2
95.4
96.0
94.0
97.7
92.0
92.1
90.4
84.9
90.0
99.7
96.7
100.1
94.1
96.6
96.4
89.3
93.1
92.3
86.5
88.8
84.2
85.6
87.8
88.2
87.1
86.0
83.1
82.7
82.6
83.0
83.6
83.9
90.5
84.7
86.9
90.6
89.6
84.4
87.3
81.5
84.8
84.5
82.1
84.3
79.1
83.2
80.2
80.1
81.6
82.3
82.5
79.5
76.6
76.9
80.0
75.9
80.4
78.7
78.6
77.6
73.6
77.3
78.0
84.6
98.7
92.2
95.5
97.6
97.3
93.1
87.8
83.1
86.4
82.7
82.1
84.3
84.9
84.1
81.0
80.8
80.1
77.5
80.9
81.4
81.9
82.8
81.3
77.6
81.8
83.5
82.2
80.0
82.0
87.1
84.7
86.5
82.3
81.6
86.1
84.4
88.4
83.1
86.7
88.2
85.1
83.0
82.0
80.5
82.9
83.0
87.0
84.2
80.5
81.9
80.0
81.5
79.1
81.1
83.4
85.1
83.4
82.5
82.3
90.2
79.9
78.7
79.6
80.8
80.8
83.6
80.9
76.8
80.5
78.8
81.0
78.9
81.6
81.9
82.5
83.3
83.4
80.0
80.9
81.4
80.5
84.8
80.6
80.4
82.6
91.2
90.0
90.4
91.5
93.8
85.7
93.1
91.9
93.6
90.7
90.1
94.4
90.2
95.2
88.6
91.5
94.6
89.6
91.0
92.3
93.9
91.6
90.2
84.8
91.2
94.0
89.5
90.1
97.9
98.0
93.0
86.1
90.9
91.2
89.5
93.5
94.6
94.0
90.8
91.3
86.2
85.3
89.2
88.1
88.0
84.1
88.1
92.6
98.9
100.0
87.7
87.1
88.7
95.8
93.5
88.4
93.0
91.0
87.6
84.8
88.6
94.6
88.0
89.4
87.8
91.4
89.1
83.1
89.0
89.8
89.5
88.9
87.4
87.4
85.6
90.5
89.7
86.2
85.7
85.1
86.3
87.9
92.4
98.5
87.9
93.5
90.0
88.0
91.5
89.2
91.4
90.9
85.6
84.3
98.9
94.1
93.6
87.3
89.3
87.9
94.8
89.9
93.4
91.3
95.1
102.3
92.0
100.1
95.9
96.9
94.9
94.0
97.1
95.5
95.3
95.4
97.0
97.6
100.7
96.6
100.0
91.2
108.7
102.8
104.5
105.5
109.6
105.1
102.9
99.0
95.4
96.5
101.0
101.5
104.0
96.0
104.3
101.8
103.9
100.9
111.5
108.7
117.9
119.1
106.5
110.0
102.7
109.2
108.7
105.7
107.1
104.1
106.9
108.4
110.5
112.4
109.0
107.9
102.4
110.2
110.4
109.6
109.5
104.2
104.4
109.6
103.2
112.6
117.7
111.8
110.3
106.6
108.2
109.9
111.9
105.6
110.1
102.0
105.7
92.5
98.9
109.8
106.7
104.9
106.5
109.5
104.6
102.9
105.0
100.0
105.1
102.1
105.4
101.7
108.5
104.3
105.3
112.5
126.4
106.6
106.9
110.2
110.9
107.6
115.2
101.2
106.8
108.1
98.4
115.7
115.2
101.9
104.4
106.7
107.5
98.4
107.5
109.7
104.8
106.8
104.6
104.6
98.6
100.4
104.8
104.5
106.8
96.9
99.3
101.0
104.4
100.2
109.7
99.7
99.3
100.1
103.9
101.3
99.8
116.0
124.5
114.8
114.4
108.4
108.3
113.3
110.2
111.8
107.2
117.1
122.0
112.1
112.4
113.5
116.3
128.8
127.4
131.5
134.0
126.8
118.1
119.9
117.4
116.5
116.8
115.2
117.5
117.1
114.7
110.0
116.7
119.0
115.7
113.7
110.3
113.3
110.8
117.1
106.9
104.4
110.1
100.7
111.0
102.1
102.4
107.1
107.6
104.8
105.5
106.6
101.1
107.0
103.0
105.8
107.8
101.9
97.9
102.9
102.3
104.8
105.0
106.1
106.8
104.6
97.5
101.6
104.2
103.2
108.2
104.2
98.8
102.6
102.0
104.6
105.1
108.5
105.8
100.3
104.5
103.2
102.0
108.2
103.2
100.9
105.7
98.3
94.3
99.2
102.0
96.0
97.2
100.1
96.5
94.8
97.0
94.2
89.9
92.3
93.1
86.6
89.5
90.6
88.0
83.4
87.2
90.5
82.0
86.7
90.5
85.7
87.9
84.4
82.1
84.1
86.4
84.6
94.3
95.6
98.0
96.8
93.7
91.4
89.5
92.0
94.5
96.4
94.4
91.5
95.6
90.3
98.0
96.6
95.8
97.0
94.7
91.1
90.9
95.8
89.8
93.2
96.5
91.7
88.6
97.9
105.8
116.3
107.2
117.6
126.9
126.3
123.3
125.1
122.6
120.9
111.6
111.0
112.0
112.9
116.3
112.7
132.8
127.6
132.6
132.0
120.0
144.1
134.6
118.0
117.5
112.8
114.6
112.7
112.9
117.0
111.2
106.5
106.8
116.4
116.4
108.6
107.5
104.6
104.5
104.0
100.7
99.9
105.1
102.2
104.5
101.3
102.7
103.9
97.1
98.1
100.7
98.9
100.3
94.2
108.4
92.9
97.9
97.7
97.4
97.9
91.0
98.7
97.0
97.5
102.2
101.6
100.0
99.9
96.9
100.2
99.8
93.7
99.7
95.3
99.3
98.6
103.0
107.9
107.3
108.7
105.5
104.8
103.0
106.7
102.5
101.7
102.7
127.7
115.2
125.8
113.3
110.0
102.5
108.0
98.9
101.1
104.5
103.7
101.7
103.0
105.1
105.6
103.5
94.5
99.2
97.5
89.5
94.2
91.3
103.5
94.7
101.0
92.5
93.5
100.2
98.4
95.8
101.2
101.4
97.0
97.8
101.1
101.9
107.7
97.7
102.0
96.5
98.9
95.7
105.4
107.0
100.0
108.5
98.6
103.9
102.9
103.6
102.1
103.5
103.3
107.0
98.6
104.9
109.9
104.0
107.8
109.1
103.7
104.0
106.4
108.4
110.7
104.3
107.6
111.0
105.8
106.1
105.8
107.4
109.5
108.3
112.0
108.1
108.9
110.6
109.1
110.9
112.1
103.6
113.9
116.4
112.5
110.7
115.1
115.5
104.8
106.8
108.5
104.1
99.4
100.9
101.0
100.4
100.4
97.8
98.6
96.5
96.4
93.0
100.0
94.6
95.9
100.7
101.3
95.0
87.0
93.7
95.7
93.2
95.9
98.8
93.5
95.6
90.3
88.0
96.8
95.0
95.1
92.6
92.8
93.0
95.1
94.9
100.5
96.0
93.4
95.8
93.4
91.8
97.0
94.8
97.7
97.4
97.2
99.4
99.5
101.6
100.3
98.4
104.0
105.3
103.5
107.8
107.1
107.0
106.2
102.4
106.0
105.1
102.7
110.1
104.8
103.2
104.6
103.9
104.5
110.7
112.0
108.5
113.3
109.3
109.9
108.8
108.0
104.0
115.3
112.7
115.0
109.5
113.4
114.1
113.2
111.1
111.3
119.2
117.5
106.6
109.1
111.4
110.5
111.6
108.9
113.8
107.4
111.4
113.1
113.2
111.7
119.0
114.9
113.7
112.3
116.9
112.6
118.9
110.7
115.2
120.5
115.2
112.6
112.9
120.0
117.9
117.2
117.7
115.3
114.4
112.7
115.3
111.2
119.8
122.7
116.3
122.8
120.8
118.9
118.8
109.3
120.8
110.9
118.4
121.2
115.7
112.9
124.2
119.3
116.6
117.6
110.0
111.8
112.2
118.5
108.0
117.9
107.0
106.3
104.9
114.4
107.1
114.0
112.5
120.4
117.8
116.0
109.6
107.0
115.2
114.3
111.3
111.6
108.7
107.5
113.0
105.9
105.8
108.4
113.4
110.4
106.0
118.7
114.3
113.0
114.6
111.5
110.5
118.7
112.8
115.9
118.6
118.7
110.6
117.4
117.1
116.9
124.8
128.7
122.7
128.0
124.9
125.5
130.5
127.2
118.6
128.4
126.4
125.2
119.5
118.4
125.8
112.6
121.0
127.6
126.4
126.9
126.3
128.8
128.5
128.9
119.8
127.0
125.5
127.6
123.4
118.8
133.7
128.5
123.2
127.9
128.2
127.4
129.2
129.1
132.2
122.2
124.8
125.9
126.3
121.3
121.3
127.6
118.3
122.0
123.9
125.1
121.0
119.5
128.7
112.4
113.0
113.5
115.0
112.5
122.9
118.3
119.5
123.1
111.6
120.7
111.9
112.2
106.3
112.4
119.2
107.7
115.6
108.2
110.7
110.9
107.4
111.1
107.7
104.5
109.8
106.1
102.9
102.3
106.9
99.9
107.8
104.8
100.3
101.9
101.0
102.9
103.3
101.5
96.8
103.5
102.1
98.3
102.2
100.5
107.5
114.0
108.7
105.9
103.3
102.7
104.9
106.4
98.5
101.6
106.9
101.5
106.3
107.2
99.7
101.9
104.7
99.2
101.7
95.5
98.3
102.2
101.0
96.8
102.9
98.6
95.2
96.3
101.9
102.5
97.8
103.7
99.3
103.3
98.3
101.1
93.8
98.1
103.8
100.8
102.3
100.3
96.0
101.8
106.6
100.6
106.4
110.2
99.8
103.7
104.4
108.2
104.3
102.1
103.7
102.2
98.3
100.6
100.0
101.7
102.6
97.8
98.5
103.9
100.4
97.1
101.8
105.4
106.3
104.3
100.7
99.3
104.1
110.7
108.0
110.3
108.5
108.9
112.4
106.2
107.3
107.3
109.4
103.1
101.2
108.5
112.8
115.0
107.7
109.5
106.7
109.9
124.6
113.7
119.8
120.2
123.3
122.0
123.9
127.9
118.1
115.0
115.2
123.4
123.0
114.4
105.80000000000001
128.0
128.7
118.7
122.0
124.5
120.6
112.8
118.1
118.6
120.5
124.1
114.4
117.3
110.9
118.0
119.9
115.0
118.8
116.6
112.7
118.2
113.3
112.5
110.9
117.5
120.1
117.9
111.6
109.1
109.7
111.4
109.0
104.5
106.2
113.8
106.8
105.8
108.3
100.5
108.0
106.7
107.4
110.5
108.2
113.2
106.8
108.3
103.2
109.4
105.7
102.9
107.4
104.7
106.3
105.6
106.1
105.8
105.5
109.2
101.9
99.6
101.4
99.3
104.0
103.8
97.9
104.5
98.8
101.5
103.7
97.3
101.1
98.6
104.9
104.9
104.3
110.5
111.9
119.1
118.2
111.9
111.3
113.3
121.3
119.9
123.8
110.1
119.0
121.8
119.6
120.6
118.7
118.2
118.7
121.2
127.2
125.0
126.1
123.1
120.5
121.7
127.3
126.2
127.3
118.8
112.7
126.2
122.0
131.1
124.2
129.2
125.6
127.7
118.6
116.9
119.7
126.9
130.5
127.6
131.5
127.0
127.2
123.1
115.7
122.5
127.0
125.4
119.5
126.5
117.6
126.4
118.7
122.4
115.2
106.2
117.4
119.5
113.6
116.7
111.0
116.1
114.7
115.0
106.6
111.4
114.7
112.5
113.7
115.9
109.2
111.2
109.4
103.3
108.1
119.5
113.0
117.1
127.0
127.7
125.6
132.2
135.5
131.3
131.9
124.5
131.8
134.4
131.2
136.9
136.2
135.9
134.1
127.2
133.5
134.4
131.3
137.3
121.3
132.5
130.6
128.7
133.2
136.7
127.8
131.8
134.1
128.5
131.4
128.7
128.1
125.7
130.7
131.5
121.6
120.8
122.1
128.6
124.9
123.6
125.7
126.6
118.0
133.0
128.2
129.5
132.4
127.8
119.4
125.0
120.1
119.1
124.8
119.0
125.0
117.2
119.8
116.7
119.0
115.2
109.0
109.5
117.0
108.8
107.4
104.1
108.8
112.7
104.2
114.1
98.5
105.8
109.6
101.5
107.7
107.8
107.1
110.0
108.1
112.5
108.0
115.1
119.1
116.1
128.9
116.4
112.0
123.0
131.6
126.9
130.7
118.1
118.2
120.3
122.3
114.7
114.1
122.4
121.3
116.6
118.6
120.0
117.8
111.4
113.4
117.4
111.5
105.7
105.0
110.8
109.9
105.3
111.5
104.1
110.6
97.1
96.9
94.0
103.4
97.9
98.9
99.3
93.8
91.2
96.1
99.1
94.5
99.1
99.1
97.6
101.7
102.0
107.4
108.1
111.9
103.0
108.4
108.3
109.6
104.6
102.4
104.0
102.4
109.4
96.3
104.7
103.0
107.5
98.4
102.1
107.1
109.9
106.3
104.5
105.2
108.7
112.6
111.8
111.0
109.8
104.9
107.5
121.0
110.3
108.8
105.1
110.0
105.8
105.2
106.4
102.3
101.8
100.6
109.2
106.9
109.4
115.7
107.6
111.7
107.4
113.8
115.3
116.8
110.5
111.4
110.3
110.3
109.2
112.2
117.7
114.1
110.6
124.9
117.6
114.8
109.9
117.7
112.0
117.4
114.5
114.8
122.7
117.2
122.9
124.7
117.2
115.3
105.9
116.4
116.2
113.3
117.7
117.5
119.4
117.7
121.1
115.9
111.4
107.6
115.5
116.1
124.0
124.5
125.8
127.9
133.0
136.6
121.6
106.0
110.5
115.0
116.4
116.2
120.8
117.6
117.6
118.4
128.1
117.9
117.1
121.3
119.3
125.6
113.5
112.7
116.9
116.7
119.5
120.2
115.4
118.1
120.1
119.8
125.4
114.3
117.3
114.8
113.0
121.5
123.3
114.2
120.9
114.1
110.0
111.4
106.5
105.2
101.1
98.6
102.9
108.9
98.8
107.3
114.5
108.4
113.1
110.3
113.2
104.4
100.8
91.9
91.8
99.6
95.4
91.2
97.5
93.3
100.4
91.2
92.1
92.4
91.4
95.8
85.4
90.7
90.2
89.5
90.8
89.8
88.5
83.4
90.5
94.4
97.3
99.1
87.8
93.3
89.2
83.1
88.6
87.4
88.3
85.6
84.0
87.9
85.6
86.7
85.3
87.1
85.1
89.3
90.2
87.7
87.3
87.1
89.0
91.7
93.4
85.0
88.0
91.9
84.9
92.1
95.2
98.6
102.0
97.6
108.3
94.9
96.1
98.1
94.4
92.6
88.4
88.8
92.1
94.1
86.0
89.7
88.6
92.5
92.7
91.4
97.3
91.9
93.4
88.4
88.9
82.1
82.9
78.5
81.7
81.2
76.6
82.4
82.2
78.5
81.4
77.6
79.7
75.8
76.6
76.9
76.2
75.3
72.8
76.3
81.5
79.9
78.4
80.4
77.6
77.2
75.7
76.6
77.3
72.1
76.2
74.9
74.2
72.2
72.2
75.1
75.2
73.3
74.0
72.3
69.3
75.1
71.5
72.2
72.8
73.2
72.9
71.4
75.2
76.0
75.7
69.7
75.2
74.2
73.5
73.7
76.1
71.5
71.2
72.1
71.2
69.4
81.9
82.1
75.3
80.8
77.0
74.7
72.8
77.1
78.4
76.2
79.3
77.8
76.9
77.5
76.9
76.1
75.1
71.7
76.6
75.2
76.8
79.4
78.2
76.4
78.1
74.2
75.9
77.2
73.2
74.6
73.9
75.8
82.6
80.4
81.2
78.2
78.5
72.8
75.8
77.0
78.2
78.0
77.7
75.2
73.2
76.3
76.2
80.1
78.1
88.9
85.1
84.1
87.0
85.2
82.9
80.3
82.2
82.1
85.1
81.4
79.4
80.4
82.0
80.8
78.8
80.8
83.4
78.4
84.5
81.4
81.8
84.8
84.0
84.7
81.0
81.8
83.5
80.9
80.8
81.0
80.1
79.4
85.1
82.1
82.9
84.8
84.9
83.6
85.8
84.3
81.8
82.9
84.0
84.3
80.6
81.7
85.3
83.9
82.5
83.4
84.1
84.7
82.6
87.4
87.1
87.1
85.9
85.6
84.0
83.7
90.0
88.4
83.1
86.3
88.4
85.4
86.9
83.1
83.7
86.8
86.2
87.1
85.4
84.9
89.5
85.9
87.9
89.7
91.6
89.4
90.7
94.4
94.6
93.3
91.2
97.7
95.8
87.7
92.2
89.4
95.6
90.8
93.0
94.9
93.6
88.3
86.7
84.8
88.5
88.7
87.9
89.3
87.2
88.3
88.7
84.3
86.7
86.7
85.7
83.0
87.1
81.7
88.8
87.2
86.4
86.1
87.5
84.7
85.6
90.2
88.7
85.3
89.9
89.0
85.3
86.8
89.9
88.0
89.2
85.4
93.1
86.1
88.3
88.3
88.0
84.4
87.7
87.0
86.2
85.5
88.4
84.0
84.9
85.3
84.3
86.4
87.7
87.3
86.8
88.2
85.4
87.5
89.4
84.1
88.5
83.2
84.0
82.5
85.5
84.5
82.9
85.2
81.6
84.4
94.4
85.7
83.6
83.6
83.6
89.1
83.1
85.6
86.3
82.3
80.9
84.6
86.0
82.5
86.1
86.2
83.0
83.2
84.7
86.0
83.7
83.5
88.3
87.5
85.2
83.9
83.5
84.9
86.8
87.9
83.4
85.9
89.3
83.4
85.7
84.8
83.7
86.0
87.8
82.1
83.7
85.0
83.9
86.3
84.9
83.0
88.9
85.9
85.6
90.2
84.9
85.4
86.3
90.6
89.9
84.7
86.6
87.6
81.3
86.6
85.7
85.3
88.3
87.0
86.5
85.3
84.7
81.9
86.2
83.6
86.7
86.9
87.1
84.8
84.7
89.3
84.9
86.4
87.7
80.1
89.9
86.7
84.8
83.8
82.8
81.9
83.0
83.3
80.7
81.4
78.6
83.4
83.3
82.4
80.1
86.1
82.3
81.0
81.7
78.1
82.3
80.6
79.2
77.3
78.1
83.0
80.9
79.7
78.6
81.5
77.9
79.7
79.5
75.1
77.8
76.7
75.9
77.1
76.6
76.6
77.1
73.7
73.9
74.6
72.7
71.2
74.8
74.4
80.0
78.7
76.4
77.5
74.4
74.9
72.6
75.2
76.9
77.9
79.8
76.0
83.4
87.0
90.2
85.9
90.0
86.2
88.3
84.2
92.1
89.3
89.9
91.7
96.2
95.6
93.7
86.6
88.3
84.9
74.3
87.0
84.1
91.8
90.4
86.5
89.3
90.7
86.2
87.1
87.6
86.6
89.4
88.2
87.1
83.5
87.7
86.8
81.1
84.7
88.0
86.1
83.6
85.4
83.4
85.1
81.4
78.2
81.1
81.3
79.2
80.5
78.0
81.4
80.1
75.5
77.8
77.8
76.4
78.7
77.4
75.8
75.8
76.5
76.1
75.9
76.2
77.7
77.1
73.5
74.8
74.7
77.2
77.2
72.2
75.4
74.4
74.8
75.7
73.6
74.0
74.4
75.6
72.9
75.0
73.5
73.9
70.4
71.7
70.7
70.0
69.2
68.0
68.5
70.2
67.2
68.0
70.5
67.8
68.8
68.2
66.8
67.1
69.9
68.3
69.8
67.5
68.2
67.2
67.2
69.1
65.9
66.5
68.9
66.5
69.2
65.6
67.6
65.3
66.4
67.9
68.3
68.3
68.2
69.2
66.1
67.1
67.4
69.2
64.5
64.4
65.4
67.1
69.0
65.0
67.1
69.4
65.6
67.6
68.5
68.2
66.3
68.0
68.6
67.7
69.3
68.2
67.3
68.2
68.0
67.4
67.0
67.7
68.8
68.3
70.5
67.9
69.9
69.3
68.7
70.3
69.8
72.0
70.4
71.0
71.7
68.9
70.4
70.7
72.6
71.1
72.5
71.4
71.7
72.3
72.0
74.1
71.8
71.5
71.7
70.8
72.8
75.1
71.5
76.2
73.4
70.9
75.2
73.8
72.6
71.4
74.3
73.0
71.5
74.2
71.4
71.3
70.2
71.4
72.2
73.1
70.1
73.5
71.9
75.6
80.2
83.3
76.3
81.0
82.7
80.7
81.0
81.1
78.8
74.1
74.2
74.6
71.0
71.3
71.5
70.7
69.8
73.0
66.1
66.1
66.5
67.5
67.4
65.5
64.7
66.8
66.3
66.1
67.6
65.9
63.9
65.1
63.7
64.7
66.1
65.3
64.8
65.8
65.9
65.9
70.2
66.6
68.3
69.5
68.6
66.3
69.5
69.0
69.0
68.3
69.4
68.8
69.4
69.7
73.1
70.2
68.7
70.9
73.3
70.0
69.5
70.3
70.5
70.1
70.0
72.7
70.8
70.9
68.6
69.9
71.0
70.0
69.1
69.1
68.9
67.9
66.1
70.3
67.6
66.6
71.3
67.5
67.1
68.2
68.4
68.9
65.3
67.6
66.5
68.5
67.6
70.4
71.6
68.8
66.9
67.1
66.0
68.0
70.0
65.1
66.0
67.3
65.9
66.2
67.8
67.1
65.4
63.1
64.6
64.5
64.3
64.8
62.2
64.1
61.3
62.7
63.1
61.1
62.5
61.3
61.3
62.4
62.0
64.6
62.7
63.7
63.6
63.0
63.3
63.3
63.8
62.0
64.4
62.5
61.5
62.9
62.7
63.2
62.9
63.6
62.2
65.1
63.7
61.7
63.6
63.2
61.2
61.4
63.5
65.1
62.5
62.9
63.9
62.7
63.0
63.0
62.1
63.5
65.5
64.5
62.4
64.0
63.2
64.8
62.7
63.6
61.9
64.5
61.3
62.7
62.6
62.5
62.7
62.6
65.4
63.7
62.8
61.3
63.2
63.5
63.3
61.5
63.5
63.4
61.8
62.6
66.2
63.8
63.7
63.4
63.3
63.7
61.4
64.4
62.6
63.7
64.0
64.5
63.7
64.8
62.2
63.6
63.4
65.4
63.6
65.2
64.9
64.8
65.5
67.3
65.8
64.8
66.8
64.4
66.1
65.0
66.8
63.8
63.1
67.5
70.1
64.2
64.8
66.9
66.9
65.9
66.2
66.1
67.2
68.4
66.0
68.4
66.4
68.9
67.3
67.4
69.9
66.9
69.3
66.7
67.5
65.9
66.7
66.6
66.1
66.9
66.0
65.1
66.1
67.5
67.7
67.5
66.2
65.6
64.6
67.7
66.1
65.4
66.8
67.1
69.1
69.9
69.0
66.5
69.3
68.1
67.8
66.3
66.0
65.9
67.5
70.7
66.3
71.0
67.2
68.1
72.1
68.3
70.3
69.8
69.8
68.5
67.9
68.5
67.5
67.7
68.7
67.1
64.5
66.6
67.4
73.1
75.1
72.6
70.0
67.3
71.5
70.6
67.6
68.4
70.6
69.0
71.3
68.5
69.6
70.6
69.2
66.9
69.2
66.9
68.3
66.3
65.4
66.4
64.0
66.4
65.6
65.0
64.2
68.8
67.5
67.7
64.9
67.2
65.9
65.1
64.6
65.9
63.9
67.4
66.8
66.8
67.7
67.3
65.4
66.9
67.1
67.5
66.6
66.0
67.1
66.1
67.9
68.6
65.4
67.3
64.6
67.7
66.3
65.5
65.3
68.2
66.1
65.8
65.2
65.5
66.0
63.6
65.8
65.9
67.8
66.7
65.6
67.8
65.1
67.4
70.8
70.2
68.1
69.7
74.7
68.7
70.9
69.8
71.0
70.6
69.5
69.0
72.4
71.0
76.3
75.7
71.2
69.4
71.2
71.1
71.7
68.8
72.3
72.2
71.3
70.1
73.1
69.3
67.7
68.9
73.9
69.8
70.7
70.7
71.2
70.0
73.5
70.5
71.3
68.0
75.2
68.5
73.3
71.8
68.3
71.1
71.0
70.2
67.6
67.5
68.8
70.3
67.4
73.1
69.3
70.6
72.4
71.5
68.9
70.2
71.0
71.8
72.5
71.2
69.3
72.3
67.4
73.0
71.4
72.0
72.7
69.7
70.4
68.1
69.1
68.9
71.7
71.1
69.1
70.6
67.4
71.6
71.9
72.1
71.8
70.5
72.3
71.0
68.8
70.7
70.9
69.6
68.0
71.6
68.9
67.3
69.9
69.3
69.0
69.6
69.9
70.5
70.3
69.3
69.7
72.3
72.2
72.0
69.2
71.6
67.7
72.1
69.0
69.7
69.5
68.5
67.2
66.7
72.0
70.9
70.5
67.7
68.6
69.4
67.7
71.5
68.3
67.3
67.3
69.6
71.0
75.7
75.7
72.5
72.0
70.1
67.4
69.8
69.0
70.2
68.1
71.5
67.2
68.8
67.3
68.6
71.7
67.3
68.4
70.0
71.9
70.8
70.8
69.3
73.6
71.5
70.9
70.4
72.5
72.4
72.3
75.9
70.4
70.3
73.5
75.8
71.7
80.9
76.0
72.9
75.6
71.9
75.2
71.3
70.8
73.2
71.3
73.2
71.3
71.5
68.9
69.0
68.8
67.1
67.6
69.6
72.0
69.4
72.1
70.1
71.3
69.4
70.8
69.4
71.6
72.1
71.9
69.9
71.4
72.7
71.9
69.7
69.6
74.4
73.4
76.8
75.7
74.1
71.3
76.8
79.6
72.1
73.6
75.0
71.6
71.9
71.0
71.7
70.8
67.7
70.3
69.0
70.5
68.0
70.4
70.0
71.2
72.1
70.4
73.0
72.5
70.4
72.0
71.6
71.19999999999999
74.6
72.5
70.9
72.5
71.6
70.7
72.7
64.8
72.1
70.0
67.8
62.4
59.3
71.2
79.1
76.0
75.7
74.0
73.3
74.0
74.3
73.4
74.6
75.7
75.6
72.4
73.6
74.4
70.7
74.2
74.6
72.3
73.1
69.8
70.6
73.7
72.7
71.8
71.1
69.7
70.6
71.5
68.7
69.3
68.2
68.5
68.6
70.1
67.4
70.2
71.0
67.8
71.3
69.1
70.6
68.7
69.6
67.9
69.0
68.7
70.4
67.0
68.9
69.9
67.0
69.6
70.4
66.7
72.7
70.7
70.2
70.6
66.8
69.1
71.2
72.5
68.1
69.2
67.3
68.3
64.8
67.2
64.8
66.0
65.2
65.2
64.9
64.2
64.4
64.8
64.6
64.3
66.2
65.0
63.4
63.5
65.5
63.8
63.3
65.0
64.6
64.9
66.3
64.4
64.2
64.4
68.3
67.2
63.9
66.5
65.6
63.6
66.0
66.7
67.8
67.8
68.2
65.1
65.9
68.4
65.8
65.0
66.1
67.4
65.6
66.9
67.8
66.1
69.7
65.0
68.7
67.0
63.2
64.7
66.9
67.5
67.2
67.7
68.2
65.0
66.2
64.9
68.6
66.3
66.5
68.4
67.1
68.0
68.2
66.5
69.6
66.6
65.0
69.7
68.0
68.3
65.7
67.9
68.0
69.7
69.4
66.8
68.1
69.3
65.1
70.9
68.2
70.5
67.4
69.1
68.5
70.5
70.9
68.6
68.4
70.9
68.8
70.3
67.7
68.1
66.3
70.7
68.3
70.8
69.8
66.9
67.6
69.8
71.7
70.4
69.5
70.4
68.7
70.2
68.0
68.1
70.2
71.3
71.0
73.0
69.5
70.9
79.4
73.2
74.6
75.2
71.3
68.2
72.1
70.8
72.2
71.6
74.2
73.8
71.8
74.3
72.7
71.9
73.2
73.4
70.9
73.6
69.0
72.6
74.0
74.9
73.1
72.4
73.1
75.9
75.2
72.9
72.5
73.8
72.3
70.2
72.9
71.1
73.0
71.5
71.3
73.9
71.9
74.2
74.2
74.7
75.5
71.6
77.3
72.8
70.8
74.4
74.7
73.0
76.4
75.1
73.1
73.0
73.7
72.7
73.6
76.9
73.2
72.9
73.8
73.3
76.8
71.6
71.9
74.6
74.1
75.3
74.2
72.9
75.3
73.8
75.0
73.4
75.1
68.4
73.2
71.2
73.0
76.9
73.9
75.0
73.0
75.7
74.4
72.8
73.6
72.5
74.3
75.1
72.6
75.3
74.6
74.3
72.3
74.2
76.0
76.6
76.5
75.2
75.8
74.8
81.8
81.6
75.8
77.9
81.5
74.8
77.4
76.3
79.0
79.6
79.0
76.8
78.5
78.8
80.5
80.0
79.2
84.5
83.0
81.4
81.1
82.3
81.5
79.8
79.4
80.6
78.0
81.0
80.8
81.9
81.2
80.2
81.4
81.9
80.8
80.0
78.4
81.3
80.9
82.2
81.3
78.8
80.6
78.1
84.0
77.7
78.8
81.6
80.2
81.3
81.6
80.5
81.0
82.2
78.7
76.9
75.9
77.9
79.8
79.3
80.4
79.4
82.8
80.4
77.5
79.1
79.9
76.6
80.3
80.1
80.6
79.6
79.8
83.3
77.4
79.5
81.9
80.9
82.0
82.7
83.0
79.5
83.2
79.9
77.0
83.7
81.2
82.1
79.3
81.4
80.1
82.1
81.8
80.7
82.5
81.9
81.3
81.1
82.6
81.1
83.6
79.2
77.9
84.0
79.4
78.4
78.8
79.3
80.5
80.6
80.2
80.2
78.7
77.0
80.3
78.2
79.6
80.6
78.7
77.5
77.3
77.2
74.1
80.1
79.4
78.4
79.5
75.6
75.2
77.6
74.5
76.8
76.9
78.6
75.1
77.4
79.7
76.7
76.6
74.9
77.1
78.8
77.1
76.3
76.9
78.3
74.8
77.9
77.3
76.8
77.6
76.3
77.2
78.6
79.3
76.2
81.0
78.3
79.3
81.1
80.9
79.1
83.5
77.9
79.9
77.8
76.8
79.5
80.5
79.9
81.4
82.2
81.8
82.0
80.6
80.4
79.8
78.2
78.9
81.2
81.1
79.0
83.6
78.3
82.2
77.4
79.8
78.6
77.8
74.9
79.9
80.3
76.9
76.8
79.1
78.3
75.8
76.3
80.2
75.8
76.2
74.7
76.3
74.9
76.3
74.4
74.6
77.2
72.3
76.6
77.3
74.9
76.5
79.0
77.4
74.9
75.8
74.9
74.3
74.3
76.2
74.4
73.1
76.5
76.1
78.2
76.0
77.4
73.5
77.0
76.5
75.6
75.9
73.7
74.9
78.3
74.1
77.9
76.4
74.9
75.4
73.1
74.9
72.8
73.2
75.0
77.2
75.9
75.3
77.0
73.2
75.6
75.6
75.7
74.8
75.7
77.5
74.9
73.8
74.1
77.2
75.6
74.2
76.6
74.4
75.6
78.7
73.0
73.9
72.3
72.6
73.5
73.8
73.4
72.2
69.8
68.2
70.6
71.8
70.7
76.4
73.4
73.9
73.0
73.6
80.3
76.3
76.9
77.2
72.3
75.1
77.6
75.6
78.5
70.9
72.3
77.3
75.0
71.4
74.9
73.1
76.8
76.1
74.4
74.3
75.4
74.3
72.3
76.4
75.7
77.3
76.9
76.3
75.3
74.5
72.1
75.2
71.5
74.6
74.9
74.5
74.0
72.5
68.1
76.1
73.4
74.7
72.8
71.5
73.1
71.7
73.4
72.5
72.7
77.0
72.1
71.4
72.3
74.4
70.7
71.8
74.7
73.6
76.9
74.4
69.4
73.3
72.8
72.2
74.8
71.2
73.6
74.1
72.8
72.9
70.5
69.3
71.5
74.4
72.0
72.4
73.6
71.3
73.8
69.8
70.2
71.5
69.9
71.3
69.1
70.5
70.6
71.2
71.6
72.3
69.4
72.3
72.7
70.6
72.7
69.9
71.7
69.8
70.5
71.2
70.1
70.6
69.5
68.9
69.0
67.8
68.6
68.5
70.3
70.3
70.1
70.6
69.8
71.4
71.5
72.2
72.2
72.1
74.5
72.7
71.3
73.6
71.2
71.0
72.3
71.4
74.7
72.0
70.8
72.6
72.5
72.9
74.6
72.6
72.6
75.3
72.9
74.8
75.2
74.7
72.3
75.0
77.2
76.8
77.5
71.8
73.9
74.0
71.8
72.4
70.3
71.6
71.4
71.5
71.1
70.3
69.0
71.8
71.8
72.3
75.3
76.7
74.3
75.5
75.1
72.0
72.2
71.5
69.0
72.8
74.5
71.4
72.4
73.3
72.7
73.3
71.5
75.1
73.1
73.9
71.0
72.9
72.6
71.7
73.5
73.0
72.6
71.8
70.4
74.6
72.5
71.1
72.6
72.8
72.8
71.0
68.6
74.8
73.3
71.1
73.3
74.1
73.7
72.8
74.0
72.4
73.5
74.6
74.3
76.6
71.9
75.8
75.3
81.8
77.8
78.3
76.5
72.3
74.9
74.0
74.5
70.1
72.3
73.4
73.2
70.5
70.7
68.1
68.8
67.4
67.3
68.2
68.0
66.9
64.3
66.1
65.4
65.7
65.8
63.9
64.6
65.3
65.1
63.2
66.2
65.2
62.8
63.1
63.3
65.7
64.0
66.1
63.6
65.4
62.7
64.1
64.5
63.9
65.6
65.6
64.4
65.0
64.1
62.9
65.2
63.5
62.0
65.5
63.7
63.8
64.7
63.2
63.0
64.6
62.2
64.8
63.2
64.4
64.3
64.1
62.6
64.8
63.7
63.7
62.9
62.8
64.8
63.2
64.7
66.2
64.5
64.4
64.2
64.0
65.7
64.1
65.2
64.6
63.3
63.8
68.8
63.2
66.6
64.5
63.6
62.9
64.1
65.4
64.3
66.4
64.4
64.0
64.4
64.4
63.5
64.3
64.3
63.8
63.7
66.8
64.9
63.7
64.4
65.0
65.5
65.6
63.7
63.5
63.1
66.1
61.7
64.2
69.6
67.9
65.4
64.9
65.6
67.9
65.8
70.2
69.0
65.6
67.1
66.4
64.1
69.9
67.5
68.9
67.0
66.0
68.0
66.9
70.7
69.3
71.0
68.9
67.6
72.2
69.1
69.5
68.3
67.1
67.7
67.7
70.4
69.7
70.0
69.9
71.1
70.6
71.6
72.2
66.5
69.6
70.3
69.7
69.8
70.3
72.2
71.7
70.3
71.7
72.7
68.4
68.0
72.4
70.8
69.2
69.4
71.3
69.5
73.4
70.8
71.6
71.0
69.4
71.4
69.3
70.3
73.9
71.8
75.4
72.4
72.3
72.9
75.7
72.8
75.9
73.6
75.1
76.1
74.7
72.1
73.7
73.9
70.7
74.9
72.7
74.0
74.3
72.2
75.1
74.4
77.7
76.6
73.8
77.6
78.4
76.7
76.1
75.7
76.3
80.1
82.2
80.0
78.3
81.9
78.4
75.8
78.8
78.6
77.9
76.2
85.4
76.6
79.8
75.9
80.7
76.9
78.8
77.2
75.2
77.4
75.2
79.2
81.0
81.0
90.3
87.2
87.1
86.3
80.3
83.9
76.4
74.7
77.6
77.1
78.5
74.8
77.9
73.2
75.8
73.2
79.8
89.3
82.0
85.3
85.8
80.8
80.3
77.5
78.8
77.2
77.4
81.9
80.0
85.3
87.8
84.1
81.5
80.4
77.2
76.2
76.7
75.5
78.2
76.9
75.4
77.6
78.8
76.6
75.8
73.2
80.6
78.0
78.5
75.8
77.2
79.9
76.3
78.8
77.0
75.2
78.1
75.6
84.1
79.6
77.2
78.1
77.0
74.9
78.0
77.2
76.9
77.9
85.9
82.8
78.7
79.5
77.2
74.9
87.4
86.8
79.8
82.3
82.0
80.2
76.0
76.8
74.9
73.8
74.7
71.3
75.1
72.9
78.6
80.6
75.9
79.9
79.2
84.5
80.6
84.1
83.2
83.1
84.4
85.9
84.8
83.6
83.2
84.6
82.9
81.9
83.8
85.5
81.2
85.8
80.9
82.2
81.1
84.2
78.0
78.5
76.8
79.8
78.5
81.2
80.1
79.6
80.5
78.0
81.8
79.9
80.8
77.2
79.2
77.4
77.8
76.0
78.5
80.1
81.6
77.7
79.8
77.3
77.6
78.0
79.7
82.6
79.8
80.2
76.1
75.4
81.3
77.7
77.6
78.6
76.5
79.8
78.5
78.5
78.3
79.0
78.6
75.7
79.7
77.8
77.7
78.0
81.7
79.2
75.6
79.3
79.3
78.3
81.5
77.4
81.7
77.3
79.6
78.9
76.8
78.4
82.2
78.2
80.7
80.8
78.2
80.8
81.0
82.3
79.8
79.6
76.8
75.6
78.9
78.0
78.3
78.7
78.0
78.8
80.1
79.1
79.5
81.7
77.2
74.6
79.3
77.6
83.3
78.7
81.7
80.9
80.5
79.6
81.7
83.5
82.9
78.0
83.9
80.1
83.9
80.0
82.1
81.1
75.0
81.4
83.7
79.7
82.7
86.6
83.5
80.8
80.1
81.2
78.9
76.8
78.5
76.9
77.2
76.3
77.6
81.3
80.9
79.9
81.0
94.3
84.1
84.3
81.6
81.9
81.7
82.3
85.7
82.3
80.5
84.8
81.1
82.3
77.1
87.6
87.6
85.1
85.0
87.5
81.8
85.0
88.2
83.13333333333334
82.2
82.9
83.60000000000001
83.9
84.4
84.9
85.4
85.9
77.5
83.0
78.7
76.9
78.9
76.7
78.6
77.9
77.2
74.0
79.5
79.6
80.9
77.3
77.8
80.8
78.1
78.7
78.0
74.7
77.7
79.7
78.3
78.3
81.1
82.9
83.9
82.9
82.2
79.2
85.2
79.3
80.4
88.5
86.0
85.2
84.7
85.7
84.0
83.0
83.2
84.3
79.7
83.1
83.2
78.1
80.1
80.5
79.5
79.7
82.8
81.7
81.4
83.9
82.6
78.7
79.3
86.0
80.1
83.2
81.2
83.8
81.7
78.7
83.6
83.1
80.4
82.2
80.3
80.5
82.3
81.6
79.5
83.9
78.9
80.5
80.9
82.3
80.1
78.0
81.2
77.3
79.3
77.0
73.9
75.4
75.1
75.6
74.2
72.6
76.2
72.5
74.7
75.5
74.2
74.8
73.8
76.9
75.8
75.7
74.2
76.7
75.7
74.5
75.8
78.4
73.8
77.9
75.8
71.3
75.8
76.2
78.8
77.2
78.8
75.0
80.9
78.7
79.6
88.0
89.9
85.3
87.5
86.2
89.6
88.4
87.0
88.2
85.9
85.0
83.2
82.2
81.9
79.5
80.6
83.5
81.8
85.3
83.9
88.3
83.7
86.6
81.0
83.3
84.8
80.1
79.9
82.0
82.5
82.2
79.7
77.6
77.3
79.1
78.9
81.0
79.3
78.6
78.7
75.9
78.9
77.9
77.3
73.9
72.8
76.9
77.1
74.1
73.4
74.8
73.8
73.3
75.0
74.9
76.8
74.8
73.3
75.1
74.8
76.0
74.1
75.6
75.3
74.5
76.0
74.9
75.8
78.4
78.9
74.2
74.6
72.7
77.1
77.0
76.3
79.1
86.3
79.4
80.2
84.2
78.0
79.4
75.9
80.5
77.3
74.4
75.7
75.7
76.4
82.9
75.3
77.0
75.1
78.6
73.8
77.7
72.5
70.4
70.9
74.0
72.0
74.3
72.0
72.6
71.7
71.0
69.7
73.1
72.4
73.2
72.2
71.4
70.4
69.5
73.1
69.0
71.8
68.4
68.3
70.4
68.5
69.9
69.7
71.1
69.9
71.3
68.1
68.0
70.4
71.4
69.5
71.2
71.7
71.0
71.3
70.8
66.8
70.9
71.2
77.3
72.4
75.2
70.9
70.8
74.0
69.9
73.9
69.2
70.5
71.4
70.8
70.1
70.3
68.3
69.7
69.2
68.9
73.8
71.1
69.9
69.4
68.0
69.7
67.3
68.4
67.1
69.1
67.3
69.7
68.5
67.0
75.3
74.2
69.8
70.7
71.1
70.3
70.8
72.5
67.5
70.8
72.1
70.7
70.4
68.3
72.7
69.6
71.0
74.0
71.6
71.8
73.7
75.8
70.0
74.0
73.2
70.6
75.1
69.4
70.3
71.1
73.2
74.3
72.7
68.4
72.4
73.0
74.1
71.9
75.1
74.5
71.5
72.0
72.8
71.4
73.8
71.8
73.2
71.9
74.4
72.4
75.1
70.0
75.3
75.3
74.8
73.9
75.8
75.4
70.6
77.7
74.6
73.6
75.3
73.2
72.3
74.2
73.1
71.6
71.4
72.3
74.3
72.2
70.7
72.7
73.8
69.9
71.9
70.1
68.8
72.3
69.3
70.0
72.9
71.7
70.5
70.8
71.6
69.8
71.1
70.0
70.3
70.6
70.8
72.4
70.0
72.2
72.7
71.8
69.6
72.1
69.0
69.4
71.9
71.7
69.5
72.4
71.9
71.0
71.5
71.3
69.7
70.2
70.9
69.8
70.8
73.8
72.1
67.6
72.3
70.7
75.8
71.4
72.3
73.9
72.5
71.4
74.6
71.9
72.1
73.9
74.6
70.8
74.6
74.3
72.2
71.6
73.1
74.7
69.7
69.0
66.4
68.8
68.8
66.6
65.8
65.8
68.1
71.4
73.6
72.4
75.1
76.8
75.0
75.8
74.2
76.0
74.3
73.3
74.1
73.5
70.4
71.6
71.1
72.0
68.4
73.1
71.4
72.2
72.7
72.4
69.3
71.2
70.5
70.9
68.0
68.8
69.6
68.3
71.1
66.5
70.0
66.0
69.4
69.2
65.5
69.0
66.2
69.3
70.6
67.3
66.5
67.9
68.5
69.3
66.9
66.9
69.8
68.7
69.8
67.3
67.1
71.7
69.9
71.3
71.0
71.3
68.5
70.1
70.1
74.0
71.0
73.1
72.7
81.4
78.9
78.0
80.4
79.0
78.5
82.0
79.9
78.4
81.6
77.9
79.7
82.8
80.0
81.6
78.0
79.9
81.4
78.0
79.3
80.4
77.9
75.8
73.7
76.9
76.0
74.5
77.4
77.3
75.7
74.0
72.5
71.6
72.5
75.6
73.6
72.0
74.7
72.7
75.2
73.5
72.1
73.1
74.1
78.6
74.9
74.2
72.9
77.6
75.9
75.5
73.2
75.4
74.5
77.3
73.8
69.4
73.2
70.8
70.2
74.7
78.8
78.6
78.0
78.7
78.5
78.2
80.5
77.1
79.9
80.4
82.1
80.3
79.9
83.0
81.8
83.2
82.7
81.0
81.3
82.6
85.1
81.6
86.4
81.7
86.1
86.4
87.2
87.3
88.8
84.4
85.6
85.8
87.1
86.0
84.0
87.1
87.3
85.8
92.3
86.6
91.0
85.9
88.2
86.4
85.8
85.1
86.4
85.7
82.6
83.1
84.0
84.5
87.4
86.1
85.1
84.9
87.7
88.0
85.8
90.5
91.8
89.6
86.5
89.0
91.0
91.0
88.2
88.1
93.6
91.5
91.4
92.3
88.4
89.0
90.8
87.1
92.4
90.8
87.9
85.7
88.5
86.0
87.6
89.3
88.4
89.9
88.1
87.1
87.5
90.2
86.2
90.5
86.5
90.0
88.4
91.1
89.7
88.7
89.4
86.4
86.7
91.4
89.3
88.5
88.6
85.1
87.6
89.7
91.4
93.4
94.7
98.5
91.9
92.6
88.3
86.2
86.7
87.2
87.1
92.1
85.3
92.7
89.5
85.7
86.6
86.8
86.3
86.8
88.2
93.8
90.9
86.3
84.8
86.3
87.0
89.9
89.4
88.5
86.5
90.5
90.8
89.8
86.0
87.1
83.9
90.3
87.5
90.6
91.9
90.1
87.2
88.7
89.3
90.1
90.3
90.4
89.1
86.1
87.6
83.4
85.4
85.6
84.0
86.2
86.4
88.1
84.7
85.7
87.0
84.1
85.8
87.0
85.4
82.4
84.9
84.3
81.4
82.4
82.1
83.3
81.5
84.0
82.2
79.0
80.6
81.8
82.9
79.6
80.9
81.7
84.6
81.1
84.9
86.2
83.2
82.3
82.8
83.1
85.8
83.5
84.0
85.7
81.0
81.6
82.5
80.1
80.6
80.4
79.5
81.7
80.2
79.5
80.9
81.0
83.7
81.9
77.7
86.6
82.5
80.6
83.2
83.6
83.0
80.6
82.5
79.6
84.5
76.5
80.9
81.1
79.3
81.2
79.7
77.8
78.9
79.4
79.7
78.6
81.4
79.8
77.0
77.4
81.2
80.7
80.4
80.7
78.8
81.2
78.4
80.7
80.1
79.6
82.7
83.5
81.8
84.7
82.9
84.6
81.8
80.1
83.2
82.7
82.1
84.7
79.8
81.4
84.6
76.5
82.3
78.9
80.8
90.7
86.9
84.5
78.8
81.4
82.1
80.9
79.5
80.8
79.1
80.9
73.7
72.2
72.6
74.5
74.5
72.9
74.5
72.8
76.4
77.7
82.3
80.9
80.6
81.2
80.5
81.7
83.5
82.1
82.6
81.2
80.8
81.8
77.9
80.1
79.6
83.0
82.8
80.8
78.3
83.0
82.8
82.4
84.7
81.3
82.6
82.7
77.9
82.7
81.5
84.4
78.8
85.2
81.8
83.5
87.7
80.8
79.9
81.5
81.3
79.4
80.2
80.3
80.3
81.5
79.4
78.7
78.1
78.4
77.7
76.8
77.6
76.9
79.4
75.3
78.3
77.8
77.5
79.6
76.8
77.6
77.3
80.3
79.3
77.8
77.3
80.3
81.7
80.0
78.9
81.6
77.3
82.8
79.5
82.1
78.7
77.6
77.7
75.7
78.3
80.3
75.1
76.9
76.5
77.2
77.1
76.0
78.4
79.8
79.7
77.2
79.9
78.2
78.4
82.1
77.8
81.6
77.8
80.2
79.5
75.6
77.7
81.8
78.0
79.2
81.0
78.3
75.9
80.4
77.4
77.5
79.5
77.1
78.4
79.9
79.1
75.0
79.3
76.5
76.8
76.2
81.5
82.6
80.4
75.4
84.2
83.3
87.5
89.0
86.7
80.9
83.2
86.6
84.0
85.0
82.4
80.6
82.7
83.2
79.1
82.1
82.0
80.9
83.0
83.9
85.9
87.4
87.4
92.4
91.0
96.2
92.3
99.0
90.9
86.7
86.8
85.8
85.7
87.2
90.9
90.9
89.4
81.7
85.4
80.6
80.7
80.3
83.0
77.8
78.2
77.0
76.3
74.4
71.6
77.6
74.6
76.2
72.6
72.6
73.6
73.4
72.4
72.0
73.2
70.9
70.6
70.8
70.0
72.4
73.3
71.6
68.7
71.9
70.6
69.4
69.4
67.8
67.5
70.4
71.7
67.7
68.5
67.2
66.4
66.8
64.8
66.9
67.1
65.2
67.0
68.2
73.5
70.0
71.3
72.8
71.3
70.1
70.7
69.7
69.9
68.9
68.4
68.2
67.8
68.1
69.0
66.5
68.6
68.7
67.1
68.2
68.7
69.2
70.3
68.9
70.4
68.7
70.5
70.3
70.5
70.8
69.5
71.2
70.4
71.9
70.3
71.5
69.8
71.0
70.9
70.9
69.8
69.3
72.1
71.6
73.1
70.0
70.9
69.5
70.1
70.2
69.0
71.9
73.3
71.1
72.5
71.0
71.8
70.6
70.4
72.2
71.4
71.1
70.9
70.5
71.8
73.9
71.6
71.0
71.3
72.7
70.8
72.4
72.8
71.8
73.1
72.2
72.2
70.0
69.8
72.1
69.2
72.3
71.8
74.8
71.8
73.8
75.3
75.6
76.3
75.3
75.3
74.2
78.8
76.1
79.1
79.7
78.6
78.8
78.0
74.8
76.7
79.4
75.9
78.6
79.4
77.8
80.7
82.2
78.5
80.2
81.2
77.3
82.3
78.3
79.4
79.8
79.1
83.2
82.3
78.5
80.4
79.5
77.8
81.4
75.2
80.5
77.2
80.1
74.9
74.7
76.0
74.5
72.2
75.1
75.6
74.8
72.4
73.0
71.7
73.7
73.3
74.3
74.3
73.2
69.9
72.7
71.0
72.0
72.3
71.2
74.4
72.1
71.7
73.1
71.3
72.3
72.7
70.7
73.2
72.2
71.1
73.0
72.6
72.2
75.0
74.2
71.3
73.3
73.0
73.8
72.9
75.6
73.3
74.2
73.6
74.1
72.1
76.5
75.5
76.4
76.8
73.8
74.7
75.7
74.6
76.6
75.4
75.1
76.6
77.8
75.0
75.8
76.1
77.0
74.8
75.8
77.4
75.6
77.2
77.8
77.2
78.1
77.0
75.3
77.1
75.9
78.5
77.4
78.5
85.4
82.0
81.7
80.5
82.5
80.1
80.0
78.8
76.8
72.6
73.3
76.9
74.2
74.3
72.3
76.4
75.3
78.9
81.3
78.3
82.5
86.5
84.6
83.3
81.5
83.2
83.0
84.8
81.1
85.2
87.0
81.8
78.8
77.8
77.2
76.6
74.2
75.9
77.6
75.5
74.4
72.9
73.3
74.9
71.8
74.2
75.0
75.7
71.3
69.4
68.3
69.5
68.8
69.3
68.9
66.2
68.0
68.1
67.6
65.4
67.4
64.9
69.4
68.0
67.1
66.0
67.1
68.4
68.0
65.6
67.0
67.9
65.5
65.9
65.6
62.6
66.4
63.2
65.0
64.1
64.8
65.4
65.3
64.5
62.3
64.2
63.9
65.2
64.4
64.6
66.9
67.0
67.4
67.2
65.3
65.5
65.1
64.7
65.5
67.5
66.6
63.8
65.5
66.1
66.3
64.7
63.9
66.2
63.4
65.1
64.6
64.3
65.3
64.7
68.0
64.2
65.9
64.3
64.3
64.4
65.7
65.2
66.7
67.1
68.6
66.5
67.8
71.1
68.4
69.0
69.7
70.8
70.8
69.3
66.4
69.5
69.2
69.0
68.1
68.2
65.4
66.5
66.9
68.5
65.1
67.4
67.1
65.7
67.2
68.4
66.4
67.6
67.9
68.1
71.7
72.0
74.1
70.2
74.1
69.7
73.0
68.4
68.5
70.5
70.0
71.4
70.4
68.2
66.2
67.7
69.5
72.3
73.9
74.2
75.0
79.4
79.9
74.8
74.1
72.2
72.1
71.6
70.1
70.4
70.2
71.0
70.8
67.5
67.7
66.3
71.5
70.8
67.0
69.3
67.8
68.9
68.8
69.6
67.7
69.7
69.4
68.7
69.4
68.4
71.0
70.1
74.9
72.6
68.5
71.1
69.5
70.0
67.7
69.7
70.0
71.0
70.4
68.2
68.6
68.1
69.2
69.0
67.8
69.1
71.6
70.4
69.8
69.2
71.7
70.7
67.7
71.0
69.3
71.3
68.6
69.5
69.2
73.9
73.1
73.5
68.7
68.3
68.2
66.4
67.8
69.8
68.2
68.8
72.2
76.0
74.4
72.8
73.6
72.3
72.9
76.3
71.1
72.2
73.4
71.4
73.7
74.4
83.6
81.3
75.2
76.2
75.6
73.9
73.8
74.3
74.0
73.0
71.0
72.1
72.2
72.9
70.6
72.4
72.6
71.1
71.5
71.5
71.5
73.5
71.3
74.1
71.8
74.0
70.1
72.7
72.0
73.4
70.6
73.1
71.9
71.1
71.5
71.4
71.3
71.8
72.3
75.5
67.3
73.3
84.0
80.2
77.5
79.1
74.2
73.0
74.8
73.4
75.4
75.7
74.7
72.9
75.2
75.5
75.7
74.8
77.1
74.8
77.1
74.4
75.5
72.8
75.7
72.0
73.9
72.5
72.1
73.3
72.6
73.9
71.0
69.8
75.6
73.7
70.6
70.0
72.2
72.6
70.9
69.8
69.6
70.5
70.3
72.0
69.9
68.3
69.6
70.3
74.7
73.9
70.8
69.0
70.8
70.7
73.5
68.7
70.8
70.0
73.5
70.7
69.4
74.6
72.3
71.6
73.9
75.0
74.1
71.0
73.6
79.4
77.3
74.4
73.3
71.3
72.1
74.5
80.0
78.3
76.5
74.6
72.5
73.3
76.4
71.9
72.3
70.1
73.5
75.4
75.9
73.9
73.6
72.0
74.5
75.8
74.2
76.0
73.3
76.1
75.4
73.7
71.5
75.8
77.3
83.4
77.9
75.2
75.2
76.6
78.0
72.5
73.2
76.9
75.8
75.9
75.5
73.7
73.3
72.5
75.4
76.6
75.7
78.5
73.4
75.4
72.8
74.9
75.1
75.1
75.6
74.2
77.7
76.9
75.6
73.9
77.1
74.2
77.9
75.8
73.5
76.8
76.0
71.1
77.7
76.8
76.7
76.3
76.4
74.9
76.9
75.8
75.3
74.7
76.2
76.0
76.0
77.9
74.6
75.4
77.1
76.3
74.9
78.4
75.7
74.8
80.5
75.9
77.6
75.5
74.5
73.7
76.6
75.4
76.7
76.4
76.5
74.4
75.5
76.2
76.5
78.5
76.1
76.8
78.3
78.3
75.2
74.8
76.2
75.5
75.2
77.9
77.0
76.0
73.3
78.5
78.1
72.7
79.4
79.8
77.2
78.7
79.0
76.8
79.3
77.6
80.7
78.0
81.8
81.1
81.7
79.3
79.8
80.1
81.9
80.3
78.2
82.1
79.7
80.2
77.2
76.9
78.7
81.7
80.0
80.7
81.2
80.4
80.2
76.2
77.4
81.1
79.7
77.9
74.3
78.1
83.0
73.2
77.9
77.9
79.4
75.8
77.5
77.6
80.8
77.3
76.4
78.0
75.6
78.4
79.2
79.9
78.9
79.7
77.5
78.4
83.6
81.6
71.3
77.5
79.8
83.2
92.5
79.7
86.8
86.9
92.1
93.8
91.7
93.6
95.1
89.0
90.6
93.8
102.7
88.1
90.7
92.1
95.0
93.4
91.4
93.9
93.4
96.6
96.6
97.6
95.0
97.7
89.3
94.1
97.2
97.0
94.2
91.4
94.5
98.3
86.3
94.6
94.8
86.4
94.1
90.5
86.9
88.4
92.2
97.3
88.3
92.7
88.1
87.2
90.8
88.4
90.8
87.3
86.3
85.3
88.4
87.4
85.3
86.3
87.0
83.4
86.8
85.9
86.8
83.5
85.9
86.4
82.3
84.7
82.4
81.9
85.0
81.1
81.0
85.4
84.7
81.9
82.3
81.4
83.7
82.7
81.5
81.2
79.8
81.4
79.6
77.8
78.4
79.7
79.6
78.0
80.5
76.7
76.5
76.8
79.6
78.8
81.1
81.7
83.6
86.8
87.0
85.6
83.4
80.5
86.1
83.7
84.0
83.0
81.5
84.4
79.6
85.8
82.7
83.2
82.1
81.1
87.0
81.7
81.7
83.6
84.7
84.8
84.6
82.3
85.8
84.4
84.8
82.4
82.5
83.1
84.0
83.1
82.2
82.1
83.2
82.2
81.2
82.5
83.4
81.3
84.7
81.8
82.5
80.3
83.4
84.8
85.0
83.6
85.5
85.1
78.8
82.8
82.7
79.6
84.9
84.0
87.2
78.5
82.1
82.9
80.5
80.6
84.8
81.5
85.6
89.5
95.3
91.7
91.2
101.0
96.0
91.4
97.9
92.5
91.8
91.0
92.6
93.2
93.7
92.0
90.9
96.4
94.4
94.7
95.3
91.4
89.8
92.3
91.4
91.2
93.7
86.8
93.6
93.0
95.6
97.6
104.3
99.1
107.0
102.3
95.0
100.5
114.0
110.6
104.2
103.2
100.4
103.7
94.6
85.49999999999999
94.0
98.6
93.4
100.8
97.3
101.8
100.9
103.3
100.1
102.2
97.2
97.3
97.7
99.4
92.1
97.5
98.6
96.6
93.3
97.0
95.7
93.8
97.0
92.6
92.3
93.7
95.5
94.0
95.5
92.5
97.6
95.0
97.7
96.1
98.0
92.1
93.0
97.7
90.4
93.8
92.9
93.3
93.4
93.4
96.9
91.5
92.8
91.7
95.8
95.1
91.4
91.7
93.3
95.3
92.0
96.5
91.3
92.8
91.8
88.7
93.3
92.1
87.8
95.2
95.3
98.0
92.5
91.4
96.4
102.5
96.9
95.3
97.4
88.7
94.8
93.7
90.0
96.1
89.1
91.5
92.4
91.5
94.7
90.8
93.8
91.6
88.2
94.4
97.4
92.3
90.5
90.9
89.8
93.6
89.5
90.1
91.8
89.2
89.4
88.6
88.9
89.4
92.9
91.7
90.8
86.1
89.0
91.6
86.8
89.6
89.4
90.2
85.4
89.4
85.5
88.1
88.0
85.1
90.4
89.0
86.4
88.6
84.6
85.7
86.9
88.7
88.5
90.5
87.9
82.7
82.8
88.0
86.8
87.2
87.1
86.4
89.9
86.6
88.7
88.0
89.6
92.2
87.3
88.1
92.9
89.7
87.7
88.0
93.6
91.1
96.3
94.7
87.5
96.1
92.0
96.2
96.4
89.9
91.1
85.8
92.2
89.6
85.7
91.4
89.1
90.1
87.6
86.7
86.8
87.4
90.1
89.2
88.1
87.9
89.1
89.0
92.1
88.4
91.3
86.4
88.2
88.6
90.8
88.7
88.2
91.0
87.4
89.3
91.3
88.7
94.3
100.7
95.4
99.6
96.6
93.2
94.3
93.6
93.1
90.6
88.4
85.0
88.9
88.3
86.6
86.3
87.8
86.6
90.5
86.6
89.2
87.2
89.7
89.4
89.5
85.0
85.8
83.4
82.8
83.8
85.7
90.9
89.3
84.2
86.2
83.4
88.0
90.0
91.9
87.1
96.6
93.0
87.0
91.9
85.9
90.5
84.7
83.6
84.5
81.4
86.5
84.5
81.4
81.4
88.4
85.8
83.7
85.5
80.8
84.6
83.0
81.1
81.1
83.9
81.3
83.0
83.0
83.3
82.0
82.9
82.8
82.9
83.8
86.2
87.6
83.8
85.3
82.2
84.0
84.6
80.8
82.5
82.0
80.4
80.9
79.3
81.0
80.1
81.1
84.0
84.4
78.3
80.8
84.9
84.0
83.0
82.6
80.8
84.0
80.4
85.1
97.6
93.1
93.1
93.4
87.7
87.9
85.4
85.2
90.2
84.7
87.4
82.1
90.4
89.5
87.8
85.5
86.4
84.5
81.8
84.4
83.5
84.0
80.2
81.8
81.3
77.8
78.0
78.9
81.3
78.0
76.4
77.1
75.2
75.0
74.5
80.5
75.1
73.5
75.6
74.6
72.0
75.8
74.7
69.9
74.5
74.5
73.4
73.4
72.5
72.1
73.0
73.3
73.3
73.8
73.9
73.0
71.6
75.7
70.8
72.8
72.1
75.0
74.2
71.5
68.8
71.61111111111111
71.66666666666667
71.72222222222223
71.77777777777777
71.83333333333333
71.88888888888889
71.94444444444444
72.0
72.05555555555556
72.11111111111111
72.16666666666667
72.22222222222223
72.27777777777777
72.33333333333333
72.38888888888889
72.44444444444444
72.5
73.1
73.69999999999999
