94.7
95.6
95.1
97.5
96.0
95.4
94.4
95.6
96.2
95.0
93.4
96.4
95.9
95.4
96.0
95.6
95.3
95.9
95.1
96.1
96.5
94.2
95.3
96.2
97.1
97.9
97.3
97.2
96.9
95.4
96.3
96.9
97.1
95.6
96.3
95.6
96.4
96.3
96.3
96.1
96.2
94.7
94.5
109.8
123.6
123.0
122.0
121.1
118.8
120.6
119.6
119.9
118.4
116.1
117.6
122.1
124.4
112.1
120.7
103.4
107.4
102.6
102.0
126.7
118.5
116.6
113.0
115.5
109.0
123.7
117.5
111.4
113.9
116.5
113.7
108.9
123.0
114.2
106.1
121.9
126.8
119.1
116.9
119.9
119.8
120.0
122.3
118.7
108.0
105.1
104.8
129.4
131.4
125.7
129.9
120.4
114.5
131.7
125.5
126.4
124.2
121.8
122.2
124.2
121.5
120.3
121.1
120.9
126.0
113.8
129.5
113.0
114.2
130.1
113.1
118.8
128.2
127.1
116.1
127.8
122.4
124.3
120.3
123.0
122.6
123.2
125.5
125.9
118.1
111.2
134.3
133.3
125.2
124.7
120.1
127.7
121.5
115.7
119.5
121.4
117.6
120.1
130.6
130.7
126.4
118.1
125.6
123.8
115.1
117.6
110.4
110.2
111.0
111.1
113.6
115.8
114.9
114.7
114.2
114.0
114.0
112.9
111.9
112.2
110.8
110.4
108.7
108.5
109.2
109.7
107.8
107.7
105.6
107.0
106.5
106.2
106.2
105.0
106.6
103.9
104.6
104.7
104.4
103.5
103.8
101.9
103.1
102.6
103.1
101.8
103.0
102.7
102.3
101.9
102.4
100.7
102.0
101.9
101.7
100.9
102.4
101.5
100.8
101.0
100.9
101.3
100.4
100.9
99.6
100.5
100.5
100.7
98.4
97.0
98.2
101.0
101.3
100.6
100.1
100.0
98.9
96.1
95.3
98.7
98.6
97.3
97.6
95.5
95.9
97.6
96.4
96.7
96.5
95.6
95.0
95.2
95.6
94.1
95.4
94.9
95.7
96.1
96.3
96.3
95.8
96.7
95.5
95.7
96.7
95.9
96.5
124.2
129.2
126.4
126.1
125.1
127.6
124.2
121.0
124.6
126.7
122.6
122.6
126.0
123.0
124.6
121.5
123.8
123.9
128.1
127.8
128.1
127.3
127.9
127.3
124.4
126.1
122.1
121.9
124.9
121.9
123.1
124.7
122.6
124.8
125.2
126.9
126.1
127.2
127.0
127.1
122.8
129.8
127.9
126.5
127.0
123.4
124.0
124.6
129.1
124.3
125.1
125.5
123.0
122.3
125.2
124.0
124.0
130.5
131.9
125.9
125.7
124.9
124.7
125.0
124.8
124.1
124.9
122.9
127.3
123.8
125.9
123.5
122.8
125.7
123.4
125.3
122.1
124.8
124.6
126.2
124.8
123.7
126.8
124.3
123.2
126.8
124.9
126.3
126.5
124.1
122.7
126.6
124.8
122.1
125.8
125.0
123.8
123.6
124.0
127.1
126.2
123.6
125.6
123.3
125.9
125.2
125.6
125.5
128.0
126.1
125.4
123.6
125.9
123.9
122.5
123.5
124.0
124.4
121.1
125.0
120.9
124.8
124.6
125.4
124.3
123.0
126.1
126.1
127.0
124.0
126.0
128.9
127.3
125.7
124.1
119.6
131.0
125.0
124.7
129.1
127.5
128.5
125.8
125.3
128.0
131.5
132.9
132.5
129.1
129.5
132.1
137.3
144.0
139.8
138.9
135.1
134.2
132.5
134.7
134.3
132.8
138.2
132.5
127.8
127.8
130.2
134.1
121.7
131.7
129.4
128.8
120.3
134.2
117.6
117.9
131.6
133.8
126.5
122.0
125.8
130.6
122.8
131.7
115.5
114.2
103.1
106.2
100.5
105.8
105.7
104.1
106.2
103.0
100.8
105.5
107.3
104.2
106.4
106.0
97.3
102.7
102.0
108.9
110.5
109.6
109.9
106.3
111.4
113.5
115.7
115.2
116.3
118.2
120.8
128.4
129.1
117.5
116.5
114.3
111.0
107.4
112.8
112.0
111.4
110.8
106.9
113.7
117.2
111.8
113.6
118.6
109.1
116.0
115.2
114.0
116.1
114.3
114.6
112.6
116.4
116.5
115.5
114.8
115.4
118.6
115.6
116.0
116.7
115.0
114.1
115.5
115.3
120.3
113.7
121.5
119.4
120.7
109.0
121.5
121.8
116.7
120.7
115.4
119.4
116.5
107.3
115.7
120.9
118.0
113.1
118.6
119.6
122.9
124.7
122.5
122.8
114.1
114.4
116.3
114.6
112.5
107.4
116.5
118.8
116.5
114.4
115.9
122.1
115.9
118.3
118.3
119.5
118.6
118.9
118.4
113.6
122.6
116.5
117.2
113.5
121.1
118.2
119.9
122.1
117.3
119.5
114.4
119.4
119.3
113.1
122.9
116.8
119.0
119.0
117.2
119.5
119.6
120.5
122.4
120.5
115.0
121.1
118.2
117.6
120.3
120.5
119.7
119.8
119.5
117.8
121.5
121.1
121.5
118.8
113.9
124.3
119.2
118.6
121.7
121.3
118.8
118.7
123.2
121.1
121.4
114.3
121.8
119.6
121.8
118.1
116.6
121.1
122.4
118.8
118.3
121.4
118.3
122.1
121.1
123.3
120.9
122.1
121.2
120.1
123.0
117.1
123.1
121.8
120.5
122.2
121.5
120.5
122.7
121.5
119.3
123.2
118.9
120.9
122.2
121.6
121.2
121.8
121.2
119.2
120.6
120.2
120.8
123.2
120.6
123.6
120.7
119.3
124.6
119.9
120.0
121.5
118.2
120.5
122.2
121.2
119.5
123.9
120.8
121.8
121.9
121.5
123.1
121.7
119.3
119.0
121.7
122.4
119.8
125.9
120.0
120.7
123.0
119.3
121.6
123.2
119.2
117.9
124.0
122.0
121.9
121.5
121.8
120.8
122.7
120.1
122.1
120.6
119.5
119.6
121.6
119.9
120.7
120.2
120.3
119.9
117.9
123.5
121.5
118.9
123.1
119.6
120.1
122.4
126.4
120.5
122.5
121.5
123.1
120.6
120.7
119.8
122.2
122.6
120.4
121.5
122.4
123.4
119.6
121.8
121.5
118.6
120.5
121.9
118.4
123.3
122.2
120.2
120.8
118.8
120.6
119.9
120.3
121.5
121.2
120.3
121.7
124.0
126.1
126.0
123.7
121.8
117.1
115.6
116.9
113.4
115.3
119.0
118.8
117.8
116.7
116.0
114.7
118.0
117.2
114.2
118.6
119.5
119.6
119.3
120.7
118.7
117.7
118.8
118.5
115.5
117.5
117.8
116.8
119.8
116.5
116.9
115.5
113.5
113.6
114.7
114.0
120.3
116.3
120.8
117.2
123.0
122.8
121.2
115.6
117.7
119.1
117.1
115.9
120.5
119.1
117.8
119.7
115.9
109.9
113.6
114.1
118.3
119.4
116.7
115.2
118.0
115.8
117.8
119.5
117.1
114.4
120.8
120.6
121.4
120.3
114.3
121.2
122.0
117.4
120.3
115.9
114.1
118.8
118.6
116.0
119.1
116.0
117.7
118.1
116.4
116.8
117.0
114.5
119.1
120.0
116.6
114.9
118.7
119.3
119.5
122.9
120.1
120.0
119.1
120.9
117.7
119.0
121.6
121.2
119.2
120.3
115.6
109.7
116.6
109.2
115.1
112.9
108.4
116.5
113.5
117.1
112.4
115.9
110.7
118.0
114.8
114.6
111.6
113.7
104.9
95.5
98.1
95.6
99.8
96.3
94.9
98.6
95.0
99.8
98.9
100.4
97.6
101.6
99.7
100.9
98.7
99.6
100.8
97.2
102.9
100.8
101.7
100.1
101.5
99.9
99.5
102.6
104.6
103.6
103.1
101.6
103.0
102.3
102.0
101.1
100.3
101.9
101.2
99.9
102.1
101.3
101.3
103.2
100.3
103.7
100.0
101.1
105.2
103.0
104.1
101.0
98.8
101.7
104.3
102.4
102.4
102.8
104.6
106.5
105.4
103.0
102.7
105.7
102.9
102.6
103.1
105.1
102.3
105.6
104.9
104.3
107.8
107.8
104.8
104.5
109.3
108.3
106.6
107.4
108.5
107.0
106.3
106.6
108.6
109.7
105.1
105.3
108.2
106.1
109.0
108.2
105.9
107.5
106.7
107.8
105.6
106.8
105.8
106.9
103.0
107.2
104.5
108.6
110.0
109.4
111.4
107.6
106.3
105.4
107.1
108.6
104.9
108.7
104.6
106.4
111.2
111.1
107.6
107.9
107.7
111.2
106.5
103.6
107.6
109.6
106.6
107.0
108.7
105.6
111.6
106.6
109.4
104.2
103.9
104.8
103.6
102.6
108.4
105.5
108.6
105.9
107.4
106.5
108.6
110.5
110.2
109.6
106.2
107.5
107.9
107.5
106.5
110.2
109.0
112.2
112.1
109.2
107.6
109.6
106.1
113.5
110.6
108.3
112.7
111.6
110.3
110.2
110.4
111.9
112.1
108.3
112.9
108.8
109.0
112.4
112.9
107.7
109.3
106.4
110.3
109.7
109.9
109.6
109.7
111.5
112.1
108.8
112.0
110.7
114.1
112.1
111.9
109.4
113.2
112.3
111.2
111.3
107.3
106.2
106.1
104.5
111.3
108.5
109.2
109.7
110.7
110.5
110.8
110.8
111.6
106.5
113.8
112.6
112.8
108.4
107.1
113.2
111.4
109.2
110.3
107.0
109.4
106.9
107.0
105.2
103.5
108.2
109.0
109.2
107.5
104.2
113.5
110.0
108.6
110.1
109.1
108.4
108.0
109.0
110.3
110.1
110.1
110.7
111.8
111.1
113.5
108.3
109.3
111.9
109.0
109.0
111.9
103.7
114.0
112.7
109.7
109.7
106.9
107.9
104.9
113.1
110.9
108.9
108.7
109.2
111.2
111.0
112.9
108.0
109.9
111.3
108.2
110.2
109.0
106.7
110.5
106.7
107.1
110.5
106.2
110.4
113.5
108.5
104.8
109.0
112.6
112.2
108.2
115.4
110.8
109.3
110.6
109.1
111.9
113.9
112.0
110.6
109.6
105.5
112.0
106.9
110.0
109.9
108.8
110.7
112.1
111.2
111.6
110.6
109.1
109.9
109.5
103.1
113.0
109.5
109.1
111.4
110.4
109.7
109.2
111.9
121.7
117.8
115.2
114.3
117.0
111.3
114.8
115.6
113.8
114.7
115.9
113.7
114.6
109.9
112.0
115.5
115.0
114.7
112.7
110.5
112.3
113.5
109.0
114.2
112.3
113.4
110.8
107.9
108.5
109.7
106.5
100.5
97.7
98.8
97.8
97.7
98.5
98.2
98.2
98.9
99.3
100.5
99.6
101.8
101.6
101.6
99.9
101.2
101.8
103.1
101.6
97.0
101.2
102.1
101.3
104.2
104.5
102.2
102.3
102.9
103.5
102.3
101.5
100.9
103.1
104.7
99.7
103.0
99.5
102.0
100.6
100.9
103.3
100.6
102.6
97.9
106.1
102.6
100.7
99.5
100.2
105.2
98.4
101.0
100.2
106.9
102.5
102.6
100.5
103.6
100.3
104.6
104.4
101.0
104.5
103.3
99.4
103.5
99.4
98.6
99.7
102.0
106.6
101.1
111.3
106.0
107.3
108.7
107.6
108.3
109.0
106.1
102.5
106.2
109.5
106.3
104.1
105.4
107.3
99.0
100.7
100.1
107.1
104.1
107.0
107.8
106.3
103.9
103.5
102.4
102.2
104.6
108.0
103.9
99.6
108.9
110.7
107.4
107.6
102.5
109.2
107.4
107.5
106.3
100.1
107.7
106.4
106.2
105.7
106.8
99.7
105.7
110.6
111.7
108.6
107.5
105.4
110.5
112.4
110.1
105.7
102.4
103.6
99.6
104.0
103.1
108.4
106.4
103.3
107.5
102.1
115.0
120.4
115.5
112.4
108.7
106.8
111.4
106.3
106.3
103.9
106.3
103.1
102.5
101.1
113.1
112.5
112.3
108.8
111.1
106.4
107.4
100.3
105.3
102.5
102.8
109.1
107.1
107.4
110.8
100.2
99.6
110.9
124.9
113.9
110.7
106.7
106.6
105.3
105.3
101.5
102.5
119.9
113.3
114.7
117.2
115.6
110.1
109.4
103.6
109.3
105.5
105.9
105.1
106.8
102.4
98.1
104.0
113.2
106.9
113.2
105.6
108.1
103.1
103.0
103.9
105.2
104.0
113.3
122.5
116.9
113.0
108.2
107.8
104.5
101.6
104.5
102.0
103.2
103.3
104.4
105.8
102.7
106.1
108.4
108.4
111.1
108.0
105.3
114.8
114.3
119.3
118.5
117.4
114.0
110.4
117.4
114.7
109.2
107.9
109.4
111.2
110.6
107.9
112.2
114.4
110.3
103.8
112.5
104.9
110.7
103.9
105.8
110.7
106.9
108.2
111.4
115.1
118.2
117.7
108.2
112.1
115.3
112.5
107.8
109.6
111.4
114.0
116.9
111.1
112.2
112.2
115.0
121.7
110.7
115.7
112.2
111.9
107.0
111.4
115.9
113.7
116.5
113.6
113.9
110.9
118.9
124.0
113.6
115.9
111.2
107.7
124.4
121.3
117.0
112.4
112.3
113.6
122.8
114.6
113.0
119.2
116.8
115.2
115.1
112.8
110.1
120.0
118.8
116.7
112.8
111.2
113.2
121.5
117.9
120.5
121.8
124.9
122.8
124.6
121.9
118.9
122.3
112.1
105.6
103.4
103.0
103.6
103.6
103.5
102.1
105.3
106.3
103.8
100.8
103.9
100.5
102.5
102.7
105.9
102.2
102.8
108.5
112.1
105.1
109.1
108.3
112.6
111.9
110.8
110.0
109.3
108.3
109.0
111.0
109.0
109.3
110.3
110.7
113.9
111.9
108.4
113.3
108.1
106.9
108.7
107.8
110.8
110.5
109.3
107.6
108.0
109.9
111.2
107.7
107.6
113.6
109.9
112.4
110.6
111.1
111.9
108.8
111.0
112.0
109.6
110.4
111.1
113.2
115.7
114.6
112.0
107.1
112.6
115.1
109.7
109.0
108.8
113.1
108.2
110.7
106.8
112.2
112.6
115.3
105.0
110.8
109.4
113.4
113.9
112.0
114.8
107.0
106.9
111.1
106.9
104.4
109.2
109.4
115.1
108.0
110.3
110.2
110.5
108.7
99.5
110.1
109.5
109.5
109.9
110.4
103.1
112.2
115.3
108.0
105.9
101.9
106.9
101.6
107.7
106.8
108.0
103.9
111.2
105.9
103.4
100.8
101.4
103.8
108.2
104.6
106.4
105.0
101.9
100.1
99.4
96.5
103.9
101.5
103.5
104.0
111.3
105.7
117.0
118.4
114.7
105.4
106.3
105.4
106.5
108.2
105.9
113.6
117.4
110.6
104.9
104.7
106.1
104.9
106.9
104.1
109.4
107.5
106.3
105.9
102.1
104.5
104.1
105.7
104.4
101.5
110.1
110.3
107.7
101.4
109.1
105.8
104.7
105.0
107.4
111.1
104.0
108.8
105.9
111.3
112.1
108.8
106.1
114.0
107.9
104.1
109.6
106.6
105.4
103.1
108.2
109.3
105.4
109.7
103.8
105.1
103.1
113.1
106.7
115.1
110.9
108.6
112.1
111.9
109.2
105.9
107.1
108.0
114.7
111.0
110.4
110.2
106.4
109.3
107.7
106.1
108.9
112.1
105.8
107.3
106.8
107.4
110.0
117.9
110.3
116.0
109.6
108.3
110.3
110.1
108.4
114.5
108.8
105.0
105.7
111.0
107.2
107.7
106.4
102.9
113.0
115.0
107.9
118.5
111.9
108.1
103.8
108.8
109.5
109.7
108.1
111.2
108.9
111.7
106.9
102.5
109.3
104.0
106.7
105.0
110.7
108.4
111.6
108.0
115.4
105.1
109.2
104.0
103.2
108.2
110.3
112.7
113.8
115.5
108.3
107.2
108.2
110.1
108.6
107.7
108.5
108.8
115.8
118.3
120.4
120.3
120.3
122.1
120.3
119.8
123.1
119.3
121.2
123.1
121.3
118.2
116.7
115.2
112.6
109.7
113.3
111.7
110.9
107.7
107.5
108.9
108.7
109.9
107.3
107.8
107.4
105.1
110.9
110.3
111.4
107.9
109.1
120.4
119.8
119.1
118.5
117.9
119.9
119.0
117.6
116.3
110.2
115.3
115.5
110.1
110.5
112.5
113.0
114.4
110.1
108.4
107.4
108.3
105.6
110.1
110.9
109.4
114.8
106.8
111.8
107.1
113.4
107.6
108.9
107.9
102.2
111.9
115.0
107.3
104.5
109.6
114.5
111.6
108.8
110.4
105.3
109.6
106.1
111.4
114.2
110.5
108.8
105.7
105.0
105.5
102.7
110.7
109.4
108.5
107.5
105.6
107.5
104.4
108.6
110.8
107.9
105.4
106.1
106.8
102.8
103.2
105.4
104.0
104.8
104.6
101.2
103.9
108.1
110.6
103.7
108.1
103.0
107.5
107.9
104.6
105.0
109.7
104.1
116.5
126.1
122.0
122.4
122.3
113.0
107.7
108.4
118.1
121.6
122.0
117.0
103.0
99.2
96.3
92.7
92.7
94.4
94.3
104.9
112.1
105.6
105.5
108.2
118.7
115.6
108.6
112.1
109.6
110.7
107.5
106.2
108.0
107.3
107.0
108.4
110.9
110.4
112.1
110.8
112.0
111.1
110.9
112.3
114.7
114.5
113.4
115.6
117.3
114.7
112.3
106.9
108.3
109.3
105.8
104.7
104.7
105.5
105.1
106.4
103.1
104.2
103.0
104.2
104.4
106.8
104.3
103.4
102.7
103.8
103.2
107.7
103.6
104.6
102.5
102.9
105.0
103.2
103.1
104.7
103.4
107.6
102.6
101.7
105.4
101.9
106.2
102.7
101.4
105.1
108.5
106.6
106.4
105.0
104.3
103.3
111.2
111.6
116.4
114.6
114.4
111.8
112.8
116.2
115.2
113.9
114.1
112.8
113.1
113.5
116.9
115.7
115.9
117.5
117.3
112.9
115.3
117.1
116.4
116.6
117.1
121.4
116.8
114.9
114.5
112.8
112.7
113.1
116.8
112.8
115.7
114.9
119.4
117.4
114.9
114.6
116.3
117.1
114.1
115.7
115.5
115.1
115.1
115.1
115.9
115.0
113.4
112.2
112.3
112.7
113.1
114.6
115.3
113.9
113.7
114.3
117.3
114.4
112.2
113.5
116.4
115.1
113.8
118.0
114.1
112.4
114.4
113.7
112.4
114.0
112.8
114.3
111.9
109.0
109.0
112.2
111.9
109.6
108.4
109.0
113.4
113.5
113.3
114.1
110.4
115.4
115.9
110.7
113.9
112.9
114.9
116.6
117.4
116.9
120.9
120.0
120.2
123.0
120.5
119.7
121.4
119.0
116.7
117.1
118.7
119.5
121.1
118.1
119.5
119.1
121.9
120.3
116.0
115.3
114.4
109.7
114.7
111.1
108.4
109.0
111.7
116.3
113.6
114.5
119.6
119.2
118.5
116.6
117.6
116.9
117.8
114.8
114.0
114.3
114.5
118.4
121.2
118.3
119.0
112.6
115.5
113.7
113.5
115.3
110.5
109.8
114.9
114.8
114.3
116.1
113.9
113.4
110.7
103.7
104.4
104.9
102.6
104.2
102.8
103.6
100.9
99.2
102.8
101.0
99.2
100.2
116.7
115.0
115.9
115.3
115.7
113.9
110.3
114.8
112.4
113.9
108.1
101.2
100.9
98.6
99.7
98.1
102.2
102.2
100.8
100.3
100.2
103.3
102.4
100.2
101.1
100.7
103.0
105.0
101.0
100.8
101.0
103.2
102.8
111.1
119.8
121.5
117.8
117.5
114.9
117.5
115.6
114.2
116.9
115.4
114.2
112.3
112.3
113.5
113.0
112.6
116.4
118.3
105.2
109.9
119.3
118.8
117.9
115.5
114.7
109.4
105.4
106.5
104.7
102.4
103.6
101.6
101.2
99.4
103.7
102.9
120.6
118.2
117.5
117.8
118.9
119.3
118.3
116.4
117.6
116.8
115.5
112.4
106.3
99.3
99.8
97.1
98.7
96.5
97.8
97.0
96.3
96.5
96.1
98.1
101.2
100.5
102.4
101.1
100.9
100.2
101.6
101.6
101.8
100.2
101.0
100.8
102.6
98.1
98.0
96.7
95.5
93.6
94.0
95.4
91.1
89.7
90.4
92.8
91.5
91.2
93.6
97.5
93.3
91.9
91.1
96.1
96.1
93.2
93.4
90.6
98.6
104.8
98.7
99.4
96.7
100.1
95.8
96.1
102.6
95.5
95.9
95.1
94.0
95.0
93.5
93.7
98.0
97.5
100.9
96.8
97.5
97.5
98.5
95.0
94.0
92.7
97.0
96.8
95.6
97.9
99.4
99.1
98.6
96.6
98.5
97.4
103.6
101.5
100.3
100.4
100.2
102.2
101.1
98.8
96.6
97.2
100.3
102.8
100.5
103.1
104.2
98.5
103.9
104.2
110.3
102.6
102.6
102.9
103.2
114.5
117.1
108.2
116.1
116.2
116.5
121.3
116.8
117.5
119.9
119.1
117.9
114.8
114.5
115.4
117.5
116.8
115.7
116.3
119.0
112.1
111.9
115.1
112.8
115.3
113.7
113.0
113.8
110.6
110.9
115.0
106.1
106.8
108.0
104.8
111.6
112.4
106.8
112.5
109.9
112.4
111.7
111.9
112.0
114.1
112.4
108.2
110.1
115.3
113.2
112.9
112.5
111.4
106.0
107.6
111.5
113.1
111.2
108.8
112.4
111.9
114.5
113.8
109.3
111.9
111.7
112.9
113.5
110.1
110.2
113.4
107.3
108.9
105.8
110.0
117.0
106.4
104.3
113.9
106.0
106.7
103.5
106.2
108.1
114.2
109.6
110.6
109.4
107.6
109.1
108.5
109.5
109.1
110.6
112.0
117.2
118.9
112.1
111.2
109.7
110.8
113.1
107.1
103.2
103.8
105.1
105.5
105.2
107.7
103.3
104.5
106.9
104.1
101.5
99.3
98.9
98.8
98.6
94.5
96.5
97.7
95.3
97.0
97.9
98.1
99.7
98.8
99.3
98.4
99.7
100.7
99.7
99.5
99.1
105.8
100.4
103.1
101.5
100.8
100.8
100.4
99.7
100.5
103.7
101.4
102.1
99.4
102.3
100.1
106.7
116.7
107.9
107.5
106.5
107.4
104.2
105.5
104.5
105.2
104.2
104.1
105.7
102.6
102.0
101.5
99.9
104.3
101.5
103.4
105.2
104.2
104.4
105.7
103.9
102.1
108.9
105.2
102.0
102.4
105.2
102.6
122.3
120.0
118.7
123.1
122.6
114.0
114.0
114.5
111.9
114.1
114.9
114.8
118.6
117.4
115.6
112.5
114.7
112.1
116.1
117.6
117.0
115.9
114.0
115.5
114.7
113.2
113.7
111.0
112.3
112.7
116.9
120.2
118.0
117.0
118.2
118.8
122.3
122.2
117.2
115.5
118.3
116.1
120.2
119.3
115.4
117.3
116.1
114.3
116.1
117.5
116.0
115.6
112.7
114.0
114.9
112.5
116.0
114.6
114.0
112.2
115.6
113.8
112.0
115.0
113.1
116.6
112.6
114.2
113.9
112.2
108.4
112.9
111.2
112.3
113.2
112.2
111.4
110.8
111.8
110.4
109.9
109.5
109.3
106.3
104.7
107.8
110.6
112.0
110.6
114.8
111.1
110.7
110.1
106.6
108.5
107.0
109.0
110.7
111.7
113.2
109.1
113.1
108.7
107.7
108.3
109.3
109.9
109.2
113.8
114.0
111.6
111.9
111.2
111.4
112.0
115.4
116.5
113.8
109.7
111.8
110.5
110.1
107.2
105.8
103.8
94.0
93.8
94.9
94.7
94.6
93.9
92.8
94.1
96.2
94.6
94.3
93.4
95.5
95.3
97.7
101.3
99.4
101.5
98.5
96.1
97.7
95.1
96.9
97.4
96.9
98.2
100.4
97.2
96.6
97.0
96.8
96.9
99.2
100.1
95.1
94.5
95.2
96.3
102.3
100.4
99.4
100.3
100.3
100.1
102.6
100.0
104.7
99.7
100.1
96.7
98.5
97.5
99.0
100.0
100.1
111.0
106.5
110.7
108.1
106.9
103.2
104.8
107.3
104.8
106.2
103.3
105.9
106.7
102.3
104.9
102.2
106.6
105.4
110.6
103.9
104.4
103.8
106.9
105.8
104.5
111.3
104.0
107.7
108.7
106.8
103.8
108.1
105.2
103.6
105.0
103.6
104.0
102.1
105.3
105.9
103.7
109.2
105.0
101.4
104.7
105.7
105.6
106.7
107.3
105.3
104.1
105.3
106.3
104.7
104.9
104.1
106.5
106.9
105.9
106.9
107.4
108.0
112.1
106.3
105.3
104.7
103.5
106.7
108.4
108.3
108.8
