96.3
96.4
96.1
96.2
96.3
97.2
96.5
96.3
96.2
96.0
95.9
95.4
96.4
96.1
95.6
95.6
95.1
95.4
94.8
95.5
95.4
95.5
95.0
94.4
93.5
93.1
93.3
93.6
93.0
93.1
93.6
93.5
93.8
94.5
94.3
94.1
94.7
94.1
94.0
94.4
93.6
92.9
92.7
92.5
92.4
92.3
93.4
93.4
93.6
94.4
94.3
94.9
94.6
94.2
93.4
93.4
93.4
93.1
93.4
93.0
92.4
92.6
93.4
93.5
93.8
94.1
94.5
93.8
95.2
95.9
94.7
94.6
94.6
94.8
94.8
93.8
94.0
94.0
95.4
94.8
94.0
93.6
93.6
93.1
93.5
92.7
93.6
93.4
93.6
93.0
93.0
94.2
93.9
94.1
94.7
92.7
92.1
91.5
92.0
93.2
93.4
93.7
92.6
92.5
92.9
93.0
93.0
93.0
92.6
92.8
92.3
93.0
92.8
93.2
93.0
93.0
93.4
92.6
93.1
92.7
83.3
84.4
88.2
88.2
90.0
89.8
90.4
89.8
89.8
88.6
88.8
88.8
89.3
89.4
89.8
90.3
90.4
91.5
92.6
92.6
93.4
93.5
93.3
93.8
93.8
93.5
93.6
94.2
94.3
94.7
94.9
94.4
92.0
89.7
88.8
84.4
85.4
90.0
85.0
87.3
87.2
91.5
92.5
93.2
90.1
86.0
83.4
81.2
83.9
85.9
86.0
87.3
87.4
88.9
90.1
94.2
94.2
94.6
95.3
95.1
95.3
95.1
94.9
94.9
95.0
94.5
96.3
96.8
97.3
96.6
96.5
97.3
96.7
96.5
95.5
93.2
92.9
93.4
93.7
92.6
93.0
95.0
95.0
93.9
94.5
94.1
93.8
93.2
92.3
94.7
93.7
92.9
92.3
91.7
95.0
93.6
94.1
94.5
94.1
94.3
95.2
94.8
95.7
95.4
95.5
95.3
95.2
94.4
95.1
95.4
95.1
94.5
93.9
94.0
93.8
93.3
93.4
92.8
95.4
97.2
96.8
96.6
96.0
95.3
94.4
93.6
92.6
92.5
92.2
91.8
91.4
90.7
91.0
90.8
90.4
89.8
90.2
90.1
90.0
91.2
90.5
90.2
90.4
91.5
90.9
91.2
90.3
89.8
89.9
89.5
90.7
90.5
90.2
89.9
89.9
89.5
89.3
89.6
89.6
89.7
89.8
90.5
89.9
89.5
88.7
85.9
67.8
67.8
72.6
75.1
78.0
79.9
80.9
83.0
83.1
83.1
83.8
84.3
84.5
86.1
85.7
85.5
85.7
85.3
85.4
85.8
85.7
86.2
86.3
85.8
85.8
85.5
85.8
89.1
94.3
93.5
93.5
94.4
94.4
94.1
93.8
93.2
93.4
93.2
92.5
92.2
92.6
91.2
90.6
90.5
89.5
90.0
91.3
92.1
94.3
93.7
93.2
93.8
93.7
94.6
94.9
95.1
95.0
94.6
94.2
94.0
94.7
94.8
94.5
94.6
94.7
93.1
91.4
91.4
91.5
90.9
92.0
92.2
91.7
91.5
90.6
91.5
91.0
90.1
90.1
89.8
90.5
90.2
89.5
89.8
89.5
89.4
89.3
90.8
91.5
91.4
92.2
92.2
92.5
91.9
91.8
92.3
92.4
92.1
92.1
92.1
92.5
92.5
92.9
93.8
93.1
94.2
94.6
94.0
95.6
97.2
97.3
97.8
98.4
98.6
98.9
98.6
99.1
98.6
98.0
99.2
99.4
99.3
98.2
99.2
98.9
99.0
98.6
98.3
98.5
98.2
98.8
97.8
98.3
98.3
98.9
99.2
98.9
98.6
98.1
98.4
97.2
98.7
98.8
98.6
98.7
98.8
98.7
99.0
99.4
99.6
98.9
99.7
98.9
99.1
99.1
99.7
99.5
99.4
99.4
99.2
98.5
99.2
99.2
98.7
98.6
98.1
99.5
99.8
99.5
98.9
99.4
99.5
99.4
99.5
99.3
99.0
98.9
99.6
99.8
100.0
100.5
100.4
100.5
100.8
101.0
101.5
101.8
101.8
101.7
102.0
101.9
101.5
101.9
102.1
102.4
102.4
101.2
102.2
101.7
103.0
101.3
101.0
101.9
101.4
102.0
102.1
102.1
101.9
101.8
102.0
101.7
102.9
103.1
103.0
102.9
103.0475
103.07125
103.095
103.11875
103.1425
103.16625
103.19
103.21375
103.2375
103.26125
103.285
103.30875
103.3325
103.35625
103.38
103.40375
103.4275
103.45125
103.475
103.49875
103.5225
103.54625
103.57
103.59375
103.6175
103.64125
103.665
103.68875
103.7125
103.73625
103.76
103.78375
103.8075
103.83125
103.855
103.87875
103.9025
103.92625
103.95
103.97375
103.9975
104.02125
104.045
104.06875
104.0925
104.11625
104.14
104.16375000000001
104.1875
104.21125
104.235
104.25875
104.2825
104.30625
104.33
104.35375
104.3775
104.40125
104.425
104.44875
104.4725
104.49625
104.52
104.54375
104.5675
104.59125
104.615
104.63875
104.6625
104.68625
104.71000000000001
104.73375
104.75750000000001
104.78125
104.805
104.82875
104.8525
104.87625
104.9
104.92375
104.9475
104.97125
104.995
105.01875
105.0425
105.06625
105.09
105.11375
105.1375
105.16125
105.185
105.20875
105.2325
105.25625
105.28
105.30375000000001
105.3275
105.35125000000001
105.375
105.39875
105.4225
105.44625
105.47
105.49375
105.5175
105.54125
105.565
105.58875
105.6125
105.63625
105.66
105.68375
105.7075
105.73125
105.755
105.77875
105.8025
105.82625
105.85
105.87375
105.89750000000001
105.92125
105.94500000000001
105.96875
105.9925
106.01625
106.04
106.06375
106.0875
106.11125
106.135
106.15875
106.1825
106.20625
106.23
106.25375
106.2775
106.30125
106.325
106.34875
106.3725
106.39625
106.42
106.44375
106.4675
106.49125000000001
106.515
106.53875000000001
106.5625
106.58625
106.61
106.63375
106.6575
106.68125
106.705
106.72875
106.7525
106.77625
106.8
106.82375
106.8475
106.87125
106.895
106.91875
106.9425
106.96625
106.99000000000001
107.01375
107.0375
107.06125
107.08500000000001
107.10875
107.13250000000001
107.15625
107.18
107.20375
107.2275
107.25125
107.275
107.29875
107.3225
107.34625
107.37
107.39375
107.4175
107.44125
107.465
107.48875
107.5125
107.53625
107.56
107.58375000000001
107.6075
107.63125000000001
107.655
107.67875000000001
107.7025
107.72625000000001
107.75
107.77375
107.7975
107.82125
107.845
107.86875
107.8925
107.91625
107.94
107.96375
107.9875
108.01125
108.035
108.05875
108.0825
108.10625
108.13
108.15375
108.17750000000001
108.20125
108.22500000000001
108.24875
108.27250000000001
108.29625
108.32000000000001
108.34375
108.3675
108.39125
108.415
108.43875
108.4625
108.48625
108.51
108.53375
108.5575
108.58125
108.605
108.62875
108.6525
108.67625
108.7
108.3
109.2
109.0
107.8
108.3
107.9
107.9
109.5
111.5
112.8
110.9
110.4
106.6
105.8
105.9
105.9
105.9
105.8
105.7
105.8
105.6
104.8
99.7
101.9
105.3
104.4
103.5
103.5
103.5
102.8
102.0
102.4
101.9
101.2
101.3
101.3
95.5
86.9
91.3
94.7
96.0
101.3
100.0
101.8
102.1
100.4
99.6
99.2
99.3
99.8
99.8
99.4
98.3
98.3
98.1
98.0
97.7
98.0
98.7
98.9
97.3
98.1
97.7
97.8
98.3
99.5
99.1
99.7
99.2
99.6
99.4
98.1
97.2
97.6
97.9
98.4
98.1
97.5
99.3
98.9
98.7
100.2
101.1
101.0
101.6
102.2
101.4
100.9
99.6
99.0
98.6
99.5
99.3
99.6
100.3
99.4
100.3
100.2
100.5
100.8
101.1
100.3
100.4
100.9
101.5
102.3
102.8
101.4
99.4
99.7
100.0
100.0
99.7
99.4
99.6
99.4
99.4
99.0
98.7
98.3
98.2
99.0
99.7
99.1
99.1
98.1
97.8
97.7
97.9
98.9
98.0
97.3
96.5
95.9
95.8
96.1
95.9
95.4
95.7
95.4
95.1
96.4
96.5
97.1
99.2
101.3
102.1
101.4
100.7
99.6
98.5
98.2
98.0
97.5
97.4
96.8
96.4
96.0
95.8
95.7
95.9
95.9
96.7
97.2
97.3
98.7
100.1
99.9
99.1
98.4
98.2
98.8
98.3
98.9
98.4
98.5
98.4
97.6
97.1
97.4
97.3
97.5
97.6
99.9
102.5
105.1
103.2
101.0
99.8
100.1
97.9
97.3
98.6
96.0
94.5
95.2
95.9
96.6
97.4
97.6
98.7
99.3
99.3
98.8
98.8
98.2
98.0
97.6
98.0
98.4
100.5
99.7
97.8
97.1
96.2
96.6
96.6
98.0
101.5
102.7
102.5
100.3
98.8
98.4
98.5
98.2
97.8
97.3
97.3
96.7
97.6
97.5
97.9
97.4
97.1
96.7
96.9
96.6
95.7
94.7
94.7
95.0
94.6
96.7
96.2
95.6
95.3
95.4
95.6
95.3
95.8
94.5
96.6
96.7
97.2
97.0
96.1
95.7
95.9
95.6
95.0
94.9
94.7
94.2
94.1
94.3
94.8
94.3
96.2
96.5
95.3
94.9
94.2
94.1
94.5
95.0
94.7
94.8
97.9
97.1
97.7
98.4
95.7
96.7
95.4
95.9
96.7
96.7
95.9
96.0
95.7
95.8
96.8
96.5
96.5
96.1
97.0
96.8
96.6
96.8
96.3
96.9
96.8
96.8
95.7
94.9
94.8
95.2
94.8
94.8
95.1
94.8
94.3
95.1
95.9
95.6
95.0
94.7
94.8
94.5
94.8
93.8
93.7
93.1
92.7
92.8
92.5
92.8
93.2
93.4
93.7
93.5
93.4
93.1
93.0
93.6
93.3
93.1
93.7
93.4
93.0
92.5
92.2
91.3
91.1
91.7
91.7
91.7
92.4
94.0
93.5
93.3
93.8
93.7
93.4
92.5
92.3
91.7
91.6
91.9
91.3
92.0
91.8
92.2
92.2
92.5
92.4
92.6
92.9
92.7
90.2
91.7
91.3
90.9
91.2
91.6
91.1
91.8
91.1
91.9
91.9
92.3
92.6
89.8
90.2
93.2
94.6
94.0
94.2
93.7
93.7
93.1
93.2
93.3
93.2
93.3
93.4
94.1
93.7
93.7
93.5
93.8
93.9
93.7
93.4
93.2
93.8
94.3
93.8
93.6
94.4
94.8
94.2
94.1
93.5
92.7
93.4
93.9
93.6
93.4
92.9
92.9
93.8
93.6
92.8
92.9
92.5
92.2
93.1
93.0
93.4
93.8
94.2
94.9
95.6
95.3
94.8
94.4
94.9
94.9
94.0
93.5
93.4
94.1
95.8
95.1
94.2
93.2
93.1
92.7
92.3
93.0
93.1
92.4
92.2
92.7
92.6
92.5
92.6
92.5
92.4
92.7
93.0
92.7
92.7
92.1
92.0
92.6
92.7
92.8
92.5
92.0
92.3
92.2
92.1
91.5
92.0
91.5
91.6
91.5
92.4
92.5
91.8
91.7
92.5
92.6
93.1
92.6
92.1
92.2
92.2
91.7
91.6
91.4
91.3
91.4
91.6
91.9
91.8
91.2
90.9
91.3
91.4
91.6
91.9
91.2
90.6
91.1
92.8
92.6
92.3
92.8
93.0
92.3
92.6
91.9
91.8
92.0
92.7
92.2
92.4
92.9
92.7
92.9
93.5
93.1
92.6
93.1
92.9
93.2
93.3
93.9
94.5
94.5
94.3
94.7
94.9
95.0
94.8
94.6
94.3
95.2
94.9
95.1
94.8
95.0
95.1
95.0
94.9
94.8
94.9
94.5
94.4
94.0
94.3
94.5
94.1
94.5
94.7
94.6
94.6
94.4
94.5
94.7
94.7
94.3
94.5
94.6
94.3
94.2
93.8
94.0
93.7
94.0
92.9
94.1
93.3
93.5
94.2
94.2
93.6
93.5
94.1
93.4
94.8
94.8
94.9
93.6
93.5
93.6
93.5
93.3
92.9
92.6
94.7
94.8
95.6
95.8
95.3
94.6
94.1
93.9
93.6
92.5
91.7
91.8
91.4
91.7
94.0
93.9
92.4
92.8
92.7
92.5
92.7
92.9
92.9
92.8
92.7
92.2
93.1
92.5
92.8
92.7
93.0
93.5
93.3
93.6
93.8
93.3
93.6
93.4
93.5
93.3
93.3
93.7
94.1
93.5
93.4
94.0
94.3
93.8
93.0
92.5
92.3
92.0
91.7
91.6
91.8
92.3
92.7
92.4
92.5
92.8
92.8
93.1
93.0
93.3
93.3
93.8
93.4
94.1
93.9
94.8
94.9
94.8
94.4
93.8
92.9
92.4
92.4
92.9
93.2
93.2
94.5
95.2
96.0
95.8
95.7
95.7
94.5
94.2
93.5
93.4
92.5
92.6
92.2
93.8
94.1
93.6
93.6
92.3
92.1
92.3
93.1
92.7
93.0
93.6
92.8
92.5
92.1
92.3
91.9
91.9
92.6
92.0
91.8
91.5
91.8
91.5
91.6
91.3
91.5
91.4
91.3
93.0
92.7
92.3
91.7
91.4
91.2
90.6
90.2
90.9
90.8
90.2
89.9
91.0
90.6
90.7
89.9
90.0
90.3
90.5
90.3
89.6
89.5
89.5
89.5
90.2
89.3
89.2
89.1
88.8
89.4
89.2
88.3
88.5
88.3
88.2
88.0
88.1
87.8
87.8
87.9
87.9
87.8
87.6
87.8
87.7
87.3
87.5
86.9
87.0
87.1
87.3
87.6
87.6
87.7
88.3
89.5
89.4
89.7
90.5
92.4
92.2
90.8
89.2
88.6
87.0
87.1
87.0
86.6
87.1
87.3
86.7
88.0
89.7
88.3
88.0
87.9
87.4
88.1
87.8
87.9
87.7
87.4
87.6
87.2
87.4
87.5
88.2
88.9
88.6
88.6
89.2
88.9
88.7
88.5
88.5
87.9
89.1
88.4
88.5
88.5
88.2
87.8
87.9
88.1
88.1
88.0
88.0
88.2
87.8
88.0
88.1
88.2
88.1
88.0
88.2
88.1
88.3
88.5
89.7
89.3
88.5
88.3
88.6
88.4
88.9
88.5
88.5
88.6
89.2
88.4
88.3
88.3
88.4
88.6
88.4
88.5
88.1
88.1
88.3
88.5
88.5
88.3
88.2
88.4
88.3
88.6
88.2
89.3
89.7
89.8
89.8
89.5
89.5
89.1
88.6
90.3
92.5
93.0
92.8
92.0
91.2
90.9
90.3
90.4
89.8
89.4
89.3
89.9
88.9
89.1
88.8
89.6
91.5
92.0
91.8
91.7
91.6
90.5
90.8
91.3
91.3
91.3
90.9
90.7
90.8
90.5
90.6
90.9
90.0
90.9
92.1
92.1
92.0
91.5
91.4
90.9
90.8
90.4
90.4
90.5
90.0
90.0
89.0
91.9
92.0
92.0
93.0
92.6
92.0
92.0
91.5
91.8
91.8
91.7
91.3
90.5
90.2
90.1
90.1
90.5
90.6
91.0
91.0
90.8
90.8
91.3
90.9
91.4
91.4
91.1
91.1
91.2
91.5
91.2
90.6
90.7
90.7
90.0
89.8
89.2
89.2
89.5
89.5
89.2
89.8
89.9
89.6
90.2
90.1
89.8
89.4
89.8
89.7
89.8
89.2
89.1
89.0
88.9
88.7
88.8
88.9
88.4
88.1
88.3
88.7
88.3
88.5
88.4
88.6
88.1
88.1
87.8
87.6
87.7
87.5
87.7
88.0
87.5
87.6
87.3
87.2
87.5
87.4
87.1
86.3
86.4
86.4
86.6
86.4
86.2
86.4
87.8
89.8
90.8
90.4
90.1
89.5
88.5
88.2
88.3
87.4
87.9
88.0
87.8
87.3
87.8
88.3
88.0
87.8
88.1
89.2
89.1
89.6
89.6
89.0
88.9
88.5
89.1
89.0
88.7
88.6
88.0
88.2
88.0
87.9
87.3
87.0
86.9
87.2
86.7
87.2
87.3
87.0
86.4
86.5
85.9
86.2
86.2
86.8
86.4
86.4
86.0
86.2
88.0
88.3
89.3
89.9
89.1
88.9
88.7
88.0
87.3
87.0
86.9
86.7
86.5
86.2
86.3
85.7
85.6
85.0
84.6
85.1
84.5
84.9
85.3
84.9
85.1
85.0
85.1
85.4
85.5
85.4
84.8
84.4
84.0
83.3
83.2
83.2
83.3
82.9
83.2
83.4
83.7
83.6
83.7
83.6
83.5
83.2
83.0
82.5
81.5
81.4
81.0
80.9
81.0
81.3
81.3
81.6
82.0
81.7
81.6
85.3
85.8
87.2
86.4
84.8
84.0
82.7
82.5
82.6
82.0
82.3
82.5
82.9
83.2
83.1
83.2
83.8
84.0
84.3
83.4
82.7
81.7
81.5
81.1
81.1
81.0
80.9
80.8
81.3
80.9
81.3
81.5
81.7
81.8
81.9
81.8
81.5
81.5
80.7
79.5
79.3
79.3
79.1
79.3
79.6
79.0
79.7
79.8
80.2
80.0
80.2
80.0
80.3
84.3
84.3
84.1
86.4
86.5
85.6
84.7
84.0
83.5
82.8
82.8
82.5
81.9
83.2
83.9
83.4
82.7
82.4
82.1
83.1
82.4
82.7
81.8
81.9
82.3
82.3
81.3
80.9
81.3
80.8
80.7
80.8
80.4
80.7
81.3
80.3
81.1
80.7
81.6
81.3
81.6
81.0
80.2
79.8
79.5
79.4
79.9
79.9
79.3
79.8
80.0
79.7
79.6
79.0
80.1
81.6
82.6
81.7
80.5
79.3
80.1
78.9
78.5
78.7
79.5
79.2
80.2
80.5
80.4
81.3
80.4
79.3
77.6
77.9
77.8
78.1
78.2
78.0
78.5
78.7
78.5
79.0
79.3
79.6
81.5
82.7
83.9
84.5
84.0
83.7
83.6
83.3
83.0
82.8
82.1
81.6
81.7
81.6
81.1
80.8
80.7
80.8
81.6
81.6
82.0
81.4
81.3
80.9
80.5
80.0
79.6
79.6
79.2
78.8
79.2
79.3
79.1
78.0
78.4
78.3
77.7
77.4
77.4
79.0
81.9
83.0
83.1
83.2
82.8
82.3
82.1
81.6
81.3
81.0
81.0
81.5
81.5
81.9
81.0
80.1
79.1
80.3
80.7
81.0
81.0
80.9
80.2
77.7
78.2
79.7
80.0
80.0
79.5
79.2
78.9
78.2
77.1
77.0
76.5
76.7
76.9
76.5
76.5
77.5
80.7
82.6
83.1
82.1
81.0
80.2
80.7
80.7
80.8
80.0
79.7
79.3
79.1
78.9
78.7
78.4
78.5
78.2
78.3
77.4
77.9
77.4
77.3
78.6
81.0
81.4
79.8
78.2
77.8
77.7
77.4
77.6
77.6
77.6
78.3
77.6
77.3
77.6
77.9
77.2
77.4
77.6
77.6
77.0
77.0
76.9
77.0
77.2
77.5
77.4
77.2
77.6
77.6
77.0
77.6
78.0
77.4
77.1
77.4
77.6
77.6
77.6
79.0
83.4
86.2
86.0
87.1
87.1
87.1
87.0
86.94999999999999
86.89999999999999
86.85
86.8
84.8
85.3
85.4
84.4
85.9
85.6
84.5
84.2
83.9
83.3
83.2
83.2
83.0
83.1
83.1
81.6
81.0
80.7
80.1
80.3
81.4
83.6
84.0
83.9
84.0
83.5
82.8
83.0
82.5
81.9
83.1
81.9
83.1
84.4
84.3
83.9
83.3
82.7
82.3
81.7
81.3
80.5
81.0
81.4
81.8
80.7
80.2
79.1
78.6
78.9
77.9
78.5
78.7
78.8
78.9
78.5
79.0
78.0
79.0
78.1
77.9
78.0
78.3
78.0
77.8
78.0
78.2
78.2
78.3
78.1
78.8
78.4
78.3
78.0
78.2
78.0
78.7
79.1
79.6
79.0
78.9
78.6
78.1
78.5
78.6
78.3
78.1
78.5
78.5
78.9
79.0
78.8
79.0
79.3
79.3
79.2
79.8
80.1
81.8
82.2
81.8
81.2
81.3
80.7
81.2
80.7
81.6
81.0
81.3
81.5
81.2
81.0
81.4
81.8
82.0
83.0
82.6
82.6
82.1
80.7
81.9
83.2
84.7
83.9
85.9
85.8
85.6
85.9
85.9
84.8
84.2
84.5
84.1
84.0
84.0
84.5
83.9
83.9
84.9
84.5
84.6
84.9
85.0
84.8
84.6
84.6
84.7
84.2
84.5
84.6
84.3
84.4
84.9
85.0
84.7
84.3
85.0
84.8
85.0
84.8
84.6
85.1
85.1
84.2
85.0
84.7
84.4
84.7
85.4
85.6
85.5
85.9
85.8
85.6
85.8
85.7
86.1
85.9
86.0
85.7
85.2
84.2
83.8
83.9
83.7
84.0
84.9
86.6
86.0
85.9
85.5
85.3
85.3
85.0
85.5
85.5
85.4
85.6
85.9
86.9
87.0
87.0
89.2
89.1
89.9
89.2
88.7
88.0
87.7
87.6
87.1
86.9
87.1
86.7
86.1
84.8
85.4
85.4
85.6
85.4
85.2
85.8
85.9
86.6
87.1
87.4
87.0
86.3
86.1
86.1
86.1
86.5
85.7
86.2
86.2
86.1
86.0
85.8
85.6
85.7
85.8
86.7
86.4
86.3
86.4
86.8
86.5
86.4
86.4
85.9
85.9
85.9
85.9
86.1
86.4
86.0
86.6
86.3
86.2
86.0
86.4
86.3
85.8
86.4
86.3
86.5
86.5
86.2
86.5
86.1
86.3
86.5
88.3
89.7
89.6
89.9
89.9
88.8
88.1
86.8
86.3
85.7
86.0
86.2
86.1
86.9
86.9
87.5
87.9
87.5
87.7
88.7
88.1
88.4
88.2
89.0
88.1
87.9
87.9
87.3
87.5
87.2
86.9
88.3
84.5
86.9
86.9
86.7
86.5
87.9
87.4
88.3
88.3
87.5
88.3
88.0
88.2
88.3
88.0
87.5
87.3
87.8
89.6
89.5
90.1
90.8
90.1
89.8
90.0
90.0
88.6
88.1
90.8
90.6
91.0
89.6
88.0
88.4
89.2
89.5
89.0
88.1
88.5
89.5
88.8
88.8
88.0
88.0
87.4
87.5
87.8
87.6
87.2
87.4
87.9
87.5
87.5
88.0
87.5
87.8
87.7
87.6
87.1
87.4
87.6
89.0
88.7
88.9
88.5
88.0
88.4
87.9
88.1
87.7
87.8
87.6
87.6
86.7
87.4
87.2
87.2
87.1
87.2
87.1
88.1
89.0
89.0
89.7
89.5
89.4
88.2
87.6
87.2
86.9
86.2
86.4
86.7
85.9
86.1
86.3
86.1
86.9
85.1
86.2
85.8
87.9
87.6
87.5
87.2
87.2
87.6
87.4
86.9
86.4
86.5
87.0
86.6
87.5
86.8
87.3
87.2
87.3
87.3
87.7
86.7
87.0
86.9
86.8
87.2
86.7
87.2
87.6
87.5
86.7
86.9
87.7
87.4
86.9
86.7
87.4
87.4
87.6
87.9
88.0
86.8
86.7
87.4
86.5
86.7
86.8
86.6
86.7
86.4
87.1
86.9
86.9
87.9
87.3
87.8
87.4
87.1
86.9
86.6
87.0
85.7
86.6
86.8
86.9
86.9
86.8
86.6
86.4
87.2
87.3
87.4
87.2
87.9
87.9
86.9
87.6
87.8
87.0
87.7
88.1
88.4
88.0
88.3
87.9
87.4
87.8
87.6
87.4
87.3
87.6
87.2
87.5
88.2
88.2
88.5
88.4
89.3
89.1
89.0
88.6
88.3
87.5
86.8
86.7
87.7
89.8
90.3
91.3
90.8
91.4
90.9
89.9
90.1
90.5
89.8
89.7
90.6
89.1
88.6
88.0
88.7
88.8
89.9
89.3
89.8
89.1
89.0
88.8
88.8
89.0
89.0
88.7
88.8
88.7
88.8
90.2
91.0
91.3
92.3
91.9
91.1
91.2
89.3
90.3
89.6
89.6
89.3
88.7
88.8
88.3
88.9
89.4
90.2
90.2
90.3
90.0
89.5
89.9
89.1
88.5
89.1
88.4
88.8
89.9
91.4
90.8
89.8
89.7
89.6
89.8
89.8
89.4
89.0
89.1
88.9
89.0
89.2
89.0
88.8
89.3
89.5
89.2
88.9
89.1
90.7
90.1
91.7
91.7
91.5
90.9
91.3
90.2
89.0
89.7
90.9
90.3
89.9
89.5
90.4
91.8
92.5
90.9
90.4
90.2
90.3
89.9
90.4
90.4
90.6
90.2
89.4
90.4
89.5
89.6
90.0
90.6
90.0
89.1
90.5
91.5
91.1
90.7
90.1
89.7
89.8
90.7
90.2
90.5
90.7
90.7
90.2
90.2
90.5
89.6
90.3
90.2
90.0
89.8
89.6
89.9
90.1
90.2
89.7
89.4
89.6
90.8
90.7
90.3
90.5
90.8
89.8
88.6
87.9
87.2
89.9
89.6
89.3
89.7
89.5
89.6
90.1
90.2
89.4
90.0
89.6
89.7
90.1
88.8
88.7
89.3
89.5
89.2
90.6
91.4
90.1
88.7
88.4
87.7
87.8
88.7
89.1
89.1
89.0
89.5
89.9
90.4
89.3
89.1
89.2
89.5
91.4
90.4
91.2
91.5
90.8
90.8
90.8
90.0
89.5
88.6
88.9
88.8
89.0
88.6
88.5
89.6
89.9
92.0
91.2
90.1
90.1
89.3
88.5
88.8
88.9
89.0
89.0
89.0
89.2
89.0
89.4
90.2
89.5
89.6
89.8
89.8
89.1
88.9
89.3
89.9
89.5
89.3
90.2
88.9
89.6
88.7
88.7
88.5
88.2
89.1
90.0
90.8
90.3
90.8
89.7
89.9
88.2
88.4
87.2
88.7
88.0
88.2
88.3
88.4
88.5
88.7
88.6
89.1
88.3
88.7
89.4
89.5
89.7
89.0
88.7
89.8
90.4
91.1
92.5
92.8
91.2
90.2
90.2
88.2
87.7
88.0
87.4
87.2
88.7
88.2
88.3
89.7
90.6
92.3
92.3
91.9
91.7
91.2
90.8
90.5
91.1
90.4
91.3
90.8
91.9
92.1
92.3
92.1
92.5
93.3
93.5
93.7
94.6
94.5
93.9
93.4
92.4
93.2
92.5
92.3
93.2
92.2
92.2
91.7
91.8
91.9
92.4
92.3
92.0
91.6
91.9
92.3
91.9
92.0
92.7
92.1
92.2
92.0
92.2
91.7
91.5
91.8
91.7
91.4
92.1
91.6
91.6
92.2
91.6
91.4
92.1
91.3
92.2
91.7
92.7
92.0
91.4
92.1
91.6
92.1
91.7
91.3
91.9
92.0
92.6
92.5
92.8
93.1
92.5
92.6
91.6
91.2
91.3
91.4
92.4
91.7
91.1
92.3
92.4
94.7
95.5
94.0
94.2
93.7
93.2
91.3
91.9
92.1
92.0
91.5
92.8
93.7
92.1
93.2
93.8
94.5
94.5
94.7
95.5
94.4
94.0
93.3
93.3
92.9
91.9
92.9
92.6
92.9
92.7
93.0
92.8
95.4
96.5
96.6
96.0
95.1
94.0
94.0
93.5
92.9
92.9
92.5
93.0
93.5
94.0
93.6
93.5
92.2
91.3
90.3
91.6
91.9
91.3
91.3
91.8
91.9
92.3
92.1
91.8
91.6
92.8
92.6
93.8
93.2
92.2
90.8
91.3
92.7
91.5
92.1
94.1
94.2
95.4
94.8
94.8
94.0
93.7
92.3
92.9
92.3
90.6
91.3
91.2
92.0
92.0
91.5
91.8
91.4
92.5
92.4
93.1
92.4
92.5
92.4
92.6
92.0
91.9
92.1
92.5
92.3
94.2
93.3
92.39999999999999
93.7
95.2
93.2
95.0
95.1
96.2
96.3
96.0
95.0
95.1
95.2
95.0
94.2
94.8
95.3
94.8
95.7
95.9
96.1
94.8
95.6
96.1
95.7
96.7
96.8
94.7
97.0
96.2
96.4
96.3
95.3
94.8
95.4
94.8
95.7
95.0
95.6
95.5
95.1
94.9
94.2
94.6
94.5
95.4
95.2
95.9
96.4
96.2
94.9
95.6
95.6
95.5
95.8
95.8
96.4
95.1
96.7
96.8
97.3
96.9
96.2
95.4
95.6
95.4
95.8
98.7
99.5
100.0
100.3
99.1
98.8
99.3
98.1
98.0
97.5
98.3
97.8
98.0
96.6
97.5
98.0
97.2
97.2
96.3
94.9
94.6
93.8
94.5
93.5
94.4
94.2
94.4
96.2
97.1
97.9
97.8
96.0
94.2
93.8
94.4
94.5
94.0
95.4
97.0
97.0
96.4
96.7
95.5
95.2
94.5
92.8
92.4
93.4
92.2
92.9
93.4
93.7
94.0
95.1
95.6
95.2
95.4
94.5
93.6
93.4
94.1
93.4
94.2
94.3
95.7
94.4
96.0
95.2
95.8
95.4
97.4
97.6
97.7
98.1
97.8
97.4
98.2
98.7
99.2
98.6
98.4
98.6
96.5
95.6
96.4
97.6
98.7
99.2
99.7
99.1
98.4
98.1
98.2
97.2
96.4
96.2
96.6
96.8
96.2
96.6
95.8
96.3
95.9
95.6
95.2
95.2
96.0
95.8
95.7
93.3
93.4
94.1
94.1
94.8
94.7
94.4
94.2
94.2
95.6
96.3
95.5
95.5
94.7
95.0
95.6
94.4
94.9
94.8
94.8
94.2
95.1
93.6
92.5
93.0
93.4
94.1
94.6
94.7
94.3
94.8
96.6
97.8
97.0
95.5
93.7
93.8
94.7
93.8
94.1
94.4
93.8
94.4
96.2
96.1
95.9
96.7
97.0
95.7
95.9
96.0
96.5
95.8
96.4
95.0
93.3
93.1
93.2
92.8
92.3
93.4
93.4
93.2
93.4
93.7
95.1
96.7
95.6
93.2
92.2
91.3
91.8
92.0
93.1
93.2
92.9
93.2
93.4
92.5
90.3
92.2
92.1
93.6
92.7
93.0
95.7
95.6
93.9
93.9
93.2
91.1
91.8
92.3
92.1
92.8
93.2
92.5
93.9
93.7
93.6
93.2
94.1
93.0
91.3
91.5
92.8
93.6
93.2
93.9
91.4
90.8
91.3
91.1
92.8
92.4
93.8
93.6
93.2
91.4
90.8
92.4
91.9
92.2
93.8
92.7
92.7
91.7
92.9
94.2
94.6
93.9
94.4
95.8
96.2
95.9
93.7
92.8
92.6
92.3
93.3
92.0
90.9
91.7
91.5
91.9
92.5
91.5
90.0
90.3
90.0
90.8
90.9
90.6
91.4
91.1
92.3
92.1
92.4
90.6
91.1
92.8
95.4
95.4
94.6
94.0
93.9
92.6
92.4
93.0
92.6
93.1
94.5
94.5
94.1
92.5
92.9
92.8
93.0
94.2
94.9
95.1
95.4
94.7
94.6
95.1
94.2
93.0
93.5
93.1
94.0
93.5
94.4
94.2
94.0
93.7
91.9
92.7
92.1
90.1
90.7
90.9
91.1
90.7
91.6
92.0
92.5
92.7
93.0
92.1
92.2
92.1
91.5
92.2
91.8
92.0
91.3
91.3
90.5
90.1
90.3
92.2
92.4
91.1
91.9
90.5
90.3
91.1
90.8
91.2
92.1
91.9
91.3
90.5
90.8
90.1
90.0
91.9
92.0
91.3
90.5
88.9
88.8
89.1
89.8
92.2
91.3
92.9
92.5
91.4
92.7
94.3
94.9
94.1
91.6
90.9
93.4
94.1
95.3
94.7
95.2
94.8
93.8
92.3
93.2
92.3
93.7
93.2
94.0
94.0
94.1
94.5
94.1
91.4
91.7
91.8
91.7
92.3
92.5
92.7
92.1
90.2
89.4
90.5
91.1
91.7
90.6
91.7
91.6
90.7
90.8
91.2
90.6
91.5
91.0
89.7
89.3
90.2
89.7
90.1
90.8
90.0
89.2
90.8
92.9
94.4
93.5
91.4
89.8
90.0
90.8
90.3
91.2
89.5
88.4
86.8
87.8
88.9
88.7
89.4
90.0
91.1
88.2
88.8
87.6
89.4
89.7
89.4
88.1
87.8
89.4
91.4
92.8
93.1
92.5
92.0
93.0
92.1
92.5
93.0
93.6
93.4
93.9
94.1
94.29999999999998
94.0
93.1
93.4
93.4
93.0
92.5
92.2
92.3
91.2
92.4
92.5
93.0
91.5
89.6
88.8
89.2
89.8
90.2
90.2
91.3
89.6
89.0
90.4
89.0
90.7
90.5
91.4
89.8
90.1
92.0
92.5
92.1
90.3
89.7
90.9
91.2
90.9
90.4
90.3
88.8
89.4
88.8
89.7
90.1
90.5
90.3
89.1
89.5
90.6
90.5
90.8
90.4
90.4
91.1
91.8
92.0
90.5
89.2
86.6
88.0
88.5
88.7
89.6
89.5
87.9
86.4
86.3
88.1
90.6
92.1
91.0
91.0
88.2
87.5
89.2
89.0
90.7
89.5
88.5
87.7
87.6
89.0
90.5
90.6
88.3
87.2
88.2
92.5
91.6
91.1
90.5
88.4
89.4
91.9
93.5
91.5
90.1
88.6
89.9
89.5
89.9
89.9
87.8
88.9
90.1
89.6
88.1
89.5
90.2
90.0
89.1
89.8
90.6
89.9
89.5
89.9
89.2
89.0
89.7
90.9
89.6
87.7
86.8
88.3
88.2
87.6
87.3
86.7
87.6
87.7
89.5
88.6
88.3
89.2
91.0
91.8
91.7
90.9
89.3
91.0
91.8
90.2
91.2
91.9
90.8
89.1
88.8
87.5
88.3
89.2
88.3
87.5
88.4
89.1
89.2
88.4
90.2
88.5
88.7
89.5
90.9
91.2
91.0
89.7
88.1
87.9
88.0
88.7
88.0
88.8
90.1
89.3
89.0
87.8
89.9
92.0
92.6
92.6
91.2
92.3
91.9
92.7
91.4
89.2
88.5
89.5
90.2
92.3
88.8
88.3
89.3
88.5
89.7
91.1
89.8
89.9
88.7
89.6
90.7
91.0
91.0
91.0
89.1
90.4
90.1
90.2
91.8
89.8
88.9
89.3
91.0
89.8
90.8
88.9
88.2
88.5
88.8
89.9
89.2
89.1
89.1
88.0
88.5
88.5
90.1
89.4
88.3
87.8
89.3
88.7
89.0
88.4
87.1
87.5
87.5
88.5
91.2
89.6
88.6
88.7
89.4
89.9
89.5
87.7
88.1
89.6
89.2
89.5
88.0
87.2
85.1
86.0
87.0
88.5
88.7
89.7
87.8
88.4
86.8
85.7
84.8
83.7
84.3
83.6
83.5
84.0
82.6
82.8
82.7
83.4
82.1
81.9
82.0
82.1
82.7
81.8
82.5
82.3
82.6
84.6
87.4
88.3
88.9
89.9
90.7
90.1
88.3
88.8
88.2
88.4
86.3
85.3
85.3
87.4
87.9
86.8
83.9
83.1
82.9
82.4
82.9
83.2
83.1
83.2
82.6
83.2
83.0
83.9
83.5
82.4
83.1
82.3
83.2
82.7
82.2
82.2
82.0
82.7
82.8
83.4
83.6
83.1
83.6
82.4
83.6
83.5
82.8
82.3
82.8
82.1
81.6
81.6
81.5
82.5
81.8
81.8
82.1
81.8
81.3
81.2
81.9
83.1
82.9
86.1
85.7
85.2
85.4
85.2
86.9
89.0
90.7
90.6
90.5
89.9
90.3
88.2
89.2
89.2
88.1
89.3
89.0
90.5
90.7
89.0
87.4
87.3
86.6
87.2
86.3
86.3
85.9
85.9
85.9
85.7
85.8
85.0
86.4
85.9
85.8
86.5
85.5
85.5
86.0
86.8
86.4
86.4
86.3
86.2
86.6
86.5
86.5
85.6
85.5
86.3
86.5
86.2
87.6
89.5
90.1
90.2
89.6
89.0
89.4
89.5
89.8
89.2
90.0
90.9
89.7
90.2
90.0
89.3
89.2
88.8
88.4
87.4
87.2
86.3
86.3
86.4
86.8
86.6
86.4
86.5
86.2
85.6
84.8
86.6
85.6
86.1
85.2
84.7
84.7
85.5
85.2
84.6
84.5
84.3
84.4
84.2
83.8
84.4
84.0
85.1
87.9
88.1
88.8
87.5
87.9
87.1
87.4
87.5
86.4
85.8
86.9
86.5
86.1
87.2
86.8
88.7
89.4
89.1
88.8
87.6
88.2
86.5
85.7
86.0
86.4
85.3
85.6
86.3
85.5
76.7
82.7
85.0
86.6
87.5
87.3
87.1
85.8
85.2
85.3
86.2
85.8
85.2
84.6
84.9
85.6
87.8
90.2
89.8
90.1
87.7
86.7
86.8
86.3
87.6
86.7
88.4
86.7
87.0
87.2
87.7
89.5
91.0
92.0
89.1
88.5
89.0
90.6
92.0
91.4
90.1
89.7
90.9
89.7
90.2
90.9
90.9
90.4
91.6
92.2
90.1
89.6
89.8
90.8
90.6
90.6
89.8
90.8
90.4
90.0
89.1
87.9
88.1
88.2
87.9
88.1
88.4
89.5
90.3
91.2
91.4
91.1
90.2
89.8
90.2
90.6
90.3
90.1
89.9
90.5
90.7
90.9
89.3
88.2
88.5
88.5
88.0
88.3
88.9
89.2
90.5
91.4
92.0
91.2
91.6
92.3
91.9
91.9
91.2
92.0
91.8
91.2
90.9
91.7
91.4
91.8
91.9
91.5
91.7
91.9
92.6
93.1
91.9
91.7
90.1
89.8
88.8
89.0
90.3
89.6
87.2
86.7
86.1
86.6
87.0
86.4
86.9
87.2
86.4
85.2
85.7
86.5
86.7
86.9
86.3
86.9
86.1
85.5
85.0
85.1
85.2
84.9
85.1
84.6
85.0
86.0
85.9
86.0
85.3
84.4
83.8
83.6
83.7
83.5
83.0
83.5
83.9
83.8
84.1
83.9
83.9
84.5
86.2
86.2
86.0
85.2
83.0
82.5
83.3
82.8
85.7
89.9
91.3
91.1
91.5
89.6
91.7
93.3
90.8
88.2
88.8
90.4
90.0
90.6
91.5
89.9
89.2
89.1
87.5
87.4
86.5
86.7
86.9
86.7
87.0
87.0
86.1
86.2
86.8
85.6
87.2
87.4
88.0
87.1
88.8
89.9
89.0
89.2
89.6
87.2
88.0
87.5
87.2
86.6
86.9
88.1
87.5
88.5
87.8
87.1
87.4
87.8
87.5
86.6
86.1
88.0
88.2
87.9
88.0
86.8
85.6
85.9
86.0
85.9
85.7
86.0
86.3
87.4
87.2
86.9
87.8
87.9
88.5
88.2
88.3
87.1
85.7
86.2
88.6
87.4
87.3
86.9
87.4
86.8
86.8
86.3
87.1
87.2
88.0
88.4
88.1
86.4
85.6
86.4
85.8
86.0
86.2
86.3
86.5
87.6
87.5
87.0
87.1
87.5
88.6
88.7
87.9
86.8
88.9
91.2
91.7
91.6
90.5
91.6
92.7
94.4
94.1
93.7
90.5
89.6
88.8
87.8
87.6
87.9
89.2
89.4
90.0
89.2
88.4
88.0
88.5
91.1
89.9
90.1
91.7
92.9
92.2
91.2
91.2
91.8
90.9
90.9
90.7
90.6
90.1
89.3
91.6
91.5
89.0
86.9
86.8
88.1
89.8
89.3
89.8
89.8
90.2
90.9
90.9
90.6
90.7
90.4
89.3
88.9
88.8
88.4
88.4
89.0
88.6
90.1
90.0
89.4
88.8
88.5
87.9
87.9
88.7
88.2
89.3
88.7
89.0
88.3
88.4
88.9
88.0
90.5
91.6
92.3
91.0
90.0
90.7
92.0
91.2
91.0
91.4
91.8
91.5
91.4
90.7
90.6
90.0
89.1
88.2
88.7
88.5
88.2
87.8
88.2
88.3
87.3
87.5
87.8
88.0
87.6
87.9
88.5
87.0
87.5
87.6
87.5
87.3
87.3
87.7
87.8
87.7
87.0
87.2
87.4
87.0
87.7
88.3
88.6
87.3
87.7
88.3
89.5
89.6
90.6
90.0
91.5
90.4
91.6
92.2
91.4
91.3
91.5
91.3
91.2
89.8
89.6
89.2
88.0
87.8
87.8
86.8
87.1
86.0
86.4
86.4
86.7
86.2
86.9
86.8
85.7
86.3
85.7
86.7
86.0
86.5
86.7
86.5
86.4
86.7
86.9
86.3
86.7
86.7
87.1
86.6
86.8
87.6
88.1
87.6
88.0
89.0
89.5
89.9
87.9
86.3
86.9
86.7
87.6
88.9
89.5
89.2
90.9
92.4
91.4
91.5
91.1
92.6
91.1
90.5
90.3
89.6
91.3
88.8
88.2
89.1
88.6
88.7
89.0
88.6
87.5
90.3
91.4
91.2
89.4
88.0
89.0
89.5
89.6
90.8
89.5
89.2
89.1
89.4
89.5
89.4
89.6
89.0
89.5
89.4
90.2
90.4
89.5
89.1
89.2
88.6
89.1
88.8
88.5
89.4
89.3
89.3
90.1
90.2
90.1
88.8
89.2
90.3
89.4
88.3
88.7
88.4
88.7
89.7
89.0
89.3
90.1
89.8
91.6
91.4
91.2
90.6
89.0
88.9
88.6
89.1
90.5
90.2
90.0
90.5
90.6
90.6
91.3
91.2
90.8
91.0
91.4
91.2
91.0
90.72
90.48
90.24
90.0
89.76
89.52
89.28
89.03999999999999
88.8
88.1
88.4
88.1
89.5
90.6
89.8
89.0
88.7
88.7
89.1
88.4
88.7
87.9
87.4
87.4
87.1
87.9
87.6
86.7
87.0
87.9
87.2
86.4
87.3
87.1
86.6
87.7
88.2
90.6
91.1
90.9
88.5
87.9
88.5
87.6
87.5
87.6
86.9
87.3
85.4
85.8
86.0
85.6
85.6
86.1
86.3
86.2
86.2
86.5
87.3
86.9
86.7
85.9
86.1
87.0
87.6
87.7
87.9
86.7
87.5
89.7
89.4
89.7
89.2
87.9
87.4
86.6
87.0
87.6
86.3
85.5
85.8
85.9
85.9
87.5
89.8
91.0
90.4
87.8
87.4
87.7
87.9
88.7
88.5
87.9
88.8
87.6
87.8
88.5
87.8
87.8
87.7
88.9
90.3
90.6
91.1
90.2
89.8
89.4
90.6
89.2
90.2
89.3
89.7
89.0
88.8
89.6
90.9
90.7
90.2
89.4
88.9
88.8
88.5
87.5
88.8
89.5
88.2
88.6
89.4
89.6
90.0
89.4
88.8
89.0
89.1
89.0
89.4
88.3
89.5
90.1
89.8
88.4
88.9
89.2
90.0
89.4
89.8
89.8
88.6
90.5
90.1
90.0
90.4
89.9
90.2
89.7
89.5
90.0
90.0
90.1
89.7
90.0
89.3
90.3
90.6
90.3
89.3
90.1
89.4
89.6
90.5
89.8
89.8
90.6
90.2
90.8
90.8
90.5
90.0
90.0
91.7
92.6
92.0
91.6
93.4
92.4
92.4
92.1
92.1
92.8
91.7
92.4
92.4
92.6
92.4
92.5
92.0
91.5
92.4
93.4
93.0
93.5
92.8
92.2
92.8
92.7
91.8
92.0
91.6
89.9
89.7
89.8
89.9
89.3
89.4
89.9
89.9
90.0
89.8
89.5
91.2
91.7
92.1
91.6
91.0
91.0
90.9
90.4
89.8
90.8
90.4
90.6
89.6
89.9
89.1
88.8
90.9
90.3
89.5
88.9
88.1
88.1
88.6
88.9
88.8
89.2
88.2
87.7
88.5
89.1
88.6
88.4
87.3
88.2
87.0
87.9
87.0
88.3
87.7
87.5
88.0
88.6
91.0
91.3
90.6
90.5
88.9
87.9
87.3
89.6
90.0
91.2
92.2
91.4
92.9
92.1
92.2
91.5
90.8
91.6
91.9
92.1
94.1
93.0
91.8
91.3
90.7
91.7
91.3
91.0
90.5
90.9
91.1
90.6
90.5
90.1
89.6
90.2
90.2
89.4
88.5
88.6
88.8
87.5
87.9
86.9
87.3
88.1
88.4
87.7
88.0
87.4
87.7
88.0
89.2
91.8
92.1
91.5
89.3
88.9
88.8
90.7
92.3
91.4
91.0
91.0
90.0
89.1
90.2
90.9
91.4
91.6
90.2
90.1
90.3
89.3
89.4
89.4
89.0
89.2
91.3
91.2
90.0
91.3
91.4
89.4
88.8
88.0
87.5
85.7
88.0
87.7
89.0
88.8
87.9
89.5
89.0
88.9
88.6
88.0
88.0
87.8
86.8
87.4
86.9
87.7
87.9
87.0
86.2
87.1
86.8
87.4
87.1
87.5
87.3
88.6
89.8
89.3
89.1
89.8
88.7
89.0
88.9
87.8
88.2
88.3
89.8
89.1
89.5
88.8
88.2
89.9
92.6
92.4
90.9
90.8
89.6
89.0
90.2
89.3
88.8
88.3
88.1
88.4
88.5
87.1
84.9
84.8
86.0
86.9
86.5
86.5
88.0
87.5
87.2
86.6
87.6
88.6
88.7
88.2
88.0
87.4
88.2
88.3
89.1
88.5
88.3
89.1
88.2
88.7
87.5
89.4
88.6
88.5
88.9
89.4
90.2
89.7
89.6
91.4
93.1
91.8
92.9
94.1
89.1
87.3
86.8
87.1
87.5
86.9
87.8
88.1
87.9
88.6
88.2
88.7
87.6
87.9
88.0
87.6
87.8
89.1
89.8
90.2
89.5
88.9
88.5
88.2
88.2
88.2
88.4
87.9
87.3
88.2
89.0
88.5
88.8
88.4
89.3
88.9
89.3
90.0
89.9
89.6
89.9
87.4
86.1
85.3
85.4
85.6
85.1
87.0
88.1
86.9
86.0
86.1
85.2
85.5
85.3
90.2
90.3
90.1
90.6
89.7
89.7
90.5
90.2
90.3
90.5
90.8
91.1
91.1
90.6
90.1
89.1
90.0
89.8
90.2
89.1
89.2
89.0
88.5
88.2
89.2
90.4
89.8
87.3
86.1
86.0
85.4
83.7
84.1
83.4
84.4
84.5
84.3
86.1
84.7
84.8
85.8
85.1
86.1
86.0
87.7
87.5
87.2
86.3
86.7
86.4
86.1
85.6
86.3
86.0
85.9
85.7
85.6
86.1
86.4
86.1
86.5
85.2
86.2
86.1
86.7
86.6
85.7
86.7
86.1
86.4
86.8
87.2
86.7
87.9
86.2
87.0
86.7
87.1
86.4
86.9
87.5
87.6
86.8
87.5
87.2
87.5
87.4
88.3
87.1
87.1
87.9
90.4
91.2
92.9
95.3
95.0
96.9
94.8
95.1
92.9
91.7
90.6
89.5
89.7
88.5
88.3
89.5
88.1
87.3
87.4
87.5
88.5
88.1
89.6
89.2
88.2
87.9
87.8
86.2
86.8
86.1
86.1
87.4
88.4
88.1
88.8
89.5
89.2
88.0
87.1
86.7
86.0
84.5
83.1
82.9
82.8
82.0
83.6
84.5
83.8
84.8
82.9
83.6
82.7
83.2
83.2
82.2
81.8
82.0
81.8
81.5
83.1
84.8
87.5
87.6
88.6
90.0
89.1
90.8
88.8
87.1
86.8
87.8
85.2
85.5
85.4
83.5
83.5
85.1
84.8
84.2
86.0
87.6
85.8
85.8
85.0
84.9
85.5
88.6
88.7
88.1
85.3
83.4
83.8
84.3
86.1
85.6
84.4
83.2
82.6
83.3
82.9
83.2
81.7
83.5
81.4
81.1
81.2
82.0
83.0
85.0
85.6
83.3
83.6
81.8
81.2
80.6
80.2
80.7
80.5
80.2
79.1
80.0
79.6
79.6
79.2
78.9
79.4
81.0
80.3
80.4
82.0
83.5
83.6
84.0
84.4
84.9
85.7
86.1
87.8
86.1
84.4
80.9
82.9
82.0
82.7
83.3
84.2
82.5
82.1
81.6
81.9
83.3
83.7
81.9
83.4
82.2
82.8
81.9
81.0
80.8
80.8
81.3
81.9
81.5
81.3
82.2
82.7
82.7
83.5
83.5
85.0
85.0
84.4
85.9
82.0
82.4
81.4
80.8
81.5
80.8
80.6
81.1
81.5
82.4
82.1
86.9
85.2
82.9
83.5
83.5
85.8
83.8
86.0
85.3
85.9
86.0
85.8
85.7
87.4
86.4
87.3
86.8
87.7
87.7
89.0
87.5
88.1
88.6
88.8
90.0
91.3
91.7
90.7
91.0
90.5
90.5
90.2
90.2
89.4
88.5
90.5
90.1
88.8
89.2
89.4
88.8
87.8
87.9
87.7
88.2
87.2
87.1
85.7
86.4
87.5
85.9
85.1
84.7
84.5
83.7
84.3
83.6
85.5
83.1
82.8
82.4
82.3
81.1
80.1
80.8
82.7
89.1
86.1
86.0
84.5
85.0
84.8
83.6
84.3
87.0
87.6
87.0
85.7
84.2
87.0
84.7
84.5
85.5
85.0
87.0
88.2
87.3
85.3
84.5
87.4
84.7
86.1
86.5
87.2
85.6
86.5
89.4
88.5
87.2
85.3
87.0
87.8
86.8
87.8
87.5
87.2
85.4
85.3
84.3
85.1
83.7
83.2
83.5
85.0
85.3
84.6
84.7
85.1
85.0
86.0
85.6
86.1
88.5
88.3
87.3
86.8
87.3
87.1
87.9
89.3
89.6
86.0
84.1
83.8
84.3
85.4
83.7
81.8
81.8
82.6
83.5
83.8
83.2
82.9
84.2
82.2
82.3
82.8
84.2
82.8
82.7
81.8
81.8
83.1
83.7
85.1
83.3
82.8
82.6
82.2
82.2
83.1
82.0
83.7
83.4
83.3
83.2
83.5
84.1
84.3
83.5
84.3
84.9
84.2
83.7
85.0
83.5
84.0
81.3
81.6
83.9
85.1
84.0
84.3
84.7
84.6
84.5
82.1
82.8
83.5
83.2
86.9
87.5
88.1
87.4
85.8
86.6
86.2
86.4
85.6
86.3
85.7
85.2
85.1
86.8
85.2
83.1
82.7
80.9
84.2
84.6
84.6
83.0
81.2
80.0
80.8
83.7
82.2
80.8
81.2
80.3
80.0
80.0
79.9
79.4
79.3
78.5
78.5
78.6
78.8
80.3
82.2
84.1
84.7
85.3
84.5
83.5
85.3
84.8
85.1
84.3
84.0
81.2
81.4
80.6
80.5
80.7
83.2
84.5
84.9
83.9
84.4
80.9
80.5
81.5
81.1
81.0
79.3
80.5
79.5
79.4
82.6
80.4
81.2
80.4
79.6
80.7
82.1
85.6
86.3
85.0
84.7
85.1
87.1
83.5
82.7
80.0
81.4
80.2
80.0
79.0
79.3
79.1
80.4
81.3
81.3
81.5
79.9
80.4
77.2
78.4
77.7
78.2
79.0
79.8
78.9
79.0
79.6
80.2
78.8
78.5
78.6
78.7
78.7
80.0
82.7
84.2
87.2
85.0
83.6
81.7
82.0
80.0
80.4
80.6
77.9
78.6
78.4
81.0
79.4
78.6
84.0
83.2
84.0
84.5
86.8
87.4
86.1
86.6
86.5
85.4
83.7
82.2
81.1
82.7
83.9
84.6
84.3
84.4
86.2
86.7
86.2
85.3
83.6
85.0
85.6
86.1
82.6
82.8
83.1
83.2
84.3
88.0
83.9
82.7
83.1
82.9
83.4
82.9
83.2
83.3
83.4
83.2
83.2
84.7
85.1
85.9
86.1
86.0
87.0
92.4
90.3
90.4
87.9
86.7
85.9
86.3
89.7
89.4
86.7
86.8
86.4
85.3
84.4
84.0
83.3
84.3
83.9
82.5
82.4
84.2
84.5
82.3
82.6
81.9
84.2
81.6
83.3
83.7
81.8
83.9
83.5
82.1
84.0
83.5
83.2
83.6
84.4
83.8
84.1
82.9
84.0
83.4
84.0
83.7
83.4
84.0
84.6
83.8
83.5
83.9
84.1
84.3
86.0
85.8
85.1
84.7
84.6
85.5
84.7
89.3
91.6
93.4
93.7
94.9
95.8
93.4
91.2
89.3
90.3
89.9
89.8
89.8
93.4
89.5
89.9
89.0
90.0
88.2
86.3
85.4
85.2
85.4
85.6
85.7
85.5
85.3
86.0
84.7
84.5
87.6
85.8
84.5
85.8
86.8
85.6
85.3
85.1
84.3
85.8
85.8
86.9
84.9
86.4
86.1
86.7
85.3
83.9
82.9
83.2
86.6
86.7
86.0
85.2
86.3
85.1
84.9
84.5
83.9
82.9
84.2
86.2
83.7
84.3
84.3
84.3
86.7
86.4
85.8
84.5
84.6
89.4
86.9
89.8
86.5
87.2
87.2
89.1
90.3
87.5
85.8
85.1
90.4
93.7
90.0
88.2
89.0
88.9
90.4
88.2
86.0
85.9
86.6
85.7
85.1
89.7
93.3
92.6
91.1
89.9
89.3
89.3
89.1
87.7
88.4
92.2
88.2
90.0
85.8
84.7
84.7
85.6
84.9
84.9
83.8
83.2
83.0
82.4
81.5
81.9
81.6
81.7
83.4
84.1
83.0
84.2
82.4
83.5
84.6
84.5
84.3
84.9
85.7
86.6
85.7
86.6
85.9
87.6
84.7
86.7
84.9
85.5
86.5
84.7
84.1
83.5
84.4
91.5
88.6
86.1
85.4
83.8
82.2
84.1
87.6
82.6
81.1
81.7
81.5
81.8
81.8
82.4
82.4
82.3
82.0
82.8
82.3
83.0
83.0
83.2
84.3
87.3
89.9
88.7
88.1
87.4
85.7
85.7
85.2
86.2
86.3
86.1
85.8
85.8
87.5
87.2
87.5
89.1
87.5
87.5
87.6
89.1
87.3
87.3
86.4
86.4
85.9
85.1
85.2
84.7
84.8
85.1
83.8
83.7
83.8
84.5
84.8
84.1
84.4
85.1
84.7
84.0
86.5
85.6
85.3
85.5
84.3
85.8
85.5
84.9
85.3
85.3
87.6
89.1
89.5
90.8
92.0
92.4
92.1
91.6
91.2
91.9
92.1
94.5
98.0
94.9
95.2
91.9
91.2
89.5
89.4
89.5
90.4
94.4
92.7
90.3
88.9
88.4
87.7
88.4
88.5
88.0
88.0
86.8
87.2
88.2
89.0
90.3
92.6
91.3
89.8
89.1
88.4
87.8
88.4
88.7
89.0
87.5
87.1
87.2
88.1
88.7
88.4
88.8
88.7
89.6
93.5
90.2
86.9
90.0
89.9
89.8
89.7
89.6
89.5
89.4
89.3
89.2
89.1
89.0
88.3
88.4
88.7
87.7
86.3
87.2
89.6
89.6
89.0
88.3
88.3
88.5
89.7
88.5
88.1
87.9
87.9
87.5
86.8
87.4
87.2
87.9
87.1
87.8
88.3
88.6
87.0
86.8
86.2
87.0
87.6
88.6
88.7
87.4
88.6
88.5
88.6
88.2
88.4
88.6
87.6
89.3
88.9
87.6
87.2
88.8
88.8
89.8
90.5
92.6
90.6
91.7
88.9
89.4
88.4
87.7
89.5
91.7
92.0
91.5
92.2
90.0
88.0
87.4
86.8
86.2
87.3
88.9
87.4
89.5
88.8
87.4
86.8
87.3
86.9
87.9
88.7
88.3
88.7
88.9
88.0
88.5
88.0
88.1
87.6
88.1
88.1
88.8
88.3
88.8
88.7
88.3
90.7
90.2
89.3
88.1
88.6
89.8
89.0
88.8
88.7
88.8
88.1
89.1
88.4
88.1
87.6
87.2
86.5
87.5
87.8
88.0
90.8
91.1
91.5
91.9
92.2
91.8
94.1
92.0
95.1
97.0
95.3
93.9
96.3
90.9
94.8
95.3
94.2
91.1
92.5
92.4
92.4
91.0
91.3
93.2
93.7
93.8
92.6
93.4
92.8
92.6
91.6
93.3
92.6
92.8
93.3
93.4
93.1
92.4
93.7
92.7
93.5
93.0
93.7
93.9
95.4
92.3
93.3
91.4
91.4
91.1
91.3
91.5
91.5
92.0
92.1
92.3
93.1
94.8
93.6
94.8
91.8
90.4
90.1
89.7
89.4
89.5
89.0
88.7
89.7
90.7
90.9
90.4
91.3
92.5
92.9
90.9
90.8
90.9
91.5
91.3
91.5
92.8
92.7
93.0
92.3
92.7
92.2
93.0
93.8
90.5
90.6
91.3
93.7
95.1
92.6
93.7
93.7
93.7
92.8
91.1
94.1
92.3
93.6
91.9
90.7
92.2
92.1
91.0
90.6
89.9
89.0
89.8
89.5
88.6
89.4
89.9
88.8
89.3
91.7
91.4
91.7
92.8
94.4
94.8
95.0
93.7
91.6
93.1
93.0
94.0
93.4
93.1
92.7
92.8
93.3
92.6
93.5
92.5
91.5
91.9
92.8
93.2
92.3
92.2
95.9
96.2
94.5
94.2
93.7
94.3
94.7
94.7
95.5
92.8
91.2
92.1
92.8
92.8
92.3
92.5
92.0
92.2
90.9
91.3
91.0
91.2
90.8
90.8
91.9
91.4
92.0
92.7
92.4
92.6
92.2
92.9
93.0
91.7
91.9
91.6
92.1
92.8
93.3
92.2
92.2
92.1
91.4
91.8
92.1
90.3
89.2
91.3
90.6
91.4
92.8
92.0
92.4
93.6
92.1
91.9
90.5
90.9
92.1
92.7
90.9
91.8
91.9
92.8
92.4
90.7
91.2
91.8
91.0
92.1
93.2
95.8
100.8
99.6
98.8
97.3
98.3
99.3
98.7
97.1
97.6
99.1
95.9
94.1
95.4
94.3
93.9
94.5
94.9
95.3
93.2
92.6
93.0
92.5
94.2
93.2
94.5
94.3
94.0
93.1
93.3
93.8
93.1
93.4
92.9
92.9
93.8
94.3
94.6
94.2
91.3
91.6
91.9
91.5
91.6
90.2
90.7
90.8
91.6
90.1
90.3
91.2
93.2
97.9
99.8
97.3
95.6
94.6
94.6
95.1
95.2
94.2
95.7
96.5
95.8
96.2
94.8
94.3
93.3
95.3
92.5
91.6
98.7
98.5
95.3
93.1
92.6
91.7
92.3
93.2
96.3
97.1
95.0
95.5
95.6
95.4
94.4
94.1
96.6
96.1
95.6
97.6
94.1
96.9
96.2
96.3
94.6
94.1
94.1
92.7
93.3
93.4
93.8
94.8
95.1
95.3
94.4
93.8
95.6
96.3
95.8
95.7
95.8
94.4
95.0
95.9
98.3
98.2
97.0
98.1
97.5
98.3
97.8
97.2
94.5
93.9
94.4
93.7
94.2
93.8
94.6
96.3
93.3
93.3
93.8
94.2
95.8
95.3
94.7
94.9
96.3
93.9
95.2
94.9
91.1
95.4
95.1
92.7
95.2
96.9
96.9
97.1
95.8
95.8
96.1
95.7
94.4
95.1
