105.0
106.0
104.3
105.9
104.6
101.6
106.0
106.2
107.4
107.8
108.3
107.1
106.5
105.4
105.6
106.6
107.1
106.0
106.9
106.5
107.3
106.8
106.6
106.5
106.5
105.9
106.3
105.9
106.2
106.1
105.8
105.0
106.3
104.8
105.5
105.0
103.7
104.4
104.0
102.6
102.0
104.1
103.3
103.5
102.7
101.4
100.3
99.4
101.8
101.4
101.8
103.3
104.4
104.2
103.4
104.1
102.2
102.9
102.9
103.3
103.8
104.9
104.6
104.5
104.9
104.0
106.1
105.6
106.3
107.7
107.1
110.2
109.3
110.6
109.2
108.5
108.4
108.9
107.8
108.4
106.5
108.8
109.3
108.3
112.4
110.0
108.7
109.9
111.1
109.5
110.7
112.6
113.4
113.2
114.1
113.2
112.8
112.7
112.0
112.2
112.1
110.3
111.4
111.5
111.8
113.3
112.7
113.8
115.0
114.2
115.0
114.4
114.7
113.7
112.8
110.2
110.6
110.4
109.7
111.3
112.6
115.7
114.3
113.5
115.3
113.6
113.7
113.5
110.8
113.3
113.6
113.9
115.1
114.4
115.5
114.2
114.3
112.1
112.0
114.4
116.4
117.7
118.1
116.7
118.2
117.4
117.1
118.7
118.6
119.4
118.5
114.9
117.0
119.7
119.5
119.2
120.6
120.3
118.2
119.1
122.1
122.4
120.8
122.1
122.3
125.1
124.6
124.5
123.7
125.3
124.6
124.9
125.1
124.1
121.6
120.1
119.6
119.0
119.1
118.4
118.2
117.6
118.8
118.4
118.3
118.2
118.1
117.4
117.5
118.1
120.9
120.3
118.8
119.2
118.6
120.2
121.1
120.0
118.0
121.5
121.7
122.2
118.6
118.5
120.1
119.2
120.5
122.4
123.3
124.8
124.3
124.0
124.3
124.6
125.5
125.6
126.0
125.1
126.9
127.0
125.1
125.6
126.4
127.2
126.9
127.2
128.0
126.8
126.3
123.0
124.0
122.9
121.8
119.9
118.9
118.0
117.2
116.6
115.0
114.8
114.5
113.6
111.5
112.2
113.2
113.4
113.6
114.0
116.0
116.8
115.8
118.1
117.3
120.8
120.5
120.3
116.1
115.4
115.0
114.0
113.8
112.5
112.4
112.2
111.4
111.2
110.9
111.0
110.5
110.8
110.1
110.2
108.2
109.4
109.6
109.3
109.3
110.0
109.7
110.0
109.5
109.4
109.4
109.3
109.0
108.9
109.2
108.8
108.7
108.5
108.8
108.5
108.2
106.5
101.7
105.8
107.2
107.1
108.4
108.7
108.4
108.4
108.6
108.4
108.7
107.6
108.2
107.9
108.0
108.1
107.4
106.7
107.0
107.7
107.5
107.5
109.7
109.6
108.4
108.7
107.3
106.9
106.9
106.0
106.1
105.9
105.5
105.8
106.1
106.2
105.9
106.2
105.9
105.9
105.1
105.9
106.5
106.4
106.0
105.5
106.3
106.8
109.6
109.0
108.3
108.7
108.8
109.6
110.8
111.4
112.6
114.8
110.8
115.2
114.6
112.8
111.7
111.6
111.6
111.7
107.7
109.2
109.1
107.6
108.4
110.6
110.6
113.7
113.2
111.4
110.7
111.7
110.7
107.2
101.7
100.6
105.6
105.0
105.1
105.4
102.6
98.4
103.4
104.0
103.5
103.5
101.8
102.6
102.8
102.4
102.6
103.8
101.9
102.1
103.0
101.1
100.4
101.7
103.5
103.6
103.2
100.0
104.9
103.6
105.6
104.7
103.9
104.5
104.5
107.1
102.9
106.4
104.4
104.7
105.2
103.3
102.2
100.7
104.0
103.1
106.0
105.2
108.0
107.5
103.1
103.6
107.4
105.4
106.1
103.6
104.0
104.8
102.1
98.6
101.1
99.2
105.1
106.3
101.6
99.7
98.7
97.2
97.0
97.9
97.8
99.0
98.5
97.1
96.0
96.2
96.1
96.2
96.4
96.1
96.2
96.5
97.0
96.0
97.0
97.1
97.5
98.2
97.6
98.0
98.0
98.1
98.2
98.5
98.9
97.9
99.0
98.0
98.2
99.3
99.0
98.7
101.6
103.8
100.0
99.6
99.2
98.0
96.1
97.1
95.4
96.3
95.7
96.6
98.0
96.7
100.7
100.5
99.9
99.6
101.2
101.6
101.3
101.6
100.8
101.6
102.3
102.1
103.8
103.4
102.9
102.5
102.3
101.4
99.0
102.0
104.5
101.5
101.5
105.7
106.1
103.7
100.0
92.5
88.0
93.8
100.7
106.3
105.7
106.0
109.8
109.0
106.0
105.1
104.2
101.3
101.2
104.0
102.7
102.8
102.9
101.7
101.8
101.6
102.6
101.9
100.9
101.5
105.6
102.7
102.3
102.3
104.2
105.6
104.5
104.5
102.8
104.7
102.4
102.8
102.2
101.5
102.5
102.8
101.8
103.2
105.2
102.5
102.2
102.0
100.0
101.6
101.4
100.1
101.6
101.2
101.1
101.3
100.8
101.0
100.2
99.5
99.9
100.3
99.6
99.3
100.2
103.3
103.5
103.0
101.7
103.2
102.6
101.4
103.1
102.1
102.0
102.5
102.0
98.9
93.9
95.5
97.5
97.6
95.3
100.4
102.8
101.9
101.2
101.0
103.6
101.8
105.2
105.2
105.7
108.0
106.8
103.4
105.7
101.7
101.8
103.0
100.6
100.9
103.6
105.2
107.0
104.1
109.8
108.4
108.6
104.9
105.8
102.0
101.0
100.2
99.5
99.6
101.0
101.3
106.6
108.1
106.4
105.0
107.9
101.5
99.8
96.8
98.7
98.5
98.7
98.3
98.5
97.9
98.3
98.5
98.6
98.4
98.3
98.2
97.8
97.6
98.1
99.1
97.9
97.5
97.6
97.2
98.0
97.1
98.0
97.6
97.2
97.1
96.9
96.8
97.0
98.1
94.3
97.4
93.5
96.9
96.3
96.6
96.5
95.2
96.8
96.9
96.1
96.6
95.7
95.9
95.8
95.6
95.9
95.4
95.4
95.1
95.4
95.6
95.5
95.3
95.7
95.0
94.9
96.2
95.9
97.2
98.8
99.0
99.6
100.1
100.4
99.5
100.5
98.7
97.8
100.7
98.6
98.6
100.6
99.1
98.4
99.2
96.2
98.3
96.5
96.0
95.2
93.7
93.7
94.0
92.4
92.7
92.8
93.4
93.6
93.8
94.3
92.1
90.1
90.5
94.2
94.9
95.4
91.5
92.0
92.7
94.3
94.5
95.2
94.5
93.2
93.5
94.1
93.7
92.3
91.3
90.8
89.9
89.9
91.1
90.2
90.8
90.8
91.9
91.8
91.4
91.4
91.3
91.2
92.6
92.0
90.3
89.9
88.9
89.6
90.7
89.6
89.6
89.5
89.5
90.4
89.2
89.4
88.8
88.4
88.7
88.4
88.3
89.8
88.8
90.2
90.2
89.9
90.3
90.0
90.2
90.2
89.4
89.4
89.2
88.5
89.6
89.2
88.9
89.2
88.6
88.2
88.4
88.1
88.0
88.0
88.2
87.7
87.9
88.3
88.2
88.3
89.1
88.7
88.2
88.3
88.1
88.3
88.1
87.9
87.6
88.5
87.4
89.3
87.9
88.0
88.2
87.8
87.8
87.4
87.6
87.5
88.5
87.1
90.5
88.0
88.0
87.3
87.7
87.8
88.2
88.2
88.1
87.7
88.0
87.5
93.5
90.0
91.3
93.0
93.5
94.4
98.9
95.8
95.6
94.6
94.6
93.9
93.7
93.3
92.6
93.4
91.5
92.7
94.2
95.2
94.4
93.4
93.4
92.4
91.9
92.2
92.6
92.3
92.2
91.5
91.3
93.4
93.0
91.7
91.4
91.0
92.0
93.0
91.2
91.8
91.9
92.5
91.5
91.3
91.3
91.4
91.3
91.3
92.0
91.9
92.1
94.8
95.2
100.6
99.9
96.9
98.6
97.2
97.2
96.5
96.2
95.8
99.9
111.5
97.8
101.4
97.9
95.3
95.6
97.5
98.0
99.3
103.6
108.2
105.7
103.2
103.5
98.3
95.4
94.1
93.8
93.4
94.2
93.7
93.7
93.8
93.6
93.3
93.1
92.7
93.1
92.5
93.3
94.3
92.6
92.3
91.8
91.9
91.7
91.7
90.9
93.1
93.3
93.8
91.6
92.2
92.2
97.4
96.7
96.4
96.1
94.1
95.8
94.8
94.6
94.6
99.1
96.5
96.9
102.6
103.4
103.5
103.5
102.2
98.6
101.3
99.9
101.3
102.1
99.9
105.2
101.9
102.9
105.2
106.6
110.1
107.0
100.9
103.6
107.5
104.6
106.2
106.0
101.0
98.1
97.1
96.2
95.2
94.6
95.2
95.6
98.8
102.5
102.0
102.6
98.2
102.2
97.7
96.4
94.6
96.5
94.7
98.2
101.0
97.8
97.8
98.9
95.2
99.2
97.6
101.3
101.7
99.3
102.9
99.8
97.8
99.3
99.7
101.2
100.1
104.6
107.1
102.8
104.9
103.5
102.4
101.8
105.5
107.6
104.9
103.3
102.8
100.2
100.4
103.4
102.9
101.8
100.5
98.3
97.7
96.9
96.6
97.2
98.1
103.4
105.0
107.2
107.3
103.3
98.8
99.5
99.5
101.1
103.8
108.6
110.5
111.3
112.0
112.5
107.4
110.3
108.3
108.7
106.0
104.1
106.6
101.3
100.1
99.6
100.5
107.0
109.7
109.9
111.1
106.7
107.3
106.0
106.4
109.6
109.2
111.0
114.5
115.4
116.3
116.3
115.2
115.8
114.1
110.5
111.8
114.2
116.1
111.3
114.2
114.2
115.1
111.5
115.8
116.1
109.4
107.4
105.5
103.4
104.3
101.8
103.8
103.8
103.5
103.8
103.4
103.2
104.4
104.7
104.8
105.9
108.6
108.3
109.3
107.5
106.4
108.0
110.5
111.3
109.0
111.3
113.1
112.3
111.4
108.5
110.8
108.5
110.7
113.0
113.2
115.1
115.8
117.8
114.8
112.6
116.7
117.3
114.2
116.0
114.0
118.7
120.1
118.2
120.3
118.9
118.5
119.2
122.6
120.7
123.7
126.5
125.5
124.8
122.9
122.7
123.3
123.8
123.3
127.4
127.7
129.5
130.1
131.1
131.2
132.1
132.1
126.6
120.0
125.1
127.0
129.1
129.8
129.6
129.4
125.1
120.3
120.9
119.0
118.5
117.8
117.4
114.4
114.3
115.0
116.0
115.4
115.2
115.4
117.2
117.6
117.0
117.2
117.8
119.1
117.9
117.9
117.4
117.4
123.3
123.6
123.3
123.2
120.5
119.3
122.0
119.3
118.0
116.7
116.2
115.5
114.5
113.8
113.5
113.3
113.3
112.7
112.2
112.4
112.0
111.9
111.8
111.7
111.2
110.9
111.5
111.2
111.2
111.4
111.1
110.8
110.7
111.3
111.3
111.5
113.0
114.2
116.0
122.3
120.0
121.2
123.2
124.8
125.8
123.5
127.3
128.5
133.0
135.6
130.2
131.2
131.7
129.6
128.1
129.3
129.9
132.7
138.0
140.2
141.5
141.2
141.4
139.3
138.1
137.0
132.7
129.9
128.0
126.9
126.1
125.9
125.6
125.5
123.3
121.8
122.1
122.7
122.1
122.8
121.7
121.6
122.2
122.6
122.1
121.0
121.4
121.0
120.6
120.2
120.0
119.3
119.1
118.4
118.4
117.7
117.5
116.2
116.2
116.2
115.4
115.0
114.8
114.6
114.5
114.1
113.6
113.0
112.8
112.5
112.2
112.4
113.1
113.1
112.3
112.1
112.3
112.1
112.0
112.1
112.1
111.9
112.1
112.2
112.4
112.0
112.4
112.4
112.7
112.4
112.8
112.9
112.9
113.2
113.2
113.3
113.6
113.8
114.1
114.5
114.9
115.6
116.7
115.7
114.7
114.6
114.1
113.8
113.9
114.0
114.2
114.0
114.0
113.7
113.6
113.8
113.9
113.9
113.9
113.8
113.8
113.8
114.2
114.1
114.1
114.2
114.4
114.1
114.3
114.5
114.6
114.7
115.3
115.4
115.4
115.9
116.4
115.9
116.2
115.8
116.6
116.3
116.1
115.9
115.8
115.6
115.4
115.2
115.0
115.1
116.2
116.7
117.4
119.8
118.3
117.1
116.0
115.2
114.6
114.4
114.3
114.0
114.6
115.0
115.0
114.3
114.1
113.8
113.9
114.7
114.4
115.5
116.8
116.1
116.2
117.4
117.9
117.6
117.9
118.1
117.5
117.2
116.4
116.7
117.5
116.6
116.8
117.4
117.1
116.1
115.2
114.5
114.2
113.7
114.4
113.4
113.2
112.9
113.5
113.4
113.7
113.1
113.2
112.8
113.7
112.3
112.6
112.8
111.1
110.0
109.0
109.5
109.0
109.0
108.6
109.0
109.2
108.4
108.1
108.7
111.6
111.6
111.1
115.3
112.5
111.0
111.7
110.7
110.4
110.6
110.2
109.9
111.1
111.1
112.7
114.9
116.2
116.7
115.9
115.9
115.7
115.3
115.6
115.1
115.2
114.7
115.0
114.2
114.1
114.1
114.2
114.3
113.4
113.6
113.8
113.6
113.1
112.7
113.0
112.6
112.5
113.1
113.1
112.6
112.2
112.3
112.2
111.9
112.5
112.3
112.4
112.8
112.7
113.0
112.5
112.1
112.2
112.1
112.1
111.9
112.4
112.5
112.5
113.0
112.8
114.3
116.1
115.9
116.7
118.4
124.4
126.4
126.5
128.5
125.3
122.4
120.8
119.1
117.2
117.0
115.3
113.9
113.3
112.6
112.1
111.9
111.1
111.1
111.7
110.8
110.6
109.5
109.6
109.4
108.2
108.3
108.6
108.1
108.4
108.0
109.1
112.8
114.7
114.5
112.3
112.4
114.4
115.0
113.4
115.1
115.6
115.2
115.6
115.0
113.6
113.8
114.0
113.6
111.3
113.9
112.3
112.0
112.8
111.9
111.6
111.9
111.9
111.5
110.7
109.9
109.4
109.0
109.6
110.0
110.3
110.9
110.9
111.0
111.1
111.6
110.7
110.5
112.2
112.1
114.1
117.0
115.1
114.7
115.3
115.4
114.4
115.5
114.3
113.5
112.2
115.6
115.5
114.3
112.8
112.8
112.0
111.6
110.9
110.7
110.3
110.3
110.5
110.0
109.9
110.4
109.8
109.3
109.0
110.0
108.8
108.7
108.8
108.1
108.9
108.5
109.6
108.4
109.1
109.5
110.9
109.5
109.6
114.4
118.9
114.6
115.3
112.3
111.3
111.3
110.5
110.3
110.9
109.7
109.1
108.7
108.8
108.6
108.8
108.6
108.9
110.8
110.3
109.1
108.9
115.8
117.3
114.3
113.8
112.5
111.1
110.3
108.6
108.9
109.2
109.1
108.9
108.7
108.8
109.0
109.5
108.6
108.8
108.9
108.4
109.6
108.4
108.0
108.3
107.8
107.9
107.6
107.1
107.7
108.6
107.6
108.2
108.0
109.9
112.5
111.4
110.1
109.1
108.9
108.5
107.9
108.1
108.8
108.9
109.4
111.1
111.2
109.6
112.4
112.1
110.4
111.7
110.8
110.1
110.3
109.5
109.3
109.0
108.6
108.4
108.6
109.0
110.0
110.4
112.2
110.6
110.9
109.6
109.9
109.5
109.2
109.3
109.0
108.8
108.7
108.5
109.1
109.3
109.2
108.9
111.0
112.2
113.1
113.9
113.7
115.6
120.8
116.1
119.4
118.5
116.6
115.7
117.4
117.9
117.4
118.2
116.1
116.4
115.8
116.6
115.9
117.2
116.2
115.3
114.1
113.6
112.5
112.3
111.5
110.7
112.5
111.4
110.9
110.1
110.0
109.9
112.3
112.9
116.5
116.7
114.4
112.9
111.5
110.4
109.8
109.1
108.4
108.5
108.7
107.4
107.6
106.7
107.7
108.4
107.0
107.1
106.9
106.1
105.9
105.6
105.8
105.2
105.1
105.3
104.6
104.2
104.3
104.5
103.7
103.3
103.0
102.2
101.8
101.6
102.1
102.3
101.6
101.7
101.9
102.0
102.6
102.3
103.0
103.4
103.6
104.4
104.1
104.8
104.1
104.7
104.6
104.7
104.1
104.4
105.3
105.7
107.9
107.7
110.2
111.7
107.5
105.7
105.9
104.2
103.3
102.6
102.3
101.8
101.5
100.5
100.4
100.4
99.9
100.1
99.5
100.4
101.2
100.6
101.3
100.5
100.1
99.6
99.0
98.9
97.9
97.6
97.4
97.3
97.2
96.7
96.9
96.9
96.6
96.6
96.2
96.3
96.4
96.6
96.4
96.3
96.4
96.8
96.8
96.6
96.9
97.0
97.2
97.5
97.3
97.5
98.0
98.5
98.6
99.7
102.0
101.7
101.6
101.1
101.3
101.1
100.4
101.1
101.5
101.6
101.0
100.7
100.3
99.3
99.2
99.5
98.9
98.8
99.1
100.3
100.8
101.7
101.7
101.6
100.6
100.5
100.2
99.7
100.9
100.7
99.8
100.2
100.0
100.0
99.7
99.6
99.8
99.8
100.2
99.5
100.0
99.6
99.8
100.5
100.0
101.0
99.5
100.3
100.5
97.7
96.3
95.4
94.9
94.6
95.5
95.8
96.0
95.6
95.6
95.7
95.4
96.3
94.1
94.1
95.7
96.1
96.6
96.7
96.8
96.9
98.5
97.7
97.7
98.6
98.6
99.2
98.9
100.4
99.8
100.1
99.7
100.5
100.3
99.5
99.0
99.6
99.4
99.2
98.8
99.1
98.8
98.0
98.4
98.4
98.7
97.7
98.2
98.6
99.0
98.9
99.5
99.4
101.8
106.5
106.4
105.5
105.9
108.0
104.6
112.2
112.3
112.0
111.5
118.2
116.5
119.7
120.0
120.4
115.0
115.7
113.9
112.0
111.4
117.5
108.3
115.8
112.4
113.4
110.0
110.1
108.1
107.1
110.2
110.8
109.9
109.6
112.0
104.7
108.0
102.0
104.1
114.1
100.5
100.8
100.6
100.3
99.8
99.1
98.5
97.0
98.5
97.1
96.2
97.7
97.0
100.6
100.1
102.2
100.8
101.0
103.1
106.3
110.3
110.7
112.2
112.1
112.1
109.2
106.7
106.7
104.3
109.2
108.1
108.5
108.2
106.9
109.5
106.8
106.2
105.4
103.6
104.7
100.6
102.6
97.9
104.3
99.6
98.0
97.6
98.5
97.9
98.8
98.7
100.3
99.7
99.4
100.2
99.5
99.4
98.9
99.5
99.3
99.2
99.3
99.9
100.9
100.0
99.4
100.0
100.4
101.1
104.1
103.6
104.5
105.4
104.3
104.6
103.8
103.7
103.4
102.2
101.9
101.7
100.9
100.4
99.9
99.7
99.5
99.2
99.5
99.0
99.3
99.8
98.8
99.0
99.4
99.0
98.8
99.0
98.8
99.1
98.9
99.2
98.8
98.8
99.6
99.8
98.7
99.0
99.0
99.1
98.6
98.7
98.8
99.9
99.5
99.9
101.1
101.9
103.1
106.0
108.3
108.6
107.8
108.4
106.9
104.2
108.7
104.9
101.3
103.9
103.6
100.2
102.6
102.3
102.0
101.8
101.8
100.4
100.9
102.0
100.3
101.1
100.0
100.4
100.8
98.3
99.4
99.6
99.4
100.7
100.6
102.8
104.8
102.2
104.4
103.3
108.7
110.8
108.2
105.5
109.5
103.7
111.2
103.1
109.0
107.3
110.3
110.7
110.7
118.3
120.4
111.7
103.0
118.0
113.6
115.3
112.1
104.6
102.4
102.3
101.7
101.0
100.3
103.5
103.5
101.1
98.5
98.2
97.8
96.2
99.4
96.7
97.6
98.0
98.1
99.0
98.9
99.3
98.9
98.7
98.1
98.0
97.3
96.9
96.3
95.5
95.9
95.3
95.5
95.3
95.1
95.3
95.0
94.7
94.4
95.2
94.3
94.0
93.7
94.2
94.5
93.5
92.8
92.4
92.0
91.6
91.5
91.7
91.7
92.0
91.5
90.9
91.3
90.8
90.7
90.7
90.3
90.5
91.2
90.3
91.2
91.1
91.2
90.6
90.9
90.4
90.2
90.1
89.8
89.5
89.5
89.5
89.3
89.4
88.8
88.9
88.8
88.5
88.6
88.6
88.6
88.8
88.2
89.1
88.8
88.4
88.2
88.3
88.9
88.4
87.9
87.5
88.0
87.7
87.8
87.8
88.1
88.7
88.1
87.2
88.6
87.5
87.6
87.0
87.0
87.9
88.0
87.3
87.6
87.6
88.2
88.1
87.9
88.6
88.5
87.8
87.5
87.9
87.5
87.6
88.4
87.8
88.4
88.3
87.8
88.3
88.5
89.1
89.0
89.1
88.8
88.9
89.2
88.6
88.9
89.1
90.1
91.7
91.8
91.8
92.5
92.8
92.7
93.3
93.7
93.7
93.5
93.9
94.0
93.7
94.7
93.4
95.1
94.9
95.8
94.6
93.8
92.9
93.1
92.0
91.5
91.5
91.6
92.3
91.5
91.8
91.2
90.9
90.0
89.8
90.4
90.7
89.0
89.4
89.9
92.1
92.0
91.4
90.9
90.5
90.8
90.7
90.7
90.6
91.5
91.3
91.3
91.4
91.6
91.8
91.2
91.1
90.3
90.3
89.9
89.5
89.1
89.6
89.4
88.8
89.0
89.5
91.3
92.5
90.2
91.8
93.3
90.6
92.1
91.0
92.5
90.6
90.9
91.8
91.2
91.7
90.8
91.4
90.5
90.4
91.0
93.1
92.8
92.8
93.2
94.0
93.9
94.3
93.7
94.2
93.9
93.7
94.2
93.7
94.7
94.2
93.5
92.9
93.3
93.3
92.9
93.7
93.4
94.0
94.0
93.4
93.5
92.5
92.1
92.5
91.9
91.8
91.9
91.0
91.1
90.6
91.4
91.2
90.6
90.9
91.3
91.1
91.0
91.0
91.1
91.1
91.6
91.9
91.3
92.8
94.6
94.8
93.9
94.2
94.0
94.9
94.1
94.7
94.2
94.5
94.5
96.1
93.8
93.5
94.9
92.9
93.9
93.7
95.5
96.0
95.6
97.0
96.9
96.1
97.1
97.4
96.1
95.3
95.1
94.5
93.7
95.8
94.3
95.2
94.1
95.2
95.3
95.7
95.5
95.3
95.2
95.6
94.7
94.2
94.5
94.8
93.7
94.2
93.4
93.8
93.2
92.5
93.5
92.1
93.3
92.2
92.4
92.2
93.0
92.7
93.2
93.4
94.2
93.0
94.6
92.6
93.7
97.6
97.7
97.6
98.7
96.7
97.1
96.6
96.4
99.3
99.2
99.7
100.5
99.4
97.1
94.9
94.6
94.4
94.6
95.0
96.0
96.7
96.3
97.6
96.8
97.1
98.0
97.0
96.5
96.6
96.3
95.7
94.7
93.8
94.4
93.6
92.6
91.9
91.7
91.8
91.3
91.8
91.1
91.3
91.2
91.6
94.1
93.0
95.2
96.2
94.6
93.8
92.3
92.1
91.5
90.9
90.9
90.5
90.1
90.2
90.0
90.2
89.0
89.1
89.1
89.3
89.4
89.1
89.5
91.8
91.9
91.5
91.0
90.5
89.3
89.1
89.0
88.7
88.9
89.2
87.7
88.1
88.1
88.0
88.1
88.1
88.4
88.4
88.3
88.3
88.5
88.7
88.5
89.0
88.9
88.9
88.7
88.3
88.0
88.0
87.6
87.1
87.6
88.3
88.1
88.6
89.4
90.2
91.4
91.9
90.9
90.4
92.4
91.6
93.1
92.9
92.3
93.5
93.0
93.3
93.6
92.1
93.9
95.6
94.4
92.7
95.0
103.4
101.1
105.0
101.3
98.8
98.8
96.5
99.4
100.0
103.0
98.8
101.2
101.6
105.4
106.2
106.3
105.3
102.8
107.7
104.3
99.9
98.4
95.6
93.9
94.1
92.7
92.4
93.0
92.2
93.1
90.8
90.8
89.6
89.5
89.7
90.0
89.3
88.9
88.8
89.7
88.4
88.8
88.0
88.8
88.1
88.7
88.0
88.3
87.8
88.1
87.7
87.9
87.8
87.8
88.2
88.7
89.0
89.8
89.9
90.7
91.0
91.3
92.0
92.4
92.7
92.6
93.2
93.0
93.2
93.6
93.1
93.4
94.1
94.0
93.8
93.7
94.8
95.1
95.5
96.4
97.1
96.1
93.5
92.6
91.7
91.3
91.4
90.7
89.8
89.6
89.5
89.0
89.3
89.4
89.0
89.3
88.8
89.2
88.1
88.3
88.2
87.5
87.7
88.2
87.6
88.7
87.8
87.5
87.4
88.0
88.2
87.9
87.4
87.8
86.7
87.2
86.6
86.6
86.5
86.7
88.6
89.0
89.5
89.8
90.5
90.5
89.8
89.6
88.9
90.8
89.5
90.0
90.7
91.1
93.2
95.5
96.5
96.5
96.5
96.4
95.4
96.7
98.0
98.45
99.325
100.2
100.3
103.5
96.3
95.4
96.2
95.7
96.1
95.8
92.0
91.9
93.0
94.7
96.2
96.2
95.5
97.4
96.1
93.6
92.0
91.9
92.9
91.9
91.1
91.8
92.5
92.6
92.3
92.9
93.2
93.5
91.7
92.0
92.4
94.0
93.7
92.3
95.0
94.8
93.5
93.0
92.4
91.8
92.0
91.3
91.6
91.4
93.2
96.0
95.0
92.4
92.2
91.3
90.5
90.1
89.6
90.2
89.9
89.5
89.3
89.6
90.0
89.1
89.8
90.2
89.8
89.3
89.4
89.4
90.6
89.1
90.5
90.6
91.1
90.9
90.7
90.8
90.5
91.1
90.6
90.6
92.4
92.2
91.5
91.8
91.7
91.5
91.6
92.7
93.2
92.8
91.7
91.1
90.3
89.9
90.5
88.1
88.6
87.9
88.1
88.5
88.6
89.1
87.7
87.6
87.5
87.9
87.7
86.7
86.6
86.9
87.4
86.7
86.4
86.0
85.8
85.1
85.1
85.1
84.9
85.4
84.9
84.7
84.6
84.6
85.1
85.9
85.5
84.6
84.6
84.3
84.8
84.9
86.3
84.3
84.0
85.1
85.6
84.5
84.4
84.6
83.8
84.6
84.1
85.1
86.4
85.6
84.6
87.9
86.0
86.7
86.1
87.3
87.4
87.3
88.1
88.2
88.4
88.0
90.5
93.2
100.8
102.4
97.9
93.4
93.9
93.2
95.9
92.7
95.9
91.9
93.7
95.4
95.5
92.5
91.5
92.6
93.7
90.2
89.9
89.4
89.2
88.7
88.3
88.1
87.9
87.8
88.0
88.6
88.2
87.9
88.0
87.9
87.4
87.6
88.1
88.3
88.1
88.2
87.8
87.6
89.7
88.9
90.3
89.6
92.8
95.0
95.9
101.1
98.6
97.8
99.2
99.6
99.8
98.8
100.1
101.6
102.8
101.0
100.2
99.6
100.0
98.8
97.9
98.0
97.3
95.8
95.7
96.1
95.1
95.2
95.0
94.6
96.1
96.1
96.2
96.2
95.6
94.7
94.2
93.7
93.5
93.0
92.9
92.4
92.3
92.4
92.1
92.1
92.8
96.0
94.1
92.3
92.6
92.7
95.7
95.5
93.8
91.9
92.2
94.3
95.2
93.7
93.9
94.9
93.8
93.4
93.1
93.3
95.5
92.8
94.2
96.6
94.7
93.1
94.4
94.0
94.9
93.4
93.8
97.8
100.5
96.5
100.6
101.1
108.0
109.3
111.2
112.8
118.6
117.9
113.0
112.7
114.4
113.9
114.2
112.9
116.1
116.8
118.5
120.4
125.3
128.5
129.7
131.6
97.7
70.1
71.6
66.1
74.4
72.7
71.8
70.7
89.0
84.1
111.7
110.1
115.8
107.1
111.6
112.9
87.3
84.9
100.7
94.1
104.0
113.8
113.0
112.1
110.8
110.3
109.6
108.2
107.3
107.0
105.4
103.4
102.0
101.2
100.5
100.0
99.7
99.4
99.2
99.4
99.5
99.9
99.9
100.6
100.4
100.3
100.1
99.9
100.4
100.6
101.9
102.5
103.1
102.4
104.4
102.7
103.7
104.3
104.5
104.9
104.9
105.4
106.2
106.4
104.5
107.3
106.8
107.2
104.7
104.1
103.3
101.3
100.7
99.5
99.4
99.5
99.0
98.7
101.0
101.4
101.7
101.3
99.8
99.5
99.2
98.7
99.7
99.1
100.2
99.1
99.4
99.6
101.4
99.1
98.3
97.8
97.3
98.7
101.3
100.7
97.8
97.6
98.1
98.4
99.1
97.1
95.8
95.9
96.1
96.3
95.5
96.5
98.8
102.3
105.1
110.5
105.7
104.2
103.0
102.1
101.3
100.2
98.9
98.4
98.3
98.9
99.4
99.3
98.7
99.2
98.5
98.9
99.4
99.8
99.8
99.9
100.5
100.5
101.0
101.7
101.0
101.3
101.0
101.9
102.3
105.1
103.5
103.4
102.2
102.1
101.8
101.2
101.8
102.0
101.4
102.8
103.8
103.6
100.9
100.9
100.8
103.6
104.4
104.1
103.5
105.2
108.9
106.8
103.4
102.3
103.1
103.4
105.6
107.5
107.2
107.1
104.9
103.2
102.7
104.0
101.4
101.4
103.9
102.7
100.8
102.2
104.5
103.1
102.8
102.7
103.3
106.9
107.2
106.4
110.5
106.3
104.9
105.2
108.1
106.3
103.8
103.3
101.4
101.3
103.8
101.2
100.7
99.9
98.3
98.3
99.6
99.4
99.0
99.9
99.1
99.9
99.7
99.8
100.1
100.1
100.2
100.3
100.7
101.1
101.8
102.0
101.2
101.5
101.3
102.0
104.6
106.0
106.0
105.9
105.7
105.4
105.3
104.9
105.6
104.5
103.1
102.4
102.3
101.7
101.5
100.2
99.6
100.6
99.8
100.2
99.1
102.1
102.9
103.3
102.2
101.8
105.7
106.2
104.1
102.5
104.7
102.9
102.0
107.6
107.6
108.9
111.5
112.0
110.9
113.0
111.6
110.6
112.4
109.9
110.4
109.8
108.0
108.7
110.0
109.3
109.3
107.7
107.5
106.0
105.8
103.6
106.7
105.5
106.9
106.1
105.4
105.1
107.6
110.1
111.4
110.5
110.5
108.8
107.2
104.1
102.9
106.7
102.6
102.7
103.8
106.1
105.2
101.2
105.3
106.8
104.6
103.0
101.2
100.5
98.2
97.8
97.3
97.1
97.1
98.6
97.3
98.2
100.7
101.2
100.5
100.4
100.4
100.1
99.3
98.8
97.5
97.7
97.4
96.8
96.4
96.3
96.2
96.2
96.1
96.3
95.7
96.2
94.8
95.3
95.5
95.7
95.8
95.8
96.0
96.0
96.0
95.9
95.7
95.2
95.1
95.2
95.3
95.1
94.9
94.6
95.2
95.2
94.8
95.1
96.4
95.7
96.5
96.5
95.3
95.7
95.7
94.4
94.4
94.2
94.4
94.2
94.5
93.7
94.3
94.5
94.7
94.3
93.4
94.0
94.6
94.5
94.2
95.5
94.0
96.0
94.8
96.9
96.3
97.7
94.7
94.8
93.0
93.8
93.3
93.0
94.5
94.6
93.3
93.3
93.1
93.0
92.7
92.0
92.4
92.9
92.4
91.9
91.8
91.8
91.6
91.2
91.5
91.2
94.7
91.9
95.7
97.4
98.0
97.3
97.0
97.3
97.5
97.3
97.2
96.6
96.4
96.2
95.5
96.2
96.2
96.1
96.3
95.9
98.0
96.5
97.6
99.1
102.7
101.2
97.1
96.3
96.4
95.3
95.2
97.3
94.8
94.3
94.5
93.5
94.3
94.5
94.6
94.5
95.0
94.6
95.2
96.7
98.6
97.5
99.2
100.3
100.8
99.5
99.4
102.1
100.6
98.8
101.4
101.4
100.5
99.7
98.5
98.0
97.7
97.9
98.1
99.3
98.5
99.2
99.2
99.1
99.2
99.5
99.3
99.2
98.7
98.6
99.0
99.0
98.9
98.7
98.2
97.8
97.9
97.9
97.4
96.8
96.3
96.0
95.6
95.2
94.7
94.5
95.8
94.0
94.2
94.3
94.2
94.0
93.1
92.9
93.4
93.7
92.5
93.0
92.6
92.7
93.1
92.5
92.8
94.1
92.6
92.5
92.5
92.4
92.3
92.5
92.4
92.8
92.2
92.5
92.2
92.0
94.2
97.2
98.4
99.7
100.6
101.1
100.8
99.9
99.9
99.0
99.4
98.9
98.6
99.8
99.6
100.7
100.1
100.2
99.7
99.3
98.1
101.0
99.8
101.5
106.4
104.3
103.1
103.9
103.1
103.9
106.0
105.3
106.0
106.0
105.8
107.7
108.5
110.0
109.0
109.6
112.8
112.3
112.6
113.8
113.7
113.1
112.4
113.1
113.0
112.3
112.0
106.9
109.6
106.5
103.8
104.7
101.0
100.1
99.3
99.1
98.6
98.8
99.2
100.5
98.9
98.2
98.5
98.4
99.1
101.5
102.0
100.2
98.2
100.6
98.9
98.3
96.8
96.5
96.1
95.6
95.7
95.7
95.4
95.7
96.3
96.6
98.1
102.0
97.5
98.3
97.6
99.4
96.9
95.5
94.8
93.7
93.7
93.9
93.2
93.1
92.6
93.2
93.4
93.1
92.6
92.5
92.9
92.8
92.6
92.7
92.0
92.7
92.7
91.8
94.6
92.7
92.1
91.9
92.1
91.6
91.1
92.7
97.3
97.2
96.4
98.7
100.1
99.8
100.5
102.0
103.6
99.8
98.6
103.3
99.7
98.3
102.0
101.3
100.7
101.3
98.3
97.0
95.7
95.5
94.1
93.5
97.9
94.4
93.1
92.2
92.1
91.6
91.6
91.8
90.8
90.9
90.6
89.9
90.1
89.6
90.2
90.5
90.0
89.3
89.4
89.3
89.4
93.2
91.6
93.3
93.1
93.9
93.9
95.0
93.0
93.7
92.1
91.8
95.2
92.7
94.4
94.8
95.5
93.5
96.9
96.0
96.8
95.8
97.9
98.3
98.4
95.4
92.1
92.7
91.6
90.9
90.5
95.9
91.3
94.2
95.9
90.7
92.5
94.8
90.1
89.5
89.1
89.3
88.2
88.0
88.1
88.7
87.6
88.9
87.7
87.1
86.6
87.8
86.5
88.1
88.3
87.9
87.6
88.6
86.3
86.5
86.1
86.1
86.5
86.0
86.9
85.3
84.7
85.6
85.1
85.3
85.2
84.2
84.7
84.3
84.2
83.7
83.9
84.2
84.4
84.1
84.2
84.0
83.5
83.5
84.6
85.2
83.2
82.9
83.0
82.9
83.1
82.7
83.6
82.4
83.8
82.9
84.5
86.1
86.8
87.8
87.1
85.8
87.9
86.0
85.6
85.4
85.2
85.4
86.2
87.6
87.0
85.9
92.6
89.5
90.7
88.7
86.4
86.1
86.2
86.0
85.9
86.1
86.1
87.0
87.6
92.2
92.6
93.7
92.1
87.6
87.8
86.9
89.9
88.6
89.8
87.9
86.5
86.3
90.0
87.0
87.0
87.7
90.6
89.6
88.3
88.8
85.9
85.1
85.6
86.0
88.5
86.6
90.5
91.2
88.9
88.1
87.4
87.4
87.0
87.1
87.2
87.2
86.7
87.5
87.8
87.7
88.6
90.0
90.3
90.2
90.8
94.5
90.7
88.4
88.1
87.5
86.6
86.9
86.8
86.4
86.7
86.6
86.5
87.1
86.4
86.1
85.3
84.2
83.8
83.6
82.9
83.3
83.2
82.7
83.3
82.8
82.9
82.1
82.2
82.6
83.1
84.8
84.8
83.8
83.7
83.6
83.1
82.8
82.0
82.3
82.2
82.2
82.9
82.2
84.5
88.1
90.5
90.6
92.7
90.5
91.2
90.0
89.2
85.7
85.1
86.2
85.0
85.0
86.1
88.3
88.2
90.2
95.2
95.4
92.9
93.7
95.8
90.4
91.3
91.6
91.4
92.5
88.2
89.0
93.2
93.7
92.5
89.9
92.3
95.9
97.5
93.3
96.0
91.4
97.9
96.5
98.5
98.5
93.8
97.5
95.7
93.1
92.4
91.9
93.5
91.5
94.3
92.8
94.5
90.0
90.2
92.7
89.3
87.2
87.2
87.3
86.7
87.0
87.1
86.9
88.4
88.5
87.8
87.9
87.8
88.2
88.0
95.3
94.8
95.5
95.3
92.5
91.8
91.7
93.3
96.7
94.6
94.7
97.9
95.6
97.0
98.6
95.7
98.6
97.9
96.5
97.6
98.3
98.0
100.5
103.1
101.4
98.2
100.1
100.8
97.0
98.6
99.3
99.1
97.2
101.2
101.8
101.3
102.9
104.8
105.2
105.0
99.6
103.3
103.1
99.3
99.9
98.0
102.3
102.7
101.3
103.7
104.0
104.1
104.9
104.3
106.2
104.5
105.3
104.3
104.5
106.8
107.2
106.6
108.4
107.8
109.1
109.3
110.7
109.5
109.0
109.5
108.3
109.3
108.9
110.0
110.1
108.8
109.1
107.7
108.8
108.4
108.7
107.6
107.4
107.9
109.4
108.4
108.4
107.1
108.2
107.9
108.3
108.8
108.6
107.5
107.2
106.7
105.2
106.0
104.6
107.2
106.4
105.4
104.9
105.2
104.1
107.1
105.3
105.6
105.3
105.5
105.8
105.2
104.6
105.2
103.1
103.5
104.4
104.4
105.0
103.4
103.9
104.3
102.5
102.1
101.6
101.9
102.8
100.5
96.1
99.0
100.0
99.9
100.4
102.6
103.0
100.7
100.8
99.2
100.1
101.7
100.6
99.9
103.5
103.3
101.9
100.1
100.8
98.2
98.1
96.9
97.0
95.7
97.9
97.4
96.4
98.5
95.8
97.5
97.9
97.4
97.7
98.6
98.6
100.1
96.7
98.8
97.5
95.0
92.2
91.8
91.2
90.4
90.5
90.5
90.9
91.3
90.5
91.5
92.0
90.8
91.5
90.9
90.6
90.2
89.8
91.0
91.3
92.4
92.8
92.6
93.3
92.5
91.0
91.1
89.9
90.3
90.0
89.4
88.8
88.4
87.5
87.5
87.8
86.9
87.1
86.5
86.7
86.5
87.5
87.3
87.6
87.0
86.7
86.1
85.3
85.9
86.1
85.7
86.1
86.9
86.9
87.1
86.9
87.0
86.6
86.8
87.5
87.5
87.6
87.1
86.8
86.6
86.6
86.5
85.8
84.7
84.8
84.8
85.1
85.1
85.8
85.6
85.7
85.8
85.6
85.4
85.7
85.3
84.7
85.1
84.7
84.7
84.3
84.7
84.6
84.0
84.2
83.7
84.0
83.8
83.9
83.4
83.2
83.1
83.7
84.5
84.0
84.8
84.7
85.5
86.4
86.2
86.2
86.8
86.8
87.4
86.9
87.3
87.9
87.5
87.8
87.7
87.2
86.8
86.7
87.2
87.1
86.4
86.4
85.6
86.1
86.1
85.4
85.2
85.4
85.8
85.8
85.7
85.5
84.9
83.4
83.3
82.9
82.9
83.3
83.0
82.8
82.5
82.1
81.7
81.5
81.2
81.2
80.7
79.7
80.1
80.2
79.9
80.1
79.6
78.8
79.0
78.6
80.1
79.7
80.0
78.9
80.5
81.1
81.2
83.0
81.8
81.8
82.8
82.0
83.8
83.8
83.9
82.7
83.3
83.6
84.8
84.3
85.4
85.3
85.1
88.6
80.1
86.8
87.8
86.0
86.0
85.7
85.3
85.5
85.1
83.3
83.8
84.1
86.1
86.4
86.2
87.0
88.8
88.0
87.2
89.0
94.0
90.5
90.7
89.3
88.1
86.4
87.5
86.3
84.7
85.9
83.4
84.1
85.9
85.4
84.8
85.4
84.2
83.0
84.2
85.7
82.5
81.5
81.4
83.7
82.0
78.7
78.5
78.8
79.3
78.6
78.1
77.9
77.8
77.9
78.8
78.9
78.7
79.5
79.4
80.1
79.8
79.6
79.1
79.1
78.7
78.7
77.9
80.1
83.3
80.7
81.1
86.3
86.8
82.8
85.7
84.7
85.9
83.5
86.8
85.1
86.6
84.9
86.4
83.2
83.1
82.4
85.3
88.7
87.6
84.3
88.1
88.7
87.5
91.4
88.8
87.7
88.6
86.0
89.6
85.4
88.6
86.5
86.6
86.0
82.0
80.3
82.3
87.4
86.2
84.1
83.2
81.9
83.1
80.7
80.3
86.0
83.4
80.8
81.2
82.0
81.2
80.5
79.8
79.5
79.0
79.4
84.2
84.3
83.1
83.8
85.5
85.2
84.6
87.0
91.7
93.4
95.7
96.9
94.4
92.0
91.8
88.6
90.5
88.7
90.1
94.5
93.2
90.5
93.0
88.1
86.5
84.3
83.5
83.1
83.9
82.3
81.2
86.6
94.5
92.5
84.6
84.0
82.6
82.1
81.0
80.1
79.7
79.6
79.1
79.0
78.0
79.0
78.9
78.5
78.3
77.8
77.0
76.4
76.5
76.6
76.8
76.8
76.2
76.6
76.1
76.2
76.1
76.3
76.5
76.7
76.9
77.0
76.1
76.3
75.9
75.9
76.0
76.0
75.7
75.8
75.3
75.3
74.8
74.4
74.5
73.6
73.4
73.6
73.5
73.4
73.6
73.8
81.3
81.0
82.4
79.8
80.5
79.4
79.8
78.4
78.1
79.8
75.6
76.8
76.1
76.5
75.7
74.7
77.6
83.6
82.4
80.2
81.5
66.5
79.5
83.5
81.6
82.4
80.5
81.3
80.2
79.2
79.2
78.1
77.7
78.5
78.3
77.2
76.5
76.6
77.0
77.1
76.8
75.6
76.7
80.9
81.8
83.6
85.6
82.0
84.8
85.0
82.3
84.4
79.2
79.5
82.1
78.7
84.1
85.0
82.7
78.4
82.7
85.2
82.4
82.3
84.0
83.1
87.1
85.5
87.8
87.9
85.8
89.1
83.7
84.9
84.6
84.0
83.7
88.9
85.1
81.0
80.4
80.1
79.5
80.2
81.6
85.5
89.2
84.5
79.4
78.3
77.2
75.8
76.5
76.5
76.6
77.3
77.3
77.3
78.0
78.2
78.5
77.9
78.5
78.2
78.9
79.9
80.5
81.1
81.1
81.3
81.9
82.4
82.8
85.2
84.2
82.5
83.2
81.9
79.1
78.2
78.8
78.6
79.0
77.8
79.4
80.9
86.7
82.9
81.2
82.2
85.6
81.2
81.3
79.3
79.3
79.1
79.5
79.7
82.5
85.1
81.1
80.3
86.6
83.0
79.8
78.1
78.1
77.7
78.3
79.5
79.7
85.8
85.3
83.3
81.9
82.0
81.9
81.9
84.4
80.3
79.5
79.7
87.6
84.8
81.9
80.9
82.2
87.9
86.8
84.1
80.3
78.5
81.4
81.9
80.3
78.9
77.9
76.8
78.3
85.3
86.1
85.5
85.7
78.6
78.7
81.2
81.8
81.3
80.4
79.0
78.1
81.1
82.5
83.1
86.5
87.1
82.6
78.1
82.25245901639343
82.07868852459016
81.90491803278688
81.7311475409836
81.55737704918032
81.38360655737705
81.20983606557377
81.03606557377049
80.8622950819672
80.68852459016394
80.51475409836065
80.34098360655737
80.16721311475409
79.99344262295081
79.81967213114754
79.64590163934426
79.47213114754098
79.2983606557377
79.12459016393443
78.95081967213115
78.77704918032786
78.60327868852458
78.42950819672132
78.25573770491803
78.08196721311475
77.90819672131147
77.73442622950819
77.56065573770492
77.38688524590164
77.21311475409836
77.03934426229507
76.8655737704918
76.69180327868852
76.51803278688524
76.34426229508196
76.17049180327868
75.99672131147541
75.82295081967213
75.64918032786885
75.47540983606557
75.3016393442623
75.12786885245902
74.95409836065573
74.78032786885245
74.60655737704919
74.4327868852459
74.25901639344262
74.08524590163934
73.91147540983607
73.73770491803279
73.56393442622951
73.39016393442623
73.21639344262294
73.04262295081968
72.8688524590164
72.69508196721311
72.52131147540983
72.34754098360656
72.17377049180328
72.0
69.9
70.5
69.3
69.7
70.0
70.9
72.1
72.0
71.1
71.9
71.2
71.8
72.4
72.2
72.0
71.2
71.2
70.8
70.1
70.2
75.2
76.9
74.3
73.0
71.5
70.6
70.2
69.9
70.0
70.7
70.5
70.4
70.1
70.1
70.1
69.9
70.0
70.1
69.7
69.5
70.0
70.7
70.6
71.0
70.8
71.7
72.8
72.6
74.1
75.6
76.3
76.4
75.3
74.4
75.3
78.1
72.9
72.7
73.3
72.7
72.4
72.5
72.3
72.1
71.9
72.0
70.9
71.9
72.8
71.4
70.9
70.5
70.1
70.3
70.5
70.0
70.2
70.3
69.9
69.8
69.9
70.5
72.7
73.3
75.6
75.2
75.9
77.0
76.8
75.5
76.0
77.0
76.9
77.4
76.9
78.5
79.3
79.9
81.7
79.9
78.3
79.5
79.8
80.0
79.5
79.5
76.8
74.7
73.9
73.6
72.9
73.0
73.2
73.5
73.2
72.8
73.3
73.2
73.6
72.5
72.6
71.4
71.7
71.8
71.6
71.1
70.4
69.7
69.4
69.5
69.7
69.8
69.7
69.0
68.6
68.5
69.0
69.3
69.8
69.7
70.2
70.5
70.8
71.1
71.1
71.5
71.3
71.4
71.0
70.7
70.8
70.89999999999999
71.0
71.1
71.0
71.0
70.9
71.2
71.1
71.2
70.9
71.1
71.1
71.0
71.0
70.7
70.9
71.0
70.9
71.0
70.6
70.9
72.0
70.9
71.0
70.4
70.2
70.4
70.6
71.5
70.7
72.6
72.7
71.9
72.5
71.4
72.3
71.9
71.0
70.6
70.4
70.0
70.0
69.6
69.6
69.4
69.3
69.2
68.9
69.0
68.3
68.8
68.4
68.7
68.7
68.7
68.9
69.3
69.5
70.1
70.2
70.7
70.6
70.8
71.1
71.2
71.7
71.4
71.2
70.7
70.7
70.8
70.8
70.7
70.3
70.7
72.8
72.5
72.5
72.9
72.7
72.6
72.3
72.4
73.3
73.2
72.9
72.9
72.5
72.4
71.6
70.9
71.2
70.8
70.3
70.8
70.2
70.4
71.0
71.3
71.3
70.9
71.3
71.0
70.8
70.9
71.1
71.3
71.1
73.4
77.1
78.8
81.0
80.1
78.0
74.6
74.9
73.7
74.0
73.6
74.1
75.0
74.1
74.4
74.6
74.7
73.8
74.6
74.3
75.1
75.5
74.4
74.2
73.8
73.7
73.3
73.0
72.9
72.8
72.7
75.2
75.2
75.6
80.0
77.2
74.3
73.5
73.0
72.2
72.1
71.8
71.5
71.8
71.8
71.5
71.7
71.7
71.3
70.8
71.2
69.5
69.6
71.2
71.8
71.3
71.4
70.8
70.5
70.3
70.8
70.2
70.2
70.4
70.5
70.0
69.9
70.7
70.1
70.2
69.9
69.4
69.8
70.3
70.2
70.1
68.1
67.8
67.4
67.2
67.7
68.8
69.5
70.5
70.8
70.8
70.0
67.0
66.8
69.8
71.9
71.8
70.7
70.3
69.9
69.1
69.6
70.0
70.0
68.9
67.5
67.4
68.1
69.0
69.8
70.3
70.5
70.9
71.0
70.4
70.1
70.3
69.7
69.8
69.3
69.4
70.5
70.5
70.9
70.4
71.1
69.7
70.6
70.4
69.8
70.3
69.4
70.0
70.7
69.9
70.0
68.6
69.5
69.1
69.4
69.3
69.8
69.5
69.5
69.5
69.0
69.4
70.2
70.1
70.1
69.6
69.9
69.5
69.4
69.4
70.0
69.4
69.6
70.0
69.5
69.5
69.7
70.0
70.6
70.6
71.0
71.0
71.4
72.0
71.9
72.4
72.1
72.5
73.0
72.6
72.7
73.0
73.5
74.0
75.9
76.3
75.1
75.5
75.9
75.7
75.9
76.3
76.5
76.5
76.0
76.2
75.6
75.8
76.0
77.3
77.3
76.8
77.1
77.0
77.7
77.1
77.4
77.9
78.1
78.5
78.7
78.9
79.1
80.3
80.4
79.8
81.3
81.1
82.2
83.5
82.5
83.1
83.8
84.0
84.6
85.1
85.5
84.7
86.8
85.6
87.2
87.7
88.5
90.2
91.6
92.5
94.5
93.3
94.6
94.2
94.0
93.8
94.9
90.7
94.2
91.9
91.4
92.2
91.9
92.6
88.5
93.1
90.4
94.4
92.3
92.3
87.3
91.5
95.7
89.6
88.6
89.3
87.3
91.3
92.9
89.1
89.3
87.4
85.0
90.0
93.8
89.4
87.9
88.8
89.2
85.2
85.5
87.3
85.5
88.2
84.9
87.2
86.1
84.7
86.5
86.1
87.1
85.4
85.0
85.3
85.0
87.6
88.6
89.7
87.2
85.8
90.1
89.2
85.6
83.8
84.4
85.2
85.1
88.6
84.9
85.2
86.4
88.4
85.9
83.8
84.1
86.2
87.0
88.1
84.6
84.0
83.6
83.9
82.8
82.6
84.0
84.8
88.4
90.4
88.8
92.5
93.5
95.8
95.4
90.9
87.8
85.7
86.3
86.5
87.5
92.0
92.0
91.0
89.8
91.6
93.2
91.4
90.7
89.5
84.9
83.5
82.8
81.9
81.4
81.7
80.8
81.3
81.5
84.3
81.0
80.4
80.2
82.3
84.2
84.9
82.4
82.0
83.3
85.7
88.2
86.9
87.8
87.6
88.7
86.9
85.5
85.4
84.0
83.5
83.1
85.7
81.8
79.8
81.6
83.2
83.0
83.8
87.5
87.6
85.9
89.9
88.8
86.2
88.9
92.4
91.0
88.9
85.8
85.1
84.8
83.9
83.6
87.7
89.3
87.7
87.2
87.2
88.3
88.2
86.2
90.0
84.1
85.2
84.8
83.7
84.2
83.5
83.6
82.7
82.9
84.0
82.4
83.7
81.9
82.3
82.6
82.6
82.0
81.8
82.1
81.5
81.5
81.3
81.1
81.5
81.7
81.5
81.1
80.4
80.9
81.3
80.1
80.7
80.8
80.2
80.2
80.2
80.8
80.1
79.1
80.1
80.4
80.8
80.5
80.5
80.4
79.5
79.9
80.6
79.8
79.2
78.9
78.3
77.8
77.5
77.5
79.3
80.3
79.1
77.4
77.1
77.7
77.6
77.4
78.6
78.7
78.4
78.2
78.3
78.3
78.5
78.1
78.3
81.4
83.2
81.9
81.2
80.5
80.6
83.7
83.0
82.1
82.1
83.9
83.2
84.4
83.6
81.5
81.2
80.9
80.3
80.6
81.5
80.8
82.3
82.4
81.7
82.3
81.2
80.5
80.9
81.1
80.4
80.8
80.8
81.1
80.8
81.2
82.2
82.4
82.4
83.3
82.6
84.8
83.7
83.5
83.8
83.8
83.4
83.1
83.2
82.8
83.4
82.6
82.8
82.9
83.0
83.0
82.9
82.8
82.8
82.7
82.5
83.1
83.2
83.0
83.0
83.0
83.3
84.3
84.6
84.8
83.9
83.4
83.3
83.6
83.6
82.9
82.7
82.7
83.1
84.6
85.5
86.6
91.3
88.3
86.7
86.4
86.5
85.5
85.5
85.4
84.7
85.1
84.5
84.3
84.8
84.8
85.4
84.8
85.1
84.6
84.1
83.6
83.7
83.4
83.4
84.0
83.6
83.6
83.6
83.9
83.9
84.4
85.2
84.9
85.6
84.9
84.9
84.2
84.9
84.7
84.2
87.9
88.8
87.4
86.3
85.5
85.6
84.0
84.1
84.4
83.6
83.7
84.2
83.9
83.9
83.4
83.2
83.9
83.6
84.6
84.5
84.2
83.4
82.9
83.7
82.8
81.7
81.9
81.9
81.6
81.5
81.4
82.2
81.2
81.9
81.7
81.6
81.3
80.7
81.6
80.9
80.7
80.6
79.9
80.6
80.2
80.4
80.8
80.8
80.5
81.0
80.9
80.0
80.3
80.3
80.4
80.2
80.6
81.0
80.5
80.7
84.9
83.5
82.3
81.9
81.4
81.6
83.0
81.5
81.5
81.5
80.3
79.3
78.9
78.9
78.8
79.1
78.8
78.9
78.8
80.3
84.7
81.5
82.3
93.8
86.6
81.8
96.7
92.4
90.5
89.7
81.6
81.1
85.2
89.6
89.6
88.5
88.2
86.7
88.0
88.6
89.6
89.1
91.1
88.0
87.2
80.0
80.2
79.2
78.9
78.5
78.1
78.5
77.6
78.2
77.7
78.1
78.7
78.5
79.1
78.5
79.0
78.4
78.6
78.6
78.0
78.8
78.3
79.1
78.6
77.7
78.0
77.5
77.8
77.9
78.8
78.7
79.6
79.9
79.4
79.1
79.0
79.6
80.5
79.7
78.8
78.7
78.2
79.2
79.4
80.5
80.9
81.7
81.7
82.3
81.9
82.4
82.9
83.1
83.6
81.8
80.5
80.4
80.6
81.2
81.8
82.8
85.5
86.9
85.6
85.5
85.7
85.7
85.3
86.8
82.5
81.2
80.8
81.5
81.7
83.3
82.8
82.6
83.1
82.0
80.9
80.7
81.5
81.6
81.5
81.3
80.8
81.6
81.9
82.3
82.6
83.5
83.6
83.8
87.6
86.7
85.3
87.2
88.9
92.5
85.2
85.4
85.0
85.1
86.4
86.1
86.6
89.4
93.8
91.2
94.8
92.5
92.7
92.9
94.7
87.5
88.4
89.2
92.3
92.8
94.0
91.0
90.2
87.8
88.6
89.2
90.2
91.0
89.4
90.6
88.5
92.2
89.4
90.3
88.6
88.6
90.2
93.4
88.8
88.8
90.0
89.7
90.0
89.5
90.4
87.9
90.9
87.6
88.8
87.2
87.7
88.9
88.3
89.8
88.7
87.9
87.9
89.2
88.0
88.4
88.3
88.6
88.6
87.7
87.6
88.2
87.8
88.6
88.7
88.9
89.2
89.7
89.8
89.8
90.2
89.4
88.8
88.8
88.4
88.6
88.8
89.5
90.5
89.6
90.9
90.9
89.5
89.6
89.2
89.0
88.5
88.4
88.6
88.4
88.3
88.9
89.0
89.0
89.0
90.2
92.2
89.9
90.1
91.6
90.5
89.5
89.4
90.9
89.3
87.5
86.8
87.3
87.4
87.9
87.0
87.4
87.2
89.5
93.3
93.8
93.0
91.4
90.9
90.0
89.4
89.8
88.1
87.0
86.8
86.4
86.1
86.4
85.6
85.8
86.2
85.8
86.3
85.9
86.2
85.8
87.6
86.8
86.3
85.7
85.8
84.9
85.1
84.8
85.1
84.8
85.0
85.1
84.4
85.4
84.5
84.9
84.4
84.5
85.0
84.8
84.4
83.7
84.1
84.3
84.8
84.9
84.7
85.1
84.8
84.0
83.8
83.7
83.3
82.9
82.5
82.2
82.2
82.1
81.9
82.6
82.1
81.5
81.6
82.0
81.6
81.5
81.4
81.6
81.3
81.2
80.7
80.3
80.6
80.9
80.4
80.2
80.2
80.4
80.0
80.1
80.0
80.1
80.2
80.1
80.1
79.9
80.3
80.0
79.9
80.1
79.7
79.8
79.2
78.8
78.6
78.4
78.7
78.5
78.4
78.6
78.4
78.5
78.5
78.7
78.9
79.1
78.4
78.8
78.3
78.4
78.5
78.6
78.3
79.4
80.6
81.0
80.4
81.3
81.4
81.6
81.4
81.2
81.2
80.4
79.9
79.7
79.3
79.0
79.3
80.2
79.2
79.1
78.9
79.3
80.1
84.6
84.2
83.9
84.3
84.2
83.4
85.2
84.4
84.0
84.5
84.0
84.0
84.0
83.6
84.3
84.0
84.1
84.6
84.7
85.0
85.3
86.0
85.8
85.9
86.0
87.6
88.2
89.3
90.0
89.1
91.4
91.8
90.6
90.6
91.6
93.6
92.4
92.9
95.4
95.2
93.9
98.4
96.0
97.1
96.0
95.6
95.0
95.7
96.3
96.7
97.1
97.3
98.3
98.7
98.5
98.7
99.9
100.6
100.0
100.3
97.8
97.2
98.5
100.3
100.9
101.2
101.1
99.6
98.5
98.7
98.0
97.3
97.5
98.0
98.0
96.4
96.1
95.4
96.1
99.5
99.0
94.8
94.8
94.8
