105.0
105.0
104.1
104.0
104.0
103.6
104.0
104.0
103.4
103.6
103.4
104.0
104.0
103.4
103.4
103.1
103.0
103.0
103.0
103.0
103.0
103.0
102.9
102.6
103.0
103.0
103.0
103.0
103.0
103.0
102.5
102.1
102.6
102.8
103.0
103.0
103.0
103.0
102.9
102.8
102.0
102.0
102.1
102.1
102.1
102.0
102.0
102.1
102.0
102.0
102.3
102.4
102.4
102.4
102.4
102.7
102.0
102.0
102.0
102.0
102.0
102.1
102.8
103.0
102.2
102.9
103.3
104.3
104.9
104.3
104.1
104.3
104.9
105.0
105.0
105.1
105.3
106.0
106.0
106.0
106.0
106.2
106.4
106.4
107.0
106.2
107.0
106.5
106.4
107.0
107.0
107.0
107.4
108.3
108.1
108.0
108.0
108.0
108.0
108.0
107.1
106.9
107.2
104.4
101.4
98.8
97.7
97.7
97.0
96.5
95.3
95.0
95.0
94.0
93.0
93.0
93.0
92.8
91.8
91.0
90.3
90.0
90.0
89.6
88.9
89.0
89.9
90.0
90.0
90.0
89.3
89.0
89.0
89.0
88.7
88.8
89.0
88.4
88.9
89.1
88.7
88.2
89.1
89.2
87.2
87.1
88.2
89.0
89.0
89.1
89.1
89.4
97.0
91.5
88.6
90.8
89.3
88.0
88.1
88.2
88.0
88.0
88.0
88.0
88.0
88.8
87.5
87.8
87.6
92.7
93.6
90.7
88.1
87.1
87.4
88.2
88.8
87.5
87.7
87.9
87.6
87.5
87.7
88.1
88.4
88.8
88.9
87.8
87.0
88.8
87.7
88.3
89.9
90.5
90.8
93.1
90.1
86.2
85.6
86.5
87.5
88.5
88.7
89.3
89.4
89.4
88.8
89.0
89.8
90.1
91.2
90.6
90.4
90.5
90.8
90.0
90.4
91.4
91.3
91.4
91.3
91.2
91.1
91.3
90.5
91.4
92.1
92.3
91.3
91.7
92.1
91.9
91.7
91.6
91.7
91.6
91.6
91.2
90.3
90.6
91.4
91.8
92.2
92.0
92.2
92.3
92.6
92.3
92.4
92.5
92.5
92.2
93.0
92.7
92.4
91.2
92.7
93.1
92.5
93.1
92.7
92.6
92.4
92.5
92.4
91.6
91.8
92.3
92.0
92.3
92.3
91.7
90.8
92.3
93.1
92.9
92.4
92.3
92.8
92.7
91.3
91.4
90.7
91.6
91.6
91.6
91.7
91.3
91.3
91.0
90.8
90.1
90.5
90.9
89.5
88.3
88.0
88.2
87.3
87.6
88.1
87.7
88.4
87.7
87.6
87.4
86.6
87.5
87.2
86.7
86.5
86.4
86.4
87.2
85.7
88.8
88.8
87.7
88.1
87.9
86.6
87.3
87.7
86.9
87.9
84.5
90.0
111.8
113.9
102.3
94.6
93.1
91.4
91.1
91.4
91.6
91.4
91.9
92.1
91.8
92.0
92.4
92.6
86.8
108.0
115.4
107.0
101.1
97.4
96.4
94.4
94.0
93.3
93.0
93.5
92.9
92.8
93.1
92.8
93.1
93.2
95.7
96.6
95.4
94.9
90.8
101.8
117.0
108.9
100.9
97.8
96.8
96.3
96.5
97.2
96.3
96.7
96.6
96.4
96.2
96.8
95.8
96.5
97.0
97.3
97.1
97.4
97.2
97.2
97.7
97.8
97.1
98.3
98.2
98.5
98.1
99.0
99.7
100.6
101.7
102.8
103.3
102.9
103.6
104.2
104.4
104.2
104.4
105.0
104.1
102.3
102.9
103.7
104.5
104.5
104.7
104.9
105.2
105.0
105.0
104.9
103.8
103.0
103.2
103.7
104.0
104.8
105.2
105.2
105.2
105.2
105.2
105.3
104.7
104.6
103.8
102.2
103.0
104.2
104.1
104.9
105.3
105.9
105.9
105.4
105.5
105.1
105.3
106.1
106.6
106.8
106.6
106.3
104.2
101.9
103.2
105.5
106.3
106.3
106.3
107.0
107.3
107.2
106.8
106.4
105.8
106.0
106.5
107.0
107.1
106.9
106.7
106.4
106.4
106.3
106.1
105.9
105.7
106.2
105.8
106.3
106.3
106.2
106.3
106.2
106.5
108.4
109.1
111.1
110.6
108.6
106.6
104.8
103.7
103.5
102.2
102.7
103.7
103.8
103.7
104.1
104.5
105.3
105.1
105.0
104.7
103.9
103.8
103.9
103.5
103.5
102.3
102.6
103.6
104.1
104.2
103.5
104.0
103.6
104.2
103.9
103.9
104.0
103.5
103.9
101.2
97.9
103.9
103.5
102.7
102.2
101.8
101.1
102.1
101.5
101.9
102.8
102.5
102.7
102.0
101.8
102.7
103.6
103.2
102.7
104.1
104.4
103.5
102.3
102.9
103.2
102.9
103.2
103.7
103.7
102.8
101.9
100.2
101.6
101.9
101.8
102.0
102.7
102.0
101.7
100.7
100.1
101.5
102.7
103.1
103.7
103.5
104.7
105.0
103.6
103.0
102.9
103.9
104.3
103.6
102.2
103.7
104.9
104.2
102.6
101.1
101.3
101.4
102.9
102.4
102.3
103.1
104.1
104.6
104.0
104.6
105.1
105.1
105.7
106.0
106.2
106.8
107.2
107.9
107.7
108.0
108.0
107.8
106.5
107.0
107.3
107.9
107.1
106.1
106.0
106.1
106.2
106.0
107.1
107.2
108.0
108.2
108.5
108.9
108.6
109.0
108.7
108.0
108.5
109.1
109.0
108.9
109.0
109.6
110.2
111.3
111.5
111.8
110.7
110.3
110.6
110.7
109.8
110.2
110.1
109.4
108.6
109.0
109.5
110.1
110.1
110.9
111.5
112.0
112.0
112.5
113.0
112.7
112.0
112.1
113.7
113.3
113.1
113.7
114.0
114.6
114.9
114.6
114.0
114.2
114.5
114.0
114.1
115.5
116.0
116.7
116.7
117.6
119.6
117.9
117.7
117.7
117.4
118.2
117.4
117.0
117.0
124.4
127.6
123.3
120.2
119.0
118.9
119.1
120.0
120.0
120.9
121.8
121.9
122.0
122.0
122.3
122.9
122.8
120.6
121.3
121.4
121.6
121.7
121.6
121.7
122.7
122.0
121.8
122.0
122.0
121.4
121.0
119.5
119.1
119.2
119.3
118.0
116.7
117.0
117.0
117.6
118.6
118.5
118.2
118.1
118.3
119.6
118.8
118.2
117.0
117.3
117.5
117.6
116.1
116.6
117.0
117.1
116.6
116.0
117.3
118.3
118.8
118.3
118.0
118.1
119.0
119.3
119.7
119.5
119.5
120.3
120.3
121.1
120.4
120.4
120.4
120.0
121.0
121.2
122.0
121.7
121.2
122.0
121.6
121.9
122.4
122.7
122.7
122.9
123.0
122.9
123.0
123.0
122.9
122.3
122.0
124.2
123.5
122.4
123.1
123.1
123.6
123.2
122.0
122.6
122.8
122.9
123.0
123.2
123.0
122.7
122.9
123.1
122.3
121.8
121.4
121.4
121.0
121.1
122.0
122.8
123.0
123.3
123.9
123.8
124.3
123.2
123.5
124.3
124.4
125.9
125.2
125.2
125.2
125.5
125.3
125.1
124.3
124.5
124.8
124.3
124.6
123.6
123.9
124.1
124.7
124.7
124.9
125.0
125.1
124.5
125.0
125.3
124.4
124.1
124.0
124.0
123.7
122.8
123.5
123.9
124.1
124.0
123.9
124.1
124.2
124.2
125.6
126.9
125.3
125.0
124.8
125.2
125.0
124.7
123.9
124.0
124.7
125.7
124.6
124.6
124.0
123.9
123.2
122.1
123.0
124.0
124.3
124.8
126.8
126.4
128.2
129.4
132.2
129.1
127.7
126.9
123.4
119.9
119.0
116.4
116.5
117.4
118.2
118.3
119.5
120.5
121.1
122.0
122.0
122.6
123.1
122.9
120.7
121.2
122.2
125.3
126.3
126.8
127.1
127.2
127.1
128.0
128.0
128.0
128.0
127.5
128.0
129.3
129.0
129.0
128.4
128.0
127.6
127.6
127.8
128.0
128.6
128.4
127.0
127.0
127.8
128.0
128.0
128.0
127.0
126.0
126.7
126.3
126.8
127.5
127.6
128.3
127.4
132.5
131.4
130.9
129.5
129.7
130.3
128.9
128.5
128.1
127.8
128.0
127.9
127.2
128.2
128.6
128.0
127.9
127.8
129.3
130.2
130.2
129.9
129.3
128.8
129.2
129.0
129.1
130.5
132.7
132.6
131.9
131.0
130.5
130.0
129.8
128.9
127.7
126.4
126.7
126.3
125.9
126.7
127.0
128.0
128.1
127.3
127.0
126.9
126.7
126.8
127.3
127.0
125.8
125.5
126.0
126.5
127.1
126.1
125.7
126.0
126.0
126.1
126.1
126.0
125.9
126.0
125.9
125.9
126.6
126.5
126.1
126.9
127.7
128.5
127.5
127.0
126.4
126.0
126.9
127.0
127.0
126.4
126.8
127.0
127.8
127.4
127.0
126.9
127.0
126.2
126.7
126.5
126.6
125.8
124.5
126.4
128.0
126.7
125.0
125.5
126.2
126.0
126.0
125.5
124.4
123.4
123.4
125.1
127.2
128.6
127.7
126.8
127.3
127.8
127.8
124.3
125.8
127.3
127.5
126.2
125.9
127.9
129.0
127.5
127.0
126.3
127.6
128.0
127.5
126.6
127.5
127.4
127.4
129.9
129.7
129.1
128.8
128.7
128.7
129.1
128.6
127.9
126.7
127.5
127.9
128.6
128.0
128.5
129.0
128.8
128.3
127.6
125.5
123.6
122.9
122.3
121.3
121.1
120.2
120.0
119.2
119.1
120.1
120.1
118.9
117.5
117.0
117.2
117.4
117.1
117.0
117.0
115.1
116.6
116.3
116.4
116.6
117.1
117.0
117.0
117.9
118.5
118.7
119.4
119.6
120.0
119.2
120.0
120.1
120.1
120.3
120.3
120.4
120.0
119.6
119.1
119.3
119.9
118.9
118.2
119.2
121.4
122.0
120.4
119.3
119.0
118.9
118.8
118.2
118.0
118.9
118.9
118.9
118.5
118.7
118.0
118.5
119.0
119.6
120.0
118.6
118.4
119.0
119.9
120.0
120.2
120.4
121.1
121.1
121.0
121.0
120.9
119.7
118.7
119.4
120.7
121.3
121.0
120.1
120.5
121.0
120.9
121.2
121.1
121.4
121.4
121.0
121.0
121.9
119.9
120.3
122.1
122.4
121.8
121.7
121.7
122.0
124.4
126.0
126.2
124.7
123.4
123.0
122.0
120.7
121.8
123.4
127.3
125.2
123.4
122.1
121.5
122.2
122.2
122.4
123.2
124.0
123.7
124.0
122.8
123.0
123.0
123.0
123.8
124.0
123.7
124.0
124.6
125.0
124.5
124.2
123.9
123.8
124.4
124.6
124.2
124.7
124.7
126.4
125.7
125.1
124.0
124.0
124.0
124.0
124.5
124.5
124.0
124.1
124.6
124.6
124.6
125.0
125.0
124.5
124.0
124.8
124.6
124.5
124.2
123.8
123.9
123.8
124.0
124.3
124.1
123.9
124.2
123.2
123.0
122.8
123.2
122.8
124.0
124.0
124.1
124.7
124.2
124.2
125.0
125.6
125.3
125.1
124.4
125.0
125.1
125.1
124.7
125.2
124.5
124.1
124.0
124.2
124.0
124.9
124.9
124.3
123.9
123.0
123.6
123.5
123.3
128.5
129.5
128.1
125.7
125.0
125.0
124.0
124.0
125.1
125.1
124.3
124.0
123.9
123.8
124.1
124.9
125.2
125.2
125.2
125.6
126.3
126.0
125.4
125.0
124.8
127.6
127.8
126.9
126.9
126.9
126.1
126.0
126.0
126.0
126.9
127.0
127.0
125.7
126.2
126.7
127.0
126.3
126.8
126.9
126.1
125.9
126.3
126.8
126.9
127.0
127.5
127.0
127.7
127.0
127.0
127.5
127.9
128.1
129.0
128.0
127.4
127.7
128.7
131.7
130.5
129.1
128.0
127.9
128.0
128.1
128.0
127.8
127.7
128.1
128.6
128.6
129.0
129.0
128.9
129.4
130.0
129.0
129.0
129.7
129.6
129.0
129.4
129.9
130.1
130.9
130.8
131.0
131.0
130.2
130.3
130.2
130.6
130.8
130.9
131.0
131.1
130.8
129.1
128.4
127.3
125.5
123.0
121.8
121.2
109.3
121.3
119.5
117.5
116.9
102.4
119.7
119.4
119.0
117.8
113.6
112.3
68.4
92.2
110.3
109.8
117.8
115.5
112.7
110.7
108.5
107.4
108.1
107.0
105.9
105.2
105.2
106.7
107.1
108.0
108.5
109.4
110.3
110.7
109.2
108.6
106.4
104.9
105.5
106.7
106.3
105.3
103.7
104.7
105.3
103.8
103.2
103.5
103.6
104.3
104.0
104.1
104.6
104.9
105.2
104.9
105.9
104.7
105.1
106.1
105.3
105.2
104.4
104.4
104.5
104.1
104.3
104.2
104.8
105.8
105.8
107.0
106.9
106.9
107.4
108.1
108.9
109.4
108.9
108.0
108.2
109.0
109.2
109.0
108.9
108.4
108.8
108.4
108.3
109.5
111.1
110.2
112.0
114.5
121.5
122.4
121.6
121.2
119.6
120.3
119.0
118.3
119.2
119.2
118.4
118.7
117.7
116.7
115.6
115.4
118.6
118.7
117.8
116.8
116.6
116.6
116.3
116.6
116.6
117.0
117.2
117.0
119.5
118.2
118.0
117.1
117.4
117.9
117.6
116.9
117.7
118.0
117.8
117.4
117.3
118.4
120.1
120.9
121.8
120.7
120.1
120.0
122.7
122.6
122.1
121.1
120.2
119.5
119.9
119.3
118.5
119.1
118.4
117.5
119.4
120.1
120.3
119.3
117.9
118.0
118.2
116.8
116.4
116.0
116.3
115.1
116.5
116.1
116.1
116.3
117.1
117.2
116.7
117.0
117.5
118.1
118.8
119.1
120.1
120.0
120.4
120.9
121.0
122.0
122.7
123.2
123.3
123.4
124.1
124.2
124.0
124.1
124.7
124.0
124.9
125.3
126.0
125.9
126.0
126.2
126.0
126.5
126.6
126.7
126.3
126.1
126.6
126.7
126.2
125.7
125.3
125.3
124.1
125.1
124.9
124.5
124.0
124.0
124.3
126.0
124.7
123.3
123.8
124.4
124.9
125.0
125.3
124.7
124.3
128.2
127.3
126.4
126.1
125.5
125.0
124.0
124.5
124.1
125.1
126.2
126.6
127.4
127.2
127.3
127.7
128.1
128.8
128.6
128.8
129.6
129.8
130.5
131.5
132.0
130.7
130.7
130.1
131.2
130.9
131.0
130.6
130.0
130.2
130.4
130.2
130.4
130.7
131.0
130.2
130.0
130.2
130.1
129.8
130.1
130.2
130.4
131.0
131.1
137.4
142.5
137.3
134.5
135.1
134.1
131.6
129.6
127.8
127.2
127.7
126.3
127.0
127.6
128.4
129.5
131.2
132.2
132.7
134.2
133.7
132.7
132.1
131.6
131.2
130.3
131.1
131.1
130.7
131.1
130.8
130.4
130.7
131.0
130.8
131.2
130.1
130.2
130.5
129.6
129.7
129.1
128.4
128.6
129.2
128.2
130.8
131.3
131.2
131.1
129.9
129.1
130.2
130.7
130.3
130.0
129.8
129.3
129.8
130.2
129.9
129.8
129.6
129.2
129.9
129.8
129.3
129.3
129.1
129.3
128.0
128.6
129.1
129.4
130.0
130.0
128.7
129.0
130.2
130.7
131.7
130.7
130.1
130.3
129.7
129.9
129.9
129.9
129.2
129.1
129.6
130.2
129.6
129.3
128.6
129.5
129.7
129.7
129.9
130.6
130.9
130.0
129.7
129.8
129.9
129.0
128.4
128.9
129.4
129.7
130.2
129.8
131.5
131.8
132.7
132.9
133.5
132.3
131.7
131.6
131.8
130.9
130.5
131.7
129.4
127.7
125.1
126.8
127.3
130.2
132.3
139.9
136.0
134.1
132.8
131.9
133.3
132.0
130.1
130.0
132.9
140.5
136.5
134.1
133.6
132.4
131.1
129.8
128.6
128.7
130.5
131.7
132.3
132.2
131.3
130.7
130.0
130.0
129.9
129.0
128.0
126.1
126.9
127.8
127.6
126.9
126.0
125.0
125.6
125.0
124.8
125.1
124.8
123.7
123.4
123.6
122.7
122.5
122.3
121.4
123.8
124.1
125.1
125.7
125.9
125.3
125.5
124.3
120.6
128.9
128.6
126.9
125.2
124.8
124.5
124.2
123.7
123.4
123.6
123.3
123.2
123.2
123.4
121.9
120.3
120.0
120.4
121.3
121.6
122.2
123.1
123.0
123.9
124.7
125.6
125.9
126.1
127.3
128.1
127.8
127.1
128.1
127.8
126.0
126.0
125.9
125.0
124.0
123.7
122.8
122.9
122.8
121.4
122.1
121.6
121.0
120.9
120.0
119.8
119.4
118.6
118.1
117.9
115.3
117.2
116.6
116.6
116.7
116.9
116.8
116.1
114.5
114.3
114.0
110.6
114.0
120.9
120.1
119.9
120.0
119.2
118.6
118.2
117.8
116.9
115.8
115.8
116.0
115.4
113.8
114.5
114.5
114.2
114.0
114.3
114.0
114.1
113.2
112.9
112.9
112.6
110.6
112.1
112.7
113.1
113.6
113.2
113.2
112.5
112.8
113.8
111.7
113.0
114.2
113.1
113.1
113.4
113.3
112.6
112.7
112.2
108.7
117.1
119.6
118.5
108.9
115.1
116.3
116.8
115.1
112.5
111.9
110.6
110.7
114.1
115.4
103.3
99.6
109.1
114.4
115.5
115.4
112.4
110.1
108.9
108.4
107.9
106.7
106.5
104.3
101.4
102.6
102.0
102.0
102.0
101.9
101.4
101.0
100.7
96.6
102.8
108.4
105.6
103.7
102.5
102.7
101.6
100.4
98.7
98.6
99.8
100.3
99.8
99.8
99.2
99.8
99.5
100.2
100.1
100.4
97.1
100.7
101.3
100.8
102.4
103.5
102.7
102.8
103.8
103.3
104.8
105.7
106.5
107.5
108.7
109.2
110.0
110.1
110.3
110.2
109.5
109.6
109.9
110.4
110.6
111.6
112.9
113.0
114.2
114.5
114.9
116.2
116.3
117.1
116.6
116.6
116.9
115.4
115.2
115.1
114.5
114.0
113.7
113.9
113.9
113.1
113.8
113.1
112.9
110.5
112.0
111.4
109.9
109.0
109.1
107.3
106.6
105.7
104.3
100.6
100.3
108.1
106.2
104.1
105.1
104.7
104.4
100.5
99.1
98.5
97.5
96.6
95.5
94.9
95.4
92.5
95.6
95.7
98.5
99.0
98.3
98.4
98.3
98.5
98.3
99.0
99.2
99.4
100.0
101.0
101.3
101.7
102.8
103.8
104.7
105.5
106.8
107.0
107.5
108.1
108.5
109.5
108.0
107.5
107.4
106.8
106.9
107.7
107.7
107.5
107.8
107.9
107.1
107.9
108.4
108.8
109.2
109.1
108.6
108.0
109.9
109.9
109.9
109.7
109.2
109.6
109.4
108.7
109.0
108.8
108.3
109.1
108.9
108.8
107.3
107.9
107.6
107.8
107.2
107.1
106.8
106.1
105.0
104.7
104.4
104.4
100.7
103.3
109.2
111.7
110.1
108.6
106.8
105.6
104.7
103.5
102.9
101.8
98.5
98.6
100.2
100.3
99.3
99.4
98.8
99.1
99.2
99.6
98.6
98.5
98.8
95.3
98.9
100.9
101.2
101.4
101.7
102.1
102.2
102.7
102.8
103.0
103.4
104.5
105.4
105.8
105.7
105.9
102.9
102.0
105.4
106.4
106.1
106.3
111.1
110.3
110.4
110.0
108.9
108.0
106.5
106.4
106.1
105.2
105.6
106.0
106.3
106.0
106.4
107.2
107.2
107.2
105.4
106.9
107.6
107.1
107.8
106.8
107.5
107.7
106.9
106.9
106.7
107.1
106.5
106.4
106.6
102.5
107.4
112.1
111.3
110.6
110.0
109.7
109.5
108.3
107.7
106.9
106.5
105.2
104.6
103.2
102.2
101.4
99.0
100.4
102.5
102.3
102.3
101.3
100.6
97.3
100.5
102.2
102.0
101.8
101.5
100.6
100.5
101.3
101.0
101.1
101.3
101.4
100.4
97.3
101.7
103.3
103.2
103.8
104.2
104.0
103.8
103.9
104.2
104.6
104.8
105.4
105.1
101.5
106.7
109.6
118.0
116.0
114.9
113.0
112.0
112.0
110.9
110.1
109.3
108.9
108.4
108.5
108.3
108.2
107.8
108.4
107.5
106.5
105.9
106.4
104.4
107.0
109.1
108.8
108.1
108.3
107.2
106.3
105.6
105.6
105.5
102.1
106.1
107.8
108.0
107.6
107.2
107.1
107.5
106.9
106.2
106.0
106.5
105.6
104.1
104.6
107.0
106.8
107.0
107.1
107.5
107.7
107.5
107.5
107.9
107.9
108.5
107.6
105.4
109.9
110.1
109.7
109.2
109.1
108.3
107.4
107.7
107.6
106.6
105.8
104.6
102.2
107.4
109.9
110.2
108.9
108.2
108.6
108.4
107.9
107.6
107.0
107.0
110.3
111.6
113.0
108.9
109.9
111.4
111.7
111.1
111.1
113.4
112.7
114.0
115.5
114.6
114.3
113.7
115.3
116.1
116.9
116.9
117.8
117.7
115.8
114.8
113.5
112.8
112.2
111.0
110.2
107.0
107.4
109.0
108.3
107.3
106.0
105.9
105.2
104.9
100.3
103.0
104.7
103.9
103.0
102.2
101.7
100.5
100.0
99.4
100.3
100.9
101.0
101.3
101.8
101.0
98.6
101.4
102.9
104.1
105.0
108.0
108.6
108.8
109.0
109.3
110.3
110.0
110.0
109.5
109.8
110.1
110.0
109.9
110.4
110.6
111.0
110.9
110.8
112.4
112.2
113.3
111.7
112.9
111.4
112.0
111.2
110.9
110.0
107.2
109.2
109.5
109.6
109.6
109.1
109.1
108.2
109.0
107.8
104.1
107.2
107.7
115.6
116.5
114.8
113.4
111.5
110.1
108.7
107.1
105.4
105.2
104.6
103.1
102.6
103.4
103.6
103.4
101.3
100.5
101.5
102.3
103.1
102.9
103.1
103.4
103.2
103.5
104.5
105.1
105.3
104.9
107.4
107.9
108.8
109.4
109.0
110.5
112.8
113.3
113.1
113.3
113.8
114.0
114.8
114.4
114.0
114.0
114.8
114.8
114.9
114.9
115.8
116.4
114.8
115.2
114.8
115.0
114.4
116.8
116.5
116.9
117.0
117.8
117.6
117.0
117.1
117.0
117.7
118.0
118.0
118.0
117.9
118.0
118.0
117.7
117.8
118.0
118.1
118.0
118.0
117.4
111.6
113.5
114.9
114.8
115.2
115.7
115.0
114.8
113.9
112.8
112.4
112.2
112.1
114.3
115.0
114.5
113.9
113.9
113.0
113.0
113.3
114.1
113.9
113.9
112.9
114.1
113.3
112.7
112.0
111.1
110.4
110.3
110.6
110.2
110.1
110.5
110.4
110.1
110.0
109.8
110.0
109.2
109.0
108.8
108.6
107.6
104.7
108.3
112.1
111.3
111.0
110.4
110.0
109.3
109.2
109.8
110.4
111.0
111.3
111.9
111.9
112.0
111.5
111.0
112.2
113.0
113.9
113.8
113.7
113.9
109.3
109.7
111.6
116.7
116.1
116.3
116.9
117.2
116.5
116.4
116.3
115.3
115.7
116.4
116.8
116.5
116.1
116.3
116.0
114.9
113.5
113.1
115.5
116.1
115.3
115.4
114.9
115.0
114.9
114.1
114.4
114.1
113.8
113.2
112.8
111.9
110.7
111.4
110.5
110.6
110.0
110.4
110.1
109.9
110.0
110.2
110.7
111.2
110.9
109.4
109.2
109.8
110.7
110.7
109.8
109.8
109.7
109.4
109.5
109.5
109.0
109.2
109.1
109.7
110.8
105.1
105.9
105.9
107.0
107.4
107.5
108.3
108.9
108.7
109.1
108.6
108.8
108.5
112.3
112.6
111.7
112.1
111.8
111.0
110.7
110.5
110.1
109.4
109.5
109.5
109.1
110.9
113.1
113.1
113.0
113.0
112.8
113.0
112.4
112.6
112.7
112.9
112.1
112.3
112.3
111.9
111.8
111.1
111.3
111.0
110.9
110.8
111.0
111.0
110.7
110.8
110.8
111.0
110.1
110.6
110.8
110.3
109.7
110.1
110.0
110.2
110.2
110.3
110.0
109.9
109.9
110.0
109.0
107.8
108.0
108.1
108.6
108.3
98.1
105.5
124.6
123.3
121.6
119.5
118.5
117.2
115.6
113.4
111.6
110.6
109.3
110.2
108.6
108.5
106.5
105.5
105.7
104.3
103.9
103.2
102.7
102.6
102.4
102.6
103.8
104.4
104.6
97.3
98.6
99.9
100.9
101.7
102.6
103.4
104.3
105.1
106.4
107.4
107.8
108.3
108.8
108.8
108.9
109.0
109.8
109.6
109.7
109.6
109.7
110.0
109.9
109.2
109.6
109.7
110.8
110.2
111.0
111.0
110.4
110.2
111.1
109.9
109.3
110.1
110.5
110.0
111.3
111.6
111.2
111.9
111.4
114.0
115.0
114.8
115.0
114.1
113.3
112.4
111.8
111.7
111.7
111.1
110.9
110.3
110.1
110.1
110.1
110.0
109.4
110.0
109.6
109.2
109.0
109.1
108.4
108.4
109.0
108.0
107.9
108.1
107.8
108.4
108.0
106.9
107.7
108.0
107.8
108.0
108.0
108.0
108.0
108.8
109.0
108.0
108.5
108.9
108.8
109.0
108.0
100.0
104.5
106.2
107.3
108.0
109.0
109.4
109.5
109.6
109.1
109.6
110.1
110.3
110.0
110.1
109.9
111.0
113.4
113.1
115.0
117.9
116.0
116.4
115.1
114.5
114.1
113.4
113.1
112.5
111.4
112.0
110.6
111.1
110.1
108.3
108.6
108.0
108.9
107.6
106.9
106.5
105.3
105.1
105.2
105.0
104.8
103.7
103.6
103.0
101.7
99.9
101.2
101.1
101.3
101.8
101.9
102.2
101.4
102.1
102.3
103.1
104.6
106.5
112.1
112.7
113.3
112.6
113.2
112.2
111.7
111.1
111.1
111.5
111.3
111.1
110.8
110.7
109.7
109.2
109.3
109.3
109.1
109.5
109.9
109.7
109.6
108.8
108.4
108.8
108.2
108.5
107.7
107.5
106.2
106.0
106.2
106.1
106.9
107.0
107.6
109.5
109.0
108.3
107.6
107.7
107.2
106.9
105.9
106.2
106.9
107.1
106.7
107.0
106.7
106.0
106.9
107.1
106.8
107.0
106.2
106.0
106.1
107.1
106.9
106.0
106.0
105.8
106.6
106.0
106.8
106.1
105.2
105.7
105.2
105.7
105.6
106.3
105.6
105.0
105.0
105.0
105.2
105.5
104.3
104.5
105.5
105.0
105.4
106.2
104.9
105.7
106.0
106.8
106.3
106.2
106.7
106.5
106.0
106.1
106.2
106.5
106.4
107.1
106.9
107.3
107.7
107.6
107.4
107.9
107.7
102.8
104.9
105.3
106.1
106.7
107.6
108.4
108.3
108.5
108.6
109.0
108.6
108.5
109.0
109.0
108.5
107.6
107.8
108.1
108.1
108.2
108.3
108.1
107.6
108.0
108.3
108.8
110.5
110.8
109.9
109.6
110.0
110.0
109.3
114.0
113.5
114.7
113.7
112.4
111.2
110.1
109.5
109.1
110.7
110.4
110.5
110.4
110.5
109.5
110.5
106.3
109.4
112.4
109.7
109.4
108.1
106.9
106.8
107.0
106.3
105.9
105.2
104.8
104.2
103.2
103.9
104.4
105.5
106.0
107.0
106.7
106.7
108.2
108.9
108.6
108.3
107.9
107.2
107.0
106.2
105.2
106.1
106.6
106.3
106.5
106.6
106.0
105.4
104.9
104.4
104.7
105.7
105.1
104.7
104.2
104.3
104.4
104.3
105.0
105.3
97.8
100.6
103.3
103.1
103.5
103.8
102.8
103.6
104.9
101.2
104.1
107.8
107.5
107.6
107.3
107.4
107.1
106.1
107.4
108.8
109.7
110.0
110.1
109.8
108.5
108.7
107.4
106.6
107.1
106.5
106.1
105.8
106.3
106.0
106.8
106.1
105.8
106.0
105.2
105.1
104.9
104.8
105.7
105.5
105.8
105.4
105.2
106.5
107.3
107.3
106.1
104.5
105.0
106.3
106.4
105.9
107.6
107.5
106.5
103.9
106.2
106.1
106.7
106.6
106.3
106.9
106.7
105.8
105.6
106.0
105.8
105.8
104.9
105.3
105.4
105.4
106.1
106.0
107.1
107.2
108.2
107.5
106.3
105.7
105.8
105.2
105.2
105.1
105.1
104.8
104.6
103.7
103.9
104.5
104.6
105.2
105.5
105.9
105.7
105.2
106.0
106.3
106.4
106.2
106.4
106.5
107.2
107.1
107.6
110.6
114.5
118.2
118.5
118.8
117.2
114.8
113.8
112.3
111.1
110.4
109.8
108.8
108.1
108.3
108.1
108.4
109.1
109.8
109.8
109.8
108.9
108.6
107.8
107.4
107.2
105.7
105.3
106.1
105.5
103.9
105.0
104.7
104.2
104.3
105.1
105.3
105.0
104.9
104.0
103.4
102.6
101.6
102.2
102.3
101.3
101.6
100.9
101.1
99.9
100.0
101.0
102.0
101.6
101.3
101.3
101.9
102.4
102.9
102.7
103.0
103.0
103.0
103.3
103.5
103.7
102.2
102.0
102.0
102.0
102.2
102.6
102.9
103.0
103.1
102.4
102.8
99.3
102.3
103.5
103.0
103.0
103.1
103.3
103.3
102.9
102.6
102.9
102.9
103.0
103.0
102.8
102.9
103.0
103.0
103.0
103.0
102.6
102.0
102.0
102.3
102.0
101.9
101.8
102.8
102.4
103.0
103.4
103.9
103.5
102.6
102.6
103.1
103.0
103.0
103.0
102.3
102.0
102.3
102.3
101.5
101.1
100.7
101.0
101.2
101.9
101.4
97.5
105.6
121.0
115.3
111.5
111.0
109.5
108.3
107.8
107.1
106.7
105.7
105.0
105.0
104.6
104.0
103.3
103.2
103.0
105.0
104.2
102.8
102.5
102.0
101.9
102.0
101.6
101.4
101.0
100.5
99.7
99.1
99.3
99.0
98.6
98.8
98.4
97.4
97.1
97.0
96.4
96.5
96.1
95.8
95.0
91.7
91.9
91.8
91.9
95.3
96.2
95.9
96.1
96.0
96.0
95.1
95.5
96.0
96.5
96.6
96.7
96.2
96.5
96.9
96.9
97.5
97.7
97.1
96.7
95.7
93.6
95.5
95.3
94.9
95.4
96.1
96.2
96.5
97.0
97.5
97.4
97.4
97.3
96.9
97.6
98.8
97.5
97.7
97.8
98.0
97.9
98.1
99.0
98.3
99.3
99.2
99.2
99.8
98.8
99.2
98.7
100.2
98.0
95.4
100.3
100.9
100.0
100.8
100.6
100.6
100.5
100.0
99.9
100.2
100.0
99.6
99.0
99.0
98.8
99.0
99.1
99.6
98.9
98.0
98.2
98.7
98.1
98.4
98.6
94.7
97.8
98.5
99.0
99.4
99.5
99.8
99.0
99.3
99.0
98.5
98.8
99.6
99.0
98.8
99.1
98.9
99.0
98.7
99.3
99.0
99.4
99.1
99.6
100.1
100.2
100.8
100.8
101.7
101.6
101.6
102.2
101.4
101.2
101.8
101.4
100.8
101.0
100.7
98.1
101.1
101.4
101.3
101.6
100.6
101.2
101.8
101.4
101.1
100.2
99.9
99.9
99.6
100.2
101.1
102.0
102.2
101.8
101.2
102.0
102.1
102.3
101.5
100.1
100.8
101.1
100.9
101.2
96.0
101.8
102.5
101.6
101.1
100.5
100.5
100.8
100.9
99.8
100.1
100.1
100.9
100.7
100.9
102.3
103.3
103.0
101.5
101.4
102.3
102.8
105.7
104.6
106.7
107.4
105.4
104.1
102.1
101.2
100.7
101.1
101.1
101.0
100.9
101.4
100.8
100.4
100.4
100.6
100.0
99.9
107.6
106.3
103.3
103.7
102.6
101.6
102.0
101.5
101.1
100.6
100.5
100.2
100.4
100.3
100.0
99.6
99.2
99.2
99.7
100.0
99.8
100.1
99.6
99.2
96.2
101.2
100.5
100.7
100.5
100.0
99.7
99.4
99.7
98.6
98.7
99.3
98.8
98.6
98.6
98.5
99.1
99.0
99.2
98.3
98.7
99.4
98.8
99.5
99.7
99.7
98.8
98.1
99.3
99.4
100.1
100.5
99.9
100.1
99.2
99.9
100.5
100.0
99.9
99.7
99.1
98.9
98.6
100.3
99.7
100.4
100.2
102.2
101.0
100.0
96.9
100.5
99.9
103.5
106.1
113.5
112.4
111.6
109.8
108.3
106.7
105.9
107.5
120.0
117.2
115.7
112.4
110.0
110.7
110.3
110.4
109.3
109.3
107.5
107.4
105.8
105.2
106.6
107.3
105.3
105.0
109.0
104.4
104.4
104.4
102.9
104.6
104.7
102.5
102.4
101.5
101.2
100.9
102.1
101.9
102.0
101.1
99.4
99.8
99.2
97.9
98.2
97.7
98.1
98.1
97.8
100.3
106.5
108.2
109.2
110.1
108.2
104.7
103.8
102.1
101.0
99.2
99.2
98.8
99.1
98.6
99.3
98.5
97.9
98.1
98.0
97.4
97.6
98.1
97.3
98.1
95.3
94.7
95.3
95.1
94.7
95.2
94.9
94.8
94.5
94.2
94.1
93.7
94.2
93.3
93.5
93.4
91.9
91.2
90.7
91.5
92.3
92.0
92.8
93.7
93.4
93.6
92.7
90.0
90.8
92.6
92.5
92.5
91.4
91.7
91.2
91.7
91.9
91.7
91.9
92.4
91.8
91.1
93.0
92.9
93.8
93.7
93.7
93.6
92.7
93.5
92.7
92.1
92.8
93.2
92.5
90.6
89.8
91.7
92.0
91.8
92.0
91.7
92.1
92.0
91.7
90.9
90.6
90.9
90.7
90.1
90.0
89.8
90.2
90.3
89.7
90.0
90.1
91.7
97.5
100.3
101.7
102.6
102.8
103.2
103.0
103.7
104.5
104.9
104.5
103.5
104.5
104.7
103.7
103.0
103.6
103.4
102.8
101.7
101.7
102.3
102.0
100.3
100.9
101.2
101.0
101.1
101.0
100.0
101.3
101.2
101.0
101.0
101.6
101.4
101.1
102.5
103.2
103.5
103.5
103.2
103.7
103.1
102.2
101.5
101.6
99.5
101.5
101.3
101.5
100.7
101.9
100.8
101.3
101.2
100.5
101.4
100.8
100.4
100.3
99.5
99.2
99.5
99.8
99.7
99.4
98.1
99.6
100.1
100.2
101.4
100.4
98.6
97.9
98.5
98.6
99.2
98.4
97.8
97.3
97.2
96.1
96.6
95.9
96.1
96.3
93.6
94.4
94.9
94.7
95.0
96.2
97.3
95.8
94.7
94.4
92.7
92.2
92.5
93.0
93.4
92.7
92.4
92.6
92.4
93.4
94.0
91.4
94.3
95.2
96.1
96.0
96.9
97.0
96.8
97.3
98.5
97.9
97.7
98.6
100.1
100.5
99.9
99.4
96.0
99.7
97.4
98.5
97.7
97.5
97.0
96.0
96.8
96.3
96.4
96.6
97.3
96.9
97.5
97.4
96.9
97.6
99.2
98.9
95.5
97.3
95.4
94.4
95.3
94.7
96.3
95.4
95.5
95.3
96.2
95.8
95.9
96.7
97.3
97.0
96.2
96.7
96.9
96.5
93.7
95.2
95.2
96.9
96.1
97.4
96.9
95.1
94.8
95.2
96.4
96.8
96.6
95.4
95.5
95.2
94.7
94.8
94.0
94.8
95.6
92.4
94.1
95.0
94.1
93.6
92.9
93.3
93.7
95.5
95.2
95.9
95.3
93.5
94.0
94.4
94.1
93.7
94.4
94.1
95.2
95.4
95.9
94.5
95.4
95.3
95.0
94.9
94.4
94.4
94.7
94.2
95.0
95.5
99.1
102.4
99.6
97.3
96.5
94.2
93.0
93.0
93.8
93.4
93.5
93.3
94.6
94.6
95.0
94.6
94.8
94.6
94.7
95.4
93.9
95.1
95.1
94.9
94.5
94.6
95.0
95.4
94.1
93.2
96.9
93.6
95.6
96.2
97.1
99.9
98.1
95.5
93.7
92.7
92.0
92.1
93.6
93.3
92.2
92.4
93.5
92.9
93.9
94.7
95.5
95.7
96.8
94.2
95.6
96.6
95.4
95.1
95.9
94.9
95.3
95.2
95.5
95.7
96.0
94.9
94.3
94.8
94.8
95.4
95.5
94.7
95.1
94.3
95.4
95.6
95.4
95.3
95.2
95.7
96.4
94.9
95.4
95.8
95.3
94.7
96.0
94.9
95.0
95.8
96.2
95.2
94.4
94.3
94.5
96.2
95.7
95.4
95.0
96.1
96.3
94.8
96.2
96.5
95.9
99.1
98.7
98.5
97.8
97.5
97.3
96.4
96.4
96.6
95.6
95.2
96.0
96.6
95.1
95.1
95.6
95.8
96.4
94.5
95.8
95.8
95.7
95.3
95.1
95.9
95.9
95.3
95.2
95.6
95.6
95.2
95.2
95.6
98.1
100.4
99.0
96.4
98.0
97.4
95.9
95.9
96.6
96.7
100.7
104.5
101.7
100.8
97.6
95.3
93.4
94.0
94.3
93.4
91.1
90.0
90.0
90.4
90.3
89.8
90.6
91.1
91.8
91.2
92.0
89.2
90.1
88.1
90.1
90.3
91.8
93.1
93.2
92.8
94.3
93.9
93.2
92.3
90.8
90.8
92.5
97.3
96.3
95.3
94.6
92.8
92.7
94.0
92.5
92.1
90.9
90.7
90.9
91.8
91.7
91.3
91.0
91.2
90.9
92.7
92.4
91.1
91.8
92.4
91.5
92.2
93.6
92.9
91.5
91.9
92.3
92.8
92.5
93.4
94.0
93.7
93.2
94.1
94.7
94.5
94.1
94.4
92.4
92.4
93.6
93.0
92.4
92.7
92.6
92.7
93.0
94.7
95.3
92.7
93.7
93.3
91.3
92.4
92.1
90.4
92.6
93.0
92.8
93.4
92.9
92.0
93.6
92.9
91.3
91.3
92.3
93.3
93.9
93.7
92.2
92.1
91.3
90.4
90.8
92.1
94.1
94.6
92.2
92.6
92.7
91.8
91.8
91.8
91.19999999999999
90.89999999999999
90.6
92.1
91.9
91.8
92.5
91.8
91.0
89.3
88.8
88.5
88.3
89.5
89.3
88.4
89.7
88.1
88.9
87.2
85.5
87.384
87.476
87.568
87.66
87.752
87.84400000000001
87.936
88.028
88.12
88.212
88.304
88.396
88.488
88.58
88.672
88.764
88.856
88.94800000000001
89.04
89.132
89.224
89.316
89.408
89.5
89.592
89.684
89.776
89.868
89.96
90.05199999999999
90.144
90.236
90.328
90.42
90.512
90.604
90.696
90.788
90.88
90.972
91.064
91.15599999999999
91.24799999999999
91.34
91.432
91.524
91.616
91.708
91.8
91.6
91.6
94.2
91.5
92.8
89.6
91.6
91.9
92.8
92.7
91.0
92.0
92.8
94.6
93.1
95.2
93.3
92.6
91.6
90.7
94.5
97.2
96.8
95.4
96.6
95.1
91.6
91.6
90.1
89.2
87.7
87.4
89.0
87.9
88.4
87.6
87.4
86.8
88.3
91.5
92.4
93.8
99.4
98.2
99.9
97.4
95.8
94.4
91.9
92.5
91.9
92.0
90.9
89.4
91.2
90.6
90.5
88.7
89.1
86.7
85.8
85.3
86.8
101.0
109.0
101.6
98.1
96.0
95.9
93.7
93.7
91.6
88.1
89.1
89.0
87.6
87.5
87.1
87.1
87.3
86.9
87.2
85.0
84.2
84.5
84.5
84.5
85.6
86.8
85.5
83.7
83.4
82.7
83.8
83.7
82.6
82.0
80.3
80.1
80.2
79.6
79.1
79.9
80.0
79.9
80.6
80.8
81.6
81.3
80.7
80.6
81.2
82.1
83.7
84.2
86.2
86.1
85.8
86.5
86.6
85.3
85.4
86.3
85.1
84.9
85.2
85.7
86.1
85.1
84.2
84.1
84.8
83.7
84.2
83.8
85.4
85.8
86.5
85.9
86.9
86.0
84.8
86.0
85.5
85.7
85.4
86.2
87.1
86.7
87.1
87.7
87.0
86.9
86.3
86.3
87.3
87.2
84.8
86.8
88.6
89.0
89.0
87.1
88.4
90.9
89.5
89.9
89.3
91.1
90.5
90.7
89.5
89.6
89.8
89.4
88.0
88.5
88.9
86.8
87.3
89.2
89.5
88.9
89.5
88.0
87.1
87.6
86.8
90.5
94.1
95.3
94.6
95.7
94.6
94.2
93.4
92.1
90.9
89.8
88.0
88.1
87.5
88.4
86.6
86.7
87.4
86.9
86.6
86.5
85.9
83.9
84.8
85.7
87.5
85.1
84.7
85.7
84.3
84.1
82.9
82.2
82.9
82.9
83.0
83.2
83.0
82.7
83.1
84.9
87.7
86.5
85.0
85.7
87.3
87.7
88.3
87.2
85.2
85.5
87.5
86.3
83.8
85.5
84.7
85.6
85.1
87.5
86.7
84.0
85.1
85.3
84.3
84.6
82.3
83.3
86.0
87.2
86.9
88.3
86.7
88.0
88.7
88.0
89.0
89.2
89.2
88.8
88.9
89.2
89.7
89.7
88.8
88.9
89.0
88.5
89.1
88.4
87.6
85.1
83.5
85.3
84.9
81.7
80.4
80.9
82.0
81.4
83.0
83.9
84.0
85.0
84.2
85.8
86.3
86.1
87.8
88.7
89.8
89.3
91.3
92.7
96.2
95.6
97.7
98.3
97.9
96.1
94.6
94.4
95.1
95.2
94.8
93.6
93.5
96.8
93.1
93.4
93.8
93.8
92.4
91.7
94.7
94.4
94.0
92.9
92.8
92.8
91.4
91.1
90.7
89.7
88.5
89.5
90.3
89.2
89.8
89.5
89.4
89.4
90.0
88.5
88.4
88.6
86.8
87.5
90.3
89.3
88.9
89.0
88.8
88.0
88.6
88.5
87.8
88.4
88.7
87.2
87.7
86.8
86.6
87.9
87.7
87.4
87.4
86.5
85.8
86.0
86.0
85.1
86.4
86.0
85.3
85.2
85.8
85.0
84.8
85.3
85.4
86.4
86.4
86.6
87.9
87.4
86.3
85.7
87.0
86.2
86.4
87.8
85.9
85.7
85.5
85.1
84.4
83.5
83.4
85.8
87.7
85.2
83.0
84.8
86.3
85.1
85.4
86.0
85.9
85.6
85.9
85.0
84.0
84.3
83.6
84.0
88.0
89.3
88.3
89.1
88.6
89.3
91.1
93.5
92.3
90.3
90.8
89.9
89.0
88.7
88.0
87.1
87.9
87.4
88.4
89.0
86.4
87.8
86.9
87.0
87.0
85.8
84.9
83.8
84.5
83.8
80.8
81.4
81.3
81.3
81.9
81.3
81.1
81.2
81.8
83.2
83.1
82.9
82.2
83.2
86.9
84.7
84.6
82.5
81.8
83.1
84.4
85.3
85.0
84.9
84.1
83.8
84.9
83.6
83.3
86.7
85.6
84.5
83.1
82.2
84.5
85.4
85.0
85.5
85.7
86.5
91.2
87.3
89.0
88.8
89.1
88.9
88.1
86.8
86.7
87.2
86.8
87.5
87.3
87.2
85.4
84.6
84.1
83.9
84.7
83.8
84.0
82.3
82.7
81.8
82.6
81.6
81.1
80.2
81.0
83.4
82.1
83.3
84.6
83.0
83.7
83.8
83.8
83.7
84.4
84.2
83.5
84.0
83.4
84.4
84.3
83.3
83.7
83.4
84.0
84.1
84.1
83.7
83.2
83.3
82.2
82.2
81.8
81.5
81.4
82.4
81.9
81.6
82.3
83.4
82.1
82.0
82.2
82.2
82.4
82.7
82.2
81.7
81.6
82.4
82.6
83.5
83.4
82.6
83.2
85.1
85.7
84.8
84.2
83.0
83.0
83.1
82.6
82.8
83.0
83.1
82.7
83.7
83.7
82.7
82.1
83.8
84.3
83.4
83.5
83.3
82.9
84.5
83.8
82.7
83.1
82.7
83.4
82.6
82.3
82.5
82.5
81.8
81.2
81.8
82.3
82.3
81.5
82.4
82.8
81.5
81.9
82.3
84.2
82.8
82.0
81.8
81.6
82.1
82.6
81.9
82.1
83.4
83.4
82.1
82.4
81.2
81.1
81.3
81.1
81.1
81.1
81.3
81.3
81.4
82.0
81.9
81.2
80.9
81.1
82.0
82.9
82.3
81.3
81.1
81.0
81.3
80.7
80.1
80.0
80.7
80.5
79.9
80.1
80.8
82.5
83.5
83.7
84.0
83.9
84.4
85.3
87.0
86.1
87.1
86.7
86.9
86.6
87.3
85.5
84.5
85.4
85.9
85.9
85.0
84.8
85.7
85.5
85.3
83.8
83.2
82.8
83.0
82.9
81.4
81.6
81.3
82.2
81.7
82.0
81.5
81.7
82.5
81.8
81.2
80.4
83.3
83.1
82.3
80.9
81.2
81.1
80.7
80.3
80.3
80.0
80.4
80.3
80.0
82.6
81.2
80.8
81.0
85.2
83.3
84.1
86.4
84.9
85.3
89.1
95.6
92.3
90.2
88.9
88.8
87.0
87.7
86.0
87.7
87.8
86.3
84.1
84.1
90.2
88.2
88.5
94.4
91.0
90.9
88.7
91.9
89.3
87.1
85.5
83.8
82.6
82.0
81.0
81.0
80.2
77.1
77.8
77.6
77.0
75.7
74.7
74.6
74.8
75.0
74.8
75.2
74.3
74.4
73.4
73.0
73.9
73.4
74.0
73.8
73.8
74.0
73.7
74.0
74.1
74.4
74.9
73.3
74.7
76.6
76.0
74.6
73.6
73.2
75.5
76.1
75.3
75.6
74.3
74.9
74.8
73.8
74.3
75.1
76.2
76.0
74.9
75.7
76.0
75.4
75.2
75.8
75.0
75.2
74.6
73.8
73.9
75.3
73.8
73.6
73.4
75.6
74.0
73.7
73.4
74.6
74.5
73.0
73.1
74.3
75.0
74.9
75.1
74.8
74.6
74.4
72.9
72.5
73.2
72.2
72.8
72.2
72.8
72.4
72.0
71.5
72.5
72.1
73.0
72.3
73.2
72.7
72.2
72.2
72.9
73.3
73.5
74.0
73.6
73.2
73.3
73.0
73.7
73.7
74.1
74.6
75.0
73.7
73.5
73.8
74.4
73.8
74.0
73.5
73.9
74.0
74.3
74.2
74.4
74.5
73.8
73.6
73.7
73.7
74.5
74.8
75.6
74.6
74.7
74.6
73.8
74.2
74.3
73.3
74.1
80.4
84.0
82.3
81.0
79.9
80.1
79.4
80.0
79.1
77.7
77.8
80.6
79.5
76.8
76.4
77.7
76.4
76.1
74.6
75.0
74.8
74.7
74.9
75.2
75.2
74.6
75.0
75.9
75.2
75.2
74.3
74.8
74.7
74.2
74.8
74.8
75.0
74.4
74.9
75.0
74.8
74.1
74.0
75.0
74.8
75.1
74.3
74.3
74.4
74.6
74.6
75.0
73.9
72.7
74.3
74.1
73.9
74.3
73.5
74.2
74.2
73.9
74.1
74.5
75.8
74.7
74.6
75.1
75.0
75.6
75.1
74.9
74.0
74.1
74.5
77.0
79.2
76.2
75.7
76.0
76.5
75.2
75.4
76.2
76.2
76.7
77.2
76.7
75.6
75.9
75.3
76.0
75.7
75.8
75.0
74.6
74.7
75.3
75.1
76.1
75.9
75.9
75.6
75.9
75.6
75.3
76.2
76.0
75.0
75.0
75.0
74.4
74.1
75.6
77.5
76.9
75.5
75.1
75.0
75.5
76.3
75.6
75.2
75.6
75.0
75.0
74.3
74.9
74.8
74.7
74.6
75.5
76.0
74.3
74.7
74.2
74.4
75.0
75.3
74.9
75.0
74.8
75.3
75.0
75.3
75.3
75.5
75.3
75.0
75.2
75.0
75.1
75.3
75.3
75.2
75.5
75.4
75.1
75.3
75.0
74.8
75.6
74.9
75.1
75.6
76.8
79.8
78.3
77.8
77.1
76.7
76.4
83.6
83.6
84.0
83.3
82.3
80.2
78.0
78.4
79.3
76.9
76.3
75.1
75.4
75.2
75.1
75.5
75.4
75.6
75.0
75.0
74.9
74.5
75.1
75.2
74.9
75.4
76.0
75.9
76.0
76.2
75.5
75.0
74.8
74.8
74.7
75.0
75.1
74.2
75.4
75.1
75.0
75.7
75.0
75.4
75.8
75.9
74.7
74.7
75.1
74.9
75.0
75.3
75.2
75.1
75.1
75.3
75.6
75.5
73.6
73.1
73.3
74.0
74.1
74.1
75.0
77.9
75.9
74.2
72.3
73.3
75.0
75.1
74.4
75.4
76.2
76.1
76.0
75.5
75.8
75.0
75.2
74.8
75.2
75.5
76.4
76.0
75.9
75.7
75.7
75.9
75.7
75.2
76.0
75.3
75.0
75.0
75.2
75.6
74.7
74.7
75.7
75.7
74.4
75.5
75.1
75.5
75.4
75.5
75.7
74.9
74.6
75.7
75.7
75.2
75.4
76.0
76.2
75.9
75.9
76.0
76.0
75.6
75.5
75.0
75.6
75.2
75.2
75.7
75.3
73.5
74.0
73.6
74.0
72.7
73.3
74.2
74.0
75.1
74.7
74.3
76.8
75.9
75.1
75.1
74.9
74.2
73.8
75.5
75.7
76.6
75.2
75.4
75.3
74.6
75.1
74.0
73.2
73.2
73.9
73.4
74.4
73.8
73.0
73.1
72.6
73.1
74.0
73.7
73.6
73.3
72.6
73.1
73.6
72.0
71.9
72.6
73.2
73.3
74.6
75.1
74.5
73.3
72.6
72.6
73.1
72.8
71.9
73.6
73.1
73.2
73.9
74.7
74.0
74.7
73.0
73.4
74.8
75.5
73.8
75.8
74.4
74.0
73.6
73.2
73.1
73.2
72.9
73.2
73.3
74.1
73.5
73.2
73.2
73.7
74.0
73.7
73.2
73.6
73.4
73.6
74.7
74.0
75.2
73.7
72.0
73.7
73.1
73.9
72.5
72.8
74.3
73.6
72.2
72.2
72.6
72.8
73.3
73.3
73.1
72.9
73.3
72.8
74.0
72.5
73.5
74.4
74.2
85.3
90.9
92.3
84.6
86.2
85.1
85.8
85.6
84.0
84.3
84.4
81.4
79.7
81.2
78.6
78.7
77.9
77.7
77.6
77.4
76.9
77.3
76.7
75.6
76.2
75.5
75.6
74.9
74.0
74.7
75.0
75.5
73.7
73.9
74.2
73.8
73.9
74.4
73.2
73.8
74.0
74.8
74.4
73.9
73.6
73.9
73.7
74.1
73.0
74.0
74.1
74.2
73.7
75.0
74.7
74.5
74.9
74.4
74.2
74.1
74.6
74.1
74.7
74.9
74.6
74.7
74.8
76.0
76.0
75.2
75.4
75.2
75.2
75.0
76.5
75.0
75.0
75.7
76.3
75.0
75.8
76.8
76.4
75.2
76.4
76.4
75.0
75.2
77.5
76.3
75.6
77.4
77.1
75.4
75.5
75.7
74.7
75.0
76.0
75.3
75.6
75.7
75.5
76.7
77.1
76.9
77.9
76.8
77.3
76.6
75.1
77.3
80.7
85.0
83.0
80.9
79.4
80.5
79.4
79.8
78.4
80.2
77.3
78.8
78.7
77.5
78.0
79.9
79.5
79.0
77.9
76.8
77.9
77.0
77.5
78.0
77.5
76.4
77.6
76.7
75.8
75.7
76.6
77.8
75.8
77.3
76.8
76.2
78.1
77.2
75.8
76.2
77.5
77.1
76.8
77.5
76.8
76.4
77.9
76.4
76.3
76.8
76.1
77.0
76.3
77.3
76.3
76.8
77.0
76.8
75.9
77.5
76.7
76.9
76.8
76.5
76.3
76.6
76.6
76.1
75.8
76.2
75.4
75.6
83.7
85.6
85.3
84.9
81.1
80.4
79.6
77.5
76.9
77.1
77.4
77.9
77.3
78.1
77.9
77.8
77.6
77.0
78.1
77.6
78.3
78.0
79.6
78.7
78.2
77.9
78.2
78.7
78.4
78.1
78.9
79.3
79.3
78.0
77.9
78.3
78.9
78.2
77.2
77.2
76.5
77.9
78.0
77.9
78.0
77.8
77.9
77.0
77.9
77.7
77.6
84.1
81.4
79.9
78.9
78.8
78.2
78.6
79.0
78.6
78.0
78.5
78.7
78.5
78.3
78.7
78.2
78.5
78.2
78.1
78.3
77.8
78.7
78.6
79.3
79.0
79.2
78.7
78.0
77.4
77.1
77.1
77.6
77.9
77.7
78.0
77.7
76.9
77.1
77.4
77.3
76.7
77.7
78.0
77.7
77.2
77.8
85.9
89.9
85.3
82.9
81.6
80.5
81.0
80.7
79.5
77.9
78.4
78.4
79.1
80.4
79.2
80.0
80.1
79.0
78.4
78.8
78.3
78.4
77.7
76.8
78.0
78.0
78.1
78.0
79.0
77.9
78.0
77.9
77.4
77.4
78.1
77.9
78.0
77.8
77.6
78.8
79.0
78.9
79.0
78.3
78.8
78.0
78.0
78.4
78.3
77.5
77.1
77.4
76.1
76.3
77.4
77.4
77.3
77.3
79.8
77.9
78.1
77.5
81.0
85.0
93.8
89.9
89.1
93.3
89.5
86.1
85.8
85.9
86.1
84.3
84.8
88.3
86.3
84.5
84.5
83.4
82.6
82.4
79.0
78.5
78.0
78.0
78.1
78.5
78.9
78.3
78.7
78.2
77.1
77.5
77.4
77.4
76.8
76.2
76.0
76.2
76.0
75.2
74.8
75.0
75.0
75.4
75.3
74.6
74.1
73.2
74.0
74.9
74.5
74.0
73.3
72.7
73.0
72.7
73.2
73.1
73.3
73.9
73.3
73.0
72.1
72.5
73.0
72.5
71.7
70.2
69.8
70.8
71.3
70.2
71.2
71.3
71.0
70.4
69.7
69.9
70.2
70.4
71.8
71.5
70.0
70.6
71.7
70.6
70.9
70.6
70.6
70.7
71.7
71.3
71.2
71.5
70.3
71.9
71.2
71.3
71.7
72.0
71.3
72.6
71.0
71.8
72.2
71.9
72.9
72.0
72.6
71.9
71.2
72.4
72.3
72.0
72.1
70.8
72.3
77.3
77.1
75.0
73.4
73.0
73.4
72.1
72.9
73.9
73.0
73.0
73.5
79.7
78.0
78.9
78.6
74.2
72.8
73.9
73.4
73.1
73.1
73.1
72.0
71.3
71.4
71.7
71.5
72.2
72.2
71.1
70.8
71.0
70.8
70.2
70.0
70.4
70.7
69.4
70.5
70.1
70.4
70.5
70.5
70.0
70.9
71.7
71.1
70.7
70.6
71.3
71.8
72.1
70.0
71.4
72.0
70.7
71.2
70.5
70.2
69.8
70.0
71.0
71.6
70.9
73.5
73.1
71.9
71.2
71.5
71.3
71.7
71.1
71.0
70.9
71.1
71.9
72.0
72.0
72.2
72.6
73.0
71.9
74.2
75.8
75.0
75.2
74.3
75.3
75.1
75.3
75.3
74.4
75.7
76.5
76.9
75.9
77.0
75.7
76.0
76.4
75.8
74.3
74.4
75.4
76.9
75.0
74.6
76.2
79.9
82.9
82.4
80.5
82.3
82.2
78.1
77.6
78.6
76.6
73.9
73.4
73.3
72.5
72.8
76.1
74.9
74.4
75.5
75.5
79.3
74.5
78.0
80.3
83.5
79.5
74.1
75.0
74.4
73.9
73.0
73.9
73.0
73.4
73.4
72.4
70.6
71.0
70.7
71.3
71.5
68.7
71.4
72.8
72.8
72.0
70.8
71.3
70.7
71.0
70.8
69.4
69.2
69.6
69.4
69.6
69.8
70.5
70.9
70.4
69.8
70.6
70.7
71.1
71.2
72.3
72.3
71.9
71.2
73.6
71.8
70.8
72.0
72.3
74.4
74.4
73.9
73.7
72.7
73.4
72.3
72.8
73.9
74.5
74.3
74.1
73.8
73.9
74.3
74.0
72.8
72.3
72.5
71.3
71.6
72.5
72.4
71.4
71.8
72.9
72.4
72.4
71.9
70.5
71.8
73.2
72.6
72.8
73.1
73.4
72.5
72.6
75.5
75.2
74.6
71.4
71.6
71.6
71.8
72.2
72.4
71.6
72.6
73.6
71.9
71.5
71.3
72.2
74.1
75.6
75.9
74.6
74.2
72.3
71.3
70.5
72.3
73.3
74.8
76.7
77.7
79.5
76.6
73.2
70.8
71.4
70.9
71.1
70.7
71.2
71.1
72.5
71.5
71.6
73.8
73.7
73.2
73.5
72.6
71.5
70.8
74.9
75.7
75.5
75.7
75.3
75.4
73.8
75.3
75.2
75.9
73.3
75.7
74.7
75.3
73.0
73.5
73.8
75.7
72.8
73.2
71.3
71.8
72.1
72.2
73.5
71.8
72.3
71.9
74.1
73.2
73.0
73.8
72.8
72.1
73.6
73.7
72.4
71.7
73.3
73.9
75.2
73.7
73.0
72.4
73.3
73.3
73.5
73.9
72.2
71.4
71.2
71.6
72.2
72.8
73.7
74.2
73.4
73.1
73.3
73.1
71.8
72.3
72.8
74.2
73.2
73.3
73.1
71.5
70.8
71.0
70.5
70.0
70.9
69.1
70.3
70.3
70.7
71.4
72.1
72.7
73.0
72.3
72.5
72.1
72.2
71.0
70.4
71.9
71.7
70.0
70.4
70.3
71.1
74.9
77.7
78.6
75.4
74.3
71.7
71.5
73.3
72.9
71.8
71.0
71.4
71.9
70.4
71.0
73.6
74.4
72.4
71.1
70.3
69.5
68.8
69.0
69.3
71.1
73.5
70.5
72.7
72.4
72.6
71.7
72.5
71.7
71.9
73.4
76.8
91.3
86.9
86.6
84.7
85.5
84.6
84.6
84.2
86.0
83.3
80.5
80.1
81.9
80.9
78.4
74.7
75.4
74.4
75.2
76.2
78.9
78.6
77.9
75.3
75.5
79.5
82.2
78.1
78.2
78.8
78.1
76.2
76.7
76.2
76.0
76.0
76.1
76.3
76.9
75.2
73.5
74.9
73.9
73.6
73.8
74.1
78.3
78.3
77.1
77.4
74.8
78.9
82.0
82.0
78.6
76.9
74.7
72.4
73.9
78.1
76.0
82.1
80.1
77.9
76.9
76.1
75.0
75.2
75.2
74.7
74.1
72.8
72.9
71.6
73.0
72.4
74.0
74.0
74.1
75.4
76.2
75.3
74.2
75.0
76.8
76.1
76.3
75.2
75.4
75.7
76.2
76.7
76.2
76.2
77.3
76.6
76.1
78.4
77.8
76.6
77.3
77.2
77.2
77.5
81.0
80.7
78.9
78.7
80.1
80.5
82.5
81.3
80.2
80.0
80.4
79.6
79.2
77.9
78.0
77.9
78.3
81.3
81.3
80.7
78.3
79.4
76.2
78.2
78.7
75.9
76.4
76.1
76.0
75.9
75.6
76.2
78.1
78.1
78.4
77.2
77.7
76.2
77.1
76.6
74.7
76.7
73.8
76.1
75.5
74.2
76.1
76.3
75.9
75.7
75.1
75.2
74.6
74.2
79.3
82.2
81.3
81.1
80.4
79.1
77.0
79.2
81.1
81.1
80.0
81.2
82.4
82.8
82.7
81.0
80.9
81.1
80.8
81.8
81.7
81.3
82.7
84.3
81.9
80.2
80.0
81.0
80.4
79.2
80.1
81.0
81.0
81.2
81.2
81.8
81.2
81.7
82.2
79.5
81.6
79.6
79.5
83.4
84.0
82.8
82.4
82.6
82.8
81.6
81.2
78.2
81.7
84.5
85.6
83.9
81.7
83.9
82.4
80.6
80.5
79.5
80.2
81.5
81.9
80.9
79.8
81.9
81.7
80.9
81.0
79.3
77.6
78.0
80.7
78.3
79.1
79.5
76.9
77.3
78.6
76.7
76.3
74.7
76.6
76.2
75.2
78.1
79.1
79.7
80.3
80.8
81.2
80.2
80.6
80.8
81.1
80.8
80.5
80.1
80.1
78.6
78.0
79.0
79.5
80.9
80.5
80.7
80.6
81.0
83.1
82.4
83.8
84.3
83.4
81.1
80.2
80.9
81.9
81.5
79.4
79.3
80.3
79.5
78.3
78.7
79.9
79.5
81.6
82.8
79.7
79.7
80.7
79.4
79.7
81.1
81.1
79.7
82.5
79.4
77.8
79.2
78.0
81.0
82.2
81.5
79.5
79.5
78.1
78.6
78.7
77.6
78.9
78.7
79.8
81.1
80.0
82.5
81.2
79.0
80.0
77.8
77.4
76.9
76.3
76.4
76.9
75.7
76.0
75.2
72.8
73.0
74.9
74.0
75.0
74.7
75.3
73.7
75.0
74.5
75.0
73.4
75.3
74.6
73.0
71.6
72.7
73.2
75.5
78.2
77.6
77.9
77.6
77.0
75.9
75.9
77.8
77.3
77.1
77.3
78.2
78.4
77.7
78.5
78.0
77.9
77.8
78.9
79.0
78.2
77.7
77.6
77.0
77.4
76.3
76.7
77.1
77.5
77.3
77.5
77.6
77.8
77.3
77.6
77.1
77.0
78.1
78.7
78.2
78.5
78.1
77.4
78.2
77.2
77.1
76.3
77.2
76.5
76.4
76.4
77.9
74.9
74.0
75.4
75.5
75.6
75.9
77.8
78.6
78.7
77.3
76.6
76.9
76.0
75.4
74.0
73.7
73.7
74.7
73.3
73.6
75.3
75.5
75.0
74.9
75.5
75.9
76.2
74.0
74.5
74.8
74.3
73.8
76.4
74.0
74.1
73.4
74.2
74.6
76.3
76.0
76.5
78.1
79.9
80.2
77.3
75.9
74.1
73.7
73.5
74.4
74.5
74.4
74.7
75.9
76.4
75.0
75.1
75.9
74.7
78.4
77.0
76.0
76.7
77.5
78.5
76.3
75.9
74.0
73.6
73.3
74.1
74.6
75.1
73.9
73.2
74.6
73.1
72.3
71.8
70.3
72.3
71.3
72.7
73.7
75.2
75.9
75.8
74.4
74.9
75.1
78.2
78.8
78.4
78.1
78.1
78.0
78.0
77.0
77.7
78.2
77.9
76.9
76.3
76.8
78.0
77.6
77.2
76.4
76.3
76.2
76.0
75.4
75.3
74.5
74.6
75.7
75.7
76.0
75.3
75.6
76.0
75.1
74.8
75.4
76.2
75.8
75.4
76.0
75.9
76.3
75.7
75.1
75.0
75.4
75.5
75.6
75.9
75.9
76.7
76.1
76.0
76.8
75.4
75.0
75.0
74.4
74.6
75.2
75.4
74.4
75.5
75.4
75.9
75.1
74.8
74.9
74.8
75.0
74.7
74.1
74.0
72.7
72.7
72.4
72.6
73.3
74.0
73.7
74.4
73.1
73.0
72.5
72.3
73.0
75.7
74.6
74.3
75.0
75.3
75.7
75.8
74.0
75.4
74.8
74.3
73.9
73.9
73.0
73.2
73.8
73.7
73.7
72.9
73.3
72.3
72.1
72.1
73.4
77.2
71.3
47.1
53.8
53.9
49.2
43.7
20.9
-1.9000000000000057
