96.8
97.6
96.1
98.0
96.2
96.0
95.5
95.6
96.5
95.4
95.9
100.2
97.9
98.7
99.4
99.3
99.5
99.3
98.0
98.5
98.1
98.0
98.2
100.6
103.3
104.8
102.3
110.2
99.2
102.6
100.7
101.3
99.1
102.0
100.0
100.8
103.4
103.1
101.7
101.0
100.5
101.0
101.4
100.1
100.6
100.2
100.5
99.7
98.8
99.4
99.2
99.0
101.0
99.0
98.6
98.4
99.4
97.4
98.8
99.3
99.5
101.2
102.4
102.4
103.4
106.1
105.9
105.9
104.6
104.9
104.2
104.5
104.0
104.5
104.4
104.1
104.3
104.1
103.9
103.9
103.9
104.7
104.1
104.0
104.1
104.0
103.8
103.7
103.3
103.4
103.2
102.9
103.1
103.1
103.1
103.6
103.5
102.8
102.8
102.7
102.4
102.5
102.1
102.7
101.6
101.6
101.7
101.8
101.2
101.6
101.4
101.1
101.3
100.9
101.4
100.8
100.8
100.5
100.5
100.9
101.2
101.6
101.7
101.8
101.4
101.9
102.3
102.2
101.9
101.8
101.7
102.2
102.1
101.6
102.5
102.4
102.8
102.2
102.0
102.3
102.1
101.9
101.8
102.1
101.6
101.9
101.9
102.2
102.1
101.0
101.8
103.3
103.7
103.8
103.0
102.9
102.3
102.7
101.5
101.4
101.1
101.2
101.6
101.7
101.9
102.4
102.0
101.8
101.1
101.9
101.8
104.3
103.0
106.0
104.7
103.3
108.8
102.8
101.7
101.1
100.8
101.6
101.5
101.6
101.6
101.4
102.9
102.9
102.6
101.8
101.7
101.4
102.2
101.4
101.9
102.3
102.3
102.6
101.6
102.2
102.4
101.8
101.7
102.2
101.2
101.7
101.4
99.6
99.1
102.0
100.0
99.3
101.1
101.5
100.6
100.6
101.2
101.9
101.2
102.0
102.0
102.5
103.1
103.2
103.0
102.4
103.1
102.8
103.0
103.4
103.3
102.4
102.2
102.6
103.4
102.8
102.7
102.3
102.3
102.6
102.4
102.1
102.0
101.8
101.2
101.4
101.8
102.0
102.0
102.3
101.5
101.3
102.1
102.0
101.5
104.0
103.7
105.5
104.1
103.8
103.9
103.3
104.3
101.8
101.5
100.8
102.3
103.9
102.3
100.9
101.0
101.4
99.9
99.4
98.9
98.9
99.6
99.0
98.3
98.2
98.3
97.6
98.8
97.9
97.7
97.2
97.9
97.4
97.5
97.0
98.0
97.2
97.0
97.0
97.8
97.5
96.2
96.8
96.7
96.8
96.5
96.3
95.8
95.9
95.8
95.3
94.7
95.3
94.1
91.1
94.9
93.8
93.8
94.1
94.2
95.0
94.8
95.9
95.5
96.6
97.6
94.8
95.8
94.9
94.8
94.9
94.5
94.5
94.8
94.3
93.4
93.9
92.7
92.3
93.5
93.8
93.6
92.8
93.1
93.5
93.4
94.7
94.0
94.9
94.7
95.4
95.8
95.1
95.4
94.4
95.1
94.6
95.2
94.4
94.2
94.7
94.4
93.9
93.6
93.4
93.5
93.3
93.0
94.0
93.1
93.8
93.1
93.2
93.6
94.1
93.7
94.6
94.4
94.0
94.4
94.0
93.8
94.3
94.5
93.9
94.8
95.1
94.9
94.5
94.1
95.6
95.7
94.1
95.9
95.6
95.0
95.1
95.3
95.6
95.3
95.3
95.7
96.5
95.9
95.6
94.9
95.1
95.4
95.5
95.5
95.4
95.1
95.6
95.0
95.9
95.0
95.1
94.9
95.3
94.1
93.2
94.4
94.4
94.2
94.8
95.0
95.2
97.0
96.7
96.3
96.2
97.0
96.7
96.5
96.6
98.7
95.5
95.7
95.5
95.5
95.9
95.1
95.7
95.7
95.7
95.6
96.2
95.5
94.8
95.7
95.7
96.1
98.9
97.4
96.9
96.3
96.4
96.5
96.6
97.1
96.9
96.6
96.6
97.4
96.7
96.5
95.6
95.3
95.2
95.6
95.9
95.4
95.2
94.5
95.0
95.5
94.8
96.0
95.2
95.9
95.1
95.2
95.2
94.4
96.0
95.7
95.6
95.1
94.8
94.4
94.7
94.2
93.6
95.1
94.8
94.2
94.8
95.1
95.1
94.7
95.1
93.6
94.9
94.5
94.9
94.5
94.7
96.5
94.8
94.9
94.7
94.6
94.9
94.8
95.2
94.7
94.9
94.6
94.8
94.3
94.2
94.3
93.7
94.0
93.7
93.2
94.0
93.3
93.7
93.2
93.9
93.4
94.3
93.3
93.0
93.2
93.4
93.6
94.1
93.9
94.1
93.1
93.5
91.8
94.4
93.7
93.9
93.7
93.7
93.7
93.8
93.7
93.8
94.8
94.7
94.3
94.2
93.0
93.6
94.2
94.7
97.0
99.2
98.1
97.6
96.0
95.4
94.7
94.5
94.2
94.1
94.5
94.8
95.7
96.2
95.5
95.3
97.0
96.1
95.6
95.4
95.1
97.5
95.9
102.0
100.8
99.2
98.1
97.7
96.7
96.2
96.9
99.6
98.6
98.6
98.6
98.6
98.6
98.8
100.0
99.6
98.5
98.3
97.6
97.4
96.7
95.7
99.7
99.9
97.5
96.4
95.9
95.8
94.9
94.8
94.4
95.1
94.1
94.1
94.0
92.7
93.0
92.7
92.9
93.0
93.6
94.3
93.0
93.1
92.6
93.2
93.4
93.5
94.0
93.2
93.6
93.7
94.6
96.4
98.3
95.7
96.4
95.4
94.0
94.4
93.2
92.7
92.9
93.5
93.2
93.1
92.6
92.9
92.3
92.8
92.5
92.4
91.9
92.8
93.3
93.1
93.7
92.5
92.9
92.0
92.6
93.0
93.3
92.5
93.1
92.5
93.3
94.0
93.8
93.3
93.6
97.6
97.8
100.3
100.6
106.0
100.9
101.0
99.8
98.6
97.4
96.9
95.9
95.1
96.1
95.7
94.7
94.6
94.3
94.5
95.9
97.4
98.0
96.0
96.5
95.1
94.6
94.5
94.9
94.4
93.9
94.8
95.5
94.3
95.1
95.1
95.1
95.4
94.2
95.1
94.2
95.2
94.0
94.4
94.6
94.1
94.5
94.4
94.7
94.6
94.4
95.1
95.0
94.4
94.0
94.6
93.9
93.7
94.1
93.9
93.8
93.3
93.9
93.5
94.4
93.5
94.0
93.6
95.0
96.4
99.1
96.8
96.6
95.8
94.7
94.2
94.8
94.5
94.5
94.7
94.4
94.5
95.1
95.5
96.8
97.1
95.7
96.3
95.7
95.9
97.0
98.8
98.3
100.7
101.6
100.6
100.1
100.4
100.1
99.2
99.1
98.4
98.8
98.6
97.7
97.2
99.0
98.2
99.6
102.7
101.4
100.6
101.5
102.6
101.4
104.8
103.4
102.9
102.2
102.0
104.1
101.1
100.6
100.0
99.8
100.3
99.8
99.7
98.8
100.1
99.3
100.2
99.6
99.1
100.5
99.8
100.0
100.1
99.8
100.6
100.2
102.5
101.4
101.6
101.1
99.8
99.2
99.7
99.2
98.8
98.4
98.1
98.3
98.1
97.6
97.7
97.8
97.8
97.6
98.1
99.5
98.0
98.1
98.4
97.8
97.5
98.0
98.1
98.5
98.3
97.9
97.9
98.2
97.7
98.1
97.9
97.4
98.2
98.1
101.5
103.2
102.8
104.6
106.5
103.0
101.5
101.9
101.2
100.7
100.6
100.2
100.9
100.7
99.8
102.5
101.1
100.3
99.4
98.3
98.0
97.6
97.4
97.4
97.2
97.2
98.1
97.1
97.2
96.2
97.2
97.1
100.1
98.7
100.4
98.9
98.6
99.3
99.0
98.2
98.5
98.1
97.8
97.2
97.1
96.9
97.0
96.6
96.2
95.9
96.0
95.9
95.3
95.4
95.3
95.0
96.0
96.2
95.5
95.1
94.6
94.4
94.7
94.4
94.9
94.8
93.2
94.2
95.4
94.7
94.7
94.4
94.3
94.2
94.5
94.8
94.1
94.9
94.5
93.8
94.5
94.4
94.4
95.0
93.9
93.5
93.0
94.6
93.2
93.8
94.2
93.4
92.8
94.4
93.3
93.5
92.8
93.7
93.0
93.8
93.1
93.8
93.4
93.7
93.0
92.8
93.0
93.0
93.8
96.3
99.2
100.6
98.1
97.8
98.1
98.3
98.4
98.7
97.2
96.6
97.9
99.3
98.7
97.7
96.8
96.5
96.5
95.7
96.8
95.9
96.2
96.3
96.0
95.6
95.5
96.3
95.6
95.8
97.1
97.5
96.6
98.3
96.4
95.4
95.2
96.4
96.8
97.4
97.1
95.3
95.2
96.5
97.4
97.8
98.8
99.8
100.9
101.1
99.8
99.2
99.9
99.6
99.1
99.4
97.2
97.6
98.1
97.9
98.9
98.2
97.7
97.6
98.6
97.7
97.5
98.0
98.6
98.1
100.0
99.7
101.0
100.9
99.7
100.0
100.3
99.6
98.8
98.8
98.8
97.5
97.0
97.2
98.2
99.4
99.9
99.4
99.2
101.5
98.2
99.1
98.8
98.9
98.3
97.4
97.2
97.9
98.4
100.1
102.2
101.4
101.8
101.2
100.3
99.1
98.7
97.9
97.0
96.9
98.3
98.4
104.2
104.6
104.0
102.8
103.3
104.7
103.7
102.4
100.7
100.4
99.7
98.3
97.7
97.3
97.0
96.9
95.9
97.0
96.4
96.5
96.6
97.1
97.5
97.2
96.6
97.2
97.4
97.3
97.9
97.3
97.5
98.7
100.4
100.4
99.7
99.0
98.7
98.8
99.0
98.8
99.3
99.3
99.2
99.1
98.6
98.3
99.5
98.3
98.1
98.3
98.0
97.6
97.3
97.9
98.1
97.7
98.4
98.0
97.9
98.6
98.1
98.4
98.0
98.5
98.6
98.0
97.6
97.9
97.7
98.4
98.8
98.1
98.9
98.5
97.7
98.2
99.0
99.1
99.6
99.8
100.7
99.9
99.8
99.7
100.3
100.2
101.3
100.7
100.0
100.8
99.9
100.3
99.7
98.9
99.3
99.0
99.1
99.2
98.9
98.9
98.5
98.7
99.0
98.5
98.4
99.3
98.9
98.5
99.0
98.8
98.6
98.1
98.3
98.3
98.0
97.5
98.0
97.7
98.2
98.2
98.2
97.8
98.5
98.1
98.8
98.4
99.0
99.1
98.2
98.3
98.5
98.8
98.6
98.5
97.7
98.2
98.0
98.5
102.9
99.7
99.7
100.9
100.8
100.0
99.2
98.9
99.8
99.6
99.9
100.0
99.6
99.4
99.0
102.4
101.0
100.8
100.5
99.7
100.2
100.4
100.7
100.7
99.6
98.6
98.6
98.2
98.5
97.3
97.1
97.0
97.4
97.2
97.0
97.5
97.0
96.7
97.1
96.8
96.7
96.2
96.2
96.1
99.3
100.5
99.3
98.9
97.9
97.4
97.5
97.2
96.8
97.4
96.7
96.3
95.9
96.6
96.6
96.5
96.2
95.9
96.2
95.9
96.0
96.7
96.8
97.4
97.0
96.3
95.2
95.8
96.9
96.0
95.7
96.3
97.1
96.5
95.8
95.1
95.4
94.9
95.7
95.4
95.1
95.8
95.9
95.4
95.6
95.6
95.0
95.4
94.7
95.1
95.3
95.7
95.4
95.1
94.3
95.0
94.3
94.2
94.3
95.7
95.3
94.1
94.4
94.7
95.1
94.8
94.7
95.6
95.6
98.1
97.3
97.4
96.7
97.2
97.4
98.5
98.8
98.6
98.1
98.1
98.0
98.9
98.7
99.1
100.9
101.1
102.2
103.7
103.1
103.1
102.2
101.8
100.8
100.6
100.1
100.3
100.0
99.1
99.1
98.7
98.9
98.8
98.0
97.8
98.2
97.7
98.1
98.3
98.6
97.7
97.4
98.2
99.5
99.1
98.3
98.5
97.9
97.6
97.9
99.6
99.9
101.0
101.2
100.7
102.1
101.7
100.9
100.9
100.3
99.9
100.7
103.9
100.7
103.5
102.0
102.0
102.3
101.3
101.9
102.0
102.8
101.7
102.0
101.5
101.8
101.5
101.4
101.1
100.9
100.9
100.5
101.1
102.3
106.9
106.6
104.5
105.8
104.5
102.8
101.8
101.8
101.0
100.1
99.6
99.8
99.4
99.7
98.7
99.7
101.0
100.8
100.7
100.7
100.2
100.3
99.4
99.3
99.2
98.8
98.1
98.1
98.3
98.1
98.3
98.1
98.0
98.2
97.4
98.0
97.4
98.0
97.7
97.7
97.6
98.3
98.0
98.1
97.9
97.6
97.9
98.2
97.9
98.5
98.1
98.1
98.0
98.8
97.3
97.9
100.0
99.4
101.5
100.2
99.8
99.0
98.8
98.6
99.1
98.7
99.2
98.8
98.6
98.9
99.0
99.0
98.8
99.3
100.0
99.6
99.4
99.2
99.3
98.8
98.7
98.6
99.2
98.8
99.2
99.9
98.7
99.7
101.5
100.3
100.4
100.4
100.5
100.7
100.5
100.7
100.6
100.1
101.3
99.3
100.9
99.6
100.1
100.3
99.6
99.5
100.1
99.2
100.1
98.8
99.8
99.7
98.9
98.7
99.6
99.0
99.0
99.3
99.2
99.7
99.5
99.7
99.9
100.0
99.5
100.0
100.0
100.1
99.3
99.8
100.0
100.7
101.0
100.9
100.4
100.5
100.2
99.9
101.4
100.9
100.6
101.4
101.0
100.8
101.1
101.1
102.0
101.9
100.8
102.5
102.0
101.5
100.6
100.3
100.0
100.2
99.8
99.9
100.1
100.0
100.0
99.9
99.4
99.9
100.6
99.7
99.9
99.6
99.8
99.5
100.0
100.6
101.4
100.2
100.4
99.9
100.2
100.0
99.3
98.8
99.2
99.6
98.9
99.2
98.5
98.8
98.6
100.9
102.1
99.7
99.8
100.7
101.7
106.3
105.9
105.6
106.1
105.5
104.8
104.7
104.5
103.9
103.0
102.9
103.4
102.8
102.7
101.8
101.4
101.2
101.1
100.6
100.8
100.5
100.5
101.0
101.3
101.4
101.9
101.3
102.4
101.5
101.9
101.9
102.0
102.1
102.0
101.9
102.1
106.7
106.0
104.6
104.6
104.8
104.0
103.4
103.3
102.7
102.3
101.9
101.8
101.3
101.9
101.6
101.7
101.6
101.2
100.6
100.8
101.1
101.6
102.4
101.7
101.4
101.0
100.3
100.1
100.0
99.8
100.1
100.2
98.9
99.7
99.1
98.5
99.0
98.6
98.5
98.2
98.6
98.2
98.3
98.0
98.1
97.6
98.4
98.2
97.6
97.6
97.6
98.4
97.9
97.4
97.6
97.2
97.6
98.0
97.3
97.6
97.1
97.0
97.3
97.2
97.3
97.6
97.0
97.2
97.3
97.1
96.4
97.4
96.5
96.4
96.8
96.3
96.2
96.4
97.9
97.2
98.0
97.6
98.2
98.2
99.8
100.9
100.0
99.5
99.5
100.8
99.6
99.0
99.3
99.2
99.0
99.4
99.6
99.2
99.3
100.0
102.4
101.0
100.7
100.5
100.6
99.7
99.9
99.8
100.3
100.4
100.6
100.3
100.0
99.8
100.0
99.9
100.8
100.0
100.2
100.0
100.7
100.6
100.7
101.1
100.9
100.7
100.7
100.8
100.8
100.7
100.6
100.4
100.6
100.6
101.0
100.7
100.8
102.0
101.1
100.9
101.6
101.4
101.5
102.2
102.4
102.6
102.4
102.1
101.7
101.5
102.6
102.5
102.8
102.2
102.0
102.4
102.7
102.5
102.5
103.5
112.2
112.3
111.4
109.3
108.5
107.3
106.4
106.0
105.2
107.1
109.4
107.9
109.0
107.8
107.8
106.9
106.0
106.1
105.9
106.0
105.6
105.8
105.9
105.6
106.0
105.8
107.6
107.0
107.0
107.0
106.5
106.7
106.6
106.3
106.2
106.1
106.2
106.6
106.4
106.7
106.0
105.9
105.4
105.2
104.6
103.5
104.3
105.0
104.5
104.1
104.4
104.4
104.6
104.4
105.2
104.5
104.5
104.3
103.9
105.9
104.9
103.8
103.9
103.7
103.9
104.6
103.7
104.5
104.7
104.3
104.1
103.9
103.9
104.2
103.4
103.3
103.1
102.7
102.8
102.8
102.3
103.4
104.0
104.5
104.6
104.3
103.4
102.8
102.4
103.3
104.1
104.2
107.6
108.2
106.6
105.4
104.5
103.4
103.4
103.6
102.6
102.6
102.3
101.6
101.7
101.7
101.3
101.7
101.3
101.4
101.2
100.8
100.8
100.8
106.0
104.4
104.9
104.0
103.2
102.4
101.9
101.3
101.2
101.0
100.7
100.7
100.8
100.2
101.2
100.5
99.8
100.0
100.4
99.8
100.1
103.1
100.3
100.1
99.9
100.1
100.0
100.3
100.6
100.5
100.4
100.0
100.3
101.2
100.7
101.0
101.0
103.0
103.0
102.0
109.2
105.8
103.9
105.8
107.1
108.6
108.7
109.2
109.3
106.9
105.3
105.8
105.2
106.1
108.0
106.5
105.7
105.4
105.0
104.8
104.5
104.9
105.3
106.5
105.4
109.9
106.2
107.6
109.3
110.6
109.1
109.0
107.5
106.4
105.8
105.6
105.3
105.1
104.8
104.8
104.9
104.3
104.9
104.9
104.5
104.8
105.1
105.2
104.7
104.5
104.8
105.0
104.4
104.4
104.6
104.1
103.7
103.1
103.3
103.7
103.1
103.1
103.1
103.3
103.8
103.7
103.3
103.2
102.8
102.7
102.9
103.2
102.7
103.2
103.5
104.1
103.2
103.6
103.9
104.1
103.5
102.8
103.4
103.5
103.9
103.7
105.3
105.3
104.2
104.0
104.1
106.6
105.7
104.9
104.9
104.7
104.0
104.0
103.6
103.3
103.0
103.3
103.3
103.1
102.8
102.4
102.5
102.6
102.9
103.3
102.3
102.5
103.0
103.1
102.8
102.7
103.1
102.5
102.8
103.0
102.6
103.2
103.8
105.3
104.4
105.8
104.7
105.1
106.7
106.8
107.2
106.4
107.1
107.0
107.4
107.7
105.6
106.0
104.2
103.1
103.0
106.9
104.5
104.6
104.6
105.8
104.0
103.2
102.7
102.6
102.1
101.4
101.6
101.6
102.0
104.1
104.0
105.1
103.6
103.1
102.7
102.4
102.0
102.3
102.5
102.5
102.1
102.2
102.3
102.3
102.1
101.9
102.4
101.9
102.2
101.9
101.9
102.3
102.2
102.0
102.5
103.1
102.5
103.8
102.2
102.5
102.3
103.1
103.2
103.1
103.5
102.6
102.5
102.3
103.8
102.7
103.0
103.3
103.5
103.7
104.1
103.9
103.2
103.7
103.9
103.7
105.0
105.2
106.2
107.4
109.3
107.5
108.6
107.2
106.3
105.5
105.4
105.1
105.0
104.2
104.1
104.2
103.6
104.3
104.5
105.2
104.7
105.6
106.4
106.9
106.1
105.8
104.9
105.2
105.5
105.8
106.3
106.2
105.9
105.8
105.9
105.7
105.8
106.0
106.0
105.7
106.3
105.9
106.3
106.2
106.5
105.2
105.3
105.7
105.3
105.8
105.7
105.8
106.1
106.2
106.1
107.3
106.6
106.5
106.7
106.9
106.3
106.5
106.8
109.6
110.7
109.5
111.3
112.9
110.5
110.1
108.6
107.4
106.7
106.2
108.3
107.8
107.5
107.6
107.2
106.2
106.3
106.8
106.5
106.8
107.4
108.1
107.3
107.0
107.0
107.3
107.2
106.7
106.8
106.6
107.0
106.2
105.7
105.7
106.0
105.4
106.1
106.1
106.0
105.5
105.2
105.2
105.9
105.0
104.2
104.2
104.1
104.5
104.1
104.0
104.6
104.2
104.1
108.7
108.5
107.0
107.5
107.3
106.1
105.8
104.7
104.6
104.3
104.1
103.2
104.7
104.3
103.6
104.0
105.5
107.7
106.1
105.3
108.8
108.7
108.2
109.5
108.1
108.2
107.8
106.2
105.8
105.0
105.4
105.4
106.3
106.7
105.3
105.0
106.7
106.3
104.1
105.0
104.4
103.9
104.0
104.4
103.4
103.2
103.2
103.5
103.4
103.4
104.2
104.2
103.5
103.1
102.9
102.9
103.0
103.1
102.6
102.9
102.9
102.1
101.8
102.2
102.8
102.7
103.3
102.3
102.4
102.4
102.9
102.9
102.7
102.7
102.9
103.1
100.9
103.6
104.0
103.9
102.7
101.9
102.5
100.9
104.9
108.6
106.3
103.0
102.0
102.8
100.8
100.6
101.2
101.3
101.2
99.7
101.3
102.0
100.8
99.5
100.2
101.2
99.9
99.6
101.8
100.6
100.7
99.8
99.9
100.6
100.6
100.6
100.4
100.7
100.1
101.1
101.3
100.9
100.7
100.5
100.7
101.8
100.4
100.9
110.1
105.8
106.2
104.8
104.2
103.3
102.7
102.9
102.3
102.3
102.5
102.2
102.2
101.5
102.0
101.8
101.1
101.0
101.1
101.5
101.5
101.9
101.4
101.3
102.5
102.6
102.8
103.6
103.9
104.1
103.0
106.5
111.2
110.9
110.0
109.0
109.0
108.2
109.2
107.6
107.4
107.6
107.7
107.5
108.0
108.1
109.5
108.3
108.2
108.0
107.6
107.1
107.4
108.1
108.6
108.1
107.6
108.1
107.5
107.3
107.4
107.6
107.6
106.8
108.1
108.8
107.0
106.2
106.9
107.7
106.3
106.8
106.9
106.6
107.1
107.0
107.5
107.7
108.1
108.1
107.9
107.7
107.8
108.1
108.2
107.8
107.0
106.4
105.9
105.9
106.3
106.3
107.0
108.8
107.7
107.4
107.1
106.6
106.6
106.2
106.6
106.6
106.8
106.8
106.3
106.1
106.5
108.2
108.8
109.1
110.0
110.9
109.7
110.6
109.7
109.2
108.4
108.7
109.7
107.5
107.6
107.5
107.5
107.2
108.0
107.5
107.5
107.8
107.8
107.9
107.6
106.8
106.3
106.5
106.1
105.8
106.1
106.3
106.0
105.5
106.1
109.8
108.0
109.3
108.6
110.7
111.0
110.2
109.6
108.8
108.3
108.0
107.7
108.1
110.0
111.2
110.0
110.4
112.4
109.9
112.7
112.8
116.0
114.8
114.6
114.5
115.7
116.6
117.3
115.8
114.8
114.1
115.1
114.1
114.4
114.1
114.1
113.2
110.9
111.3
111.3
111.7
111.9
112.8
115.4
116.7
119.3
118.5
119.8
116.5
116.6
114.9
115.1
115.6
116.9
113.2
113.5
113.5
113.5
113.3
114.9
113.4
114.7
115.2
114.9
114.5
114.5
112.9
112.7
111.9
112.6
111.8
110.8
110.6
109.5
110.6
112.3
113.6
112.8
109.7
109.8
111.6
113.0
112.0
111.2
110.8
110.9
110.7
110.6
111.1
110.4
110.3
110.9
109.9
110.0
110.1
109.3
112.3
109.4
109.6
109.4
109.5
110.1
109.6
110.3
110.8
110.8
111.5
110.7
111.0
109.5
109.8
110.1
109.4
108.7
108.3
109.5
109.8
109.2
109.0
109.0
109.0
108.9
109.8
110.4
110.3
110.1
111.6
110.3
110.2
109.8
110.1
112.4
110.5
110.9
113.2
112.4
112.7
111.3
111.0
110.1
110.8
111.8
111.2
111.0
111.1
110.5
110.3
109.8
109.4
109.1
109.5
109.1
109.5
109.5
110.0
110.4
110.4
111.5
111.7
110.7
110.7
111.8
110.9
111.1
110.9
110.3
110.1
110.2
115.5
112.5
110.9
110.1
109.5
108.9
109.3
108.9
108.6
108.7
108.5
108.2
108.2
108.6
109.2
108.9
109.1
109.3
109.2
112.9
111.8
110.8
110.2
110.0
109.4
109.1
109.0
109.2
111.7
117.8
117.0
117.6
117.1
116.9
116.0
116.4
116.0
115.2
115.7
115.1
117.5
114.6
113.9
113.0
112.1
111.5
110.9
110.8
111.4
114.5
115.9
114.5
113.5
114.5
113.3
112.8
112.6
112.6
112.2
112.1
112.7
112.3
111.7
111.6
110.9
110.7
110.9
111.3
111.2
111.7
111.1
110.8
113.0
114.2
117.6
114.2
113.1
113.1
112.6
112.3
111.2
110.5
109.8
108.7
109.6
110.6
110.6
111.5
110.8
110.4
110.0
110.5
110.5
111.5
112.2
116.4
117.3
115.7
116.4
116.3
114.9
114.0
113.3
112.0
113.1
111.6
111.0
111.3
112.3
111.9
112.0
111.5
110.8
110.2
109.6
109.7
109.1
109.4
112.4
110.2
110.1
109.8
111.5
112.8
111.4
112.9
112.2
112.4
112.1
109.7
111.5
111.6
111.0
111.8
113.5
114.4
113.1
114.6
113.1
112.9
114.0
114.6
113.0
113.0
112.4
112.0
113.3
112.9
111.7
111.5
110.8
109.8
109.6
109.1
110.1
112.3
110.1
109.2
108.8
108.3
108.1
107.8
108.0
109.4
108.5
107.9
108.3
107.7
107.6
107.3
107.4
109.4
109.8
108.3
106.8
108.5
108.0
108.1
108.1
108.2
109.4
108.7
109.1
109.5
109.1
108.6
108.2
108.9
108.6
108.3
110.4
109.5
108.4
108.1
107.6
109.9
115.3
114.5
115.6
117.4
117.4
116.9
114.5
113.8
113.2
112.9
113.5
112.0
114.7
114.2
113.4
114.1
114.0
114.1
113.0
113.8
113.9
113.3
113.6
113.3
112.8
112.9
113.0
112.3
112.9
112.5
112.5
112.0
112.7
112.4
114.6
112.7
112.4
111.6
111.8
111.3
110.5
111.0
111.2
111.0
110.7
110.7
111.5
111.9
111.2
111.0
110.7
110.7
110.4
110.6
110.2
110.0
110.5
109.6
109.8
109.6
109.3
109.9
109.6
110.9
112.5
114.1
112.5
111.4
110.4
109.9
109.9
110.1
109.6
109.7
110.2
112.8
112.0
111.4
110.5
110.7
110.0
110.2
111.0
111.4
111.1
111.4
112.6
112.5
115.1
112.7
111.8
111.0
110.3
109.9
110.1
109.8
110.1
109.9
110.3
110.1
110.9
111.2
110.9
111.0
111.5
113.8
112.1
110.9
110.9
110.5
110.3
110.0
109.8
110.0
110.0
110.5
110.7
111.0
110.4
109.9
110.1
110.2
110.8
111.0
111.4
110.6
111.0
110.2
110.9
111.2
110.9
112.0
111.7
111.4
111.4
111.5
112.9
112.5
111.8
112.0
112.3
110.5
111.2
111.9
114.9
114.7
114.4
115.6
114.2
115.9
115.1
114.9
114.0
114.9
115.6
116.8
116.0
113.8
113.7
112.9
112.8
112.5
112.9
112.6
112.5
112.7
112.1
112.7
112.1
112.2
112.3
112.0
112.4
111.9
111.1
111.0
110.3
111.3
110.9
110.0
110.2
110.0
110.5
110.0
109.7
109.9
110.0
110.0
109.7
110.5
112.0
111.1
110.8
111.1
110.5
110.4
109.9
109.6
109.8
109.1
109.0
108.9
109.0
109.1
109.1
109.4
110.2
110.7
109.6
111.1
110.4
110.5
109.5
109.8
110.8
109.5
109.6
108.9
110.6
110.6
109.5
109.4
108.6
107.8
108.3
108.8
108.3
108.2
108.3
108.5
108.6
108.8
109.0
108.8
109.7
109.5
109.7
109.4
109.4
111.7
109.4
111.3
109.8
109.4
108.8
108.5
108.9
109.5
109.0
109.0
108.2
107.4
107.7
107.3
106.7
107.6
107.5
107.6
107.7
106.9
106.7
106.6
106.5
106.9
110.0
110.7
111.0
111.6
111.4
112.2
111.9
111.4
110.8
110.3
111.3
111.3
111.2
111.5
111.7
111.5
112.0
112.2
111.7
111.7
111.8
113.5
112.2
112.0
112.1
112.0
111.8
111.4
111.6
111.3
111.3
111.0
111.1
111.2
111.2
114.0
113.5
112.8
112.7
112.5
112.5
112.0
112.3
112.3
112.2
112.4
113.8
111.9
112.0
111.6
111.4
110.9
111.1
110.6
110.0
110.2
110.4
110.1
110.4
110.6
110.1
110.7
110.7
111.1
111.0
112.4
113.9
114.8
112.3
111.7
111.6
111.9
112.1
111.9
111.7
112.6
112.5
112.6
112.4
112.8
112.5
112.5
112.3
112.0
112.2
113.8
115.1
113.1
113.3
112.5
114.0
113.9
113.3
113.0
112.9
112.3
112.2
111.7
111.5
112.0
111.6
111.4
111.3
111.6
111.3
111.7
112.3
112.4
113.1
114.0
114.8
113.8
112.6
114.7
111.2
112.9
113.4
113.6
113.1
115.6
115.0
110.3
113.4
111.7
111.9
113.5
113.0
113.7
112.6
111.8
112.4
112.3
111.9
111.8
111.6
111.4
111.5
111.3
111.6
113.7
112.5
112.2
112.2
112.3
111.1
112.3
112.4
111.8
112.6
113.9
112.8
113.6
113.4
113.6
113.6
113.5
113.7
114.7
113.9
113.8
113.0
112.5
113.1
113.1
113.2
113.2
112.7
112.3
112.4
112.8
112.3
113.0
112.5
111.6
111.7
112.0
111.8
111.9
111.9
111.5
111.9
112.2
111.8
111.3
111.4
110.9
110.4
110.1
109.7
110.1
110.8
111.1
111.1
110.8
110.5
110.4
110.3
110.7
110.5
111.4
112.8
112.3
110.7
110.4
110.5
113.5
113.0
111.8
112.1
112.3
114.4
115.6
113.7
113.0
113.5
113.2
112.9
112.6
112.5
112.2
112.1
112.2
112.0
111.9
111.6
111.3
111.3
111.2
111.2
111.2
111.0
110.9
111.3
111.5
112.0
111.7
111.0
110.6
110.1
111.5
111.3
110.7
110.2
110.1
110.2
109.8
109.5
109.2
108.5
109.3
109.3
109.2
109.8
110.3
109.1
110.5
110.9
110.5
110.1
109.8
108.4
107.8
106.8
106.6
106.1
106.3
106.3
106.6
107.1
106.9
107.2
108.8
108.0
108.7
109.4
108.4
108.0
107.3
107.3
106.5
106.4
106.1
106.1
106.3
106.4
106.7
106.6
107.9
107.8
107.6
107.3
106.7
107.1
106.9
106.9
106.9
106.9
106.2
106.4
106.4
106.6
106.4
106.1
105.7
106.6
107.0
109.2
109.7
108.8
109.5
109.6
109.0
109.5
109.0
109.7
109.4
108.9
108.2
108.0
110.5
111.8
110.8
111.3
111.3
110.8
110.9
111.1
111.5
112.9
113.6
110.8
111.3
111.5
110.9
110.0
109.9
110.2
110.5
111.1
110.8
110.9
111.1
111.9
112.1
112.3
111.6
111.6
112.7
112.8
112.3
112.1
113.4
113.5
114.0
113.8
114.0
113.8
113.4
115.5
114.2
113.7
114.1
113.2
112.9
112.8
112.4
112.0
111.9
112.5
110.7
111.4
110.5
110.3
111.2
111.7
112.0
112.0
110.6
111.4
112.3
112.4
112.4
112.2
112.0
113.4
113.1
113.9
114.0
112.5
112.2
112.5
112.4
112.2
111.7
111.7
110.9
110.5
110.3
109.8
109.8
109.4
109.3
109.4
110.4
108.5
108.5
109.9
108.0
108.0
107.4
107.1
106.8
106.6
106.7
106.6
106.7
107.2
106.6
106.1
106.4
107.2
107.7
107.0
107.0
107.6
107.3
107.2
107.2
107.7
107.4
107.4
107.4
107.6
107.3
107.7
107.8
108.1
107.8
107.9
107.9
107.7
107.8
106.8
107.5
107.0
107.0
106.8
106.3
105.8
105.6
105.6
105.5
105.2
105.5
104.9
104.4
104.0
104.1
103.9
104.6
104.5
104.3
103.2
104.1
105.8
105.0
105.2
105.5
105.2
104.9
105.1
105.9
106.2
106.7
106.6
105.9
106.6
106.7
106.2
106.1
106.7
106.1
106.1
106.1
107.4
107.1
107.8
107.0
106.2
105.4
104.9
105.0
105.1
104.9
105.0
104.6
104.7
105.6
107.7
105.6
105.0
104.4
105.1
104.9
104.9
104.9
104.6
104.8
104.5
104.4
104.6
104.2
104.1
103.9
104.5
104.4
104.7
104.9
105.9
106.8
106.6
106.8
106.4
106.6
105.7
105.8
105.5
105.7
105.2
107.1
106.1
105.0
104.9
104.6
104.5
104.3
104.6
104.9
104.1
104.4
105.4
105.2
104.0
104.0
104.4
104.0
103.9
103.6
103.5
104.1
104.0
104.2
104.7
106.5
104.5
104.5
106.0
105.6
104.1
103.5
103.8
103.3
103.2
102.9
103.4
103.5
103.3
102.4
102.5
102.9
103.8
102.4
102.4
103.0
102.5
102.7
102.6
104.0
104.2
107.3
105.0
106.2
107.9
108.2
105.3
105.6
105.1
104.2
104.6
104.4
105.7
107.5
105.5
106.1
104.6
105.2
104.5
104.2
104.5
105.6
104.2
104.6
104.5
105.0
104.4
103.9
104.4
104.1
104.2
104.3
103.1
104.2
104.0
104.3
104.1
104.2
104.3
104.0
103.6
103.9
103.6
103.9
103.1
103.6
104.7
104.4
104.9
103.8
103.3
104.4
103.9
103.8
103.8
104.6
103.9
104.5
104.6
104.1
104.0
104.0
103.8
103.9
104.0
104.3
104.1
103.3
103.4
103.2
102.9
102.8
102.7
102.6
102.9
104.0
104.7
104.6
105.0
104.6
109.2
108.5
106.4
105.2
105.1
105.2
104.5
104.1
104.3
103.6
103.4
103.4
103.0
103.2
103.1
103.1
102.6
103.1
103.1
102.7
102.5
102.7
102.5
103.4
102.3
102.4
102.2
102.1
102.0
102.1
102.0
101.9
101.9
102.4
102.0
102.7
102.7
102.1
103.1
102.5
102.7
102.3
102.0
103.1
102.6
102.0
102.0
103.7
103.6
103.2
103.3
102.8
103.6
103.5
103.9
104.5
104.6
104.5
103.9
104.0
103.9
104.5
104.3
104.7
103.8
104.3
104.9
105.1
104.3
104.1
103.8
104.1
104.0
104.3
104.6
104.3
104.0
104.7
104.7
104.9
104.3
104.2
103.5
104.1
103.5
103.4
104.4
102.9
103.4
103.3
103.2
103.1
102.4
102.4
102.2
102.0
101.9
102.0
102.3
