81.0
80.2
82.5
81.4
82.8
82.0
82.2
81.2
81.0
83.2
82.3
80.7
80.5
80.6
80.0
81.4
81.4
80.7
80.7
81.1
82.7
82.4
81.0
80.8
81.4
85.0
81.4
82.4
81.0
80.6
81.5
81.5
81.5
80.9
80.6
80.8
82.0
79.5
80.6
80.8
82.4
80.8
80.4
80.7
81.6
81.1
80.3
80.1
81.3
81.8
80.4
80.2
82.7
80.8
81.1
80.6
84.4
80.5
81.7
82.3
81.2
82.3
80.8
80.4
81.0
80.9
83.7
81.6
80.3
81.2
80.2
81.3
81.6
82.1
80.8
80.8
82.1
80.9
80.9
79.9
81.3
81.3
82.1
81.2
80.9
81.2
81.2
79.7
80.6
81.6
80.5
80.0
81.4
81.0
81.1
81.2
81.8
80.6
80.4
80.4
80.5
81.1
81.2
84.3
82.0
81.4
81.6
81.2
81.2
80.5
80.5
80.7
80.3
80.7
81.4
80.6
80.3
80.7
80.7
80.3
82.7
82.1
80.6
81.4
81.5
80.4
81.5
80.5
82.4
81.5
80.3
82.4
82.3
80.6
81.7
81.5
81.0
82.2
80.3
80.2
80.9
82.8
80.5
81.2
80.6
82.1
82.4
79.9
81.2
82.7
82.4
81.9
81.6
80.1
82.1
79.3
84.9
81.0
81.4
81.8
80.8
80.7
81.3
81.2
81.5
79.7
78.9
80.5
79.4
82.7
80.3
79.4
82.4
80.1
82.2
80.2
80.3
80.0
82.7
81.3
81.2
80.2
80.5
80.8
80.8
79.7
81.4
80.4
80.3
81.0
80.0
82.1
80.6
81.4
81.2
80.0
80.5
81.0
81.0
82.1
80.6
80.6
80.0
80.4
82.2
80.9
81.8
80.4
80.4
80.4
85.3
82.9
80.7
80.0
80.3
81.4
82.7
80.2
82.6
82.1
80.8
83.9
82.7
78.8
80.6
79.9
81.0
81.7
82.2
84.5
80.7
81.3
80.6
81.9
80.2
84.1
80.9
82.6
81.6
81.8
81.1
82.0
80.5
79.2
80.1
83.3
81.7
80.4
82.7
81.0
80.8
81.4
82.6
81.8
81.0
84.2
80.4
80.9
82.7
84.6
82.0
80.8
81.1
82.6
81.1
82.6
83.5
82.3
80.3
82.3
80.8
81.9
81.1
83.0
82.0
81.9
84.4
81.4
81.6
81.6
82.0
81.9
82.7
83.6
80.2
84.1
83.6
82.6
83.0
82.6
83.5
81.6
84.5
83.0
83.9
108.8
97.1
86.3
85.2
82.3
82.6
81.5
85.7
84.4
82.8
83.5
87.0
87.3
84.9
86.2
84.7
83.2
81.8
82.1
83.1
81.7
87.3
85.8
86.1
82.5
78.1
82.6
85.3
86.8
84.2
84.3
84.6
83.4
83.0
82.8
81.7
80.3
85.0
81.8
84.0
85.1
84.4
84.4
83.0
83.3
83.3
82.7
83.6
85.3
84.8
83.8
87.9
84.1
82.6
81.7
85.1
83.5
83.6
84.1
83.3
83.7
82.9
83.2
81.4
83.3
83.7
81.4
80.0
80.7
81.0
81.4
80.7
80.6
80.5
80.8
80.5
80.4
81.2
80.8
80.4
81.5
78.9
78.3
80.6
80.2
80.8
79.3
81.5
81.3
80.5
79.4
86.9
80.3
80.8
79.8
81.2
80.2
81.0
81.3
80.4
80.8
83.0
82.5
83.3
80.7
80.7
80.4
86.0
84.8
83.1
80.0
80.7
79.7
79.4
80.5
79.7
81.5
83.4
82.2
80.4
80.3
80.4
80.4
82.0
84.1
86.1
84.0
80.8
81.2
77.2
80.3
81.2
80.6
81.8
81.0
80.1
80.1
80.0
80.3
80.3
80.2
81.5
84.1
80.5
80.9
81.0
81.5
82.4
84.1
83.9
81.3
82.4
81.9
81.3
119.6
83.4
84.5
82.8
88.7
86.1
82.1
85.2
81.8
81.4
83.4
82.8
82.1
85.3
86.7
83.8
85.4
85.3
85.1
80.8
87.5
84.6
86.1
87.1
85.6
84.0
85.2
84.6
83.7
84.7
84.9
84.3
82.9
86.9
86.4
81.9
84.4
85.8
85.5
84.3
85.1
84.4
83.6
78.9
83.1
83.8
85.3
77.3
84.5
83.5
82.8
84.7
83.3
82.5
82.8
81.5
84.7
84.7
83.9
82.6
83.3
84.6
83.4
82.9
81.9
82.6
82.8
83.7
85.0
82.3
83.7
83.7
83.2
84.7
83.3
83.6
83.3
85.4
81.2
84.1
81.8
84.7
82.2
83.6
82.1
82.9
83.3
82.2
84.6
83.1
84.4
84.1
84.0
83.2
84.8
86.7
85.5
81.9
83.5
83.3
82.8
82.1
83.4
81.6
82.9
83.4
84.2
83.3
83.3
85.7
83.6
84.5
82.6
84.7
84.3
83.1
83.8
84.5
84.4
85.4
84.5
83.9
83.8
84.2
82.5
83.0
84.9
84.0
83.6
84.7
84.6
83.2
84.7
85.2
84.6
84.9
83.5
86.0
84.0
84.7
85.7
84.8
84.0
83.4
83.0
83.5
83.5
84.1
82.1
84.4
86.0
83.2
82.4
82.7
83.4
82.9
84.0
85.1
80.8
83.8
82.5
83.6
84.8
87.3
84.1
85.3
86.3
85.5
84.5
84.5
82.9
82.1
82.1
83.2
84.9
82.8
83.3
85.4
85.5
84.6
85.2
81.5
85.9
82.0
84.0
83.1
81.5
84.5
84.5
85.5
85.8
87.6
88.9
87.1
84.6
84.0
87.2
87.8
87.8
86.6
86.5
87.5
85.8
87.6
90.0
90.4
87.7
85.2
81.3
75.0
79.9
94.8
91.3
100.2
91.0
89.4
88.8
92.5
91.8
87.7
86.8
85.6
87.7
88.2
88.0
86.7
84.7
88.1
86.7
86.7
87.3
86.6
86.7
87.5
86.6
86.3
86.0
85.4
85.1
85.9
84.5
84.5
86.3
85.6
85.3
87.4
83.7
84.0
87.5
86.2
86.7
86.9
84.4
85.9
84.2
88.2
86.1
85.6
84.7
85.6
83.1
86.5
85.8
87.1
86.5
84.1
86.0
85.7
85.7
86.9
84.7
87.3
86.0
85.8
83.3
85.4
86.7
86.5
86.6
82.6
86.1
85.4
87.2
86.1
86.2
86.6
86.0
86.0
85.9
87.2
86.2
85.9
85.5
86.8
84.6
86.0
87.2
86.0
85.4
83.9
86.1
88.3
88.2
87.5
86.2
86.4
85.0
85.3
86.4
86.9
86.7
87.2
86.8
86.3
86.7
87.8
83.2
85.0
87.4
84.6
85.8
87.2
83.4
86.9
85.5
85.2
86.2
85.4
85.7
85.6
87.3
86.3
83.7
84.2
84.2
83.6
84.0
87.8
84.9
85.9
86.8
86.1
85.8
86.0
85.5
83.6
85.1
86.1
87.7
86.3
84.0
85.4
87.0
85.9
84.6
87.4
86.1
86.3
85.4
86.4
84.6
85.9
85.5
84.9
87.6
85.2
81.9
84.1
86.7
86.6
85.6
81.9
84.9
84.1
86.1
83.9
84.0
82.5
84.4
85.9
85.0
84.1
85.1
84.1
85.0
84.0
85.2
85.8
84.1
85.1
85.0
83.4
85.5
86.1
85.0
82.9
85.2
86.4
85.9
85.3
83.9
86.4
85.3
86.2
86.4
86.0
84.8
84.5
83.4
84.7
87.0
86.4
86.0
84.7
86.1
85.2
86.5
85.9
86.3
87.3
86.0
84.4
84.5
80.9
84.8
84.0
83.1
85.2
84.6
84.3
85.3
85.0
82.1
85.8
83.4
82.8
84.9
84.1
85.6
84.3
84.7
85.5
85.9
84.5
87.2
81.8
87.1
86.9
85.3
83.8
85.7
86.1
84.4
85.0
85.4
82.9
85.5
84.7
84.5
82.7
85.0
83.9
83.3
82.6
85.0
85.6
81.8
81.9
88.9
84.9
83.3
84.7
84.2
85.8
85.2
84.4
84.7
82.8
84.7
82.7
86.2
85.4
86.2
86.8
85.6
84.7
82.6
85.0
85.4
84.9
82.0
85.2
85.8
84.9
85.8
86.7
85.0
85.0
85.7
84.6
82.9
84.4
83.7
82.1
86.1
84.6
85.0
84.1
86.1
85.9
84.0
84.4
85.7
84.4
85.1
82.4
83.1
84.3
83.5
86.4
83.5
82.1
83.9
81.0
83.0
84.4
83.8
85.0
84.5
84.1
82.1
84.8
85.7
80.9
85.7
85.3
83.2
84.0
85.0
86.0
86.3
84.9
83.4
82.3
79.8
80.2
85.0
83.4
84.4
80.6
84.8
78.8
80.9
86.8
84.8
82.7
83.3
85.4
82.8
84.0
81.4
83.6
82.3
83.2
85.2
84.0
86.2
82.4
83.6
84.5
83.9
81.5
85.4
83.4
83.2
82.8
84.2
82.8
84.6
82.4
82.9
81.1
82.8
80.1
83.5
82.6
80.9
83.6
81.1
84.6
82.7
83.2
82.3
83.6
83.0
80.5
81.6
83.8
82.9
85.1
81.4
81.6
83.8
84.8
85.4
85.1
84.0
81.2
82.6
85.8
84.1
82.5
81.8
84.3
85.2
82.3
83.2
80.8
83.2
84.0
85.4
84.8
84.2
86.1
83.4
88.1
79.6
82.9
82.7
86.0
82.2
83.5
83.2
84.9
84.9
84.4
85.4
82.9
87.4
86.7
81.9
82.0
86.5
82.6
87.4
79.2
81.2
84.4
78.5
102.6
78.3
86.1
83.3
87.0
85.3
87.3
87.3
87.4
87.6
84.9
84.9
85.3
86.1
85.5
85.2
82.5
84.0
86.8
86.6
84.9
84.9
84.5
85.6
83.9
83.7
83.3
85.0
84.4
84.4
83.3
83.3
83.1
81.4
82.4
82.7
82.6
82.5
78.2
82.5
80.3
80.5
80.0
80.9
79.1
82.2
81.0
81.4
80.8
79.6
82.5
81.8
79.8
81.1
82.39999999999999
81.26666666666667
81.35
81.43333333333332
81.51666666666667
81.6
81.68333333333332
81.76666666666667
81.85
81.93333333333332
82.01666666666667
82.1
82.3
82.0
84.4
83.9
83.1
82.2
81.6
82.2
85.3
80.3
80.0
82.5
82.6
82.3
84.9
82.5
82.4
83.0
82.6
81.6
82.4
82.9
81.6
81.2
83.0
81.8
81.8
80.8
80.3
80.6
80.5
79.5
82.6
82.3
82.6
81.7
83.1
83.4
83.3
83.4
84.0
84.7
85.4
87.2
85.0
84.7
84.5
83.8
84.4
83.7
83.6
84.9
83.5
84.3
82.2
81.8
85.0
83.2
83.6
83.7
81.3
81.7
83.7
84.9
86.2
84.0
82.7
82.9
84.4
84.8
85.5
81.9
83.7
85.1
84.2
84.0
83.7
83.5
82.6
84.1
84.7
83.8
84.6
81.4
82.8
83.4
81.6
83.6
82.2
82.0
80.7
82.9
80.9
81.4
83.4
82.0
82.1
83.4
83.2
84.0
82.5
82.1
83.4
82.0
82.5
81.8
81.0
82.8
81.6
81.9
81.8
81.7
81.7
82.2
81.8
81.0
81.0
81.7
82.2
81.3
81.5
81.8
82.4
78.7
82.3
81.9
82.0
82.4
80.1
81.1
82.8
81.7
81.4
80.7
83.0
82.6
81.0
80.9
79.9
81.6
81.9
85.3
81.0
79.3
80.8
80.1
82.2
79.8
81.1
79.8
82.7
77.7
81.4
80.6
80.4
78.4
77.2
79.7
81.4
77.9
79.7
79.2
79.2
80.4
79.3
81.4
80.3
80.5
82.0
79.1
80.6
79.4
79.3
81.5
78.8
76.1
80.4
80.2
80.4
81.7
79.0
78.2
78.7
79.8
81.1
79.0
79.0
78.9
79.2
82.3
79.3
80.1
79.2
81.5
80.7
80.1
80.0
80.3
81.7
81.9
80.7
80.3
80.4
80.9
80.6
81.4
80.4
81.0
80.3
80.9
80.5
80.6
80.0
81.7
80.0
80.5
80.2
80.7
81.2
80.6
80.8
81.1
80.3
80.8
80.2
80.9
80.5
80.6
80.8
80.2
81.1
80.7
80.2
80.0
80.3
81.0
80.3
81.0
81.1
80.6
82.5
80.3
83.3
81.4
81.2
80.6
80.1
80.5
80.5
81.0
80.9
80.2
80.2
80.5
80.9
80.6
80.3
80.6
81.2
81.0
81.3
80.7
80.0
81.1
80.3
80.0
81.0
80.9
80.7
81.0
81.5
80.5
80.2
80.4
80.1
81.4
80.9
80.7
81.7
80.7
81.1
80.5
81.1
81.2
80.4
80.6
80.9
81.1
80.7
81.1
80.9
80.6
80.9
80.8
80.0
81.4
81.1
93.8
80.8
80.8
80.7
82.4
80.8
80.5
81.1
81.2
81.6
80.2
80.3
81.2
81.3
80.8
80.4
80.8
82.2
80.5
80.8
81.3
80.6
80.9
80.4
81.0
80.3
80.7
80.6
80.3
81.1
95.5
99.1
81.4
80.9
81.0
81.1
80.7
81.3
80.5
82.5
80.0
80.6
81.2
82.4
80.3
80.6
80.3
81.7
87.2
81.1
80.8
80.4
81.1
80.2
86.9
80.9
81.1
80.9
80.3
80.3
80.6
80.6
80.1
81.4
81.3
81.0
80.4
81.2
81.6
81.0
81.1
80.1
80.9
80.4
81.4
80.8
81.3
80.6
80.3
80.7
80.4
80.9
80.4
81.1
81.3
80.4
80.2
81.8
80.9
81.3
80.7
80.9
80.9
93.3
80.8
80.3
80.7
81.3
82.2
81.3
81.1
80.7
80.5
80.6
81.1
81.3
81.0
80.2
80.0
80.7
80.4
80.8
81.1
80.6
81.7
80.5
81.7
81.4
81.5
81.2
80.2
80.6
81.4
80.6
87.7
81.1
80.9
81.7
80.4
80.4
80.5
80.8
81.6
81.0
80.4
80.0
80.0
81.3
80.5
80.9
81.8
80.9
80.8
80.6
80.4
81.1
81.0
80.6
82.8
82.8
80.5
80.9
81.6
80.9
80.5
80.2
80.8
80.9
80.5
80.2
81.0
80.6
80.8
80.6
80.9
80.7
80.6
80.9
81.1
81.8
80.8
80.3
80.5
80.1
80.0
80.2
80.8
80.7
81.2
81.6
81.5
81.0
80.9
80.9
80.1
80.9
80.3
80.4
81.6
80.5
80.3
82.0
80.3
80.6
81.3
80.1
81.1
80.4
80.7
80.3
80.5
93.3
80.6
80.2
80.2
80.3
82.5
80.9
80.8
81.0
81.0
80.5
84.9
80.9
80.9
80.5
80.7
80.7
80.9
80.2
80.5
81.2
81.0
81.4
80.1
80.0
80.1
80.2
80.0
80.8
82.2
80.4
80.5
80.6
80.3
80.8
80.8
80.3
80.7
80.1
80.3
80.8
80.1
80.2
80.9
80.5
81.0
80.6
81.4
80.9
81.5
80.4
82.1
80.7
80.3
80.7
81.1
80.5
80.6
80.9
80.4
80.2
80.0
80.6
80.7
80.3
80.1
80.3
80.8
81.5
80.2
81.5
80.2
81.1
80.3
80.5
80.9
84.7
80.3
81.7
83.8
80.5
80.0
80.7
80.8
81.0
80.2
80.5
80.0
81.0
80.3
80.6
80.6
80.5
80.3
81.2
80.6
81.0
81.2
84.1
80.8
81.8
91.3
92.0
91.8
91.4
95.0
85.1
88.0
80.9
80.9
80.2
81.4
80.6
80.5
81.1
81.7
80.8
82.1
80.5
80.2
80.5
80.6
81.0
81.7
80.3
81.3
80.5
81.4
83.6
83.6
80.8
80.4
91.1
81.3
85.2
80.6
80.4
81.2
80.9
80.3
80.8
80.5
80.7
80.9
80.4
80.3
80.4
80.6
87.3
80.7
80.3
80.4
80.4
82.1
80.7
80.6
81.0
81.3
80.3
83.1
81.5
81.1
80.2
80.9
81.6
82.1
80.3
80.8
80.9
100.1
94.1
80.7
80.5
80.2
80.9
80.3
81.4
80.5
81.3
80.7
81.0
81.1
80.7
80.6
80.8
80.5
80.2
81.5
80.7
80.5
80.5
80.8
81.1
81.3
80.7
81.6
81.1
80.5
80.3
80.2
80.7
81.5
81.3
80.4
81.9
80.9
80.4
80.3
80.8
80.1
81.6
81.8
80.5
80.9
81.7
82.7
81.4
80.8
81.5
80.6
81.1
81.4
80.5
80.5
80.5
80.8
81.9
80.4
80.3
80.8
80.3
80.6
80.8
80.0
80.7
80.9
81.5
80.8
80.8
80.5
80.5
81.6
80.6
80.2
82.2
81.7
81.2
80.6
82.3
82.4
81.3
80.7
80.8
81.9
81.5
80.4
81.2
80.7
80.8
80.9
81.0
80.7
82.2
81.7
80.7
81.3
80.9
81.3
80.1
80.1
80.3
80.9
81.1
81.7
81.0
87.3
80.1
80.4
80.3
80.9
80.5
80.6
80.9
80.6
81.0
80.9
81.4
80.3
81.5
80.6
81.5
80.4
81.3
81.5
81.9
81.7
80.7
80.6
80.7
80.4
81.5
81.3
80.4
80.2
80.8
81.1
80.1
80.6
80.5
81.0
80.0
80.5
81.1
81.0
81.6
80.8
80.5
81.3
80.3
80.3
80.3
80.2
80.3
80.7
80.1
80.2
81.1
80.9
80.1
80.5
80.2
81.0
80.4
82.2
80.7
80.4
80.3
80.0
80.0
80.7
80.1
80.8
81.6
80.3
81.5
80.2
80.7
80.6
80.3
81.0
81.9
80.4
80.4
81.7
80.8
80.8
80.2
80.2
80.1
81.2
80.5
81.1
80.3
80.7
81.5
84.8
84.4
80.6
81.8
82.2
81.1
80.7
80.5
81.1
80.8
80.8
81.0
80.0
80.5
81.4
81.1
80.6
89.5
81.9
81.5
82.7
80.2
81.1
82.6
83.3
83.3
82.7
82.3
83.8
91.6
81.3
83.0
81.1
82.6
82.7
81.6
81.0
81.3
81.4
80.1
81.2
81.5
81.8
84.0
83.6
82.0
83.7
84.9
83.8
83.4
82.6
84.6
82.6
82.7
81.5
79.9
81.5
82.5
81.6
82.7
81.7
82.8
83.1
83.2
83.8
86.3
84.5
84.0
81.6
84.7
84.1
80.9
81.3
83.2
81.7
82.4
82.5
85.8
84.9
82.5
81.4
82.7
82.2
81.6
82.1
81.3
80.4
81.8
81.3
82.4
82.7
85.0
81.4
82.4
82.1
81.6
81.1
82.5
83.9
82.4
81.4
83.0
81.7
81.3
80.7
80.4
81.2
86.7
83.1
81.1
80.8
82.7
81.2
81.6
81.6
81.5
81.2
80.8
80.9
81.4
82.2
81.5
81.1
80.4
81.4
81.5
83.0
81.7
80.9
81.2
80.8
81.1
80.6
80.9
81.1
80.8
80.6
80.4
81.4
81.5
83.7
83.4
81.3
83.1
82.9
82.1
83.3
84.4
84.6
83.5
85.1
82.8
83.3
85.2
85.1
84.1
84.6
83.7
84.0
86.3
82.9
82.3
84.8
85.5
85.9
85.0
83.9
81.6
80.2
80.7
80.9
81.8
82.5
83.5
84.5
82.7
82.9
84.3
84.0
84.0
84.4
85.2
82.7
82.9
80.9
82.8
82.1
80.6
82.1
82.1
81.1
81.5
81.6
82.2
81.5
84.0
84.5
82.1
81.1
81.7
80.6
80.6
81.7
80.1
82.4
81.7
79.3
80.5
80.1
80.5
80.4
80.2
80.3
80.5
80.7
87.0
80.7
80.3
79.5
79.9
80.0
79.6
82.6
81.0
82.3
80.8
80.8
78.4
80.6
80.9
81.6
81.2
80.9
80.5
81.2
81.8
80.7
81.5
80.0
80.0
80.9
80.3
80.3
80.1
80.3
80.9
80.1
80.3
80.5
80.0
80.9
82.7
81.9
81.2
80.3
80.2
80.3
80.4
80.2
80.1
80.9
80.2
80.3
80.0
81.1
80.2
80.4
80.0
80.1
80.0
80.2
80.9
81.1
81.4
80.0
81.5
82.1
80.1
81.0
81.4
81.8
80.1
79.6
81.1
81.6
80.1
81.0
80.8
80.7
80.2
80.2
80.0
80.2
80.0
80.5
80.3
80.4
80.5
80.3
80.1
80.6
80.1
80.2
80.5
80.2
80.1
80.0
80.3
80.4
80.0
80.3
80.2
80.8
80.0
80.0
80.8
81.1
80.3
80.2
80.9
80.4
80.0
80.0
79.9
80.3
80.0
80.1
80.8
80.0
80.3
80.8
80.5
80.4
80.9
80.1
80.0
80.6
81.0
80.4
80.2
80.1
80.0
80.8
80.3
80.2
80.0
80.3
80.2
80.5
80.0
80.6
81.4
80.0
80.3
80.0
80.2
80.1
80.3
80.0
80.3
80.4
80.0
80.1
80.4
80.0
80.4
80.9
80.8
80.2
80.2
80.4
80.6
80.5
80.2
80.1
80.2
80.2
80.3
80.0
80.3
80.0
80.0
80.0
80.0
80.7
80.1
80.0
80.2
80.7
80.8
80.3
80.0
80.5
80.0
80.6
80.5
80.2
80.2
80.2
80.1
80.1
80.5
80.6
80.2
80.8
80.0
80.7
80.0
80.4
80.4
80.6
80.0
80.5
80.4
80.0
80.5
80.0
80.2
80.2
80.3
81.7
80.1
80.2
80.1
80.2
80.1
80.0
80.2
80.4
80.5
80.3
81.3
80.6
80.3
80.0
80.3
80.0
80.1
80.7
80.6
80.4
80.3
80.4
82.4
80.0
80.2
80.3
80.0
80.0
80.3
80.2
80.4
80.9
80.7
80.6
80.2
80.8
80.1
80.6
81.1
80.5
80.1
80.0
80.1
80.6
80.6
80.6
80.9
80.6
80.0
80.0
80.0
80.6
80.2
80.7
80.0
80.4
80.5
80.0
80.3
80.0
80.5
80.2
80.1
80.0
80.0
80.0
80.4
80.5
80.1
80.2
80.2
80.8
80.2
80.0
80.3
80.7
80.1
81.0
80.0
80.6
80.3
80.4
80.3
80.0
81.4
80.0
80.5
80.7
80.0
80.0
80.0
80.0
80.5
80.5
81.0
81.5
80.3
80.0
80.0
80.8
81.3
80.5
80.2
80.6
80.6
80.0
80.6
80.0
80.3
80.1
80.2
80.0
80.6
80.0
80.5
80.2
80.0
80.0
80.8
80.1
80.3
80.4
80.4
80.2
80.0
80.0
80.3
80.0
80.0
81.4
80.1
80.5
80.4
80.3
80.9
80.0
80.7
80.2
80.6
80.2
80.7
80.0
81.2
80.6
80.6
80.1
80.6
80.8
80.2
80.5
80.3
80.3
80.2
80.2
80.5
80.4
80.0
80.0
80.0
80.3
80.1
80.3
80.5
80.6
81.0
80.5
80.4
80.3
80.2
80.7
80.3
80.0
80.2
81.1
82.3
80.6
80.7
80.2
80.3
80.7
80.3
80.3
80.2
80.1
80.2
80.0
80.0
80.2
80.0
80.2
80.0
80.5
80.1
80.3
81.0
80.5
80.7
80.2
80.5
80.3
80.0
80.6
80.7
80.4
80.5
81.2
81.1
80.4
80.6
80.5
81.4
82.3
81.7
83.6
81.1
82.5
81.1
79.7
81.4
81.5
83.1
81.8
81.7
80.4
80.4
81.9
81.5
81.2
81.7
80.8
80.7
80.0
80.6
80.8
80.4
81.8
80.4
80.0
79.8
80.7
81.2
81.5
80.4
80.1
80.2
82.1
80.4
79.5
80.5
80.7
80.7
80.0
81.9
83.1
82.0
85.1
80.7
80.6
80.8
79.6
79.1
80.4
80.3
80.0
79.9
80.3
80.4
80.1
80.2
80.0
80.5
80.8
82.0
80.6
82.2
80.4
80.0
82.0
80.5
81.8
81.0
80.8
79.9
80.0
79.7
80.8
80.5
81.4
80.6
80.2
81.0
80.8
80.9
80.7
79.4
80.5
80.2
80.0
80.2
81.2
80.3
80.0
80.3
80.5
80.0
80.3
81.2
80.1
79.8
81.3
81.6
82.2
83.5
80.9
80.5
80.5
81.1
80.0
81.3
84.5
81.6
81.0
80.0
81.9
81.2
81.6
82.3
81.1
83.2
80.2
80.1
81.3
81.8
81.5
79.9
80.3
80.0
82.2
80.4
81.1
80.6
81.2
79.9
80.4
80.7
80.6
80.5
80.4
80.5
80.5
81.2
83.1
81.2
80.5
80.2
81.4
80.2
80.3
80.3
80.3
80.0
80.2
79.7
80.7
81.4
80.7
82.3
81.2
80.5
80.5
80.6
79.9
79.7
80.1
80.5
80.5
80.8
80.3
80.0
80.6
80.0
80.8
80.0
80.0
80.9
80.2
80.9
80.5
80.6
81.3
80.7
80.2
80.0
80.0
80.3
81.4
80.0
80.5
80.0
80.3
80.0
80.5
80.8
80.1
80.4
80.7
80.0
80.4
80.4
80.4
80.8
80.8
81.0
80.0
80.9
80.5
81.0
81.1
81.2
79.7
83.1
80.4
80.3
80.1
81.3
80.2
80.3
80.3
80.2
80.3
80.2
81.1
80.4
80.3
80.0
80.9
80.3
80.5
80.0
80.3
80.7
80.2
80.0
80.0
80.4
80.7
80.4
80.0
80.5
80.0
80.3
80.7
81.5
80.5
80.5
80.3
80.9
80.4
80.4
80.6
81.1
80.5
80.7
80.0
80.5
80.2
83.0
81.6
83.5
84.5
88.1
84.8
81.1
80.8
81.0
81.7
80.5
80.6
81.3
80.4
80.2
80.4
80.8
80.4
80.0
80.4
80.4
80.0
80.0
79.9
80.3
80.5
81.1
80.2
80.4
80.5
80.2
80.8
80.7
80.3
80.0
81.1
80.4
81.7
81.6
80.6
80.9
80.2
80.9
82.5
80.5
80.8
80.8
80.3
80.0
80.0
80.1
80.5
80.2
80.7
80.6
80.0
80.3
80.6
79.9
80.4
80.0
80.3
80.0
80.3
80.3
80.0
80.2
81.1
80.0
80.5
81.0
80.8
80.2
80.5
80.3
80.5
81.6
80.3
80.4
80.2
80.6
80.6
80.4
80.7
80.3
80.0
80.3
80.0
80.5
79.9
80.5
81.8
80.5
82.6
80.3
80.0
80.0
80.1
80.9
80.3
80.1
80.3
80.3
80.0
80.4
80.1
80.0
80.5
81.4
80.4
80.7
81.0
80.5
80.6
80.6
80.3
80.0
80.3
80.6
80.2
80.5
80.3
81.2
81.3
81.2
80.1
80.0
80.0
81.2
80.0
80.2
80.1
80.5
80.2
80.6
80.0
80.2
80.4
81.5
80.4
80.3
81.7
80.0
80.2
80.0
80.6
80.0
80.4
80.3
80.6
80.4
80.5
80.4
80.3
80.3
80.1
81.3
80.0
80.7
80.2
80.0
81.7
80.4
82.2
80.8
80.2
80.3
80.0
80.7
81.2
80.7
80.0
80.7
81.2
80.8
80.2
81.2
80.3
80.4
80.3
80.0
80.4
80.7
80.0
80.3
80.3
81.9
80.9
81.8
81.3
80.9
82.2
81.5
80.7
80.5
83.5
80.9
80.8
80.4
80.7
79.7
80.9
82.1
81.0
80.4
80.6
80.9
81.0
80.1
80.0
80.5
80.0
82.6
80.2
80.3
80.4
81.1
81.9
80.6
81.0
80.2
81.5
81.4
80.3
80.3
80.9
80.6
80.9
80.7
80.9
81.6
81.0
81.1
80.8
81.1
80.9
79.1
81.5
83.2
80.1
80.8
77.8
78.7
81.2
79.4
79.2
80.9
78.3
79.1
80.3
79.1
78.7
79.3
81.3
80.6
82.3
77.3
81.4
80.5
80.8
82.2
81.9
81.2
81.1
82.6
83.3
84.5
83.5
81.8
85.2
83.5
81.1
80.8
81.2
80.9
80.3
81.2
81.8
81.8
80.8
81.9
81.4
80.3
80.3
80.6
80.6
80.8
82.7
83.3
82.3
83.3
82.7
81.0
83.4
83.0
83.4
83.0
83.5
82.3
81.8
80.4
80.1
81.8
83.1
81.0
79.3
80.0
78.8
81.8
81.0
78.7
81.2
81.7
79.0
80.3
83.2
81.5
80.3
81.1
79.7
80.6
81.6
79.7
81.8
82.3
80.2
79.7
79.1
81.0
82.7
80.7
82.4
80.2
82.0
81.1
80.7
80.5
80.2
80.8
80.7
80.0
81.4
80.4
82.9
80.3
81.4
79.3
80.0
82.3
80.4
80.5
81.9
79.9
79.8
80.2
79.6
80.2
80.8
79.1
82.1
80.6
81.6
81.5
80.2
81.1
80.3
80.9
80.4
78.8
79.8
80.5
83.0
81.2
80.2
80.1
81.0
80.8
80.3
80.8
79.1
80.6
80.9
81.0
80.6
80.0
80.3
79.4
81.1
80.9
79.7
81.4
81.0
79.8
80.3
80.0
80.9
81.3
79.2
82.5
80.6
84.2
81.2
81.6
80.4
80.6
80.2
80.2
81.6
80.1
81.1
83.0
83.3
81.4
80.7
82.1
81.9
80.9
83.7
81.8
84.5
81.5
80.8
80.6
82.6
81.6
81.5
82.7
79.3
78.2
80.8
81.8
79.9
83.3
80.4
79.7
82.7
78.2
78.8
82.2
81.3
82.0
81.7
82.3
82.3
80.4
81.8
82.0
83.8
80.6
79.5
82.2
82.0
82.8
82.5
82.2
79.7
81.2
80.1
81.6
81.7
82.3
82.1
81.7
81.7
82.7
80.8
81.6
83.5
82.5
80.5
81.1
82.0
80.8
80.5
81.6
83.1
84.2
81.4
81.2
80.1
79.3
79.4
80.3
78.9
80.2
78.8
79.1
81.0
83.0
82.3
80.7
80.7
82.3
81.5
80.9
80.3
81.3
80.3
79.2
81.2
82.7
81.9
81.9
81.4
83.2
81.7
82.0
79.8
81.2
80.7
81.5
82.1
81.1
81.5
80.1
80.5
79.3
81.0
81.3
80.3
83.0
81.9
80.6
84.0
81.3
79.4
81.0
80.8
80.3
81.9
79.1
83.1
82.3
79.7
79.7
78.9
80.8
79.8
78.4
80.6
80.3
80.5
79.0
79.5
82.8
81.2
81.8
82.0
80.8
80.8
80.7
82.0
78.9
78.6
80.1
81.2
81.5
81.4
79.7
79.8
77.0
81.9
80.7
80.4
80.7
81.3
80.1
81.6
80.3
80.5
81.5
81.3
82.0
82.3
82.9
80.0
80.0
82.2
80.4
79.8
76.2
79.8
81.3
79.4
81.7
81.1
80.3
80.6
81.4
80.6
80.3
80.3
80.8
81.0
80.5
80.9
81.3
81.1
80.6
80.4
81.2
80.6
80.6
80.7
83.1
81.1
81.9
81.6
80.0
80.5
80.3
80.3
81.9
82.2
80.0
80.5
81.3
81.5
81.6
81.8
80.3
80.4
81.9
80.9
80.9
80.1
80.5
81.2
81.7
83.2
82.4
80.6
80.5
83.0
80.8
81.4
80.2
82.9
84.4
81.8
80.8
80.8
82.0
80.3
82.0
80.9
80.9
82.1
80.4
84.5
80.6
80.5
81.6
80.4
80.9
81.0
80.0
80.4
80.8
81.0
84.0
80.2
83.0
80.7
80.8
82.1
81.5
80.8
81.5
81.1
80.5
80.1
80.6
82.8
80.8
80.6
79.9
79.20000000000002
79.7
80.1
80.7
82.3
81.0
80.5
81.7
81.9
81.0
81.6
80.5
81.2
80.0
82.7
79.9
80.3
80.0
80.3
80.2
80.3
80.0
80.0
80.1
80.6
80.2
80.1
80.5
80.7
80.0
80.9
81.2
80.0
80.0
79.3
78.0
77.6
75.7
76.1
78.1
77.0
77.9
75.3
78.0
78.5
81.1
79.7
80.2
81.0
78.8
79.5
81.0
78.4
82.3
82.0
82.0
80.4
80.3
81.0
80.1
80.7
80.5
80.8
80.9
82.0
80.5
80.1
81.7
82.8
80.7
81.5
80.6
80.9
80.5
81.7
83.8
86.8
81.9
80.3
81.2
81.2
81.6
81.4
80.1
81.6
80.1
80.8
82.3
80.8
80.1
80.2
81.5
80.5
83.7
80.8
82.2
90.2
81.1
80.2
82.0
81.9
80.3
80.4
81.1
81.5
80.5
80.5
81.0
80.0
80.8
82.3
81.8
82.2
80.5
82.2
83.6
80.7
83.4
86.8
81.6
81.3
81.9
81.1
81.8
80.4
81.6
82.1
83.0
81.3
80.0
80.1
82.4
81.6
82.4
80.5
83.2
81.2
81.0
82.2
82.0
81.8
80.4
81.6
81.4
84.0
83.0
80.6
81.5
80.9
80.6
81.7
80.5
80.2
81.0
81.6
82.2
81.0
82.3
82.1
83.2
84.0
82.2
80.0
80.5
80.8
80.3
80.7
81.0
80.2
80.2
80.8
81.0
80.0
80.0
80.0
80.8
80.6
79.3
81.0
80.6
80.4
81.5
81.6
83.7
81.0
80.9
80.2
80.9
80.4
81.4
81.5
80.5
80.5
80.2
80.7
81.4
81.2
81.2
81.1
80.7
81.5
80.4
80.3
80.4
80.0
80.3
80.6
80.2
80.2
80.5
79.8
81.4
81.4
81.1
80.8
80.5
81.8
81.1
79.6
80.0
80.0
80.0
80.0
80.9
79.9
79.7
78.7
80.0
80.0
81.0
80.5
80.1
80.8
81.0
80.3
80.0
80.0
81.5
79.8
80.5
81.2
80.2
80.3
80.0
81.6
80.0
81.4
80.0
80.2
81.2
79.7
80.2
80.0
80.0
80.3
81.5
80.0
80.0
80.2
80.0
80.2
80.0
80.0
80.0
80.2
80.0
80.0
81.4
80.0
80.1
80.2
80.0
80.0
80.0
80.0
80.0
80.0
80.0
80.2
80.0
80.0
80.0
80.2
80.4
80.2
82.4
80.0
80.0
80.8
80.5
80.0
80.0
81.2
80.0
80.2
80.2
80.1
80.0
80.0
79.8
80.3
80.2
81.6
82.4
80.2
80.4
80.1
80.7
81.4
80.3
80.0
80.0
80.0
80.0
80.3
80.0
80.4
81.3
80.2
80.0
80.0
80.0
82.0
80.0
81.6
80.2
80.1
80.0
80.0
80.0
80.1
80.1
80.3
81.6
80.3
82.9
81.0
80.2
80.0
80.0
80.0
79.9
81.7
80.6
80.0
80.1
80.1
80.0
80.0
79.8
80.0
80.3
82.0
81.0
81.2
80.5
80.1
83.5
80.6
80.4
80.0
80.2
80.2
80.0
83.5
80.0
80.2
80.0
80.1
80.1
80.1
80.2
80.1
80.2
81.3
80.0
80.1
79.9
79.7
80.0
80.0
79.8
80.7
81.1
80.0
80.9
80.6
80.0
81.2
80.8
81.6
80.0
80.2
80.5
80.6
80.1
80.4
81.5
80.5
80.1
81.7
80.7
80.0
80.0
80.0
80.0
80.0
81.4
80.1
80.0
80.0
80.4
80.5
81.6
81.0
80.2
80.0
79.0
80.0
80.0
81.0
80.3
80.1
80.0
80.0
80.3
80.6
80.21428571428571
80.17142857142856
80.12857142857143
80.08571428571429
80.04285714285714
80.0
80.2
81.0
80.1
80.2
80.2
80.3
80.0
80.0
81.0
81.0
80.0
80.3
80.0
80.1
80.0
80.1
80.0
80.0
80.0
80.5
80.0
80.0
80.0
80.0
80.1
79.9
80.3
80.6
80.0
81.3
80.1
81.5
80.0
80.1
80.1
80.5
80.3
80.2
80.3
80.9
80.6
81.1
81.1
80.4
80.1
80.1
80.4
80.0
81.1
80.0
80.0
79.9
80.3
80.0
80.1
80.0
80.0
83.4
80.4
81.0
80.4
80.7
80.0
80.6
80.6
80.4
80.0
80.0
81.0
80.0
80.1
80.6
80.1
80.5
80.6
80.3
80.4
80.0
80.1
80.0
80.0
80.9
80.1
80.7
80.4
81.0
80.6
80.1
80.0
80.2
80.4
79.3
79.0
77.1
80.2
80.3
81.0
79.5
79.4
79.9
79.7
80.3
79.7
80.2
80.0
80.5
80.7
80.2
80.8
80.7
78.6
79.6
80.4
80.3
80.7
81.8
80.0
80.2
81.1
81.2
86.1
81.0
80.5
79.8
80.4
80.0
81.0
80.5
80.0
80.7
79.5
80.0
80.1
81.2
80.7
80.7
80.6
80.5
80.1
80.1
80.0
80.3
80.2
80.2
80.1
79.3
80.0
80.0
82.2
80.0
80.1
80.7
80.6
80.0
80.4
80.5
80.7
80.0
80.3
80.2
81.5
80.8
81.1
80.3
80.5
78.9
87.0
81.5
80.7
80.6
80.1
82.7
80.3
81.7
81.7
80.5
80.6
81.4
83.2
80.4
80.9
81.0
80.7
87.5
91.3
88.0
80.3
80.0
81.3
80.4
81.2
80.3
80.6
80.5
81.7
80.3
85.8
91.0
81.0
81.3
81.4
80.4
80.1
80.8
80.8
79.8
80.6
80.3
80.8
81.1
81.0
79.9
80.6
80.5
80.9
80.3
80.7
80.0
80.6
80.4
79.8
79.8
80.4
80.8
79.8
80.5
81.2
80.4
80.7
80.7
80.4
80.1
80.0
80.3
81.9
80.0
80.6
80.9
80.6
80.9
80.9
81.0
80.7
80.2
80.3
80.4
81.0
80.0
80.9
80.5
80.0
80.5
80.1
80.7
82.1
80.5
80.4
82.5
80.8
80.1
81.1
80.3
80.3
82.4
80.7
80.4
80.5
80.5
80.6
80.0
80.2
80.8
80.5
80.2
80.8
80.4
80.0
80.1
80.5
80.8
80.4
80.3
80.6
80.4
79.4
80.4
81.4
80.6
80.5
79.8
81.0
80.3
79.8
80.7
80.3
80.7
80.8
80.5
80.0
80.2
80.8
80.7
81.1
81.6
80.4
80.4
81.6
79.8
80.5
80.9
80.8
81.0
80.0
80.0
80.0
80.0
81.9
80.4
80.8
80.5
81.1
80.1
80.3
80.7
80.8
80.3
81.3
83.1
79.5
80.6
80.2
78.7
79.9
79.9
80.2
81.9
80.2
81.1
82.0
80.4
79.6
81.1
80.3
80.4
81.4
80.0
81.1
80.7
80.6
81.1
80.6
81.8
80.3
79.6
80.8
80.4
80.8
84.1
81.3
80.5
79.6
81.2
79.9
79.6
80.7
80.5
81.4
80.6
79.8
80.7
79.9
80.1
79.2
80.8
80.4
80.0
80.2
80.8
79.8
80.0
80.1
80.6
80.0
80.0
80.3
80.0
80.3
79.2
80.4
80.3
80.8
80.2
80.0
80.1
80.2
80.0
80.2
80.5
80.1
80.1
80.4
80.3
80.0
80.0
80.0
80.3
80.5
80.2
80.0
81.4
80.7
80.4
80.7
81.4
80.6
80.3
80.0
80.6
80.2
81.7
80.4
80.2
80.1
80.4
80.1
80.2
80.3
80.0
80.0
80.2
80.5
80.4
80.2
80.0
80.0
80.0
80.0
80.3
80.5
80.0
80.3
80.0
80.0
80.5
80.0
80.2
80.3
80.0
80.0
80.3
80.2
80.5
80.0
80.0
80.0
80.3
80.0
80.3
79.4
80.0
80.0
80.0
80.0
80.0
80.0
80.3
80.0
80.0
80.2
80.0
80.0
80.0
80.0
80.5
80.0
80.2
80.4
80.0
80.2
80.3
80.6
80.0
80.0
80.0
80.0
80.0
80.0
80.3
80.0
80.0
80.0
80.0
80.3
80.0
80.0
80.0
80.5
81.0
80.16666666666667
80.0
80.2
80.0
80.0
80.3
80.3
80.0
80.3
80.0
80.0
80.0
80.2
80.1
80.3
80.5
80.3
80.1
80.2
80.5
80.0
80.2
80.0
80.5
80.2
80.0
80.5
80.0
80.1
80.2
80.0
80.0
80.2
80.5
78.9
80.1
80.0
80.7
80.1
80.0
80.5
80.2
80.4
80.1
80.2
80.2
80.4
80.0
80.0
80.1
80.0
80.0
80.0
80.0
78.3
80.1
80.3
80.2
80.7
80.4
79.4
80.2
80.2
80.3
81.0
80.3
80.0
79.4
79.3
80.6
80.4
80.4
79.1
79.2
80.3
78.4
80.3
80.0
80.3
80.3
80.0
80.0
80.0
80.2
79.5
80.5
78.0
80.2
80.1
79.2
79.3
79.1
79.5
80.0
80.0
79.2
80.0
80.2
80.4
79.5
80.1
80.3
79.1
80.0
80.0
80.7
80.0
79.0
80.0
80.1
80.0
80.0
80.3
80.2
81.5
80.0
80.3
80.2
80.0
80.3
80.0
80.0
80.9
80.3
80.5
81.1
80.0
81.1
80.1
80.0
80.1
80.8
80.0
80.4
80.3
80.0
80.3
80.2
80.0
80.7
80.8
80.0
80.2
80.0
80.1
80.5
80.2
80.0
80.0
80.2
80.1
80.1
80.3
80.2
80.5
80.2
80.0
80.5
80.2
80.1
80.0
80.3
80.0
81.0
80.6
80.7
80.2
80.3
80.0
80.4
80.0
80.0
81.3
80.7
81.6
80.4
80.3
80.3
80.2
80.2
80.7
80.2
80.3
80.0
82.0
80.0
80.2
80.0
80.3
80.0
80.6
80.0
80.0
80.2
80.7
80.3
80.0
80.0
80.0
80.3
80.4
83.1
82.2
80.2
80.9
80.2
80.1
80.1
80.5
80.6
80.1
80.3
80.2
80.0
80.0
80.3
80.3
80.0
80.2
80.4
80.2
80.1
80.0
80.0
80.0
80.0
80.2
80.4
81.1
80.0
80.3
80.4
80.0
80.6
80.3
81.2
80.2
80.0
80.0
80.0
80.2
80.0
80.2
80.2
80.4
80.3
80.3
80.3
80.1
80.1
80.0
80.1
80.0
80.0
80.0
80.9
80.2
80.0
80.0
80.0
80.1
80.2
80.0
80.0
79.0
81.1
80.4
80.0
80.2
79.6
80.3
80.3
81.0
80.1
80.4
80.2
80.3
80.5
80.0
79.3
80.0
80.9
77.8
79.9
80.0
80.4
80.4
80.5
80.0
80.0
80.3
80.2
81.1
80.0
80.3
80.3
80.7
79.5
80.2
80.3
80.3
80.3
80.2
79.4
79.7
80.8
80.3
80.3
80.0
78.1
80.1
80.7
80.5
80.6
80.5
80.1
79.3
80.0
80.8
80.2
80.0
80.5
80.0
80.6
80.3
80.3
80.6
80.5
80.0
80.0
79.5
79.6
80.3
80.0
80.3
80.0
80.5
80.6
80.5
80.4
80.5
80.4
80.0
80.4
78.7
80.0
80.0
80.3
80.3
80.2
80.2
80.2
79.0
80.0
80.1
80.1
80.7
80.2
80.0
80.4
80.1
80.0
80.4
80.4
80.4
80.1
80.2
80.0
80.2
80.6
80.4
80.0
80.0
80.0
80.0
80.2
80.0
80.5
80.2
80.3
80.3
80.6
80.4
80.2
80.0
80.6
80.0
80.0
80.5
80.0
80.2
80.2
80.6
80.7
80.5
80.7
80.6
80.3
80.1
80.0
80.4
81.3
80.7
80.2
80.2
80.0
80.6
80.0
80.3
80.0
80.1
80.3
80.0
80.7
80.5
80.1
80.0
80.3
81.5
80.5
80.5
80.4
80.0
80.2
80.7
80.5
80.6
80.6
80.6
80.6
80.4
80.5
80.3
80.6
81.0
80.6
80.4
84.3
80.7
80.5
80.0
80.0
80.3
80.6
80.2
80.2
80.3
80.3
80.2
80.2
80.6
80.0
80.0
80.1
80.6
80.3
80.3
80.6
80.7
81.6
80.5
80.4
80.3
80.6
80.5
80.9
80.4
80.0
80.4
80.1
80.0
80.0
80.2
80.3
80.2
80.2
80.2
80.1
80.2
80.3
80.8
80.0
80.3
81.0
80.7
79.6
80.0
80.0
80.5
80.6
80.1
80.3
80.1
80.2
80.1
80.0
80.6
80.4
80.0
80.2
79.8
80.0
80.1
80.2
80.1
80.6
80.7
80.2
80.2
80.0
80.2
80.3
80.2
80.9
80.2
80.1
80.1
80.2
80.3
80.0
80.0
80.1
80.2
80.7
80.3
80.7
78.6
80.0
80.4
80.4
80.2
80.3
80.2
80.3
80.0
80.0
80.7
80.3
80.2
80.2
80.3
80.4
80.0
80.4
80.3
80.7
80.2
81.2
91.7
80.5
80.4
80.0
80.2
80.0
79.2
80.7
81.1
81.0
80.2
79.8
88.1
82.6
81.5
79.2
77.1
81.9
80.0
80.7
80.1
79.9
80.7
80.3
80.8
79.4
80.9
80.5
80.3
80.5
80.0
79.1
78.4
80.2
80.3
80.3
80.4
80.5
80.7
80.8
80.4
81.1
80.1
81.0
80.5
80.4
80.2
80.5
80.3
80.2
80.2
81.0
81.4
80.7
80.5
80.5
80.0
80.3
80.5
80.6
80.6
80.6
80.2
81.0
80.3
80.0
80.0
80.5
80.2
80.1
80.0
80.2
80.0
80.0
80.4
80.4
80.0
80.6
80.3
80.2
80.1
80.3
80.7
80.8
80.4
80.8
80.2
80.3
80.0
80.3
80.4
80.6
80.3
80.0
81.0
80.3
80.3
80.8
81.1
80.2
80.7
80.2
80.0
80.7
80.9
80.2
80.2
80.7
81.1
81.0
80.2
80.0
80.5
80.0
80.3
80.4
80.0
79.4
80.6
80.5
80.3
80.0
80.3
80.6
80.0
80.6
80.6
80.6
80.3
80.0
80.0
80.6
80.2
80.0
80.3
80.1
80.9
80.0
80.2
80.0
80.2
80.2
80.8
80.5
80.5
80.1
80.4
80.4
80.6
79.3
80.2
81.1
80.3
80.4
80.9
80.6
80.8
81.1
80.9
80.3
81.1
80.1
79.3
80.0
79.3
80.2
81.2
80.6
80.3
80.9
80.7
80.2
80.5
81.8
80.9
80.2
78.7
80.3
80.0
80.7
81.5
80.3
80.2
81.0
79.6
79.7
79.8
80.3
80.4
80.4
80.2
80.1
80.0
80.2
80.0
80.0
80.9
79.3
80.1
80.0
80.2
80.0
80.0
80.7
80.3
80.3
80.2
80.2
80.2
80.2
80.0
80.0
80.0
80.3
80.8
80.0
80.0
80.0
80.3
80.3
80.0
80.0
80.2
80.1
80.5
80.5
81.9
80.5
80.6
80.0
80.4
80.4
80.3
80.2
80.2
80.5
80.3
81.0
80.7
80.4
80.4
80.2
80.3
80.3
80.4
80.0
81.1
80.1
80.2
80.2
80.4
80.2
80.5
80.7
80.0
80.7
81.4
80.2
80.7
80.5
80.6
80.3
80.3
80.6
80.0
80.0
80.0
80.2
80.0
80.1
80.4
80.6
80.3
80.0
80.4
80.5
80.2
80.5
80.1
80.0
80.0
80.2
80.6
80.0
80.0
80.1
80.4
79.2
80.6
80.0
80.6
80.0
80.3
80.5
80.3
80.7
80.2
79.1
80.3
80.2
80.3
81.3
80.9
80.3
80.2
80.1
81.0
80.1
80.2
80.9
80.1
80.3
80.3
80.8
80.8
80.4
80.1
80.2
80.0
80.0
80.2
80.3
80.3
80.2
79.4
79.1
80.3
80.4
80.5
80.2
80.3
80.4
80.4
81.1
80.3
80.2
80.0
80.4
80.6
80.5
80.3
79.5
80.1
80.3
80.4
80.3
80.0
80.5
80.6
80.0
81.4
80.2
80.3
80.4
80.2
80.9
80.1
80.0
80.0
79.5
81.2
82.2
81.8
79.7
80.1
80.0
80.8
80.1
80.2
80.3
80.3
80.4
80.5
80.4
81.2
80.0
80.7
80.3
79.6
80.2
80.7
78.0
80.3
80.1
80.2
82.6
80.6
79.6
80.3
80.7
80.4
79.8
80.4
80.4
80.3
80.2
80.7
79.4
80.0
80.0
81.4
79.2
80.7
81.3
80.6
80.4
80.5
80.2
80.2
79.4
81.0
79.7
80.2
80.4
80.2
80.5
80.0
80.2
80.1
80.0
80.9
80.6
80.2
80.4
80.6
80.1
81.4
79.4
80.7
80.1
80.2
80.3
81.7
79.5
80.8
81.0
80.1
79.6
80.2
80.2
79.4
81.0
81.0
80.2
80.3
80.3
80.7
80.1
82.6
80.2
80.0
80.4
80.2
80.2
80.3
80.3
80.0
80.3
80.3
81.0
78.8
80.0
80.6
79.1
80.4
79.4
80.0
80.4
80.4
80.3
80.5
80.2
80.8
80.3
80.2
80.4
80.2
82.2
81.0
80.1
80.7
81.9
80.1
79.8
80.2
80.2
80.5
80.5
80.8
80.4
81.0
82.0
80.8
82.5
81.9
82.3
81.4
82.3
80.4
80.0
80.3
80.1
80.4
81.0
80.7
82.8
80.9
80.3
80.6
80.8
80.3
80.7
80.0
80.1
80.0
80.0
80.0
80.3
80.2
80.7
80.3
80.0
80.2
80.0
80.6
81.4
80.6
80.6
80.1
80.5
80.2
80.0
80.6
80.0
80.0
80.0
80.3
80.3
80.5
80.6
80.2
80.3
81.5
80.7
80.2
81.1
79.7
80.2
80.2
80.0
80.4
80.5
80.5
80.2
80.7
80.6
80.0
80.3
79.3
80.5
80.9
81.1
80.4
80.6
81.5
83.0
81.5
81.9
81.9
85.9
85.4
85.7
87.0
89.0
88.4
85.5
89.5
87.0
84.8
89.3
85.5
86.0
89.4
87.0
83.6
84.8
91.4
83.4
84.6
89.9
85.3
88.3
86.5
85.0
90.0
87.1
88.0
86.9
84.0
84.2
85.5
85.4
87.9
83.5
80.2
80.2
89.9
85.4
80.6
80.5
80.2
80.0
80.6
80.1
80.1
80.2
80.8
80.0
80.8
80.3
80.6
80.3
80.2
80.6
80.4
80.4
80.6
80.4
80.5
80.6
80.3
80.3
80.6
80.4
80.5
80.1
80.8
80.0
81.4
81.8
82.3
81.6
81.6
81.3
80.5
80.9
82.7
81.6
80.8
79.6
80.5
80.2
80.1
80.6
80.3
80.9
81.4
81.1
80.6
80.2
80.6
81.3
80.0
80.7
80.4
85.9
87.2
85.8
84.39999999999999
80.2
80.6
80.4
79.8
80.4
80.6
80.9
80.2
80.0
80.1
80.0
80.0
80.8
80.3
80.0
80.1
80.1
80.3
80.5
80.2
80.0
80.2
80.2
81.0
80.5
80.3
80.6
80.7
80.3
80.6
81.0
80.8
80.3
80.5
83.9
80.1
89.4
79.6
81.9
80.0
80.0
80.1
80.2
80.2
80.1
80.5
80.1
80.1
80.1
80.2
80.4
80.0
81.0
80.4
82.1
82.2
81.3
80.3
81.4
80.8
80.8
80.3
80.4
80.1
80.6
80.6
80.4
81.0
80.7
80.5
80.0
80.6
80.6
80.3
79.6
80.2
81.3
80.3
80.6
80.1
80.5
80.0
80.4
80.6
80.2
80.1
80.7
80.3
80.0
80.4
80.2
80.3
80.6
80.4
80.7
80.6
79.5
80.7
80.5
80.2
80.3
80.3
80.5
80.3
80.0
80.0
80.3
80.3
81.4
80.0
81.1
80.1
80.3
80.2
80.1
80.2
80.3
80.8
80.3
80.9
80.3
81.3
80.6
80.0
80.0
81.4
80.0
80.0
80.0
81.0
80.2
80.3
80.0
80.3
80.7
80.3
80.7
80.0
80.0
80.3
80.2
79.4
80.2
80.4
80.7
80.5
80.6
80.3
80.2
80.2
80.4
80.0
80.4
80.2
80.5
80.0
80.2
80.6
81.6
80.5
80.3
81.1
81.0
80.2
80.3
80.6
80.4
80.1
80.9
80.7
80.7
85.3
84.8
81.0
80.3
89.0
86.3
84.4
80.3
83.5
80.2
82.0
81.0
80.8
80.4
81.8
80.9
80.0
80.6
80.6
80.1
80.5
81.1
80.1
80.2
80.6
80.0
80.0
80.0
80.5
80.2
80.5
80.5
79.1
80.5
81.5
80.6
80.4
80.3
80.0
80.1
80.3
80.3
80.7
80.3
80.5
80.0
80.5
81.0
81.0
80.5
82.3
87.6
86.8
87.5
86.8
82.7
80.5
80.4
80.3
80.3
80.0
80.5
80.5
80.0
80.6
80.0
80.0
80.0
80.3
80.6
80.6
81.4
80.5
80.7
80.5
80.0
80.0
80.3
80.0
80.0
80.0
80.0
80.0
80.2
80.0
80.3
80.1
80.0
80.5
80.2
80.2
80.0
80.0
80.3
80.2
80.9
80.1
80.2
80.8
80.0
80.3
81.1
80.2
80.7
80.4
80.2
80.8
80.7
80.0
80.9
80.0
81.3
80.2
80.0
80.1
80.7
80.0
80.4
80.2
80.8
80.3
80.3
80.8
81.5
81.3
80.6
80.2
80.2
80.3
80.1
80.4
80.6
80.3
80.5
80.2
80.0
80.1
80.3
80.1
80.3
80.5
80.0
80.8
81.1
80.0
80.2
80.6
80.2
80.0
80.0
80.7
80.1
80.1
80.6
80.6
80.0
80.0
80.0
80.8
80.6
82.9
81.2
80.8
80.9
81.6
83.7
81.7
80.3
80.4
80.2
80.0
80.2
80.6
80.6
80.2
80.6
82.7
86.2
83.5
86.9
94.4
88.2
83.4
81.2
80.8
80.6
80.3
80.4
80.4
80.3
80.7
80.2
80.0
80.1
80.2
81.8
80.3
80.0
80.3
80.2
80.3
80.9
80.7
80.3
81.4
80.5
80.1
80.6
80.6
80.8
80.3
80.2
82.0
81.2
80.1
81.5
80.9
80.4
81.2
80.8
81.3
80.7
80.2
81.2
80.0
80.1
80.3
81.8
80.0
80.2
80.0
80.0
80.3
80.5
80.3
81.3
80.8
80.3
80.2
80.1
80.3
80.0
80.3
80.1
81.0
80.3
81.0
80.7
80.8
81.3
80.4
80.4
80.3
80.2
80.4
80.0
82.7
80.6
80.3
80.7
80.3
80.0
80.3
82.2
80.6
81.1
82.2
84.5
81.6
83.5
80.6
82.0
80.2
80.0
83.9
80.7
80.5
80.0
80.0
80.0
80.0
80.5
80.7
80.0
80.9
80.6
80.6
80.0
80.0
80.0
80.9
80.3
80.3
80.1
80.4
80.7
80.0
80.0
80.6
80.9
82.2
80.5
80.3
80.2
81.7
80.3
80.3
80.3
80.7
80.2
80.2
80.0
80.0
80.0
80.3
80.3
80.3
80.0
80.2
81.4
80.3
80.9
80.8
80.5
80.8
80.0
80.4
80.4
80.6
80.2
79.80000000000001
83.75
85.525
87.3
86.0
81.1
80.0
80.7
80.5
82.7
89.0
80.9
80.6
80.2
79.5
80.9
84.0
88.9
80.2
87.9
89.3
87.6
86.6
85.9
85.3
84.8
84.0
81.2
80.7
80.2
80.5
80.6
81.9
81.5
83.0
87.3
91.4
88.5
88.0
84.4
85.1
86.1
86.2
86.3
85.4
85.0
86.2
83.5
81.8
85.3
87.6
84.8
80.3
80.5
80.2
80.0
81.5
81.5
81.7
80.1
84.3
81.4
81.1
80.8
81.6
81.4
81.2
80.6
80.3
81.8
82.2
82.7
81.4
83.0
82.3
82.4
83.0
80.4
80.8
80.8
82.5
80.4
80.4
82.4
83.0
81.8
83.8
87.1
86.9
86.2
85.5
83.6
83.5
82.6
84.0
84.2
83.8
83.3
80.2
80.3
84.3
83.5
82.3
83.0
83.9
82.8
83.5
81.7
80.2
80.4
82.5
83.5
83.4
81.9
82.2
82.3
80.4
81.3
81.4
80.6
80.2
80.0
79.3
80.7
80.3
80.5
80.5
80.9
80.5
80.7
80.0
80.0
80.5
80.0
80.3
80.0
80.5
80.0
80.0
80.4
80.1
81.2
80.0
80.0
80.0
81.3
80.7
80.9
80.2
80.3
80.1
80.1
80.2
80.5
88.8
81.8
80.1
80.3
80.3
80.8
80.7
80.6
80.0
80.5
83.3
82.4
81.5
80.9
80.3
80.3
80.3
80.6
80.0
80.8
80.9
80.0
80.0
80.1
80.3
80.3
80.1
81.4
80.5
82.3
80.6
80.7
83.9
85.9
85.9
82.4
80.7
81.2
80.0
81.1
82.4
80.4
81.6
80.0
80.5
80.1
80.1
80.4
80.3
80.5
80.4
80.3
80.3
80.8
80.0
80.0
80.6
80.8
80.5
80.4
81.0
80.2
80.7
80.3
80.0
80.1
80.2
80.4
81.1
81.1
80.9
80.3
80.5
80.4
80.0
80.5
80.1
80.1
80.2
81.0
80.6
80.6
80.7
80.5
80.6
80.0
80.6
80.0
80.4
80.4
80.5
80.2
80.5
80.8
80.9
80.8
80.3
80.7
81.3
81.2
80.3
80.4
80.8
81.3
80.5
81.7
83.1
80.6
81.2
83.5
81.4
80.8
80.7
80.8
80.7
80.9
80.8
81.7
80.7
81.8
81.7
81.9
80.9
81.5
81.0
80.6
81.4
81.1
80.9
81.1
81.3
80.9
81.4
82.3
80.3
80.6
81.3
80.9
84.3
80.7
80.5
82.8
85.8
82.4
83.5
83.0
82.0
81.6
81.0
80.9
80.5
81.6
83.5
83.5
82.8
82.0
81.5
81.2
80.0
82.0
81.4
81.0
81.0
82.1
81.3
81.2
80.1
82.0
82.1
81.8
81.4
81.8
91.6
89.9
86.4
84.2
82.7
82.1
82.8
83.7
82.1
82.3
81.7
82.0
81.2
80.8
80.0
80.3
80.0
82.3
82.0
83.9
83.2
87.3
81.9
81.5
84.1
87.0
82.4
81.7
81.0
84.1
86.9
89.4
85.6
83.5
82.3
82.0
81.1
83.0
80.5
82.4
80.2
81.7
80.9
82.0
81.7
81.0
79.5
81.0
81.7
81.0
79.1
79.9
79.3
80.2
80.0
80.0
80.0
80.0
85.7
83.4
82.3
83.5
82.6
82.1
84.1
84.1
88.3
85.8
83.5
82.4
82.0
81.1
80.8
80.3
80.1
80.0
80.0
80.1
81.9
81.2
80.9
80.8
84.4
83.0
82.7
81.5
81.0
80.1
80.3
80.0
80.0
80.0
80.0
80.0
80.0
80.0
80.2
80.8
80.3
80.2
80.2
80.0
82.8
82.4
82.0
81.1
80.7
80.0
82.2
82.5
82.0
81.4
80.9
80.3
82.1
81.2
80.8
82.0
82.0
81.4
81.0
80.1
80.3
80.8
80.0
80.0
79.9
80.0
81.4
83.7
83.7
83.7
83.2
85.1
86.4
83.9
82.8
82.3
81.4
82.0
82.9
83.4
83.1
82.4
83.2
82.7
81.8
82.3
82.1
82.0
80.6
80.8
81.3
80.5
80.0
81.4
80.0
80.3
80.0
80.0
80.0
80.9
80.0
80.5
81.7
83.3
82.3
81.9
83.0
82.0
81.9
81.3
82.4
81.3
82.1
81.6
81.0
80.1
80.0
81.1
80.1
80.0
81.6
82.0
82.8
82.6
82.0
81.0
81.8
80.1
80.4
80.5
80.0
81.5
80.4
80.0
80.0
80.3
80.9
80.3
81.3
82.9
82.0
82.0
82.0
81.3
81.4
80.6
82.6
81.7
81.0
80.3
81.0
80.9
80.0
80.1
84.0
83.2
82.8
81.3
81.0
81.5
83.0
83.0
83.0
82.7
82.0
81.9
81.0
80.5
80.0
81.1
81.4
81.9
81.6
83.6
82.7
82.1
83.3
81.1
82.5
82.0
82.1
82.0
82.2
81.9
80.0
80.7
82.0
81.3
80.0
81.8
83.2
82.6
84.2
83.0
83.1
83.8
82.6
82.4
81.0
81.2
82.5
85.5
86.1
83.7
82.6
83.0
83.0
82.0
82.8
81.6
84.0
83.1
82.3
82.3
84.4
82.4
83.2
81.5
84.6
80.0
82.4
85.2
83.5
82.7
81.9
82.5
80.5
83.8
83.5
82.2
82.0
82.0
81.8
82.0
82.0
81.6
81.0
82.6
82.4
82.0
81.6
82.1
82.0
82.7
82.5
82.4
81.9
81.3
81.3
82.0
82.7
83.1
82.4
81.8
81.0
80.5
80.0
80.0
80.0
80.0
80.6
80.7
87.7
93.4
89.3
90.1
89.0
88.8
90.5
84.9
84.2
85.4
87.0
82.6
82.1
81.7
84.8
88.5
87.0
85.2
86.5
82.3
82.1
83.3
86.6
81.4
84.3
80.8
82.4
82.0
81.6
81.6
80.6
80.9
80.5
80.9
82.1
84.8
82.8
81.7
81.4
80.2
80.0
80.5
81.8
80.1
80.0
80.0
80.4
80.0
82.6
84.2
83.0
82.0
83.4
82.7
82.4
89.3
91.2
86.5
83.9
82.7
82.0
81.4
81.0
83.9
86.9
84.1
82.9
82.0
81.5
81.0
80.5
81.0
81.9
81.0
80.4
82.7
81.6
81.5
80.3
80.7
80.5
80.1
80.0
80.3
80.2
80.7
80.8
80.2
80.7
80.0
80.0
80.9
80.5
80.9
80.0
80.0
80.6
80.4
80.2
80.6
80.0
81.1
80.2
81.0
80.2
81.1
80.6
80.7
80.3
80.2
80.0
80.0
80.2
80.2
81.2
80.1
80.2
80.6
80.4
80.1
80.6
80.9
80.2
80.6
80.5
80.0
80.4
80.0
80.2
80.7
80.4
80.0
80.6
80.8
81.9
80.6
80.7
81.2
81.7
80.9
81.6
83.9
81.4
82.4
82.8
81.6
81.6
81.0
83.9
81.9
81.7
82.8
84.2
83.4
81.9
81.6
81.4
80.2
80.5
80.6
80.6
80.6
82.5
82.1
82.1
80.7
81.6
80.5
81.9
81.5
80.3
80.7
81.0
80.1
80.7
81.3
80.6
80.1
80.7
82.3
80.5
82.1
80.7
80.8
81.2
82.0
84.0
81.2
81.3
81.7
81.2
82.1
81.7
82.0
82.6
82.8
82.6
82.3
82.5
85.5
81.4
83.5
82.7
83.1
82.7
80.7
80.9
81.3
81.1
80.6
80.4
80.2
80.7
81.1
80.9
80.5
80.1
81.2
80.4
80.4
81.6
80.5
81.7
80.8
80.6
80.5
80.5
81.1
80.2
80.8
81.0
80.3
80.3
80.6
80.3
80.6
80.2
80.0
80.4
80.8
80.5
80.5
80.3
80.6
80.6
81.0
81.0
80.0
80.3
81.0
81.0
80.6
81.4
80.9
80.0
81.4
80.3
80.6
80.3
80.2
80.2
80.0
80.6
81.1
80.5
80.4
80.5
80.5
80.4
80.0
80.1
81.4
80.5
80.7
80.6
80.4
80.2
80.1
80.1
81.3
80.4
80.1
80.7
81.1
80.2
80.2
80.3
80.0
80.2
80.1
80.0
80.5
80.5
80.4
80.1
80.2
80.4
80.0
80.0
80.2
81.1
80.5
81.7
80.2
82.6
80.4
81.1
80.0
80.2
80.7
80.6
80.3
80.0
80.5
80.2
80.6
80.2
81.2
84.6
82.0
84.7
85.0
84.4
80.5
80.7
80.0
80.0
80.2
80.2
81.0
80.1
80.1
80.8
80.9
80.2
80.4
80.4
80.4
80.3
80.5
80.8
80.3
80.5
80.3
80.0
80.4
80.2
80.4
80.2
80.2
80.3
80.2
80.2
80.2
80.1
80.0
80.2
80.1
80.2
80.7
81.2
80.2
80.0
80.5
80.4
80.7
80.6
80.0
80.2
80.8
80.6
80.6
80.1
80.9
80.2
80.8
80.0
80.3
80.0
81.0
80.1
80.3
80.2
80.2
80.3
80.6
80.9
80.8
80.4
80.4
80.0
80.8
79.5
80.4
80.8
80.6
80.0
80.2
80.3
80.3
80.0
80.7
80.2
80.5
80.1
80.8
80.3
80.5
80.3
81.0
81.1
80.4
80.6
80.4
80.3
80.2
80.4
81.2
82.2
80.8
81.8
80.0
80.6
80.4
81.4
80.4
80.8
80.2
81.1
81.5
80.8
80.9
80.8
81.8
81.6
80.3
80.4
80.0
80.8
80.4
81.1
80.3
81.3
80.7
80.7
80.9
80.3
80.7
80.4
80.9
80.2
80.0
80.1
80.9
81.3
80.4
80.2
80.1
81.2
80.3
80.0
80.0
80.3
80.0
80.5
80.5
81.0
80.3
80.7
81.1
80.5
81.8
81.2
82.3
80.9
80.7
80.8
80.2
80.6
80.7
80.5
80.1
80.9
81.0
80.6
80.7
81.1
80.9
80.3
80.9
80.2
80.5
80.2
80.7
80.9
80.1
80.6
81.1
80.3
80.4
80.8
80.0
80.1
80.2
80.7
81.6
80.6
81.1
82.1
80.4
81.4
80.1
78.79999999999998
81.2
80.0
81.1
80.3
80.0
80.5
80.8
81.0
81.4
80.9
80.6
81.4
81.0
80.9
80.2
80.7
80.2
80.3
80.0
80.4
82.2
80.4
80.3
81.0
80.6
80.0
80.3
81.7
80.3
80.0
80.6
80.0
80.7
80.1
81.6
80.4
81.2
80.9
82.1
81.0
80.2
80.6
80.7
81.5
81.7
81.8
80.7
81.6
81.6
81.0
80.7
80.7
81.0
80.2
81.6
80.7
83.0
81.2
81.2
80.7
80.3
81.0
81.2
80.4
80.8
80.2
81.2
81.0
80.6
81.0
80.9
82.9
80.7
80.6
80.2
81.3
81.2
80.4
84.1
81.7
82.0
81.3
80.6
83.6
80.3
80.5
80.0
81.1
80.3
80.5
80.3
80.5
80.3
80.2
80.3
83.1
81.2
80.4
80.1
80.1
80.2
80.0
80.6
80.5
80.9
80.8
81.1
81.5
81.8
80.5
80.1
80.9
80.9
80.3
80.3
80.7
81.2
80.2
80.8
80.8
80.3
80.3
80.6
80.6
80.6
80.5
80.4
80.2
80.2
80.8
80.0
80.3
79.1
80.8
80.0
81.2
80.1
80.3
80.3
82.0
80.0
80.3
82.5
82.0
80.7
81.8
80.7
81.1
80.2
81.1
80.4
81.3
81.0
81.6
81.3
80.5
80.9
80.7
80.4
80.4
80.1
81.2
81.0
80.5
80.8
80.9
80.4
80.9
80.3
80.4
80.5
80.1
80.4
80.9
80.2
80.5
80.6
81.0
80.3
81.2
80.4
80.8
81.4
81.1
80.9
80.5
80.1
80.1
80.1
80.3
80.3
80.2
80.3
81.3
81.4
81.3
80.7
81.1
80.3
80.5
80.3
80.1
80.3
80.2
80.4
80.2
80.3
80.4
80.3
80.4
80.1
80.3
80.7
81.4
81.5
80.0
80.6
80.6
81.2
81.1
81.5
81.1
80.9
80.2
80.4
80.5
80.9
80.0
80.2
80.4
80.5
80.2
80.5
80.5
80.3
80.3
81.0
80.2
81.3
81.4
81.4
80.9
81.5
82.2
80.3
80.5
80.6
80.6
81.1
80.2
80.4
80.5
80.2
80.2
80.0
80.3
80.3
80.6
80.2
80.8
80.4
80.5
80.8
80.4
81.1
80.8
82.0
81.1
81.2
82.6
84.1
81.7
83.2
82.3
81.1
81.8
81.5
80.9
80.6
80.3
80.0
80.2
81.5
81.3
80.9
81.2
80.7
82.6
80.5
82.1
81.7
81.1
81.9
80.9
80.7
81.4
81.1
81.7
80.0
81.0
81.8
81.7
80.8
80.5
80.9
80.9
81.2
81.2
97.5
83.8
80.7
80.2
80.2
80.5
80.6
80.0
80.7
80.3
80.1
80.2
80.5
80.5
80.0
80.7
80.6
80.3
80.6
80.3
80.2
80.9
80.3
81.1
80.5
80.0
80.3
80.3
80.8
82.0
80.6
80.7
81.1
81.0
81.7
80.9
80.4
80.8
80.5
81.3
81.6
80.9
83.0
82.5
81.6
81.5
81.3
80.3
82.1
81.2
81.4
81.9
80.9
80.6
80.3
80.5
80.8
80.2
81.3
80.7
80.1
80.7
80.3
80.5
80.5
80.1
80.4
80.9
81.0
80.6
80.8
80.3
80.5
80.4
80.6
81.2
80.6
80.9
81.6
80.4
81.0
80.3
80.4
80.2
80.7
80.2
80.6
80.2
80.5
80.9
80.0
80.2
80.3
80.8
81.6
80.5
80.0
80.4
80.8
80.0
80.5
80.5
81.2
80.2
80.6
80.3
80.0
80.6
80.4
80.4
80.2
80.2
80.3
80.5
80.3
80.5
80.0
80.7
78.9
80.3
80.4
80.8
80.5
80.6
80.0
81.1
80.6
80.7
80.2
80.2
80.4
80.1
83.5
82.4
81.2
80.2
81.5
81.0
81.4
80.4
80.6
80.7
80.0
80.2
80.9
80.0
80.8
80.2
81.1
80.4
80.3
80.9
80.1
80.0
80.1
80.0
80.5
81.0
80.0
80.8
80.7
80.6
80.3
80.4
82.1
80.5
81.6
81.2
84.7
84.1
84.9
83.3
83.4
84.1
83.1
83.1
82.5
84.4
84.1
84.2
84.9
85.3
85.1
88.5
88.5
88.2
88.0
89.1
89.1
88.6
82.0
81.1
86.3
84.5
85.9
87.5
88.1
84.8
83.3
82.2
81.8
81.2
80.5
81.8
80.0
80.0
80.0
80.3
80.0
80.0
80.0
90.8
94.8
91.4
86.7
84.0
82.8
82.0
81.4
81.4
80.0
80.0
80.2
80.0
80.0
80.0
80.0
81.2
86.9
94.2
91.2
91.5
90.4
87.6
85.5
84.5
81.0
80.8
81.7
80.5
80.0
80.4
80.0
80.2
80.0
80.3
80.0
80.0
80.0
80.0
80.2
80.0
80.0
80.0
80.0
80.0
80.2
80.0
80.2
80.2
80.0
80.0
81.9
80.0
80.0
80.6
80.0
80.3
80.0
80.5
82.0
81.0
80.6
80.3
80.3
80.0
80.0
80.0
79.3
80.3
80.0
80.1
85.5
80.6
80.3
79.5
80.0
80.0
80.0
80.5
80.3
80.6
80.0
80.0
80.3
80.1
80.0
80.5
80.3
80.3
80.0
80.5
80.0
80.0
79.5
79.5
80.0
80.2
80.1
80.1
80.4
81.3
81.5
81.0
80.4
80.0
80.3
80.4
80.9
80.2
80.3
81.9
84.0
84.0
84.0
83.75
83.625
83.5
83.375
83.25
83.125
83.0
82.875
82.75
82.625
82.5
82.375
82.25
82.125
82.0
81.875
81.75
81.625
81.5
81.375
81.25
81.125
81.0
80.875
80.75
80.625
80.5
80.375
80.25
80.125
80.0
79.875
79.75
79.625
79.5
79.375
79.25
79.125
79.0
78.875
78.75
78.625
78.5
78.375
78.25
78.125
78.0
77.875
77.75
77.625
77.5
77.375
77.25
77.125
77.0
81.8
82.3
81.6
81.2
80.0
80.0
80.2
80.2
80.0
80.1
80.3
80.0
80.8
80.0
80.6
80.7
80.0
80.0
80.0
80.3
80.0
80.0
79.7
80.0
80.1
80.0
80.0
80.4
80.0
80.1
80.0
80.5
80.0
80.4
80.0
80.0
80.8
80.0
80.3
80.9
80.6
80.2
80.0
80.0
80.0
80.0
80.1
81.9
81.8
80.9
80.0
80.0
80.0
80.0
80.3
80.0
80.1
80.0
80.0
80.1
80.0
80.6
80.8
80.4
80.5
80.0
80.0
80.0
80.0
80.0
81.0
80.1
80.1
80.0
80.3
80.0
80.0
81.6
83.4
82.3
80.6
81.2
80.5
80.6
82.8
84.5
80.2
80.6
80.8
80.2
80.7
80.0
80.6
80.6
80.2
80.5
80.4
80.4
80.3
80.0
80.3
80.5
80.2
81.1
80.9
80.3
80.6
81.1
80.5
80.5
80.3
80.3
80.8
81.3
80.4
80.4
80.0
80.1
80.0
80.1
80.0
81.0
81.6
80.7
81.6
82.0
80.6
80.7
80.0
80.4
80.5
80.0
80.4
80.8
80.6
81.8
80.3
80.4
80.3
80.5
80.5
88.1
87.6
81.0
81.2
80.3
80.5
81.1
80.7
80.3
80.2
81.0
80.6
80.5
80.1
80.5
80.3
80.2
80.9
80.9
80.6
80.9
80.3
81.1
80.6
80.8
81.0
80.0
80.0
80.0
80.0
80.2
80.2
80.2
80.5
80.1
80.8
80.2
80.3
80.5
80.4
81.1
80.2
80.2
80.3
80.2
80.4
80.7
81.0
81.0
80.2
80.3
80.3
80.4
80.4
80.6
80.3
80.4
80.5
81.0
80.7
80.3
80.8
80.5
80.6
80.2
80.5
80.2
80.1
80.7
81.1
80.9
80.7
80.5
81.5
80.5
81.7
80.3
80.6
80.9
81.5
80.9
80.0
80.1
80.8
80.2
80.4
80.4
80.4
80.3
81.4
81.8
82.0
81.0
80.8
80.7
80.0
80.5
80.6
80.0
81.2
80.6
80.4
80.0
80.0
80.3
80.0
80.4
80.0
80.3
80.6
80.3
80.2
80.1
80.3
80.0
80.3
80.0
80.0
80.8
80.2
80.6
80.0
81.1
80.7
80.0
80.3
81.1
80.6
80.9
80.2
80.4
80.2
80.0
80.1
80.0
80.3
80.3
80.6
80.1
80.4
80.1
80.6
80.1
80.3
80.0
80.6
80.5
80.5
80.3
80.0
81.4
80.5
80.3
80.2
80.2
81.1
81.4
81.7
81.8
81.5
80.6
80.6
80.6
80.4
81.1
81.1
81.2
81.4
80.3
80.3
81.7
80.6
81.3
80.7
80.2
80.2
80.0
80.0
80.2
80.1
80.0
80.4
80.3
81.4
80.8
80.5
80.7
80.3
80.9
80.3
81.2
80.4
80.7
80.9
80.3
80.6
80.3
80.0
80.6
80.4
82.6
80.0
80.2
80.5
80.3
80.5
81.7
80.0
81.0
80.3
80.9
80.1
80.2
80.6
80.5
80.2
80.3
80.1
80.5
80.4
80.5
80.6
81.4
80.6
80.7
81.1
80.9
81.6
80.2
81.2
80.6
80.8
80.9
80.3
81.2
80.5
81.3
80.3
80.9
83.1
81.8
82.8
83.6
81.4
81.1
81.0
81.0
81.2
81.9
91.4
95.8
93.6
93.2
93.7
91.5
82.3
84.8
95.6
99.9
82.6
82.1
84.7
85.1
84.8
84.7
88.0
81.9
81.5
81.6
81.4
81.8
81.5
81.1
80.8
80.7
81.6
81.7
80.6
80.9
81.0
81.7
80.6
80.6
80.7
81.0
80.5
82.1
83.8
84.6
85.7
90.9
84.5
83.9
84.1
82.1
81.6
80.1
80.7
80.7
81.2
80.6
80.1
80.7
80.6
80.0
80.0
80.0
80.2
80.8
80.3
80.4
81.2
80.0
80.2
80.7
80.0
80.5
80.3
80.0
80.2
80.2
80.2
80.8
80.6
80.3
80.0
80.5
80.1
80.8
80.2
80.0
81.0
80.3
80.4
80.0
80.0
80.2
81.4
81.0
80.7
80.5
80.4
80.8
80.9
80.7
80.4
81.0
80.5
80.2
81.8
81.6
81.3
80.5
80.4
80.5
80.3
80.4
80.6
81.3
80.6
80.5
80.2
80.9
81.1
80.7
80.7
81.2
80.6
80.4
81.5
80.5
80.8
80.6
81.4
82.1
80.0
80.6
80.6
81.6
80.0
80.8
83.5
80.4
80.9
80.6
81.5
80.6
81.1
80.2
80.6
80.5
81.0
80.6
80.4
80.4
80.3
80.7
81.2
80.7
80.3
81.2
80.1
80.5
80.3
81.5
80.6
80.5
80.1
80.0
80.3
80.0
81.1
81.0
80.5
80.2
80.2
80.3
80.3
80.3
81.6
80.5
80.3
81.1
80.6
80.1
80.9
80.9
81.2
80.9
81.4
81.3
80.6
80.2
81.2
80.8
80.6
81.0
82.4
80.9
81.5
80.3
81.5
81.2
81.1
81.1
81.0
80.5
80.6
81.0
80.7
81.2
81.1
80.7
80.9
80.6
82.6
81.4
80.7
80.6
80.6
81.2
80.3
80.7
80.8
81.2
80.9
81.4
80.6
80.2
81.1
80.7
81.2
80.8
80.4
80.1
80.8
82.2
80.7
81.1
81.0
80.7
80.4
81.3
80.4
81.1
81.2
82.0
80.5
80.8
80.6
80.6
81.1
80.3
80.9
81.3
80.6
81.0
80.4
80.8
81.3
80.5
80.8
80.6
80.0
80.3
80.2
80.3
81.1
80.8
80.9
80.4
80.4
80.6
80.4
80.4
79.7
80.4
80.6
81.0
81.0
80.4
80.5
80.4
80.2
80.3
80.1
80.3
80.6
80.4
80.8
80.9
80.3
80.2
80.4
80.2
80.9
80.6
80.6
81.2
80.2
80.2
80.6
80.9
81.0
80.1
80.2
80.7
80.6
80.6
81.2
80.6
80.2
83.0
80.5
80.9
80.3
80.3
80.6
80.0
80.5
81.1
80.2
80.6
81.0
81.2
80.6
80.3
80.2
80.6
80.9
81.1
80.0
80.2
80.4
80.3
80.6
80.1
80.7
80.3
80.3
80.3
80.3
80.2
80.2
81.3
81.2
80.4
81.3
80.8
80.6
80.6
80.2
80.0
81.0
80.6
80.6
80.2
80.5
81.6
80.0
80.7
80.2
80.7
80.4
81.0
80.9
80.3
81.0
80.6
81.2
81.1
80.2
80.2
80.2
80.3
80.5
80.5
80.4
80.5
80.5
80.4
80.5
80.5
80.5
80.2
81.5
80.7
80.5
80.4
80.3
80.1
80.3
80.2
81.0
81.0
80.4
80.2
80.7
80.5
80.3
80.2
80.5
80.2
81.4
81.3
81.0
80.1
80.5
81.1
80.9
80.5
80.3
80.4
80.8
80.3
80.1
80.3
80.6
80.1
80.4
80.3
80.2
80.0
80.2
80.4
80.4
80.8
80.3
80.2
80.3
80.0
80.2
81.1
80.0
80.1
80.3
80.1
80.5
80.3
80.3
80.2
80.4
80.0
80.0
80.6
80.8
81.1
80.2
80.4
80.1
80.3
80.7
80.2
80.1
80.5
81.1
80.5
80.5
80.1
80.6
80.5
80.8
80.1
80.6
80.2
80.4
80.7
80.6
81.2
81.1
80.3
80.1
80.9
80.5
80.3
80.2
80.7
80.6
80.1
80.2
80.4
80.6
80.7
81.1
81.3
81.0
80.9
80.7
81.7
81.9
82.1
82.1
82.8
82.2
82.1
82.2
81.3
80.3
81.7
82.1
81.9
81.3
81.0
81.4
81.3
80.7
80.7
81.5
80.0
78.5
80.0
80.0
80.0
80.9
80.0
80.6
80.6
80.7
81.1
80.9
81.1
80.8
81.5
81.0
80.1
80.3
80.5
80.3
80.2
80.6
80.0
80.2
80.5
80.5
80.6
80.0
80.0
80.2
80.4
80.9
80.6
80.3
80.6
80.0
80.7
80.9
81.4
80.9
82.8
81.0
81.8
80.5
82.4
81.2
81.8
82.7
81.0
82.3
81.8
82.6
81.8
80.9
80.2
81.3
80.6
80.2
80.2
80.1
80.4
80.3
80.7
81.6
80.4
80.1
81.2
80.3
82.4
81.1
81.5
81.4
81.7
82.9
81.0
81.5
81.0
81.1
82.8
81.9
82.1
81.7
80.9
81.2
80.2
80.7
80.3
80.4
81.0
80.2
80.7
80.9
80.3
80.3
80.3
80.8
80.2
80.8
80.2
80.4
80.0
80.8
82.2
81.9
82.3
80.0
80.4
80.4
80.5
80.3
80.3
80.5
80.3
80.8
80.4
80.8
80.7
80.6
80.5
80.3
80.5
80.0
80.0
80.2
80.1
80.3
80.1
80.2
80.6
80.6
81.2
80.0
80.7
80.0
80.3
80.3
80.3
80.2
80.5
80.2
80.4
81.2
81.0
82.0
80.6
81.3
80.8
80.4
80.2
80.2
80.6
80.3
80.9
80.6
80.5
80.7
80.4
80.0
80.0
80.4
80.5
80.9
80.0
80.5
80.3
80.3
80.1
81.1
80.4
81.5
80.8
80.7
80.6
80.1
80.0
81.6
80.3
80.6
80.9
80.5
80.3
80.5
80.5
80.3
80.2
80.1
80.4
80.0
80.2
80.0
80.5
81.2
81.6
81.5
80.1
80.0
80.3
80.4
80.0
80.1
81.1
80.1
80.0
80.2
80.2
80.0
80.4
80.0
80.3
81.0
80.6
80.2
80.0
80.2
80.6
80.0
80.2
80.4
82.5
80.1
80.4
80.0
80.5
80.0
80.1
80.0
80.3
80.2
80.6
80.4
80.2
80.0
80.5
80.0
80.0
80.3
81.1
81.2
80.2
80.0
80.1
80.3
80.3
80.0
80.3
80.2
80.0
80.5
80.0
80.0
80.0
81.1
80.0
81.8
80.6
80.0
80.0
80.6
81.0
80.0
80.0
80.0
80.2
80.0
80.2
80.4
80.1
80.5
80.2
80.3
80.0
80.2
80.7
80.0
81.3
80.0
80.0
80.2
80.9
80.4
81.3
81.6
81.4
80.5
80.9
80.3
81.2
80.3
80.3
80.2
80.0
83.2
80.8
81.1
81.5
80.3
80.4
80.3
80.2
80.7
81.1
82.8
81.6
82.0
81.3
80.3
81.2
81.4
82.1
82.0
81.3
82.4
82.0
80.8
81.6
82.2
82.0
81.9
82.0
81.6
82.2
83.0
82.0
83.9
82.2
82.3
83.0
81.7
81.5
81.9
82.7
83.0
82.5
82.2
82.0
83.2
84.1
83.2
81.9
81.5
81.8
80.9
81.1
81.8
81.6
80.7
81.3
81.0
81.9
82.2
81.4
80.8
81.3
82.6
81.1
82.2
80.4
80.7
80.3
80.1
80.1
80.7
80.2
80.3
80.6
81.1
81.0
80.4
80.7
80.1
80.1
80.4
84.0
80.8
80.2
80.5
80.2
80.0
80.0
82.4
80.9
80.0
80.7
80.5
80.0
80.4
80.0
80.5
81.3
80.9
84.4
83.7
80.2
80.2
81.4
80.5
80.1
80.2
80.0
80.3
80.0
80.3
80.3
80.4
80.5
80.2
80.3
80.0
80.0
80.1
80.3
80.1
80.2
80.5
80.3
80.0
80.6
80.6
80.3
80.0
81.5
80.2
80.8
80.5
80.5
80.5
80.5
80.6
80.7
81.6
83.8
80.0
80.4
80.0
80.3
80.2
80.3
80.8
80.3
81.7
80.5
80.0
80.0
80.0
80.4
80.9
80.5
80.4
80.6
81.0
80.0
80.9
81.1
80.5
81.4
80.8
80.0
80.1
80.7
80.4
80.0
80.6
80.4
80.9
80.7
80.3
80.5
80.3
80.7
81.2
80.1
80.2
80.4
80.2
80.4
80.0
80.2
80.6
80.3
80.7
80.3
80.5
80.2
80.5
80.2
81.0
80.2
80.6
80.3
80.3
80.2
80.3
80.5
80.0
80.0
80.0
80.0
80.0
80.0
80.5
80.0
80.0
80.0
80.6
80.0
80.0
80.6
80.0
80.1
80.5
80.1
80.4
80.3
80.7
80.1
80.0
80.3
80.3
80.4
80.0
80.3
80.2
80.6
80.0
80.3
80.0
80.0
81.8
80.2
80.1
80.0
80.8
80.4
81.0
81.7
80.2
80.5
80.5
80.9
80.5
80.6
80.0
80.2
80.7
81.0
80.3
80.7
80.0
80.1
80.5
80.3
80.2
80.3
80.0
80.3
80.0
80.2
79.4
80.0
80.6
80.0
80.8
80.1
80.3
80.6
80.3
80.0
80.1
80.0
80.5
80.2
80.3
80.2
80.1
80.3
80.2
80.0
80.0
80.0
81.8
80.0
80.0
80.0
80.3
80.1
81.2
80.2
80.2
80.3
80.2
80.0
80.9
80.2
80.0
80.0
80.3
80.1
80.1
80.1
80.0
80.3
80.0
80.0
80.1
80.3
80.4
80.6
80.1
80.1
80.1
80.4
80.1
80.0
80.0
80.3
80.3
80.0
80.0
80.2
80.0
80.2
80.0
80.3
80.0
80.3
80.3
79.2
80.0
80.1
80.0
80.5
80.2
80.2
80.0
80.0
80.2
80.4
80.2
80.2
80.2
80.2
80.2
80.2
80.2
80.2
80.2
80.2
80.2
80.2
80.2
80.2
80.2
80.2
80.2
80.2
80.2
80.2
80.2
80.2
80.2
80.2
80.2
80.2
80.2
80.2
80.2
80.2
80.2
80.2
80.2
80.2
80.2
80.2
80.2
80.2
80.2
80.2
80.2
80.2
80.2
80.2
80.2
80.2
80.2
80.2
80.2
80.2
80.2
80.2
80.2
80.2
80.2
81.2
80.1
80.0
80.0
80.0
80.0
80.5
81.0
108.3
80.0
80.2
80.1
80.2
80.3
80.0
80.2
80.2
80.0
80.1
80.2
80.4
80.0
80.0
80.0
80.2
80.0
80.0
80.0
80.1
80.4
80.2
80.2
80.0
80.3
80.2
80.1
80.0
80.4
80.2
80.2
80.4
80.7
80.3
80.3
80.1
80.2
80.2
80.3
80.0
80.2
80.2
80.6
82.2
80.5
81.2
81.6
83.5
81.7
80.5
80.1
80.5
80.7
80.1
80.0
80.2
80.0
80.3
80.5
80.0
80.2
80.2
80.2
80.0
80.1
80.3
80.5
80.9
80.0
80.0
80.0
80.3
80.1
80.3
79.1
80.2
80.0
80.0
80.3
80.3
80.0
80.4
80.3
80.3
80.5
80.2
80.2
80.0
80.0
80.0
80.5
80.2
80.0
80.6
80.7
80.0
80.0
80.0
80.6
80.3
80.8
80.1
80.1
80.1
80.1
80.0
80.2
80.3
80.3
80.0
80.0
80.6
80.7
81.2
82.1
80.2
80.2
80.2
80.5
80.5
80.4
80.0
80.0
80.0
80.3
80.2
80.0
81.2
81.7
80.2
80.2
80.3
80.0
80.0
80.1
80.5
80.1
80.9
80.0
80.2
80.2
80.0
79.8
80.3
80.2
80.2
80.0
80.0
80.0
80.4
80.3
80.2
80.0
80.0
80.3
78.9
79.6
80.2
80.3
79.6
79.2
80.4
80.0
80.3
79.5
80.3
80.4
80.0
79.8
80.3
80.3
80.5
80.0
79.7
80.0
80.1
80.2
80.0
80.0
80.3
77.4
80.0
80.2
80.4
80.1
80.8
80.5
80.5
80.4
80.2
80.4
80.6
80.3
80.3
81.0
80.0
81.1
80.2
81.2
80.9
80.3
81.9
80.4
81.5
80.9
80.8
80.2
80.7
81.3
80.9
81.0
80.9
80.8
80.0
80.9
82.2
80.3
80.2
81.1
80.3
80.0
80.2
80.4
80.7
80.5
80.0
80.4
80.8
80.4
80.3
80.7
81.2
80.7
80.5
80.7
80.5
80.4
80.3
80.4
80.4
80.5
80.1
80.0
80.0
80.2
80.5
80.7
80.9
80.0
80.5
80.1
80.4
80.4
80.3
80.9
80.1
80.1
80.1
80.2
81.0
80.9
80.3
80.2
80.3
80.0
80.8
80.5
80.5
80.5
82.4
80.8
81.5
82.2
50.75
35.375
20.0
80.0
80.6
80.1
80.1
80.0
80.6
81.0
80.8
80.0
80.0
78.8
80.1
80.8
80.9
80.2
80.0
80.2
80.7
80.2
80.4
80.8
80.1
80.1
80.0
80.3
80.1
80.3
80.2
79.8
80.0
80.7
80.0
80.5
80.2
80.3
80.5
80.2
80.0
80.4
80.0
80.2
80.4
80.4
80.1
80.1
80.0
80.4
80.0
80.6
80.3
80.6
80.5
80.4
80.1
80.7
80.0
80.4
80.2
80.2
80.3
80.2
80.0
80.0
80.6
80.3
80.0
80.0
80.4
80.3
80.0
81.0
80.1
80.1
80.0
80.3
80.4
80.1
80.1
80.0
80.1
80.1
80.8
80.0
80.1
80.1
80.6
80.8
80.2
80.2
80.4
80.8
80.2
80.4
80.0
80.1
80.0
80.4
80.1
80.2
80.0
80.0
80.0
80.1
80.2
80.3
80.1
80.0
80.0
80.0
80.2
80.2
80.1
80.0
80.0
80.1
80.5
80.0
80.5
80.3
80.2
80.7
80.2
80.1
80.3
80.0
80.0
80.1
80.0
80.3
80.2
80.6
80.1
80.1
80.1
80.5
81.1
80.1
80.8
80.2
80.0
80.0
80.3
80.0
80.0
80.1
80.5
80.0
80.3
80.0
80.1
80.0
80.0
80.0
80.0
80.0
80.0
79.7
79.6
80.0
80.0
80.3
80.1
80.0
80.2
80.0
80.2
80.0
80.0
80.0
80.0
80.0
80.2
80.0
80.0
80.2
80.0
80.0
80.6
80.0
80.1
80.0
80.2
80.0
80.1
80.0
80.0
80.6
80.1
80.0
80.0
80.0
80.2
80.3
80.1
80.2
80.0
80.0
80.0
80.1
80.2
80.0
80.1
80.0
80.0
80.3
80.0
80.0
80.3
80.0
80.1
80.0
80.0
80.0
80.4
80.0
80.2
80.0
80.2
80.3
80.0
80.2
80.3
80.5
80.4
80.0
80.0
80.0
80.2
80.2
80.7
80.1
80.1
80.3
80.0
80.1
80.6
80.2
80.0
80.0
80.0
80.0
80.3
80.0
80.5
80.3
80.1
80.1
80.0
80.1
80.2
80.4
80.2
80.2
80.0
80.0
80.0
80.2
80.0
80.0
80.0
80.2
80.3
80.1
80.0
80.2
80.0
80.1
80.0
80.0
80.0
80.8
80.2
80.2
80.5
80.2
80.0
80.3
80.4
81.0
80.0
80.2
80.2
80.5
80.0
80.0
80.0
80.0
80.4
80.3
80.0
80.0
80.0
80.2
80.0
80.0
80.0
80.0
80.0
80.0
80.2
80.0
80.5
80.3
80.1
80.2
80.0
80.2
80.2
80.0
80.4
80.2
80.1
80.0
80.3
80.3
80.6
80.5
80.0
80.0
80.0
80.6
80.0
80.2
80.2
81.3
80.2
79.10000000000001
80.2
80.2
80.3
80.0
80.4
80.1
80.2
80.0
80.5
80.2
80.3
80.4
80.1
80.7
79.2
72.5
80.0
80.2
80.2
80.0
80.8
80.1
80.2
80.4
80.0
80.0
80.1
80.4
80.5
80.2
80.7
80.3
80.2
80.0
80.2
80.0
80.5
80.0
80.5
80.2
80.1
80.1
80.3
80.5
80.3
80.2
80.2
80.2
80.0
80.4
81.0
80.0
80.0
80.0
80.2
80.1
80.0
80.0
80.3
80.8
80.0
80.2
80.0
80.1
80.1
80.0
80.2
80.1
80.1
80.2
80.0
80.2
80.4
80.4
80.2
80.0
61.0
80.4
80.3
80.2
81.1
80.6
80.4
80.4
80.7
80.3
80.2
80.7
80.4
80.3
80.0
80.0
80.0
80.6
80.2
80.2
80.6
80.3
80.0
80.3
80.0
80.0
80.0
81.4
80.2
80.2
80.4
80.0
80.5
81.8
80.0
80.6
80.9
81.6
80.7
80.8
80.5
80.4
80.6
80.2
80.1
80.3
80.1
80.7
80.5
80.0
80.3
80.4
80.3
80.0
80.1
80.1
80.3
80.0
80.0
80.0
80.0
80.2
80.0
80.0
80.1
80.2
80.1
80.3
80.1
80.2
80.2
80.5
80.1
80.0
80.0
80.0
80.1
80.0
80.1
80.6
80.2
80.0
80.3
80.2
80.3
80.0
80.1
80.2
80.3
80.0
80.1
80.1
80.2
80.0
80.2
80.0
80.4
80.7
80.3
80.0
80.5
80.3
80.0
80.0
80.3
80.4
80.3
80.2
80.1
80.1
80.8
80.5
81.2
80.1
80.0
80.3
80.3
80.0
80.2
80.2
80.0
80.0
80.2
80.1
81.0
80.3
80.8
80.4
80.8
80.2
80.2
80.9
80.0
80.0
80.3
80.1
80.4
83.2
80.4
80.0
80.2
80.3
80.4
80.0
80.0
80.6
80.1
80.0
80.5
80.2
80.2
82.0
83.4
80.0
80.5
80.0
80.5
80.3
80.2
80.2
80.6
80.5
80.9
80.1
80.0
80.0
80.4
80.8
81.0
80.0
80.6
80.1
80.2
80.1
80.2
80.0
80.0
80.3
80.0
80.3
80.0
80.3
80.6
80.2
80.4
80.4
80.4
80.1
80.2
80.0
80.0
80.0
80.0
80.1
80.3
80.0
80.0
80.5
80.3
80.6
80.0
80.3
80.0
80.0
82.3
80.5
80.0
80.2
80.0
80.5
80.4
80.5
80.4
80.3
80.0
80.0
80.0
80.0
80.3
80.6
80.0
80.0
80.0
80.0
80.0
80.1
80.3
80.1
80.4
80.0
80.2
80.0
80.5
80.5
80.7
80.4
80.2
80.1
83.1
82.8
80.9
80.9
82.7
86.0
82.1
80.3
80.4
80.2
80.3
80.3
80.0
80.2
80.0
80.0
80.1
80.3
80.0
80.2
80.0
80.2
80.1
80.3
80.0
80.9
80.2
80.2
80.0
80.0
80.6
80.5
80.0
80.1
81.2
80.0
80.2
80.6
80.2
80.3
80.7
80.7
80.5
80.5
80.1
80.1
81.4
81.1
80.0
80.9
81.9
83.4
80.3
80.0
80.7
80.3
80.6
80.0
80.3
80.0
80.2
80.0
80.4
80.2
80.1
80.5
80.3
80.0
80.6
80.4
80.0
80.9
80.2
80.4
80.5
80.0
80.4
80.0
80.0
80.4
80.1
80.0
80.1
80.3
80.9
80.3
80.0
81.6
80.2
80.0
80.5
80.2
80.6
80.1
80.5
81.0
80.1
80.2
80.0
80.3
80.3
80.6
80.0
80.4
80.4
80.0
80.3
80.0
80.4
80.4
80.0
80.2
80.0
80.0
80.2
80.0
80.3
80.2
80.2
80.4
80.0
80.2
80.3
80.1
80.1
80.3
80.8
80.0
80.6
80.4
80.1
80.0
80.0
80.3
80.0
80.5
80.4
80.3
80.1
80.2
80.0
80.4
80.9
80.4
80.7
80.0
80.0
80.3
80.0
80.0
80.4
80.0
80.4
80.0
80.1
80.1
80.4
80.3
80.2
80.2
80.2
80.7
80.2
80.9
81.2
80.0
80.3
80.2
81.9
80.2
80.3
80.1
80.0
80.8
80.5
80.3
80.0
80.3
81.0
80.2
80.0
80.0
80.2
80.4
77.4
80.2
80.7
80.1
80.0
80.1
80.3
80.0
80.2
80.3
80.2
81.6
80.3
80.4
80.3
80.7
81.2
80.0
80.0
80.0
80.2
80.5
80.5
80.1
80.0
79.9
80.2
80.5
80.6
80.5
80.1
80.4
80.1
80.0
80.0
80.5
80.6
80.4
80.0
80.0
80.0
80.3
80.0
80.1
80.2
80.0
80.3
80.0
80.2
80.3
80.2
80.2
80.1
80.0
80.3
80.4
80.6
80.0
80.0
80.0
80.2
80.1
80.0
80.8
80.4
80.4
80.0
80.0
80.0
80.1
80.3
80.3
80.2
80.2
80.0
80.0
80.3
80.1
80.2
80.3
80.0
80.2
80.3
80.0
80.0
80.0
80.2
80.0
80.4
80.0
80.0
80.1
80.0
80.2
80.7
80.2
80.0
80.0
80.3
80.0
80.0
80.1
80.4
80.0
80.0
80.0
80.0
80.0
80.3
80.0
80.0
80.0
80.0
81.0
79.4
80.1
80.1
80.0
80.0
80.1
80.6
80.2
80.2
80.2
80.0
80.0
80.3
80.0
80.4
80.4
80.9
80.0
80.0
80.0
80.0
80.0
80.0
81.0
80.7
80.3
80.3
80.3
38.7
5.3
-28.10000000000001
23.0
12.0
1.0
10.933333333333334
10.4
9.866666666666667
9.333333333333334
8.8
53.4
28.8
4.200000000000003
40.22222222222223
45.93333333333334
51.644444444444446
57.35555555555556
63.06666666666668
68.77777777777779
74.4888888888889
80.2
80.1
80.0
80.0
80.2
80.2
80.5
80.0
80.6
80.5
80.5
80.0
80.3
80.2
80.4
80.0
80.0
80.0
80.0
80.2
80.3
80.5
80.3
80.8
80.4
80.3
80.3
80.0
80.0
80.0
80.2
80.6
80.0
80.0
80.2
80.0
80.3
80.5
80.0
80.1
80.2
80.6
80.1
80.2
80.3
80.4
80.0
80.2
80.0
80.0
80.0
80.0
80.5
80.0
80.2
80.3
80.0
80.1
80.2
80.1
80.7
80.3
80.0
80.0
80.5
80.4
80.3
80.0
80.0
80.5
80.5
80.5
80.2
80.8
80.9
80.2
80.2
80.6
80.3
80.2
80.2
80.0
80.0
80.0
80.4
81.2
81.0
80.3
80.1
80.6
80.6
80.0
80.0
80.0
80.5
80.0
80.0
80.5
80.6
80.3
80.0
80.5
80.0
80.2
80.4
79.1
80.7
80.2
80.5
80.6
80.7
80.0
80.5
80.3
80.5
80.9
80.0
80.5
80.0
80.0
80.0
80.2
80.0
80.3
80.0
80.0
80.3
80.0
80.0
81.0
81.5
80.0
80.0
79.0
82.0
80.0
78.0
