91.8
91.6
89.7
88.2
87.6
86.9
85.9
85.9
87.1
88.0
89.1
89.1
89.1
89.4
89.5
89.8
90.0
90.2
89.9
90.3
89.8
89.7
89.2
89.2
88.8
88.7
89.9
89.3
88.9
87.6
88.0
86.8
87.3
87.3
87.0
87.0
86.7
87.5
87.0
86.9
86.7
87.7
86.5
86.9
86.5
87.0
91.9
92.0
91.1
88.7
85.1
84.7
85.5
85.6
87.4
88.3
89.5
89.8
90.4
91.0
90.7
90.2
90.8
91.0
90.9
90.2
89.9
89.7
89.8
89.7
89.3
89.2
89.4
89.7
93.3
96.89999999999999
85.0
88.6
87.8
85.5
85.2
85.4
85.60000000000001
84.8
85.3
84.2
86.5
84.9
83.3
83.9
86.4
85.6
83.6
84.9
88.6
88.2
85.8
84.5
83.7
83.1
81.2
81.2
80.7
81.3
80.1
79.9
80.7
80.1
79.8
79.7
80.0
79.5
78.9
79.1
78.7
76.2
76.2
76.8
76.0
76.4
75.6
76.1
76.4
77.2
75.8
77.7
84.0
86.7
83.1
78.4
77.6
77.5
78.9
79.9
83.0
90.3
91.9
87.3
81.2
81.0
81.4
82.7
82.6
82.9
82.7
82.4
82.7
81.8
82.2
82.5
89.0
87.2
85.9
78.9
77.6
78.3
78.7
79.2
79.4
79.7
80.4
81.4
81.8
81.9
81.5
88.8
91.9
89.6
84.4
83.2
87.1
87.6
87.4
86.6
86.6
85.9
85.9
85.7
88.1
88.3
86.9
86.8
86.0
86.2
86.6
86.0
86.5
86.8
90.3
90.1
88.7
87.7
88.0
88.8
89.2
89.1
88.7
89.1
91.0
94.8
92.7
91.1
89.7
89.9
90.6
90.3
89.6
88.3
88.2
88.0
87.7
87.4
87.1
86.4
93.2
97.4
98.2
93.1
91.1
89.2
91.5
97.6
99.7
90.3
86.6
90.7
91.6
91.2
90.2
90.2
90.7
89.7
89.4
89.0
89.1
88.5
88.5
87.2
87.5
88.1
89.3
88.1
88.7
89.4
90.9
91.0
91.9
96.1
95.1
89.7
91.2
89.7
90.7
90.1
89.9
90.3
91.2
91.0
91.5
91.4
91.6
92.3
91.6
91.0
91.8
91.4
91.7
91.5
90.7
90.8
91.4
91.2
90.9
91.7
91.5
91.4
91.3
91.1
91.0
90.8
90.8
89.7
90.0
91.6
92.8
90.7
89.2
89.8
87.5
84.7
85.1
86.0
87.5
88.2
88.2
88.5
89.0
88.6
88.8
89.2
88.4
88.1
88.3
88.6
88.4
87.9
87.8
88.1
88.5
88.0
88.1
88.0
87.3
85.4
86.4
85.4
87.6
88.2
89.1
88.5
87.8
87.4
88.0
87.1
86.1
85.8
87.5
85.7
85.8
85.1
85.3
83.4
80.0
78.4
75.3
73.6
72.7
71.2
69.6
68.1
68.0
68.0
69.1
68.0
68.0
68.0
68.2
68.0
68.0
68.0
68.0
68.0
68.0
68.2
68.0
68.0
68.0
70.2
68.1
68.2
68.1
68.0
68.4
68.0
68.0
68.0
68.0
68.0
84.6
88.0
89.5
96.0
89.6
93.0
89.4
88.3
88.3
88.9
89.8
89.8
93.3
91.8
94.4
92.8
92.6
91.3
91.8
92.3
100.0
96.1
94.3
91.5
93.5
96.2
94.7
96.3
92.7
96.0
93.6
95.7
94.5
92.5
93.3
94.7
93.2
94.1
97.4
93.9
94.6
96.0
96.4
98.0
95.9
95.7
97.1
95.9
95.8
104.0
100.7
102.7
98.7
96.9
96.9
96.1
96.7
96.4
98.0
97.3
96.5
97.5
101.5
99.3
102.1
99.1
97.3
93.5
98.3
96.1
94.5
94.5
93.5
94.8
95.5
92.2
92.4
93.8
98.8
98.3
95.4
96.6
99.5
99.5
100.9
102.2
101.0
101.1
102.7
102.9
103.2
105.5
106.6
104.9
105.0
104.9
105.1
104.2
104.2
105.8
103.4
104.1
104.2
104.0
106.0
105.5
105.8
105.0
104.4
107.1
106.2
109.7
107.8
107.4
106.8
103.2
104.0
105.6
104.2
103.0
103.4
104.1
103.4
104.3
105.0
105.9
104.1
104.9
103.8
105.2
105.7
102.9
105.9
106.2
105.0
105.5
107.9
105.5
107.2
110.9
111.1
111.4
110.8
110.5
110.9
109.1
108.0
108.2
111.7
109.0
107.5
107.7
107.1
108.2
108.7
108.0
108.0
106.5
106.5
105.8
105.8
105.1
106.7
106.4
110.1
108.9
107.8
106.9
105.8
108.2
107.8
107.9
106.6
106.0
106.6
106.5
107.0
107.1
106.9
106.5
106.4
107.7
106.8
107.4
106.5
106.2
106.5
112.2
110.2
112.7
113.6
109.4
108.1
108.3
107.9
107.9
107.1
106.9
108.3
107.1
107.4
106.4
108.2
109.4
107.2
106.8
106.6
109.1
106.1
107.0
106.7
106.8
106.7
106.2
105.0
104.8
105.5
106.0
103.4
109.5
107.6
108.1
106.6
108.7
106.6
105.7
104.4
105.5
106.1
104.5
104.8
107.4
105.4
105.3
104.7
104.8
104.9
105.1
110.1
105.9
106.4
105.1
107.0
105.5
104.7
108.7
104.8
108.8
101.5
103.5
103.0
102.9
103.0
102.9
102.4
103.7
103.6
105.0
105.5
103.5
104.0
108.7
106.3
103.0
103.4
104.0
101.8
103.6
102.0
102.2
101.9
102.3
102.5
108.3
102.4
101.4
100.9
101.2
101.9
101.4
101.3
100.7
100.5
101.2
103.7
101.4
100.5
99.6
101.3
101.7
101.9
103.2
100.4
101.4
101.0
97.5
95.3
96.0
97.0
101.5
101.4
96.9
99.9
100.6
101.1
101.6
102.1
102.4
103.9
102.5
102.5
101.9
104.8
105.2
104.3
106.1
104.1
103.3
103.9
103.1
102.1
103.4
103.1
103.1
102.6
103.2
102.6
103.4
102.7
104.1
103.5
103.8
104.2
104.2
104.5
103.4
105.0
109.4
105.1
106.8
104.7
109.5
106.3
104.0
106.6
105.7
106.1
104.9
105.8
106.6
111.4
106.6
103.2
109.4
115.5
112.8
111.3
110.2
109.3
108.3
107.1
107.0
107.4
107.8
107.3
107.2
106.4
105.8
108.4
108.9
107.4
107.4
107.8
106.9
106.2
106.6
106.3
105.8
105.0
105.3
105.4
107.8
105.8
110.1
106.2
106.8
104.9
105.0
105.3
106.8
105.6
104.7
104.4
105.0
106.3
109.0
108.0
106.2
105.5
108.8
107.6
108.6
105.0
104.9
107.0
105.6
108.5
103.8
111.3
113.5
113.0
112.6
110.1
107.7
110.4
112.9
112.4
113.8
114.2
111.6
106.0
110.4
108.6
109.5
109.9
111.6
108.8
106.3
105.1
105.6
105.4
105.2
106.7
106.2
105.5
106.0
104.7
105.0
105.5
104.5
104.4
104.6
103.8
107.5
109.6
110.6
108.6
108.0
108.8
106.6
107.3
104.9
106.8
107.2
106.5
107.2
105.3
106.4
106.5
106.7
106.3
106.2
106.1
106.0
106.1
106.7
108.1
107.5
106.7
104.6
107.1
106.3
107.0
107.5
106.5
107.2
108.8
107.3
106.2
108.0
105.9
105.6
107.9
105.9
106.2
106.4
107.7
107.6
107.0
108.3
106.3
107.4
108.2
108.0
109.2
108.6
108.0
108.2
108.6
107.1
107.3
108.2
108.1
107.6
108.5
107.3
107.9
107.4
108.2
107.5
108.7
107.9
108.4
107.5
107.8
109.4
108.8
109.6
108.5
109.0
108.6
108.7
109.8
109.9
107.9
108.1
108.7
109.1
110.3
109.6
109.1
108.2
109.3
108.7
108.1
109.3
108.0
109.6
108.6
109.3
110.0
109.5
108.6
111.5
109.7
110.5
109.2
110.9
108.6
109.3
109.4
109.7
109.0
109.7
108.8
109.1
110.2
110.0
109.3
111.0
109.4
110.4
114.4
114.7
111.9
115.9
115.7
114.8
114.3
113.5
117.1
115.5
116.8
114.2
113.7
113.4
107.7
111.7
109.4
108.5
109.4
106.9
107.7
106.9
106.2
107.0
106.7
105.0
103.7
105.0
105.0
104.9
106.2
104.8
102.0
105.0
103.2
103.2
103.0
102.7
108.9
103.9
105.4
105.3
105.8
105.3
106.6
104.0
103.5
100.6
102.3
101.9
103.3
103.9
103.0
105.5
103.4
103.3
103.5
102.8
105.6
110.0
104.7
103.2
106.9
103.1
104.4
102.3
102.6
103.2
102.1
102.5
104.3
103.4
105.7
103.0
103.9
102.4
103.2
101.6
103.7
102.7
103.0
103.9
103.4
101.9
103.9
104.2
102.6
104.2
102.0
104.5
102.8
101.1
100.9
102.6
100.3
102.0
101.8
101.2
103.5
101.3
102.5
100.3
101.8
102.3
101.6
103.3
101.5
101.5
102.9
101.1
101.1
101.5
102.4
101.5
101.3
101.4
100.8
100.5
100.0
100.2
101.0
99.6
99.9
101.8
100.9
100.0
100.3
100.6
101.9
108.8
102.7
107.7
103.5
101.2
103.2
111.1
104.1
103.3
106.9
109.4
106.0
109.2
108.3
109.1
108.4
113.2
115.7
111.4
108.3
104.6
105.4
108.2
109.5
103.2
102.2
105.6
103.3
101.7
103.1
103.1
105.3
99.9
102.7
106.0
102.5
103.0
103.7
101.8
100.5
101.9
103.3
100.8
100.2
104.4
105.7
100.0
101.4
96.7
100.1
103.2
99.3
99.4
99.1
99.5
95.8
98.4
98.6
99.5
99.0
100.1
98.5
99.1
100.0
97.4
99.4
99.5
99.9
99.8
100.6
100.6
102.1
102.0
99.9
99.7
98.1
100.1
99.1
99.5
96.3
100.7
99.0
99.3
101.4
99.9
100.0
100.4
100.6
109.2
108.0
105.6
102.4
104.2
103.4
100.3
101.4
100.1
99.8
99.9
99.6
101.8
99.3
99.9
106.4
105.4
99.4
99.2
100.1
97.5
101.0
102.2
100.2
98.7
99.5
99.3
100.1
98.5
99.5
100.1
99.2
99.5
99.9
99.2
99.2
100.6
99.1
98.4
102.0
100.2
98.6
99.8
101.4
99.0
100.5
100.8
100.6
99.1
100.9
100.9
101.4
99.9
100.9
103.9
101.3
98.6
98.3
99.4
99.9
98.9
101.8
98.3
101.8
99.5
105.1
100.0
101.6
100.4
109.6
100.1
100.6
102.0
100.3
102.8
100.0
96.8
100.8
99.0
96.9
99.1
98.6
96.7
99.8
97.7
95.9
96.2
98.2
98.4
99.1
98.1
96.4
101.0
101.2
102.2
100.2
97.6
99.1
104.2
98.6
97.8
99.3
99.3
101.8
96.3
97.2
99.1
96.5
95.4
96.9
98.0
104.2
96.4
99.8
102.0
101.8
101.7
97.6
101.3
102.1
101.9
99.6
102.0
103.9
99.9
98.5
100.4
98.8
99.8
99.8
98.0
100.9
100.7
96.5
101.4
97.8
98.0
105.2
102.2
99.0
99.1
99.5
99.8
98.3
95.9
101.6
101.6
98.3
99.2
97.4
97.5
98.7
97.5
98.5
102.4
99.5
99.5
96.5
100.9
98.5
96.6
100.5
97.9
97.5
99.1
99.8
97.7
98.7
98.1
96.8
98.2
100.4
96.7
98.3
98.6
97.6
97.0
100.8
103.6
96.6
97.8
97.1
97.5
98.0
99.0
97.9
97.7
97.0
98.1
98.3
98.3
98.5
99.9
97.2
98.4
103.6
99.5
97.7
99.2
101.0
99.9
100.5
102.0
99.8
99.5
100.0
99.0
103.7
99.7
102.2
107.1
105.1
106.4
106.4
103.7
107.0
105.0
104.5
104.7
106.2
106.0
104.3
103.6
104.4
104.2
102.9
107.0
106.0
108.5
103.3
102.2
104.6
107.7
107.0
104.2
108.4
109.5
105.9
105.5
103.7
104.0
102.8
104.3
104.6
104.1
102.1
103.7
103.4
101.8
102.6
104.3
102.4
104.3
103.2
107.7
106.9
104.4
105.1
105.1
105.9
106.0
108.9
111.7
104.0
108.2
107.9
104.8
104.4
103.3
102.3
103.4
104.6
101.1
100.6
99.1
103.2
102.7
100.3
100.9
100.3
99.9
101.2
102.7
101.7
100.0
102.9
100.3
100.0
100.8
101.2
102.3
94.7
95.0
92.0
94.4
93.3
96.1
94.3
92.6
92.3
94.9
91.9
91.5
92.8
91.4
92.8
92.1
90.2
93.9
93.2
92.0
89.6
92.3
91.7
90.9
92.3
97.3
94.0
93.7
93.8
93.1
92.1
93.4
95.6
96.3
98.5
97.8
94.2
92.0
92.5
95.8
96.6
95.2
93.7
97.0
94.0
94.6
97.2
94.4
94.9
95.0
90.1
91.8
92.2
93.3
91.7
91.8
92.1
90.4
92.6
90.7
89.6
90.6
90.7
89.8
89.8
88.8
92.8
88.6
89.4
88.6
88.1
88.1
87.9
87.6
88.4
88.5
87.4
90.4
88.8
90.0
88.4
88.4
88.5
89.8
89.2
93.0
99.2
96.7
94.7
99.2
98.5
97.4
100.3
102.4
106.0
102.6
101.5
101.5
102.8
103.7
102.6
102.2
98.3
98.5
100.5
96.7
95.8
93.0
96.6
101.8
101.3
98.8
98.7
97.2
96.7
96.6
96.6
95.8
95.4
93.3
91.9
92.1
95.5
94.0
92.6
92.4
92.5
94.9
91.9
94.2
92.3
91.7
93.0
93.6
93.0
91.5
94.0
96.7
93.1
96.3
94.6
97.1
95.0
93.5
94.7
96.4
93.9
99.5
94.9
97.2
101.3
100.0
99.2
100.0
101.2
100.8
102.6
103.3
102.9
102.4
103.1
101.6
102.4
103.8
102.5
102.7
103.4
101.3
102.2
102.2
101.9
103.3
103.1
104.0
103.0
100.6
99.3
99.2
96.4
99.0
99.9
100.4
100.9
102.4
98.6
98.2
100.2
99.5
100.3
102.3
100.3
102.5
101.0
98.2
96.6
95.2
89.1
96.4
96.3
96.2
95.1
96.1
96.8
100.7
100.0
98.2
99.6
99.6
98.5
97.4
99.1
99.2
99.8
96.8
97.0
97.7
97.4
100.6
99.8
99.9
101.3
98.3
100.5
97.4
103.1
102.2
102.6
102.6
102.5
101.8
101.5
103.8
101.9
105.1
105.5
102.4
103.5
104.1
102.9
104.4
105.3
107.5
109.4
112.5
113.9
110.9
108.5
110.7
110.9
111.4
112.4
107.2
108.5
108.3
106.7
107.6
105.9
104.7
104.2
99.2
100.0
99.2
99.7
99.4
97.8
98.1
96.9
96.3
97.4
95.7
101.3
99.9
98.5
96.9
99.1
98.6
101.1
96.7
96.4
95.5
95.4
96.5
96.0
96.0
94.8
95.5
93.1
94.5
93.9
96.2
94.4
94.0
93.0
93.2
94.5
92.2
93.1
93.7
91.3
92.5
92.2
93.0
92.9
91.9
94.6
94.1
95.5
94.8
99.2
94.7
94.6
92.3
93.3
93.9
94.9
94.1
94.0
95.2
96.2
95.2
94.4
95.2
95.3
94.6
96.3
93.6
94.2
93.8
94.1
94.5
96.2
94.7
95.2
102.3
103.8
101.9
100.5
107.8
107.2
103.3
103.6
104.2
103.7
104.1
102.8
103.2
102.2
100.2
101.6
101.0
99.9
100.4
98.0
100.6
109.3
102.1
102.3
104.0
105.1
104.2
101.8
106.3
103.1
103.8
106.7
103.2
104.1
103.0
99.9
102.8
103.7
99.1
101.3
100.2
101.1
100.2
100.9
100.4
99.4
100.4
102.1
102.4
103.8
106.5
104.1
105.0
104.3
107.3
111.6
109.7
110.1
107.3
107.9
107.8
107.6
106.9
108.9
109.9
106.6
104.9
109.2
110.7
101.8
108.9
106.4
110.3
111.8
110.2
109.1
111.8
109.3
107.8
109.7
108.5
113.4
109.4
111.6
108.5
109.9
109.6
108.2
107.2
107.4
108.8
108.5
107.5
108.4
111.0
111.5
110.0
113.8
114.0
113.7
110.9
111.1
108.1
111.3
109.7
107.5
107.9
108.4
109.0
109.1
110.4
110.8
114.2
115.3
116.3
114.2
118.2
113.1
115.3
117.1
116.2
117.5
116.1
114.1
118.7
113.1
115.6
116.0
117.4
110.0
113.9
113.0
115.0
114.1
119.8
111.8
116.3
114.6
117.7
116.3
116.1
113.5
114.9
113.7
110.7
106.7
111.5
107.9
110.9
115.3
112.1
110.9
112.2
108.6
109.2
111.9
111.6
112.0
112.7
112.5
112.7
112.3
111.9
112.2
111.2
112.7
110.2
108.0
109.2
111.5
111.2
110.0
109.9
110.0
110.4
110.1
112.1
112.1
111.8
109.7
113.6
112.7
116.7
114.7
115.5
116.9
116.7
117.5
117.1
116.6
116.2
118.0
117.0
113.5
115.4
117.4
116.8
116.5
116.0
117.1
115.9
115.8
117.0
114.5
116.5
114.1
115.6
114.5
118.4
116.0
114.3
119.8
119.1
118.8
118.0
118.5
116.0
116.5
120.6
115.8
115.1
116.8
115.9
116.7
117.2
112.7
112.4
108.3
111.7
113.8
110.5
110.2
114.5
118.8
113.25
112.625
112.0
113.3
105.6
107.6
110.3
109.1
111.7
113.3
115.6
113.7
111.7
111.3
113.7
116.6
116.7
118.0
115.9
115.6
116.6
116.7
110.7
115.8
115.0
114.6
116.2
113.8
113.9
112.7
112.3
113.8
113.6
114.3
110.8
110.7
113.3
115.1
113.7
113.3
113.2
114.5
115.0
113.7
114.2
114.1
116.2
116.1
115.9
112.4
113.5
115.6
114.5
110.6
113.0
116.9
121.6
121.9
123.1
120.9
122.2
122.7
123.9
124.9
124.9
114.2
119.7
117.9
118.1
116.2
116.5
117.0
116.5
115.4
115.5
115.1
117.6
117.6
118.8
117.3
115.1
114.7
115.8
116.0
114.9
115.7
114.4
115.2
114.2
113.2
113.1
112.7
113.3
113.5
112.2
116.9
117.0
113.9
113.8
111.7
111.3
111.7
112.7
114.2
107.3
109.8
107.8
106.7
103.9
106.7
107.6
106.8
103.9
105.0
109.0
116.4
117.4
115.2
115.1
116.9
115.0
118.2
111.0
123.6
120.6
121.8
117.8
114.5
118.1
116.9
115.6
114.0
109.4
116.3
117.0
113.2
112.3
111.8
108.1
106.6
104.7
106.8
101.6
103.2
104.7
105.6
104.2
106.9
106.5
107.9
105.2
102.0
105.2
103.1
105.5
104.7
103.0
101.0
99.8
101.1
99.7
100.8
111.2
111.4
111.2
108.6
101.8
105.0
108.6
102.5
102.5
101.1
100.0
98.9
98.7
98.6
99.5
100.1
99.5
101.1
100.9
99.9
100.7
100.8
100.6
101.7
102.9
100.8
98.3
99.4
98.6
98.6
97.3
93.9
90.4
92.1
92.5
95.1
95.5
95.8
95.7
95.5
97.5
98.4
98.3
98.0
100.0
99.4
99.4
100.3
98.1
97.5
99.4
99.3
100.3
99.7
98.8
99.7
99.1
98.6
98.1
99.0
98.5
97.8
98.7
96.9
97.5
97.2
97.0
96.8
95.9
97.9
97.6
97.2
99.6
97.4
98.1
97.2
97.8
98.8
100.3
99.2
96.6
96.8
97.6
97.5
98.0
98.0
97.4
95.9
97.1
99.0
101.6
102.4
102.4
101.7
103.6
102.5
107.8
103.2
101.6
107.4
105.1
108.8
105.0
104.8
103.1
104.0
104.6
110.7
104.2
101.4
104.2
102.6
102.7
99.8
96.6
97.4
104.7
104.7
102.4
95.2
88.3
95.7
103.2
98.0
101.6
104.2
101.9
95.4
97.1
101.6
98.8
95.4
94.2
94.7
93.3
95.3
94.3
93.7
94.5
93.8
96.0
95.1
92.1
92.0
94.0
94.5
92.3
94.8
93.0
92.0
93.2
91.5
93.1
92.0
91.7
91.8
92.9
92.3
92.7
92.6
92.2
93.8
92.1
92.7
94.0
91.0
94.6
94.1
91.9
95.6
93.7
97.4
101.7
95.9
96.4
96.8
99.7
101.2
103.4
102.7
102.4
103.2
101.4
102.3
106.7
102.2
104.3
105.3
104.1
101.9
106.5
110.4
106.7
107.5
102.4
103.4
102.2
103.2
101.8
96.9
96.8
98.2
102.0
103.1
96.3
98.8
97.2
97.7
94.6
95.4
96.0
94.0
94.4
96.3
95.7
96.8
95.1
93.7
94.8
98.8
97.4
98.7
103.9
99.6
97.9
96.4
97.2
95.4
95.3
96.5
96.5
105.3
106.3
103.7
105.7
100.2
100.8
97.0
97.2
96.5
94.9
96.3
96.5
95.9
95.4
97.6
97.1
96.8
95.7
94.5
104.8
106.4
105.8
108.9
106.1
104.2
106.1
105.9
107.0
108.2
105.4
107.4
108.5
108.9
110.2
104.2
107.5
108.8
104.5
103.2
103.9
103.7
105.4
106.8
110.6
111.2
113.6
109.5
104.1
104.7
103.0
101.4
102.9
99.4
102.3
98.8
102.0
103.3
102.1
100.0
101.6
99.9
100.0
98.9
100.2
100.5
101.6
103.8
103.3
103.7
105.1
103.9
106.2
105.2
104.9
105.4
106.2
105.3
105.2
104.0
104.6
105.4
104.2
103.4
105.0
102.9
103.9
105.9
105.9
104.1
103.8
102.4
103.6
104.6
103.0
104.7
103.5
104.9
104.3
105.5
104.1
105.4
103.6
106.6
104.8
104.3
104.6
105.0
103.5
103.6
105.4
102.6
105.2
104.4
104.4
103.3
102.7
104.4
105.7
104.7
105.2
103.3
102.6
102.7
105.4
101.8
103.0
103.9
103.7
103.0
104.2
103.0
102.3
103.2
100.0
102.8
100.8
102.7
110.2
104.6
103.0
102.9
103.7
101.9
100.1
101.1
98.6
99.3
99.6
100.2
101.4
98.8
98.2
100.7
100.0
98.3
98.0
97.2
98.4
97.9
99.6
98.0
96.8
98.2
98.3
97.0
109.2
108.2
109.0
108.9
108.4
109.0
110.0
110.4
109.1
108.6
108.6
112.0
112.4
109.5
109.5
106.9
105.6
107.1
107.9
105.5
103.7
107.4
106.8
104.9
104.7
102.9
99.2
101.2
104.7
106.1
101.3
100.2
102.3
102.4
102.0
102.0
103.7
102.9
102.8
99.2
100.4
101.4
101.2
100.1
104.4
101.6
103.5
102.3
104.9
105.7
99.4
93.10000000000001
102.4
103.2
100.2
104.2
101.9
101.7
107.0
112.3
104.68
103.52
102.36
101.2
97.6
93.99999999999999
99.4
96.1
97.2
98.4
93.7
96.6
94.8
96.8
97.5
94.3
93.8
94.0
93.4
94.6
92.7
97.3
91.3
92.2
93.0
91.8
98.5
97.7
94.2
96.3
95.7
97.2
97.2
96.8
96.3
94.6
94.9
92.6
94.5
95.9
89.6
93.3
94.1
92.1
91.2
91.3
90.8
95.1
93.7
95.4
92.9
89.2
93.1
90.6
93.3
94.4
95.3
89.6
92.2
89.2
95.1
93.2
93.6
93.2
93.0
93.3
94.9
93.7
90.1
90.2
93.2
90.8
92.6
90.9
86.7
92.6
90.9
91.8
92.7
90.7
91.5
93.0
94.6
89.2
93.4
93.0
98.9
92.5
89.0
100.3
103.6
89.8
93.3
93.1
90.3
92.4
93.2
88.1
93.4
95.7
94.0
95.6
97.1
94.2
96.3
94.2
97.2
94.6
95.6
96.6
95.1
94.6
91.2
96.0
93.4
92.8
92.6
95.8
99.7
97.8
98.7
102.9
104.2
105.5
105.4
104.8
105.0
103.7
99.5
103.4
107.5
100.5
98.7
100.8
100.0
101.9
100.0
98.0
96.2
94.8
96.4
95.9
95.9
97.9
97.1
95.5
97.7
98.9
95.0
97.8
98.6
95.5
94.0
94.0
94.5
92.7
95.4
95.8
97.0
99.4
94.1
92.8
94.0
93.2
93.9
92.2
99.2
100.8
96.5
94.1
93.8
94.7
93.8
94.0
93.2
102.3
98.2
97.7
99.3
104.2
99.9
97.1
100.6
94.7
98.3
92.4
91.9
91.8
90.8
92.9
98.7
96.6
95.3
95.9
98.2
95.3
94.7
94.7
92.1
93.5
91.2
92.9
96.6
99.9
89.6
90.6
90.0
92.3
95.7
97.8
95.4
98.4
92.7
96.5
98.1
99.2
100.0
100.5
97.3
94.6
96.8
95.3
94.1
94.3
95.2
98.6
99.2
96.9
93.9
99.0
99.5
98.1
100.8
99.7
100.0
98.9
100.0
104.0
102.9
101.9
105.6
99.7
101.1
103.2
101.5
101.8
103.5
102.8
103.5
100.0
99.8
100.0
98.6
100.7
101.2
103.6
108.4
109.1
109.1
113.2
109.9
112.2
109.3
106.39999999999999
108.71904761904761
108.42857142857143
108.13809523809523
107.84761904761905
107.55714285714285
107.26666666666667
106.97619047619048
106.68571428571428
106.3952380952381
106.1047619047619
105.81428571428572
105.52380952380952
105.23333333333333
104.94285714285715
104.65238095238095
104.36190476190477
104.07142857142857
103.78095238095239
103.49047619047619
103.2
103.3
101.9
101.9
102.1
99.1
100.0
99.4
99.7
101.0
100.1
100.8
100.5
102.4
99.6
100.9
99.3
99.0
100.0
98.7
97.7
101.5
103.3
99.7
100.7
99.0
100.0
101.4
101.0
100.7
99.7
100.6
101.1
100.7
100.0
97.4
98.3
97.3
98.7
102.9
98.8
101.4
102.8
102.7
102.6
101.9
102.9
100.9
103.9
107.6
110.6
111.7
114.2
115.2
115.9
115.0
115.3
116.3
114.3
114.7
116.5
116.1
113.7
115.7
115.3
111.6
111.2
108.6
112.4
115.1
111.3
113.8
113.5
115.0
115.6
113.1
111.6
109.9
111.3
109.5
111.9
112.4
111.6
113.4
111.3
112.8
114.5
114.3
113.9
114.9
113.4
113.8
115.2
112.5
114.1
114.0
116.0
111.8
113.5
113.0
112.6
109.7
108.2
108.9
106.3
109.4
107.1
105.1
108.1
109.0
108.8
109.1
109.7
112.0
112.4
110.1
109.1
110.0
111.4
111.8
110.9
109.9
111.3
106.4
105.3
104.5
103.1
103.2
102.5
104.1
101.6
101.1
101.4
100.2
99.9
100.0
101.0
104.4
103.2
99.4
99.4
100.5
103.9
101.7
101.5
105.8
107.7
103.9
109.2
106.1
102.5
102.1
100.6
102.6
104.6
98.1
103.6
