86.4
91.1
87.4
88.9
88.1
84.9
88.3
87.1
86.6
87.0
89.5
89.2
89.0
90.9
90.7
88.8
89.2
88.9
89.0
87.5
87.3
85.4
86.4
86.5
87.9
91.2
60.8
56.0
56.1
61.6
66.9
64.8
64.5
66.3
65.2
66.3
62.2
64.4
63.6
73.0
62.7
63.9
61.2
61.0
59.3
58.3
57.8
56.4
58.8
58.8
63.1
61.3
60.1
60.1
59.7
58.9
58.1
58.5
61.6
61.6
60.3
61.8
62.0
64.1
63.1
62.1
62.0
66.5
64.9
65.4
64.2
65.4
66.2
66.2
67.9
71.8
69.0
68.5
72.9
69.8
74.1
70.0
69.4
68.80000000000001
69.4
68.1
69.9
66.8
64.7
65.7
64.9
66.8
66.0
66.1
67.0
65.1
65.7
70.6
66.5
65.0
65.4
66.2
63.5
63.6
64.0
62.9
62.9
61.9
61.0
61.0
61.6
63.6
63.5
63.1
62.6
67.0
66.0
64.8
64.5
64.8
66.5
66.1
68.2
66.5
66.7
67.9
67.5
65.3
66.1
64.4
64.9
69.5
67.2
69.9
68.8
68.4
63.3
64.4
62.4
62.6
62.3
63.0
62.4
62.0
61.4
61.7
62.8
63.3
62.3
64.9
62.3
63.5
62.9
63.7
65.1
64.3
67.7
65.2
64.4
66.7
68.4
65.0
67.3
66.4
67.4
67.5
66.7
66.4
67.5
68.8
67.5
67.9
66.7
66.7
65.5
67.5
67.1
67.3
65.8
67.8
67.6
66.4
67.3
67.2
67.5
67.8
66.96666666666667
66.7
66.8
67.2
66.8
67.5
66.4
66.7
67.0
65.8
67.4
67.1
67.7
66.4
66.9
66.5
66.0
66.0
65.6
66.5
65.2
66.9
65.9
65.4
65.8
69.6
68.0
66.7
68.2
65.4
67.2
67.6
68.2
67.1
67.6
67.9
68.5
68.5
68.8
67.2
68.3
66.4
67.5
66.0
67.4
69.0
68.2
68.2
67.6
66.7
67.3
69.0
67.6
67.3
69.1
70.3
69.0
72.0
71.4
71.1
72.4
70.6
72.7
73.0
74.4
68.4
72.6
70.3
69.1
69.2
68.6
69.8
70.1
69.4
70.3
67.3
68.7
67.9
68.5
68.6
68.3
69.0
69.4
69.5
69.4
69.1
71.0
70.1
71.5
71.2
71.3
70.7
70.8
71.1
72.2
72.5
72.2
71.4
71.8
71.7
71.6
72.7
74.9
72.6
74.4
74.4
70.7
72.8
72.9
72.5
73.9
73.9
72.9
72.9
72.7
72.2
72.6
72.3
72.1
72.2
71.2
71.9
72.2
71.7
72.3
71.7
71.0
69.5
72.9
72.6
70.4
70.8
68.9
71.3
75.1
71.7
73.1
74.2
71.3
73.1
73.9
72.2
73.3
72.4
72.8
71.9
71.5
71.5
70.9
70.2
69.5
67.8
70.3
68.6
69.4
71.3
72.1
71.7
71.3
71.8
71.3
69.9
70.3
71.0
72.2
71.1
71.5
71.5
70.6
74.6
77.2
77.0
78.0
76.6
76.0
72.0
75.4
75.8
73.9
71.3
71.6
69.5
71.1
70.8
70.1
70.7
70.7
70.9
70.5
70.1
70.3
68.7
70.8
70.2
68.9
69.3
72.0
69.5
71.3
72.3
68.8
71.1
71.5
70.7
69.8
70.7
71.7
72.1
71.7
70.6
71.8
71.4
67.3
69.5
70.8
69.9
71.1
74.5
75.1
72.0
73.0
71.9
70.7
70.9
72.3
72.0
72.0
73.1
73.4
72.5
70.2
70.4
71.7
74.3
74.5
72.5
72.9
72.7
72.2
71.2
73.2
73.1
73.5
73.0
73.2
72.2
71.5
68.8
73.3
72.3
73.0
73.0
71.5
71.5
70.6
71.5
72.6
74.2
73.1
74.0
73.9
72.6
73.1
72.0
73.9
74.0
72.2
79.1
77.6
77.0
75.4
73.1
70.8
72.0
71.7
72.2
72.2
73.1
71.2
71.7
70.6
71.8
71.4
71.8
74.7
72.5
72.1
71.6
71.2
73.1
72.8
74.5
72.8
73.4
75.7
75.6
74.8
74.9
75.4
74.1
73.1
73.3
74.9
76.6
74.8
75.3
74.8
76.6
74.2
76.2
78.9
78.9
78.1
77.2
77.4
79.0
77.4
77.5
75.8
75.5
76.8
77.6
76.7
78.9
77.0
77.8
76.8
77.1
78.9
77.2
76.3
78.8
80.8
84.4
84.8
82.8
83.6
82.4
80.1
80.3
76.6
76.2
77.3
76.9
76.6
76.4
76.5
76.5
78.4
77.5
78.0
77.4
76.6
75.8
75.3
77.6
76.3
76.5
80.4
81.4
80.7
79.6
78.5
77.1
78.9
74.6
79.7
81.1
81.0
81.4
78.7
80.1
78.0
76.1
73.7
71.1
70.2
66.5
65.7
65.7
63.8
66.0
66.6
67.9
66.6
66.2
66.6
65.7
66.3
64.3
64.3
63.7
64.2
65.2
63.6
63.8
65.4
63.9
64.5
63.7
64.4
63.5
65.5
64.7
66.3
67.5
67.1
67.3
66.3
65.6
67.4
66.8
69.2
69.0
68.2
69.6
71.0
69.0
68.4
69.6
70.1
70.0
68.6
66.7
68.5
69.4
68.5
68.5
68.3
68.0
70.0
68.9
70.0
70.2
68.4
67.7
68.7
69.4
69.9
73.4
70.2
71.6
71.6
69.3
70.8
67.1
71.2
71.1
70.1
70.4
69.5
69.9
69.8
70.2
69.5
70.6
71.1
71.0
72.1
71.9
73.2
69.9
70.8
70.2
71.1
70.3
68.9
69.8
71.7
72.6
72.0
70.7
71.7
71.6
72.7
71.9
71.7
73.2
72.2
73.2
72.9
73.3
72.5
72.9
74.0
73.1
72.4
70.8
72.6
73.0
74.9
73.4
74.3
74.4
72.3
75.0
72.5
75.0
78.5
79.0
77.9
89.6
77.1
74.3
74.5
76.2
75.5
75.1
76.7
74.2
74.4
73.8
74.1
73.0
76.3
74.2
75.4
74.0
74.5
76.4
77.0
78.9
77.1
76.8
74.0
77.3
78.0
74.7
76.7
76.1
75.1
75.1
73.7
75.6
78.0
76.8
76.0
74.8
74.3
74.1
73.4
72.7
72.9
73.0
73.0
72.7
72.4
72.3
72.7
73.0
73.1
73.3
73.2
73.0
72.2
69.9
72.2
69.6
69.8
70.8
72.6
71.7
72.4
74.3
73.0
71.2
70.4
71.6
72.6
70.5
71.9
72.9
73.0
73.9
71.9
74.4
73.0
72.8
73.6
73.3
73.7
74.2
74.0
75.8
74.9
78.2
79.5
79.6
78.8
77.7
79.7
81.5
82.4
84.2
86.1
85.3
86.9
84.6
81.3
83.6
81.7
78.5
77.1
75.0
78.8
78.3
75.1
76.5
74.9
75.3
74.9
75.3
74.6
74.3
74.0
74.3
74.1
74.6
74.9
74.5
74.1
74.8
75.2
74.1
74.4
75.3
75.2
75.3
75.2
75.8
73.0
75.3
75.2
73.9
74.5
74.5
75.6
74.3
74.6
75.7
75.9
76.3
76.1
75.2
75.6
75.3
75.8
75.0
75.2
74.9
75.2
74.7
74.2
74.0
75.0
75.3
75.1
74.8
75.0
73.7
74.1
74.3
75.2
73.4
74.2
74.7
75.0
74.7
74.9
75.3
74.8
74.8
74.9
74.9
74.2
73.9
74.0
74.1
74.2
73.9
74.2
74.4
73.3
74.6
75.1
74.8
77.0
75.4
76.0
77.3
76.8
76.4
76.6
76.1
76.2
77.3
76.3
77.4
76.3
75.7
78.0
77.9
77.3
76.8
77.4
76.5
76.6
77.1
77.0
77.4
75.1
76.0
75.8
78.3
79.5
81.3
79.6
81.4
81.9
83.7
86.6
87.7
90.0
88.1
89.9
91.4
90.7
92.3
91.5
89.9
87.8
93.2
89.1
87.9
87.1
86.0
85.4
85.0
83.5
82.3
81.2
81.8
81.7
81.4
82.3
82.5
81.0
80.6
79.3
79.7
80.4
79.1
79.2
79.2
75.5
76.6
74.7
76.3
72.7
74.5
74.0
70.7
70.9
70.0
70.0
69.7
69.9
69.6
69.2
69.2
69.2
69.5
70.0
69.3
69.8
69.5
69.4
69.8
70.0
70.0
69.9
70.0
69.8
69.7
69.6
69.5
70.0
69.9
68.5
69.0
69.5
69.1
69.0
69.8
69.5
69.9
69.5
69.4
70.1
70.0
69.5
68.8
67.4
68.1
68.1
68.1
67.1
68.0
69.1
68.5
70.8
69.2
71.1
69.4
70.0
68.5
69.1
69.5
70.2
70.0
73.7
72.3
70.8
73.9
73.1
69.9
73.1
72.9
72.0
74.0
72.9
73.1
73.4
71.5
73.6
74.8
74.1
74.5
73.1
74.7
74.9
73.7
74.9
75.6
75.8
76.9
76.8
77.9
78.1
76.4
74.4
74.5
72.7
71.8
71.8
71.0
70.5
71.0
70.5
70.0
70.6
70.3
70.8
71.1
71.2
70.9
71.1
70.3
71.0
71.1
70.6
71.0
71.1
69.2
66.8
68.7
72.4
76.0
79.1
80.5
83.9
84.9
86.7
89.4
91.4
90.7
89.9
88.9
87.1
83.6
81.3
80.5
79.4
77.7
77.3
76.8
75.7
75.5
75.0
74.9
74.4
74.4
70.4
71.0
70.8
75.1
75.8
74.1
73.0
73.5
73.9
72.5
71.6
73.3
71.3
69.7
75.6
75.3
78.7
79.8
79.7
81.0
79.6
76.4
75.6
75.0
73.2
71.5
72.1
71.1
71.5
69.8
69.9
75.4
75.9
74.7
75.4
78.6
77.8
78.1
78.7
80.5
78.0
78.8
79.0
77.8
73.8
72.6
71.5
71.7
73.4
73.1
71.6
70.9
69.2
68.6
68.9
70.3
71.3
71.3
71.1
71.8
75.1
73.0
73.8
75.1
74.6
76.2
74.5
75.3
75.5
76.7
76.1
75.9
75.6
76.0
75.7
74.8
74.8
74.7
74.5
75.1
75.6
74.2
74.9
76.0
74.7
74.1
73.9
72.6
74.1
73.3
73.2
73.8
73.4
73.4
74.7
76.7
76.2
76.1
73.9
74.2
74.1
76.0
76.0
75.0
75.8
73.9
75.2
80.3
74.0
74.7
75.1
75.5
75.1
75.0
75.5
75.6
75.2
74.7
75.1
75.1
74.7
75.0
75.3
74.9
74.6
74.5
76.3
75.9
75.8
75.1
75.2
74.9
75.3
74.1
71.1
74.6
75.1
77.3
76.3
75.5
75.6
75.4
74.6
75.2
75.4
75.6
74.7
75.3
75.1
76.1
76.5
74.1
76.7
77.8
75.0
75.5
76.0
75.9
77.0
77.6
76.8
75.4
76.9
76.0
76.2
75.7
77.1
78.8
80.3
77.5
76.0
76.4
76.2
78.5
77.2
76.8
77.1
75.3
74.3
75.7
75.8
74.9
74.8
73.9
74.8
74.1
74.0
73.5
73.9
73.8
73.7
75.0
74.7
75.4
73.9
75.0
75.1
75.3
74.4
76.4
75.4
75.4
75.8
74.8
75.6
75.3
75.7
75.2
75.6
76.4
76.5
75.8
75.0
76.2
76.4
75.3
76.3
76.0
75.8
76.1
75.8
76.2
76.0
75.9
76.1
76.7
76.1
76.8
76.5
76.3
76.2
76.1
76.5
76.3
76.4
76.5
75.7
75.1
75.1
74.5
73.3
73.2
72.4
71.2
71.6
71.4
71.0
71.1
70.4
70.2
70.1
70.3
72.3
71.7
71.5
71.2
71.1
71.1
71.8
72.2
71.4
71.6
70.9
71.0
71.5
71.1
69.3
71.1
70.7
70.1
66.6
71.1
68.8
70.2
68.7
70.1
67.6
68.0
68.6
66.7
65.3
68.0
68.7
68.8
68.0
66.8
69.0
69.1
67.8
67.0
66.1
67.8
67.4
68.1
68.4
68.1
68.5
68.4
67.3
67.9
69.4
69.0
69.0
65.3
65.0
64.7
81.0
101.9
66.9
67.0
62.2
65.3
69.3
68.8
69.3
70.0
67.2
68.3
66.6
65.1
65.9
65.4
65.0
68.8
71.3
71.0
69.1
71.3
77.3
75.3
73.8
71.3
71.3
71.0
68.5
69.5
69.9
69.5
68.2
67.1
67.4
67.5
67.1
68.0
67.5
66.6
66.9
66.1
66.7
66.4
67.2
65.9
66.8
66.9
68.0
67.1
67.3
67.7
67.9
67.3
67.8
67.2
66.9
68.2
66.7
67.3
67.9
69.0
69.3
66.8
68.9
70.0
69.7
69.2
69.0
69.1
70.8
69.9
72.5
72.5
72.9
73.0
73.0
72.2
72.9
72.8
70.5
72.7
70.1
70.9
71.2
70.7
71.0
71.8
69.9
69.9
71.1
70.9
73.5
71.7
72.9
72.7
72.1
71.9
72.5
72.1
71.5
70.7
72.0
71.3
72.7
72.8
73.0
73.5
72.5
72.8
71.6
73.0
71.7
72.0
71.3
72.2
72.8
72.4
73.3
73.2
72.6
70.9
72.2
72.6
71.4
71.7
71.9
73.4
72.9
72.4
72.3
71.8
73.7
72.8
76.4
74.9
76.0
76.5
76.4
76.0
75.2
75.2
75.3
75.2
76.0
76.9
77.1
77.1
76.7
77.2
76.3
75.7
76.2
76.8
77.3
76.5
77.6
77.2
78.4
78.5
78.1
75.8
77.3
77.9
76.4
77.4
75.8
76.9
77.8
75.8
76.9
77.4
77.1
77.2
78.2
78.9
78.7
79.5
79.6
79.0
78.9
78.1
77.8
79.7
78.0
78.2
79.7
77.8
78.5
80.4
77.1
77.3
76.4
76.2
77.5
77.0
75.8
75.4
76.8
75.6
78.5
75.4
76.1
75.1
76.4
75.7
75.5
75.9
76.0
78.1
77.1
77.3
76.4
77.8
77.1
76.3
76.4
79.2
77.0
78.9
78.9
80.2
81.3
79.9
80.7
85.1
83.4
81.9
80.8
81.7
80.3
80.0
77.9
78.0
78.0
78.4
80.3
77.6
76.9
77.2
77.4
77.4
77.5
79.9
78.1
76.9
75.8
75.1
72.0
67.3
64.9
63.5
61.7
63.0
64.2
63.4
64.6
64.7
65.4
65.1
65.9
66.2
66.2
66.8
66.3
65.5
67.0
67.0
67.7
67.2
68.3
67.0
67.4
63.4
69.6
70.8
70.7
69.2
69.9
70.5
70.2
69.8
69.0
67.8
67.8
67.1
68.6
67.4
69.4
69.2
67.5
68.1
69.5
70.3
70.5
71.7
70.5
71.0
69.9
70.0
70.1
71.2
72.6
73.4
74.20000000000002
71.6
68.8
72.0
71.6
71.0
71.0
71.0
70.9
70.7
70.1
70.5
70.4
70.5
70.5
69.4
69.4
69.7
69.8
70.0
69.7
70.4
69.7
70.5
71.1
71.1
71.2
70.9
70.9
70.6
70.6
71.0
71.0
70.1
70.1
70.3
70.5
70.3
70.8
70.1
70.7
71.0
70.0
70.0
70.4
70.0
70.1
70.9
70.6
70.4
70.1
69.9
71.0
70.4
70.3
70.4
71.0
70.4
70.0
69.4
68.8
69.7
70.0
68.8
69.5
69.2
69.7
69.5
69.3
69.1
69.3
69.6
69.1
69.2
68.9
68.5
69.0
68.9
69.0
68.7
68.6
68.6
68.7
69.2
69.0
69.1
69.0
68.9
69.1
69.0
68.9
69.4
69.2
69.1
68.8
68.9
69.2
69.6
69.1
69.0
69.1
68.4
69.1
68.9
69.1
69.6
69.9
69.7
69.5
69.1
70.2
69.8
70.0
70.1
68.0
69.2
69.5
69.8
69.4
69.3
69.0
69.3
69.4
70.0
70.0
69.5
69.5
69.6
65.6
67.7
69.9
68.6
69.5
69.8
71.5
71.2
70.3
70.3
70.7
71.4
71.0
70.3
68.2
66.1
68.6
69.5
69.1
69.8
70.3
70.0
69.7
69.7
69.3
69.6
69.9
70.0
69.8
69.9
69.9
70.2
69.9
70.2
69.8
70.1
70.6
70.0
70.3
70.1
70.1
69.0
69.9
69.8
69.2
69.6
69.6
69.8
70.1
70.0
70.7
70.4
69.4
70.5
70.9
70.3
68.0
68.4
71.1
71.9
71.7
72.0
70.8
71.2
71.1
70.9
71.3
71.2
71.3
71.2
70.7
70.9
70.3
70.2
70.1
68.4
66.3
71.9
70.9
70.0
72.3
71.5
70.8
69.7
69.3
69.4
69.2
68.8
69.0
66.8
68.7
69.1
69.0
67.9
67.3
67.1
67.0
66.4
67.6
67.8
68.1
67.0
68.1
66.9
67.6
67.1
67.4
68.0
70.0
69.8
69.0
69.6
69.9
69.4
68.2
68.1
68.5
69.0
69.3
68.5
69.1
69.2
68.1
68.1
69.4
69.6
69.5
70.1
69.9
69.9
69.8
69.0
70.1
69.9
70.0
69.3
71.0
68.1
68.4
69.6
69.4
69.6
69.5
69.3
68.7
69.8
69.7
67.7
69.1
69.6
68.7
70.4
70.3
69.6
68.7
68.5
69.0
69.6
70.6
69.9
71.4
71.9
72.5
70.9
72.3
70.1
69.9
69.4
68.9
68.8
67.7
66.8
65.4
61.4
60.7
57.7
55.5
56.5
56.2
54.6
55.3
56.1
55.3
55.3
55.1
55.9
56.0
57.1
56.9
55.9
56.7
55.6
56.8
55.9
57.1
56.4
56.8
56.3
56.6
55.9
56.9
56.4
56.9
57.3
57.0
57.2
58.0
58.4
58.1
57.4
58.8
57.5
58.7
58.5
58.2
58.8
58.9
59.1
59.0
59.3
60.2
59.9
59.0
61.1
59.8
59.6
60.5
61.5
61.9
63.7
62.8
62.8
63.3
64.0
64.3
65.0
65.1
64.8
64.4
64.5
65.2
65.3
65.7
66.7
66.0
67.6
67.9
67.6
66.7
66.4
68.0
68.3
68.3
67.2
68.7
67.6
67.8
68.2
66.7
64.7
68.9
68.2
68.2
66.6
65.8
67.5
65.5
67.5
67.3
64.8
64.1
68.0
69.2
67.4
67.9
69.2
68.2
69.9
67.7
67.4
66.9
66.4
68.1
67.1
65.7
65.9
65.5
66.6
66.6
66.8
67.1
68.2
67.7
65.8
66.0
67.6
69.0
68.3
71.6
70.7
70.2
69.2
69.4
67.8
68.4
68.6
68.2
67.2
68.2
67.6
67.8
68.0
68.9
68.5
68.4
69.9
70.5
69.8
70.9
70.0
69.3
70.0
70.5
68.5
68.3
70.3
69.9
69.3
69.4
70.1
68.9
68.9
68.3
66.8
67.2
68.8
69.1
68.2
68.7
68.7
68.8
70.0
70.6
70.2
67.3
68.1
67.6
67.9
69.5
69.9
70.0
69.8
70.4
70.0
68.1
69.1
68.8
68.4
68.7
69.2
68.7
68.1
68.4
67.8
68.8
68.5
67.8
68.4
67.6
68.7
68.9
69.0
68.8
68.7
67.6
68.7
68.3
68.1
68.8
69.5
65.9
68.2
68.9
69.5
70.0
70.1
71.4
69.0
70.8
75.4
71.0
69.3
71.0
69.4
68.1
68.1
68.9
69.3
68.0
68.7
69.0
68.1
69.0
68.3
67.7
67.9
67.9
68.2
67.8
67.7
68.0
68.3
68.1
68.1
68.4
67.4
67.4
67.9
68.8
68.9
68.2
67.7
68.4
68.4
68.9
68.0
67.4
68.8
67.8
68.3
69.9
69.7
70.8
68.9
70.6
70.3
68.3
70.1
70.0
67.5
68.3
68.9
67.2
69.4
71.2
71.2
74.3
74.0
72.3
74.6
73.5
74.8
74.0
73.5
73.1
70.8
70.5
69.3
68.2
67.3
66.2
66.5
66.6
67.8
67.4
67.7
66.8
68.4
67.9
67.6
67.6
67.5
67.5
67.4
67.8
68.0
68.5
68.0
69.0
68.8
69.1
69.3
67.8
68.9
66.8
68.7
67.8
68.9
64.3
69.1
71.4
70.7
70.7
70.7
70.3
69.8
70.5
70.3
70.3
68.2
69.9
68.7
69.1
69.7
67.9
69.5
69.9
68.0
70.8
69.9
70.7
70.1
68.5
70.6
68.5
70.3
70.5
70.3
68.9
69.5
70.8
70.9
70.2
70.5
71.6
71.2
69.6
69.2
69.4
69.5
70.1
71.2
71.2
70.7
70.0
71.1
70.9
72.6
73.3
74.5
74.1
73.4
73.9
74.0
74.5
75.4
75.1
75.0
73.9
74.5
74.9
74.5
74.3
73.6
70.0
71.4
70.7
74.3
75.9
75.6
75.5
74.2
72.4
71.9
71.8
70.7
70.0
70.7
71.1
69.9
70.2
70.2
70.3
70.2
68.1
64.6
55.8
59.3
62.2
61.1
62.9
61.9
63.7
62.2
62.3
64.4
64.7
64.6
64.1
63.3
62.0
61.7
62.6
61.9
61.7
61.9
62.7
61.9
63.3
62.2
63.9
64.5
63.3
62.2
64.7
62.0
62.5
65.9
63.7
62.6
62.8
63.5
63.0
65.1
65.1
64.3
64.0
65.5
66.6
64.2
64.2
65.1
65.3
64.5
65.5
64.5
63.7
65.2
63.8
65.6
64.8
65.3
65.5
64.1
64.8
65.4
64.5
65.3
67.1
65.2
66.0
64.3
66.3
66.2
65.2
65.6
65.5
66.9
65.6
63.7
65.4
66.5
67.4
67.8
68.0
68.0
68.4
67.0
67.5
66.7
67.0
66.0
66.6
65.7
67.0
65.7
66.5
67.1
66.5
65.5
66.1
66.4
67.1
67.3
67.5
66.5
67.5
67.3
67.9
67.5
66.9
69.1
68.6
68.0
68.2
67.6
68.7
68.7
67.0
67.3
68.4
67.8
68.3
68.3
69.7
69.4
70.8
69.1
70.0
68.9
70.8
71.0
69.9
70.5
70.4
70.0
71.5
70.4
72.4
72.2
70.2
69.2
69.1
69.2
68.7
69.2
68.9
68.4
68.2
68.1
66.5
68.6
68.1
68.5
70.3
70.1
70.3
70.0
69.0
70.8
67.3
69.5
70.9
67.9
67.1
70.3
69.2
67.4
70.0
70.5
70.5
69.1
69.6
70.3
69.5
67.8
69.7
68.5
69.7
69.9
68.9
70.2
70.2
71.0
71.1
71.4
71.1
70.0
69.2
68.6
68.8
69.9
70.7
69.1
74.3
70.5
69.4
72.2
73.2
72.2
72.2
71.8
72.4
72.8
71.6
73.2
72.2
72.5
69.7
71.9
71.1
72.0
71.0
71.3
72.3
72.6
73.0
73.0
73.2
72.0
73.0
73.0
73.5
73.5
73.6
73.8
76.1
74.8
76.9
76.8
74.7
72.6
74.0
71.0
70.2
69.6
69.1
68.5
68.9
67.6
68.7
68.8
68.9
68.6
67.7
68.9
68.3
67.9
68.8
67.9
68.2
68.2
67.7
67.4
67.5
71.0
68.9
68.0
69.7
69.4
69.6
69.1
68.1
68.6
68.8
68.8
69.1
69.1
68.7
67.8
69.4
69.1
69.4
69.1
69.4
71.0
71.1
69.0
68.6
68.5
68.0
67.7
70.8
69.3
69.7
69.9
70.6
70.3
69.7
69.8
69.8
68.5
68.9
68.5
67.4
66.9
68.8
68.6
68.3
68.2
68.6
68.9
68.1
68.1
68.7
68.7
68.6
69.7
69.9
70.4
69.3
69.5
69.6
69.0
69.5
68.2
69.3
71.0
69.5
69.8
70.5
70.2
68.9
70.0
70.4
69.5
70.2
69.3
70.8
70.9
71.3
71.4
70.8
70.4
71.2
71.5
71.1
71.2
71.9
70.2
69.9
71.1
72.3
69.9
71.0
71.5
72.0
73.4
73.4
71.4
71.0
70.9
72.3
68.5
70.9
70.8
70.0
67.5
67.8
68.9
72.7
74.0
73.0
67.1
71.1
71.5
70.6
71.2
69.8
70.0
69.4
70.6
70.8
70.3
67.1
69.9
70.3
70.4
69.2
68.2
69.7
69.8
69.7
70.3
71.0
70.6
71.3
70.5
70.4
70.6
70.5
70.8
69.9
71.5
68.7
69.8
71.1
71.2
71.0
72.0
70.9
72.2
70.7
72.3
69.9
70.5
68.5
68.7
73.6
72.2
71.3
71.7
71.5
70.7
67.3
63.3
59.8
58.7
58.6
57.5
57.0
57.3
58.7
58.2
60.7
59.3
60.8
58.9
59.2
59.6
59.0
59.1
60.2
60.2
61.3
62.5
61.8
61.5
60.7
62.2
61.9
62.3
61.7
61.5
64.2
64.6
65.1
67.0
64.2
66.2
64.7
63.0
63.9
64.1
65.8
64.0
62.5
61.7
61.2
61.3
60.9
62.1
63.1
63.1
63.4
63.3
63.0
63.3
61.8
64.0
67.4
66.3
66.0
69.0
68.1
67.7
67.7
67.5
67.6
68.6
69.5
69.5
69.9
70.5
72.7
73.5
76.6
75.8
77.6
78.6
80.4
80.3
82.3
83.5
81.6
80.5
83.5
84.4
84.1
77.5
84.2
83.8
77.5
76.1
74.7
74.6
72.9
72.7
70.3
68.5
66.7
64.7
64.8
64.8
65.0
65.1
65.0
66.1
64.8
65.1
65.0
64.7
65.7
67.4
65.4
66.3
66.6
64.0
65.8
67.4
67.0
65.9
66.0
63.7
65.1
66.2
65.7
65.8
66.0
65.9
66.2
66.1
66.2
65.9
66.0
65.7
69.0
67.1
67.8
64.8
69.8
66.4
67.7
66.7
67.3
68.3
67.2
65.4
67.0
68.0
68.8
70.0
67.9
68.5
67.0
66.8
67.5
67.3
66.9
67.8
68.3
66.3
69.1
67.6
68.2
67.7
69.3
67.4
67.3
68.2
67.7
67.4
67.2
67.8
66.6
68.0
68.0
68.8
66.1
67.9
70.0
68.3
68.3
71.2
74.10000000000001
71.2
70.8
70.2
71.6
75.1
74.2
73.4
73.0
69.3
70.3
72.1
71.6
70.2
71.2
72.4
69.2
72.1
69.4
69.8
69.4
69.8
68.8
70.3
70.6
69.5
69.2
69.2
68.1
67.5
70.0
70.4
70.3
70.3
71.2
71.0
70.6
69.0
68.7
69.8
69.1
69.7
69.8
71.0
70.7
71.7
69.6
70.7
71.3
71.1
70.4
72.1
69.0
70.9
73.7
74.0
73.4
74.3
74.8
75.3
75.4
75.4
74.7
74.7
75.5
73.3
70.9
68.8
69.8
70.1
73.4
72.9
71.5
70.7
71.1
71.2
71.8
72.39999999999999
71.06666666666666
70.7
70.2
71.9
71.8
72.1
70.6
73.0
71.3
70.6
72.6
70.9
72.6
73.4
71.6
72.8
74.3
73.7
71.4
71.0
71.2
74.3
73.9
74.6
73.3
74.0
74.3
72.9
72.0
72.4
71.8
70.7
72.4
72.8
71.9
71.4
72.2
72.0
72.6
72.6
73.0
71.9
72.3
71.8
70.7
69.7
73.2
72.4
72.6
73.1
74.1
72.8
71.5
71.2
72.7
73.0
72.4
69.0
72.3
73.0
73.0
72.2
75.2
71.5
72.1
73.9
67.8
69.9
70.7
70.4
69.6
71.3
73.2
73.3
72.5
72.9
72.9
72.6
72.7
73.1
73.5
73.1
73.1
73.1
72.7
73.0
73.0
72.2
72.6
72.5
71.6
68.2
71.0
72.9
73.2
74.4
75.2
73.0
72.9
71.9
66.9
63.3
61.8
61.5
61.2
61.2
60.9
60.9
61.1
61.3
61.4
60.7
60.9
62.0
62.0
62.1
61.2
60.7
59.6
60.8
62.7
63.0
63.1
61.2
62.1
63.1
61.0
61.9
61.3
60.4
61.2
59.8
60.0
62.4
62.2
63.9
65.0
63.7
64.2
64.1
64.0
65.3
66.6
65.4
65.4
63.7
64.9
61.6
62.2
61.9
61.0
62.0
64.5
64.9
65.0
64.5
64.7
63.5
63.3
65.0
65.4
64.3
64.1
65.0
64.5
62.4
64.2
63.0
64.2
64.0
62.8
62.8
62.4
63.0
62.5
64.3
64.2
63.4
63.9
62.8
63.7
64.6
65.3
64.6
64.7
65.3
64.5
65.5
66.4
64.7
65.9
64.2
66.5
65.2
64.5
63.5
64.7
65.1
63.9
64.9
65.9
67.3
67.7
67.4
66.1
66.1
66.0
65.2
65.4
66.0
65.0
65.3
65.6
64.8
64.7
64.1
64.1
64.4
66.0
65.9
62.7
62.2
65.2
63.8
64.3
63.9
64.5
65.7
65.9
64.4
65.9
66.6
65.3
65.8
65.9
65.5
62.7
65.3
65.6
63.0
66.7
68.3
68.3
68.1
68.6
68.4
67.1
65.9
65.6
66.4
67.8
66.4
67.5
67.6
66.9
64.9
67.8
66.6
67.0
66.6
66.1
67.0
67.0
66.5
65.4
65.2
64.7
63.9
64.3
66.3
66.4
66.2
65.3
65.2
65.9
65.0
66.4
65.7
64.3
64.1
63.4
63.6
64.6
64.6
64.9
66.5
65.1
63.2
64.4
64.5
63.9
64.8
64.9
64.4
65.4
66.5
64.7
65.2
65.2
58.8
62.9
69.4
66.9
66.5
67.1
66.2
65.6
64.6
65.5
65.0
65.9
65.7
64.9
65.0
64.4
65.0
64.5
64.9
64.8
65.5
65.6
64.6
66.4
66.5
66.5
65.9
65.6
65.5
66.2
65.4
65.2
66.8
65.9
66.5
65.1
65.5
66.5
65.7
66.2
66.8
66.4
67.1
67.1
67.1
71.6
70.2
68.0
68.9
65.7
67.2
66.0
64.9
66.1
67.9
67.2
67.2
69.4
68.7
67.3
66.6
67.9
65.5
63.6
65.8
66.4
69.1
66.6
66.4
69.0
68.0
68.6
68.1
67.3
68.0
67.8
67.4
66.0
65.7
65.7
66.1
65.3
66.9
67.2
66.7
67.5
62.6
65.8
66.8
66.0
65.5
67.3
64.3
66.0
68.0
67.8
64.3
64.3
66.3
67.7
67.2
68.1
68.5
67.6
67.2
67.3
67.6
66.4
66.7
67.8
67.0
66.8
66.5
68.3
65.4
66.2
66.7
66.0
65.5
64.6
64.2
63.4
62.9
63.1
62.3
56.5
59.9
61.9
62.1
62.2
62.3
59.7
57.3
57.5
57.4
58.5
57.9
58.0
60.2
59.6
59.2
58.4
61.8
60.5
65.7
66.9
66.4
65.0
65.6
65.9
66.6
66.8
64.0
64.2
63.3
62.2
61.6
60.9
62.3
62.5
62.7
63.9
63.9
62.4
61.7
62.9
60.8
61.9
62.2
62.4
63.0
62.4
62.0
64.2
63.2
62.3
62.2
62.9
63.4
63.5
63.6
62.5
64.1
64.4
63.3
63.7
62.6
64.0
64.3
63.1
62.3
62.4
63.4
63.0
64.6
64.2
65.2
65.0
64.6
63.8
64.6
65.1
66.4
64.9
65.0
65.5
67.1
67.3
67.1
66.6
67.1
66.8
62.0
64.6
66.6
66.8
66.8
66.3
67.5
67.8
69.3
67.1
67.7
66.7
67.9
66.7
66.3
67.4
67.4
66.6
67.3
67.3
67.0
67.0
68.1
66.8
67.1
67.5
66.5
67.0
63.6
65.8
66.7
66.1
66.2
65.1
66.7
64.5
65.5
65.4
66.2
64.2
65.7
66.0
71.8
70.9
71.3
65.7
68.9
69.4
67.4
65.8
66.1
66.4
65.6
67.3
67.0
66.3
65.5
65.7
66.5
66.9
66.2
67.7
67.4
67.0
66.6
67.5
65.7
66.2
66.1
65.2
65.4
64.3
64.3
65.0
65.2
64.0
64.4
66.3
67.1
66.5
64.3
66.4
68.2
63.4
68.0
64.6
68.1
69.0
72.8
69.7
66.9
67.0
67.2
66.5
64.7
66.2
65.4
63.0
64.6
65.9
64.0
66.4
65.2
65.0
64.8
65.1
65.8
65.9
67.5
65.2
66.1
64.5
65.5
65.8
63.5
65.8
66.9
67.4
66.9
67.0
67.2
66.8
65.4
65.6
66.0
64.6
66.7
65.7
63.8
64.2
63.8
62.8
63.1
64.4
64.0
64.6
64.0
65.4
62.5
62.8
64.7
66.0
66.0
64.9
66.0
65.9
66.0
65.3
62.6
64.8
66.9
66.6
68.3
66.8
67.0
65.5
64.2
65.3
64.9
65.3
65.7
65.5
64.1
64.7
65.1
65.4
64.6
63.0
65.2
65.2
64.6
63.8
62.1
63.6
63.8
64.2
64.0
63.9
64.4
64.1
64.1
64.3
64.6
64.8
64.9
66.0
62.8
62.0
64.9
65.3
64.4
64.7
64.6
64.9
65.0
65.8
66.3
65.4
63.3
65.1
69.1
68.3
69.0
70.8
71.1
70.5
71.9
71.4
69.6
68.5
67.0
65.7
65.1
65.5
64.2
64.9
65.9
65.9
64.2
64.3
64.4
63.9
63.1
65.7
63.7
63.9
63.4
65.4
64.9
65.7
64.5
65.9
65.9
66.4
65.4
65.3
65.8
65.2
65.3
65.9
65.3
64.8
66.5
64.8
65.2
65.1
66.6
65.4
66.5
66.1
65.6
65.6
64.8
65.2
64.4
64.9
64.9
63.3
65.0
63.7
63.2
58.7
56.6
56.5
57.2
58.0
58.0
58.0
58.1
56.7
56.6
56.0
57.8
57.8
57.9
59.1
58.9
59.3
55.9
58.8
58.5
60.6
61.8
61.7
61.7
58.3
56.7
54.5
56.1
55.1
52.8
52.8
54.1
55.2
54.0
54.8
54.2
55.3
56.0
55.2
55.5
55.0
55.4
55.3
55.3
55.1
56.0
56.2
56.8
56.6
57.0
57.0
56.8
57.0
59.3
58.7
57.9
58.0
59.0
58.9
59.0
58.9
58.8
58.7
58.9
58.5
58.4
58.6
58.7
58.3
58.7
59.9
59.5
60.7
60.2
59.8
59.6
58.9
59.3
59.2
59.9
59.9
59.5
59.6
59.2
58.7
58.5
59.2
58.8
59.7
60.1
60.8
60.8
60.9
60.2
61.2
61.2
62.8
63.4
63.8
70.8
65.6
64.7
64.1
63.7
63.4
62.8
62.8
63.8
62.4
63.0
62.3
61.6
59.9
60.0
60.3
60.7
60.7
60.3
61.4
61.4
60.3
60.9
60.6
61.3
60.4
61.4
60.9
61.4
61.9
62.2
60.9
63.6
62.1
61.2
62.6
61.2
61.4
60.0
61.4
62.0
62.8
61.8
61.9
62.4
62.3
63.1
62.7
62.6
59.8
61.0
64.6
66.8
66.8
65.7
64.5
64.6
63.1
63.0
61.2
62.0
60.6
60.5
60.4
61.7
61.3
60.7
61.8
61.6
62.2
60.9
61.1
61.9
59.4
61.4
61.6
60.5
62.3
61.6
59.7
61.2
60.7
59.5
60.6
62.7
60.9
60.3
60.2
62.8
60.5
60.3
61.6
60.9
62.4
64.2
63.5
63.0
63.8
65.4
65.8
64.8
63.3
63.9
63.6
66.1
67.1
66.3
63.5
64.2
62.9
64.4
61.0
62.7
61.5
63.7
63.0
61.8
62.5
61.2
61.5
62.9
62.1
62.4
62.8
64.0
63.1
62.0
61.2
62.9
62.4
61.0
59.3
59.9
62.0
59.7
61.6
61.3
60.0
60.9
60.7
60.6
61.1
63.3
60.9
60.7
62.2
61.5
62.2
63.5
61.8
61.2
60.7
61.0
62.5
61.7
61.0
63.7
63.1
62.8
62.5
64.4
63.4
63.0
63.0
61.7
61.3
63.6
63.7
63.2
63.3
64.0
61.8
61.6
62.4
61.9
63.1
62.2
62.4
63.2
62.9
62.3
61.3
62.5
62.0
62.1
61.3
62.3
65.3
66.1
66.0
65.4
65.4
65.9
66.0
64.2
63.8
62.9
62.1
62.7
62.2
62.3
62.3
62.3
65.2
65.5
64.7
62.5
63.5
63.2
62.3
62.6
62.8
61.9
62.2
62.7
63.2
64.3
61.2
64.3
68.3
67.8
71.0
72.5
72.8
71.0
69.9
71.1
70.3
69.4
68.5
68.2
66.8
65.7
64.6
64.1
63.7
65.1
65.0
65.7
64.3
64.7
66.5
65.5
65.2
64.6
64.8
64.7
65.9
66.6
65.9
66.6
66.5
65.3
65.6
64.2
65.1
63.8
62.9
64.7
63.7
63.7
65.0
63.4
63.3
63.6
63.7
65.0
64.6
64.9
65.6
66.0
67.3
67.3
65.5
66.2
65.2
64.4
65.0
64.9
62.2
65.6
63.8
62.9
67.5
68.1
68.0
67.2
69.0
68.1
65.7
66.8
67.7
65.8
67.0
66.7
70.7
69.5
67.8
65.2
65.8
68.2
65.9
67.6
65.4
63.7
64.2
63.9
62.5
63.8
61.8
63.9
63.5
63.2
63.8
63.3
62.0
62.2
62.9
62.9
62.3
61.0
62.4
61.4
61.4
62.4
62.4
62.0
60.9
62.9
62.5
62.1
63.4
63.3
63.2
64.3
64.7
63.2
63.7
61.9
58.5
59.9
60.4
60.1
61.2
61.7
60.1
63.0
62.1
60.7
61.9
61.8
61.0
61.5
62.1
61.6
62.2
61.7
61.2
61.4
60.9
62.0
61.8
61.5
62.4
61.0
61.8
59.6
60.3
64.5
61.0
60.8
62.3
60.6
61.2
60.5
61.3
58.2
61.0
61.6
61.9
60.4
59.9
61.9
61.7
62.0
62.6
62.0
61.9
59.6
59.6
62.1
61.3
61.6
64.0
64.6
66.3
65.9
63.1
63.9
64.1
65.9
64.8
63.9
64.8
64.4
63.5
64.8
63.6
63.8
59.6
62.5
63.4
63.9
64.5
62.6
61.4
62.8
62.0
62.5
63.8
63.9
64.0
61.9
61.5
61.9
62.0
62.3
64.4
64.8
62.0
63.3
62.0
63.9
63.6
63.7
64.7
62.5
63.3
65.6
66.3
67.3
66.9
66.7
65.9
64.6
63.6
64.8
66.0
65.8
64.6
64.6
61.9
68.9
65.6
67.2
67.1
66.3
66.5
66.3
66.1
67.3
65.6
64.3
64.2
64.4
64.4
63.3
63.6
60.9
64.1
63.7
61.8
63.4
64.2
62.7
65.0
65.0
65.6
65.0
65.4
63.8
65.0
62.8
64.0
64.0
63.6
64.8
66.0
60.2
62.0
63.2
62.0
61.5
63.3
64.2
64.7
65.5
66.5
65.6
65.8
67.2
67.2
66.0
63.7
62.4
62.5
61.9
62.9
61.3
63.9
63.3
62.6
61.5
61.6
63.6
64.1
63.2
61.9
61.8
64.0
63.5
63.4
61.7
63.8
60.8
60.2
62.4
62.8
63.2
62.0
65.3
64.2
64.3
63.2
65.0
65.1
65.3
63.2
62.7
64.6
65.0
63.4
62.3
61.9
58.9
59.7
62.2
60.5
61.5
61.0
61.0
61.4
61.8
62.9
61.6
62.5
62.7
65.4
65.3
65.3
66.2
64.9
64.8
65.4
65.3
65.2
64.4
63.9
64.1
65.1
64.4
63.1
61.9
63.0
63.0
64.9
62.7
62.6
63.0
63.0
62.6
63.0
64.7
63.5
65.1
64.2
62.9
63.3
63.5
65.2
64.5
64.7
63.4
62.4
65.1
66.3
66.1
66.4
66.0
66.1
66.5
66.2
66.1
65.9
65.9
63.9
64.6
64.8
65.8
64.4
65.7
65.3
65.6
66.1
67.1
68.3
67.6
65.9
68.1
68.8
66.6
66.4
66.2
66.0
64.1
65.5
65.2
66.2
64.1
65.7
64.7
65.1
65.8
66.3
66.2
64.9
66.3
65.7
67.3
66.6
66.2
64.9
66.8
64.2
65.2
66.6
75.1
69.5
69.0
68.9
67.8
68.0
67.7
67.6
65.3
66.8
66.7
66.4
66.3
66.7
67.2
65.9
66.6
67.9
67.0
66.8
67.9
67.0
65.3
64.9
66.8
66.7
67.9
66.4
67.7
65.7
66.2
66.5
65.3
66.2
65.1
66.6
66.0
66.4
66.8
68.6
67.2
65.9
66.3
68.0
68.0
67.0
66.6
67.8
66.8
68.1
66.6
67.6
67.9
67.6
67.4
65.5
66.5
67.8
67.9
67.3
67.1
67.2
66.4
65.3
65.1
68.2
67.8
67.9
67.6
66.6
66.9
68.5
67.7
68.9
69.7
69.5
70.6
70.9
70.5
70.4
70.4
69.6
68.4
68.6
69.1
68.4
67.6
68.7
67.3
67.9
69.0
68.1
68.6
67.7
67.3
67.5
69.7
70.8
72.1
70.9
71.6
68.9
71.2
69.6
68.3
67.4
67.8
66.4
66.9
67.5
65.8
65.9
67.4
72.6
72.1
73.2
71.9
71.6
74.7
76.1
75.6
75.0
72.5
69.6
68.8
67.9
67.0
66.8
67.1
66.3
67.2
66.3
63.3
67.4
68.0
65.8
65.3
64.9
65.1
64.4
64.5
63.9
65.1
64.4
65.2
65.4
65.5
65.0
63.9
64.6
64.5
64.8
64.7
64.7
65.3
65.7
65.5
66.2
66.9
66.2
64.5
66.4
65.3
65.4
62.9
64.5
64.5
64.1
65.6
66.0
66.3
64.6
64.8
63.8
64.3
65.6
65.5
65.7
64.2
64.6
65.7
65.9
65.8
65.4
66.3
65.9
64.6
63.4
70.0
68.7
68.0
66.4
68.8
68.8
67.8
67.2
67.7
65.5
65.6
66.4
65.7
66.1
65.5
65.2
66.0
63.6
66.1
67.2
66.8
66.5
66.1
65.7
65.6
65.2
65.0
63.8
64.8
64.9
65.2
65.3
65.4
64.8
64.8
65.6
65.3
65.1
64.9
61.7
63.0
64.1
63.0
64.2
63.7
64.4
65.3
65.5
65.4
65.8
65.7
65.4
65.4
64.3
65.8
69.9
67.2
66.5
66.3
68.0
66.0
64.3
67.5
66.2
65.5
66.0
65.5
65.8
66.5
67.8
66.1
66.0
66.4
66.2
67.3
68.1
68.2
66.0
68.0
65.8
64.4
64.2
64.6
63.7
64.5
64.4
63.5
63.7
63.7
65.7
67.0
66.3
65.7
65.0
64.3
67.5
65.6
65.6
65.7
66.5
68.8
68.1
68.1
68.8
69.0
69.1
68.8
69.7
69.5
68.0
67.6
67.5
66.8
65.6
67.1
67.2
67.6
67.6
68.9
70.7
69.9
69.8
70.0
70.2
70.1
68.8
69.7
67.4
68.3
67.4
67.6
70.3
70.3
69.7
67.7
69.6
68.4
68.0
68.5
67.9
68.0
68.4
68.6
67.6
66.1
66.2
65.9
65.5
67.0
64.9
65.8
66.0
64.4
63.6
61.8
61.7
61.4
59.9
60.7
60.5
59.1
58.7
59.2
60.4
60.2
60.9
59.6
61.5
61.0
60.4
59.6
62.4
61.7
61.4
61.9
62.0
61.4
60.9
62.0
62.4
61.0
61.3
61.6
62.9
61.4
61.8
61.6
62.6
61.6
61.5
60.4
60.6
60.3
59.2
60.8
61.3
60.6
60.9
62.4
64.5
63.1
65.8
65.8
63.7
64.3
61.8
61.9
60.7
65.5
62.7
62.9
65.1
68.3
65.0
65.9
66.0
65.3
65.6
64.7
64.3
65.7
62.9
62.0
61.5
61.7
63.0
62.3
62.9
62.0
64.3
62.7
62.0
63.3
64.3
64.2
64.1
63.9
63.6
63.6
64.3
63.9
63.0
61.7
64.5
64.4
63.3
63.9
65.5
63.8
63.7
63.4
65.3
63.3
65.1
62.5
63.6
62.1
60.9
63.6
63.9
66.2
63.3
62.7
63.5
66.8
66.4
65.4
65.0
63.9
64.0
62.4
63.1
62.7
61.8
62.2
61.8
61.5
60.0
60.9
65.0
62.5
61.6
61.5
61.7
61.1
61.2
61.4
60.8
60.8
60.1
59.9
61.4
61.9
62.5
62.1
61.9
61.4
61.3
59.8
61.3
60.1
60.7
61.0
61.8
61.7
61.0
61.7
62.0
61.3
60.6
61.0
65.5
64.0
63.4
63.4
62.8
62.4
62.3
61.5
61.7
61.3
62.3
61.2
61.6
62.0
60.9
62.2
62.8
62.8
63.4
62.4
62.0
62.5
62.0
61.7
61.2
61.6
63.9
63.9
63.9
63.1
63.2
62.6
64.0
64.1
64.0
64.9
65.9
66.3
66.6
67.3
66.5
69.0
70.0
66.0
67.6
65.4
65.3
65.0
64.7
64.7
64.2
63.4
63.1
63.3
62.9
63.3
62.8
62.2
62.6
62.3
62.3
62.1
61.8
61.7
61.4
61.6
60.9
61.1
62.0
61.7
61.8
62.4
61.9
62.1
62.3
62.0
61.8
61.0
61.7
61.8
61.6
61.5
61.6
62.1
62.4
62.2
62.1
62.7
62.2
62.1
61.0
62.5
62.2
62.4
62.6
62.2
61.9
62.0
63.0
63.6
63.9
63.0
64.4
66.5
66.4
65.9
67.2
65.2
67.5
69.3
69.5
67.8
67.3
67.9
67.8
67.0
66.6
66.3
66.3
66.9
66.4
67.5
67.3
68.3
68.7
69.2
68.7
69.0
69.8
69.3
69.3
69.4
68.2
67.9
68.1
71.0
71.0
69.3
69.0
68.4
67.2
66.0
65.2
65.9
65.9
66.6
66.9
66.9
66.8
66.8
67.0
66.5
66.2
64.9
65.5
64.3
65.0
65.7
65.0
66.0
65.5
65.6
65.2
65.0
65.2
64.7
64.7
65.5
65.1
65.5
65.4
66.2
66.4
65.3
65.9
66.2
65.4
65.3
65.8
66.2
70.1
69.3
69.0
68.5
67.7
66.7
67.4
66.6
65.9
66.5
66.0
65.5
65.0
64.9
65.2
65.1
65.2
65.0
64.7
64.4
64.2
64.4
65.5
65.0
66.6
67.6
67.5
67.2
67.0
66.3
65.0
64.4
65.0
64.8
64.3
64.1
65.7
66.4
66.4
69.9
67.3
66.5
66.3
66.2
65.5
64.8
64.4
64.2
64.0
64.3
64.4
64.5
63.3
65.0
65.5
65.6
65.7
65.0
64.4
63.4
62.9
62.4
62.8
62.8
64.0
63.4
63.7
64.0
64.5
64.2
64.5
64.0
63.3
62.8
62.9
63.2
63.5
63.9
63.8
64.0
63.3
63.8
62.7
63.8
64.2
64.5
63.5
64.6
65.4
66.7
67.6
67.1
69.4
69.0
69.2
68.1
66.7
66.0
65.4
66.0
66.6
66.6
66.1
66.5
65.2
66.1
66.0
66.4
65.0
65.8
66.0
65.8
66.2
64.8
66.3
66.2
66.1
66.9
66.5
66.8
65.9
65.0
65.6
65.6
65.6
66.6
65.6
67.5
66.7
68.4
68.1
68.0
67.5
66.5
66.5
67.6
66.9
66.1
65.3
66.3
66.9
67.8
67.5
67.9
66.2
66.4
66.3
66.1
65.1
66.0
66.0
66.1
65.0
65.7
65.4
66.9
67.3
67.0
66.2
65.7
67.1
67.1
67.4
68.0
67.4
67.8
66.8
66.1
65.4
65.7
65.6
64.7
64.8
65.0
64.0
66.0
65.5
65.5
67.8
66.9
68.0
68.0
67.9
67.5
67.9
68.5
68.9
71.2
68.7
68.4
67.8
67.7
67.5
68.8
67.2
67.0
66.6
64.9
66.0
65.6
65.3
66.2
65.7
65.5
68.2
70.7
73.1
71.8
70.6
71.0
70.8
71.4
72.0
70.7
72.7
70.0
72.0
71.5
73.5
77.7
74.5
74.1
72.9
71.5
70.1
68.9
67.9
66.7
66.3
67.7
66.5
66.6
66.8
67.0
66.5
68.1
69.69999999999999
68.23333333333333
68.3
67.2
67.6
66.3
67.8
65.7
65.7
65.5
66.1
65.2
64.9
64.6
63.2
64.6
64.3
64.5
65.6
65.5
64.6
65.2
64.6
63.8
64.3
66.0
65.6
64.9
65.2
64.1
65.1
63.4
62.9
63.6
63.8
63.2
64.2
63.8
65.0
64.3
63.5
63.8
65.0
64.7
64.8
64.6
63.7
64.9
64.8
65.0
65.6
64.8
63.8
63.7
63.6
65.1
64.7
64.5
65.2
65.5
66.0
64.9
65.3
65.6
65.4
66.0
67.2
66.8
65.2
65.0
63.4
62.8
61.9
62.2
62.3
60.9
61.6
61.1
60.4
59.6
60.5
62.0
61.4
60.6
60.5
60.6
60.3
60.5
60.1
59.4
59.8
59.3
59.4
60.0
59.0
60.4
61.3
62.8
62.2
62.2
61.2
60.9
59.7
60.3
60.5
61.2
60.6
61.4
61.8
61.1
61.1
60.2
61.3
61.9
61.1
61.1
60.7
61.4
62.4
68.1
65.1
64.5
63.2
63.4
61.7
62.3
61.6
62.0
62.0
61.9
61.6
61.7
62.2
61.9
62.8
62.4
63.5
64.4
64.0
63.4
61.2
62.7
62.3
64.0
62.1
64.1
64.2
65.4
66.6
64.5
64.6
64.5
64.9
63.3
64.0
64.8
63.9
66.8
67.7
67.2
67.6
66.5
64.9
65.9
64.6
64.8
67.8
68.8
70.1
70.5
69.6
68.9
67.0
66.4
66.3
65.3
64.6
64.8
65.4
64.8
65.9
64.1
65.9
64.7
63.8
64.6
64.2
63.0
65.2
65.0
64.9
64.2
65.4
64.3
63.7
65.4
63.8
64.9
64.6
65.8
65.2
63.7
63.9
64.2
64.6
65.5
65.4
65.2
64.2
64.6
64.6
63.9
63.8
63.6
63.5
63.7
66.0
66.6
67.5
66.1
65.8
66.3
66.2
66.3
66.5
65.9
65.8
65.4
65.8
65.6
65.3
66.4
65.2
66.7
67.9
66.4
68.6
68.2
67.1
68.2
67.9
68.7
67.8
67.6
68.9
69.9
71.3
73.2
73.9
73.1
74.8
75.2
76.3
77.6
75.8
76.0
76.4
77.9
79.0
76.7
73.2
71.6
72.9
71.4
71.9
69.7
70.0
70.9
69.4
68.7
68.3
66.7
66.2
66.2
66.5
65.8
64.5
65.8
65.6
67.1
65.2
66.2
66.0
66.2
67.3
66.6
66.5
65.9
66.1
66.7
68.2
69.3
69.7
71.1
70.6
68.0
67.7
68.3
66.9
66.1
66.4
66.4
66.2
66.4
67.2
66.6
66.8
67.3
66.9
66.5
66.5
65.1
65.9
68.7
67.1
67.0
66.5
66.5
67.5
67.8
66.1
67.3
67.6
67.6
66.8
67.4
67.0
67.4
67.6
68.7
68.2
67.9
68.3
69.4
73.2
73.8
75.9
77.2
75.9
76.2
72.0
75.8
73.6
73.2
71.5
71.9
70.9
70.9
71.2
68.0
70.3
71.4
72.5
74.2
70.8
72.2
73.7
76.0
72.4
70.9
70.9
71.0
71.1
70.0
68.2
69.5
68.5
68.4
68.2
68.8
67.7
68.9
69.1
68.7
70.9
73.5
73.1
73.6
73.1
73.2
74.2
73.7
78.6
79.6
77.1
79.4
76.4
75.5
75.3
74.3
71.8
69.4
70.1
70.5
69.4
68.8
67.8
67.2
68.4
69.3
70.4
68.7
70.6
70.4
74.0
73.0
75.1
79.8
82.7
84.2
83.2
78.1
76.6
74.9
74.2
76.0
76.1
74.1
72.2
72.0
72.1
71.7
70.5
68.8
68.0
67.7
69.1
68.6
70.3
67.9
66.5
67.5
67.8
68.2
69.3
67.4
66.4
67.0
66.5
67.8
68.8
66.6
67.1
65.8
67.0
66.2
66.0
65.8
64.9
64.00000000000001
66.1
66.1
64.4
70.4
75.8
71.9
70.3
69.6
68.2
68.1
67.0
66.8
67.9
67.5
65.7
67.3
67.8
65.8
67.1
67.1
66.4
67.0
68.0
65.5
66.5
66.3
68.1
68.2
67.3
65.6
67.0
67.5
67.4
66.5
67.6
67.1
67.3
66.8
68.2
66.3
66.5
66.8
67.2
67.2
66.8
67.2
67.1
67.0
66.5
66.5
66.0
66.5
66.0
65.6
66.8
66.5
66.0
67.4
68.0
67.3
67.6
66.8
67.5
67.9
67.9
68.5
69.0
67.7
68.2
68.6
67.5
68.0
66.5
66.8
67.6
68.1
68.1
68.7
67.9
67.9
68.7
68.3
68.1
67.7
69.0
69.5
69.9
69.9
72.5
72.5
74.0
73.1
69.9
69.3
69.4
68.0
68.6
68.6
68.0
69.1
69.1
68.2
68.4
68.2
66.8
67.4
68.8
68.0
66.8
68.8
69.4
68.9
69.5
69.1
68.0
68.3
68.8
67.9
67.6
68.0
67.8
68.2
67.0
67.8
67.5
67.3
67.3
67.4
67.4
67.7
67.1
68.2
67.0
65.9
67.9
67.1
67.4
66.8
67.5
67.4
67.1
67.0
67.5
66.8
66.8
67.6
67.3
66.9
67.0
67.1
66.1
66.4
66.8
67.2
66.6
67.4
66.3
67.6
66.7
65.9
67.5
66.9
67.6
67.0
67.0
67.2
66.7
66.8
67.5
66.1
66.7
67.3
67.2
66.0
68.4
67.7
66.6
67.5
66.9
67.0
68.0
68.1
68.3
68.2
67.9
68.1
68.2
65.9
66.8
68.4
72.3
73.4
74.6
72.2
68.3
69.8
68.4
67.5
66.8
67.3
67.0
66.7
67.2
67.2
66.9
66.8
68.0
69.2
68.8
67.8
67.6
67.6
66.6
66.6
65.7
65.6
66.1
66.2
66.1
65.1
64.3
64.8
65.7
65.3
65.4
64.8
65.1
65.2
65.4
64.6
65.8
65.4
65.9
65.8
65.0
66.1
66.1
65.5
65.7
66.0
65.8
65.3
66.1
64.5
64.7
64.7
64.6
65.6
63.6
64.2
63.9
65.5
65.7
66.5
65.4
65.3
65.5
66.1
66.8
66.5
66.0
66.0
66.5
66.9
66.3
66.2
65.4
66.2
66.2
65.5
64.8
69.7
68.7
66.9
67.2
66.6
65.8
65.6
65.5
65.9
66.0
65.4
65.1
65.8
66.4
65.5
66.2
65.3
65.9
65.5
65.7
65.2
66.3
66.3
66.4
65.7
65.5
66.2
66.1
66.1
66.2
66.1
65.7
65.9
65.0
65.6
64.1
64.9
66.0
65.6
64.9
67.0
64.7
65.5
65.6
65.5
64.6
65.5
64.4
64.6
64.5
66.1
67.0
66.4
65.5
65.4
65.2
65.2
65.0
65.8
65.1
64.5
65.7
66.0
66.1
66.1
66.1
64.6
65.5
64.9
63.3
63.0
62.6
62.7
62.4
62.1
62.4
62.9
63.2
62.6
62.2
63.3
62.7
62.5
62.6
63.2
63.8
63.3
62.7
63.3
62.8
63.8
64.1
65.8
65.2
65.1
66.2
68.3
68.1
68.5
67.0
66.4
66.4
65.6
64.7
64.7
65.5
65.4
65.7
66.1
65.9
65.5
66.6
65.9
65.9
65.8
66.2
66.3
65.1
65.0
66.3
64.4
65.3
65.6
66.3
65.5
64.6
66.6
64.8
67.9
66.7
66.6
65.4
66.7
66.4
66.1
66.2
65.3
65.8
65.4
65.5
65.5
64.8
63.2
63.5
65.0
63.8
62.4
63.0
61.4
61.0
60.6
59.9
58.6
59.7
58.7
58.3
58.4
57.8
57.9
58.1
58.7
57.5
58.5
58.2
57.8
58.4
56.9
57.7
57.3
57.8
58.6
58.8
57.8
59.3
60.3
61.1
62.2
62.1
62.1
62.1
62.7
64.0
62.7
62.0
61.5
61.0
60.4
60.8
63.4
67.4
68.1
69.5
69.1
68.4
68.8
67.4
67.2
67.8
65.0
64.5
63.2
68.0
66.7
63.9
62.5
62.8
62.4
62.2
61.9
63.3
62.2
62.7
63.9
67.9
67.7
62.6
63.4
62.9
61.9
64.9
66.4
64.1
64.9
63.4
62.9
61.6
60.2
72.7
66.5
66.3
63.1
61.7
60.1
60.2
59.9
59.7
62.0
60.9
60.9
62.4
61.5
60.8
60.3
61.6
62.8
62.4
62.3
61.5
63.1
60.4
62.2
60.8
61.7
61.4
61.2
61.1
62.2
60.8
61.4
61.3
61.8
62.6
61.2
60.4
58.5
58.5
59.1
60.4
60.5
57.8
57.6
59.1
57.7
57.9
58.2
59.7
60.1
59.9
58.6
58.4
58.6
59.1
59.7
59.5
60.7
58.7
58.7
59.6
60.9
60.6
59.6
60.6
59.1
60.2
60.6
62.3
60.2
60.0
61.3
60.3
60.3
61.9
59.9
61.3
61.5
60.7
60.2
61.2
61.3
60.6
60.1
63.0
61.4
61.0
61.0
62.2
62.4
62.2
61.2
61.0
61.8
60.9
59.9
61.8
63.8
63.0
63.1
62.6
61.7
61.3
61.1
60.4
60.3
60.5
59.2
59.2
58.6
58.9
58.6
58.7
58.7
58.8
59.5
58.5
60.0
60.1
59.9
59.1
60.0
60.4
61.2
60.0
60.8
61.1
60.8
62.9
69.7
63.6
64.0
67.0
65.9
64.9
63.5
63.5
62.2
62.1
62.0
62.5
62.9
62.4
62.6
61.5
62.3
62.0
60.9
61.7
61.1
62.4
62.0
61.4
62.8
61.9
61.5
62.8
62.1
61.4
62.3
60.6
62.0
61.4
62.5
62.7
62.2
61.5
63.1
62.4
62.7
62.5
62.0
63.3
62.2
63.1
62.4
62.7
62.8
61.7
62.5
63.6
61.2
62.7
62.6
62.9
61.5
62.4
63.1
63.6
62.5
61.9
62.9
62.2
64.1
64.1
64.6
63.4
63.3
63.8
63.7
62.8
62.3
61.9
61.1
61.2
61.2
61.6
62.1
62.5
62.5
63.1
62.1
62.1
61.7
63.3
65.3
63.8
64.8
64.8
64.6
64.0
63.5
63.6
63.2
62.9
63.9
63.4
63.3
63.4
63.0
65.8
65.6
65.5
64.5
64.3
64.6
64.1
65.2
63.1
63.5
64.1
64.2
64.3
64.7
65.1
64.7
63.6
64.5
64.1
64.2
63.5
63.8
65.4
64.8
67.1
65.2
64.5
64.6
65.3
65.2
64.8
65.7
64.9
65.1
64.5
64.8
65.9
63.7
65.7
65.2
65.4
65.3
64.7
64.5
64.7
64.3
64.3
64.4
65.9
67.0
64.0
64.1
63.8
63.7
64.0
64.0
64.4
63.4
64.1
63.8
63.4
64.0
64.5
63.6
63.7
62.8
63.2
63.7
62.4
63.4
63.9
63.1
63.1
64.3
63.7
63.2
64.5
63.3
64.0
65.4
63.4
63.6
63.8
64.8
63.8
64.5
63.5
63.1
64.4
63.3
64.2
62.9
62.4
63.4
62.4
64.0
63.7
62.7
64.2
64.0
64.3
64.3
62.0
62.9
63.0
63.1
64.5
64.7
63.2
64.2
64.9
64.1
63.4
63.8
63.0
64.4
64.5
65.1
64.2
66.2
71.0
70.2
64.3
64.1
63.5
63.6
64.4
64.0
63.7
63.6
63.0
62.7
61.0
60.4
62.5
61.2
61.0
63.8
66.4
65.6
66.7
65.7
63.0
62.5
62.7
62.2
61.7
61.0
61.0
62.4
62.5
61.7
60.7
62.1
60.9
62.0
62.1
62.1
63.2
62.5
61.3
60.4
60.0
61.9
62.1
61.9
61.5
61.7
60.8
62.3
63.3
60.5
57.8
58.3
56.4
61.4
62.3
64.6
64.5
66.2
66.1
63.8
62.6
59.9
57.7
59.4
59.0
58.6
58.2
59.9
59.2
61.3
59.9
60.8
60.2
61.5
60.7
61.6
62.8
62.2
64.9
64.2
63.5
63.1
61.2
61.2
61.7
60.8
61.7
62.5
62.4
62.3
61.1
65.8
65.1
63.7
64.7
63.0
63.8
62.7
63.4
63.3
63.1
63.5
63.2
62.6
63.5
63.3
63.8
61.7
62.5
61.4
61.4
62.0
62.2
60.9
64.4
62.2
64.0
63.2
62.8
62.6
63.2
63.0
63.0
62.2
63.0
61.8
60.9
63.0
61.4
63.2
63.1
63.4
62.9
62.6
62.5
63.0
63.0
62.3
64.2
65.0
61.0
65.3
62.6
62.8
61.6
59.5
62.0
62.6
61.6
63.5
63.8
62.8
63.1
63.3
61.8
60.9
63.0
63.6
65.4
62.5
63.4
62.5
61.4
63.8
62.8
66.2
60.4
60.0
61.8
61.0
59.7
61.5
62.8
62.2
60.1
59.8
58.6
62.4
63.0
64.3
64.8
65.3
64.9
64.1
63.5
65.6
63.5
62.7
62.6
63.1
63.3
63.5
62.5
64.4
62.2
62.9
63.3
62.7
61.8
62.3
63.0
63.9
63.9
62.6
63.6
62.9
62.8
64.0
66.1
65.2
63.9
65.2
62.9
62.5
61.8
62.8
62.4
61.4
61.4
61.8
62.5
62.4
62.2
61.0
62.3
63.2
63.5
62.8
63.0
64.7
63.1
63.7
62.9
64.1
62.8
62.9
63.2
62.4
61.5
62.0
64.1
62.9
63.0
62.8
63.7
63.6
63.6
63.1
63.6
62.1
62.6
63.7
64.1
63.2
64.6
63.8
63.7
64.5
62.6
67.5
71.1
73.8
69.2
67.0
65.3
65.5
65.3
64.5
63.8
63.4
63.6
63.9
64.3
63.7
63.5
62.8
63.6
64.0
62.0
61.5
63.3
63.4
63.4
63.6
62.5
62.4
61.0
62.2
63.400000000000006
62.39858156028369
62.49787234042554
62.59716312056738
62.69645390070922
62.795744680851065
62.89503546099291
62.99432624113476
63.0936170212766
63.19290780141844
63.292198581560285
63.39148936170213
63.49078014184398
63.59007092198582
63.68936170212766
63.788652482269505
63.88794326241135
63.9872340425532
64.08652482269504
64.18581560283688
64.28510638297873
64.38439716312057
64.48368794326241
64.58297872340425
64.68226950354611
64.78156028368795
64.8808510638298
64.98014184397164
65.07943262411348
65.17872340425532
65.27801418439716
65.37730496453901
65.47659574468085
65.57588652482269
65.67517730496454
65.77446808510639
65.87375886524823
65.97304964539008
66.07234042553192
66.17163120567376
66.2709219858156
66.37021276595745
66.46950354609929
66.56879432624113
66.66808510638299
66.76737588652483
66.86666666666667
66.96595744680852
67.06524822695036
67.1645390070922
67.26382978723404
67.36312056737589
67.46241134751773
67.56170212765957
67.66099290780141
67.76028368794327
67.85957446808511
67.95886524822696
68.0581560283688
68.15744680851064
68.25673758865248
68.35602836879433
68.45531914893617
68.55460992907801
68.65390070921987
68.75319148936171
68.85248226950355
68.9517730496454
69.05106382978724
69.15035460992908
69.24964539007092
69.34893617021277
69.44822695035461
69.54751773049645
69.6468085106383
69.74609929078015
69.845390070922
69.94468085106384
70.04397163120568
70.14326241134752
70.24255319148936
70.3418439716312
70.44113475177305
70.54042553191489
70.63971631205675
70.73900709219859
70.83829787234043
70.93758865248228
71.03687943262412
71.13617021276596
71.2354609929078
71.33475177304965
71.43404255319149
71.53333333333333
71.63262411347517
71.73191489361702
71.83120567375887
71.93049645390072
72.02978723404256
72.1290780141844
72.22836879432624
72.32765957446809
72.42695035460993
72.52624113475177
72.62553191489363
72.72482269503547
72.82411347517731
72.92340425531916
73.022695035461
73.12198581560284
73.22127659574468
73.32056737588653
73.41985815602837
73.51914893617021
73.61843971631205
73.7177304964539
73.81702127659575
73.9163120567376
74.01560283687944
74.11489361702128
74.21418439716312
74.31347517730497
74.41276595744681
74.51205673758865
74.61134751773051
74.71063829787235
74.80992907801419
74.90921985815604
75.00851063829788
75.10780141843972
75.20709219858156
75.3063829787234
75.40567375886525
75.50496453900709
75.60425531914893
75.70354609929078
75.80283687943263
75.90212765957448
76.00141843971632
76.10070921985816
76.2
73.3
71.1
70.0
69.7
72.5
71.0
69.5
69.2
68.5
68.4
68.4
67.2
68.5
67.7
67.6
69.0
67.7
68.1
65.8
67.7
67.0
66.1
65.9
65.6
66.3
66.1
66.5
66.6
67.2
66.1
66.0
66.0
64.8
63.9
64.8
65.8
65.6
63.8
65.8
66.3
65.4
63.3
64.6
64.5
64.5
63.3
64.7
64.3
64.5
63.2
64.4
63.5
64.7
63.9
64.6
64.5
63.4
62.8
63.1
63.5
61.5
61.0
61.5
61.8
62.1
63.6
61.3
61.8
62.2
61.5
62.6
63.7
62.6
62.4
62.9
63.3
62.8
62.6
63.0
64.2
63.9
64.2
65.1
64.5
64.9
65.5
65.2
64.3
64.7
63.9
63.7
64.7
65.6
63.7
64.7
62.9
63.3
64.2
63.9
64.5
64.8
63.5
63.4
62.4
63.7
63.7
65.0
64.6
65.1
65.0
62.8
63.8
64.1
64.6
64.9
64.3
63.6
63.0
60.4
60.4
61.4
61.4
61.7
62.1
60.7
61.8
61.4
62.6
61.5
64.4
63.5
64.4
64.4
65.7
64.1
61.6
64.5
65.3
66.2
67.0
65.5
65.2
65.0
65.9
63.9
64.7
66.4
65.8
66.7
65.0
64.7
64.9
64.7
65.8
65.8
66.4
66.9
66.9
69.5
67.9
67.0
68.3
68.5
67.4
66.9
66.4
66.5
66.2
67.4
66.9
67.0
65.9
66.8
66.9
66.7
65.5
65.9
66.3
66.2
65.6
66.4
66.6
66.2
65.8
65.0
65.0
65.4
65.1
64.6
64.3
65.9
65.4
65.5
65.9
66.4
66.9
65.4
64.9
64.2
65.3
65.2
65.3
64.7
65.4
64.3
65.9
65.5
64.7
64.7
65.7
64.8
65.1
65.0
63.1
64.4
64.5
65.2
65.8
64.8
65.6
66.6
64.8
65.0
65.6
65.3
66.7
66.3
66.7
65.5
64.3
65.2
65.0
65.2
65.7
68.5
68.2
67.2
67.0
66.3
66.6
66.5
65.9
66.5
66.2
64.7
63.9
66.0
65.8
66.5
67.3
67.6
67.4
67.3
66.6
66.4
66.8
65.8
64.7
65.3
65.2
65.9
65.1
64.7
63.4
63.6
64.5
63.8
63.8
63.6
63.3
64.0
64.3
63.9
64.5
63.8
63.3
63.2
64.0
64.7
63.6
63.8
64.0
63.4
63.3
65.0
63.1
64.5
63.8
61.2
62.5
65.9
68.1
66.8
66.9
66.2
66.2
65.5
65.6
64.4
63.2
64.6
64.4
64.8
65.4
64.8
65.0
65.6
66.0
65.5
65.6
65.2
65.1
65.8
65.5
66.0
65.7
66.2
66.1
65.1
65.5
64.2
63.1
65.4
65.3
66.0
66.4
64.1
64.7
64.5
64.1
64.3
64.0
64.6
63.8
64.0
63.3
63.9
63.1
61.6
62.4
62.9
62.1
61.9
62.4
63.3
62.9
62.4
59.9
65.6
65.7
64.8
63.7
62.7
62.1
62.9
62.0
62.7
62.3
62.1
63.0
63.4
63.0
63.2
64.2
62.1
60.9
63.2
70.4
70.0
67.5
66.4
65.7
65.1
64.1
63.9
63.3
62.7
63.2
62.9
62.4
64.4
65.7
65.4
65.9
65.4
65.1
63.8
65.4
70.1
69.3
68.1
67.2
68.2
68.1
66.9
67.3
65.8
66.0
65.3
65.6
66.1
65.4
66.0
66.6
66.3
66.6
67.6
66.9
67.5
66.0
65.4
66.6
73.7
70.9
65.8
68.4
65.1
66.0
67.0
65.5
65.8
65.9
66.5
67.0
66.5
64.6
64.6
66.6
64.6
64.1
64.7
65.0
63.8
62.8
64.3
64.6
64.4
63.9
64.1
64.3
63.6
64.0
64.1
63.2
63.9
63.3
63.5
63.2
63.7
63.7
65.0
65.1
64.2
64.5
65.4
64.5
64.3
64.1
64.6
64.7
64.2
64.2
64.8
65.6
66.1
65.8
65.6
68.8
75.7
66.6
65.3
69.6
67.8
67.7
67.0
66.1
66.7
66.7
66.5
69.0
66.2
65.6
66.4
66.7
65.6
67.5
67.3
79.8
68.0
68.0
65.7
65.9
66.6
67.2
65.7
66.9
63.4
64.7
66.4
65.2
65.9
65.2
65.7
65.4
65.5
66.0
70.3
73.6
68.7
65.3
67.8
66.1
67.4
67.0
69.2
70.3
68.5
65.3
66.6
65.7
70.3
77.2
66.5
66.7
64.9
69.5
68.2
67.6
66.6
67.7
66.8
67.0
69.5
71.8
70.4
74.6
71.2
67.8
72.6
67.8
68.1
65.4
67.4
66.7
66.8
66.6
66.7
67.1
67.1
66.8
67.6
67.0
66.8
67.6
65.4
65.2
66.1
66.3
63.5
64.8
64.5
66.3
67.2
66.8
66.8
66.5
68.4
66.8
67.7
67.0
67.2
66.4
67.1
65.2
66.7
65.0
65.2
64.1
65.0
64.7
63.8
64.4
64.5
63.6
63.1
63.2
62.9
62.9
63.0
61.8
62.2
62.2
61.9
62.2
62.7
62.2
62.5
64.6
65.8
62.0
61.8
62.5
63.0
62.5
60.2
62.5
62.4
61.6
60.9
61.2
61.4
61.8
59.4
62.3
61.6
60.8
61.5
61.6
62.8
61.4
62.1
62.9
60.5
60.7
62.5
61.6
62.1
59.3
59.9
60.6
61.2
60.9
59.8
60.9
59.9
60.3
60.7
59.3
60.0
61.0
60.6
61.0
61.1
60.9
60.6
60.4
59.9
60.5
60.8
60.7
60.5
60.2
60.6
60.3
60.3
61.0
60.8
58.7
59.2
62.0
61.5
61.3
71.0
60.9
63.7
63.1
62.7
62.1
62.9
63.6
63.2
62.8
63.9
63.7
64.3
63.5
64.1
63.1
63.6
63.6
63.5
63.6
63.2
63.3
63.1
63.1
62.0
62.4
61.9
61.2
60.6
62.0
62.5
63.0
61.3
61.5
61.9
61.2
60.4
61.4
61.2
60.8
62.6
61.3
61.3
61.9
61.4
60.1
60.4
61.2
61.1
59.6
60.5
60.7
61.8
61.3
59.5
60.0
60.7
61.1
59.2
59.2
59.4
61.5
60.6
60.6
61.6
60.8
61.5
61.1
61.1
60.5
61.5
61.3
63.9
63.1
62.7
62.4
62.8
63.1
62.4
62.4
62.2
61.7
63.1
63.2
62.1
63.2
64.5
63.1
62.9
62.4
63.4
62.2
62.8
63.4
62.9
63.9
62.9
61.3
61.5
59.8
62.9
64.1
63.1
61.9
61.4
67.9
68.0
64.8
64.8
68.3
64.9
64.2
64.0
63.3
63.0
63.3
67.5
62.3
62.6
62.5
63.1
62.6
63.0
61.6
61.7
61.7
62.6
62.7
62.7
62.4
62.5
62.8
61.2
62.6
62.2
62.1
60.9
62.9
62.8
61.4
62.6
62.9
62.9
62.0
61.8
62.3
63.5
63.2
62.2
63.5
62.0
61.9
62.0
62.7
63.5
61.7
61.3
61.3
60.9
62.9
62.0
62.7
61.8
60.7
60.4
60.5
60.5
61.1
61.0
63.5
64.0
64.6
63.7
65.1
65.1
63.1
65.0
64.0
62.8
63.5
64.6
63.9
63.6
64.9
65.2
64.6
64.7
64.2
65.1
64.2
63.0
63.3
63.3
65.0
63.8
64.4
63.8
63.6
64.1
64.3
65.7
68.4
64.8
65.4
64.9
65.1
66.5
65.5
64.8
68.6
65.7
65.7
62.4
62.7
66.9
65.8
63.9
62.8
65.1
65.1
63.9
64.7
64.3
65.9
65.8
64.9
65.5
65.1
64.5
65.3
66.1
65.6
65.4
68.6
66.1
65.8
64.7
65.7
66.2
65.5
65.3
65.5
66.2
65.4
65.5
65.3
66.8
66.7
66.0
66.0
65.8
66.0
65.9
66.7
66.8
66.5
67.3
69.9
67.9
68.4
68.4
68.5
67.1
67.7
67.5
67.8
67.8
66.8
67.1
69.8
70.6
69.6
70.3
69.7
68.8
68.4
69.9
71.0
69.8
73.9
76.5
76.7
76.6
77.9
74.7
73.5
70.4
71.1
68.8
69.7
68.8
68.9
68.4
68.5
69.5
70.1
70.3
70.0
70.8
70.6
69.8
70.7
70.7
70.7
72.3
70.4
74.0
73.3
72.8
72.0
72.4
73.4
73.6
72.0
71.9
73.1
73.3
74.8
77.5
76.2
77.0
75.5
74.5
73.6
72.9
73.1
73.2
72.8
72.5
72.1
72.5
73.5
73.5
73.6
73.1
73.2
72.5
72.7
71.8
74.4
74.8
75.7
74.6
74.1
73.1
73.2
72.8
73.0
73.5
72.3
72.6
74.0
71.5
74.0
78.2
78.3
79.1
81.9
82.8
83.6
81.6
81.0
80.7
79.8
79.7
79.7
78.5
77.6
77.2
77.0
79.1
80.3
81.5
80.7
80.3
81.9
81.5
83.5
83.1
83.6
83.2
81.9
81.9
82.3
82.0
81.8
82.0
80.8
82.1
81.1
81.7
81.2
81.9
81.7
84.1
83.6
83.5
83.1
84.2
84.6
84.4
84.1
83.3
85.0
84.5
84.7
86.3
87.7
88.1
89.0
91.3
93.4
93.6
97.6
99.6
96.3
96.9
97.6
95.4
94.7
99.8
99.8
98.1
95.3
95.7
96.6
96.3
94.9
98.6
97.0
99.4
102.5
99.1
96.8
97.6
96.7
95.9
95.2
93.7
96.0
94.6
97.6
99.6
99.7
99.1
99.4
100.7
101.0
105.0
102.8
101.0
99.4
97.4
97.0
97.3
93.6
98.5
97.0
96.8
93.8
95.9
95.3
91.7
94.1
93.0
91.2
92.8
90.4
92.1
92.1
93.3
92.8
90.9
93.0
94.0
94.9
97.8
97.8
95.9
92.8
95.0
92.9
96.9
95.3
96.5
94.7
92.9
91.9
94.3
96.8
94.9
94.8
95.3
97.0
96.6
96.3
95.9
96.0
95.0
92.9
92.0
91.2
90.2
89.9
91.1
91.1
90.3
89.2
89.3
90.9
90.9
92.1
91.2
92.3
87.5
91.0
88.9
88.1
90.0
89.1
90.7
92.9
93.2
97.0
93.2
93.0
91.3
93.0
96.5
92.5
91.2
95.9
89.4
88.9
87.8
90.3
88.6
88.6
90.1
89.9
88.7
89.1
88.8
88.1
88.5
88.1
88.7
89.6
88.1
90.3
88.1
89.6
89.7
88.9
90.0
89.9
89.3
89.7
87.4
90.3
91.7
90.3
92.8
92.8
93.7
92.7
93.1
91.4
92.2
92.5
91.9
90.6
89.6
96.1
95.3
97.4
92.9
94.7
93.8
90.8
90.7
91.2
90.3
90.7
90.3
89.7
88.3
89.0
89.7
88.33333333333333
88.0
87.66666666666667
87.33333333333333
87.0
86.9
87.7
87.3
87.9
88.0
86.7
84.9
86.9
86.4
83.8
87.1
87.8
86.6
87.4
87.5
87.5
87.4
87.9
85.9
87.4
88.4
91.1
94.5
95.6
97.2
99.9
97.8
95.8
95.2
92.6
94.1
91.9
91.1
90.6
90.0
89.8
89.4
88.9
89.3
89.9
89.9
89.4
88.5
88.5
89.5
87.0
81.5
85.3
87.4
83.2
83.3
89.0
87.7
86.9
92.7
92.7
92.1
91.8
92.3
90.1
90.9
90.1
89.9
90.1
89.3
89.4
88.8
95.0
89.8
88.2
87.7
89.5
91.6
90.4
93.1
95.7
90.9
90.8
91.4
94.4
91.3
90.8
89.9
88.2
85.7
92.5
93.4
88.9
87.5
85.4
85.8
85.9
87.0
89.4
90.3
88.7
95.7
91.6
88.6
94.4
94.5
93.4
92.6
92.3
92.5
94.5
93.7
94.3
92.2
92.7
93.6
95.0
93.2
92.3
92.1
90.2
88.8
90.1
88.9
94.0
94.6
93.7
91.3
91.6
88.4
88.0
89.1
89.8
89.3
88.0
85.3
87.5
87.6
86.8
86.7
85.9
87.8
88.5
87.5
86.6
88.3
88.7
87.5
86.2
86.4
88.0
88.5
89.9
89.4
90.8
90.5
91.2
89.8
91.4
90.2
90.5
89.7
90.7
87.5
88.5
90.1
91.4
92.1
95.1
93.4
93.9
87.7
90.4
89.2
89.0
92.6
92.6
94.3
91.7
93.0
93.0
94.6
89.8
89.5
96.9
95.1
91.4
88.0
91.7
90.6
90.6
92.9
90.8
90.4
92.1
92.2
91.0
91.3
92.3
93.3
91.8
92.1
91.3
91.7
92.5
91.3
92.1
91.9
91.9
91.0
92.7
91.6
92.3
91.4
89.6
88.8
90.5
90.5
92.8
93.6
90.8
89.0
92.7
92.1
88.8
91.6
92.7
93.3
91.6
90.6
90.3
90.8
90.5
89.7
93.6
90.9
88.8
92.0
95.9
92.9
94.2
96.2
89.4
103.4
95.3
91.2
95.3
90.1
89.9
87.7
91.5
89.6
87.5
90.0
92.8
91.3
91.7
91.4
89.2
89.0
88.1
95.0
91.2
89.2
92.3
93.8
88.3
90.1
90.3
90.6
87.3
87.0
86.5
83.7
85.6
87.8
85.3
87.3
85.2
87.3
86.5
86.8
85.9
87.0
86.9
87.8
88.9
88.0
87.4
88.0
89.8
89.1
88.2
88.0
86.8
87.0
83.0
85.2
86.1
88.1
88.1
85.8
85.8
86.1
86.9
86.6
82.6
83.7
88.1
87.8
88.0
87.7
87.1
85.9
85.7
87.0
82.8
79.4
82.8
85.2
87.3
86.0
85.5
86.7
85.2
86.1
85.4
84.5
82.6
83.9
84.1
83.4
83.4
84.3
83.9
81.9
80.5
82.7
82.0
81.1
81.8
83.2
83.5
82.5
80.9
81.0
83.0
82.6
83.2
82.4
81.60000000000001
82.3
82.5
83.0
81.4
81.8
82.2
81.8
82.8
82.1
82.0
83.2
82.2
81.6
82.5
84.9
83.8
81.9
82.3
81.4
79.4
80.8
81.4
81.7
84.4
83.1
84.6
84.6
83.6
82.3
82.0
82.1
83.0
82.3
83.4
82.7
84.2
84.3
84.8
82.8
80.9
83.7
84.2
84.0
83.6
82.9
83.1
82.4
84.2
82.2
81.1
81.3
82.0
80.8
80.7
80.2
83.8
81.9
84.9
80.1
81.7
83.4
83.0
84.0
81.3
82.8
82.3
83.0
82.1
81.3
81.3
80.4
80.0
81.5
80.9
82.8
82.3
80.7
81.4
81.1
80.0
78.7
79.3
79.9
80.2
80.3
79.4
80.7
79.9
80.4
78.3
79.3
80.6
80.4
79.3
79.1
81.3
80.3
80.6
81.6
80.3
80.3
80.8
81.1
78.7
78.5
80.7
84.7
84.1
82.8
83.5
83.4
80.1
80.3
81.2
79.0
82.7
80.1
84.4
82.7
83.8
82.4
83.3
84.0
83.9
82.6
81.8
80.6
82.8
83.7
84.6
86.8
86.3
89.6
86.8
86.1
84.8
84.6
84.4
84.9
83.5
83.5
84.7
85.1
85.4
84.6
85.0
85.0
84.4
84.4
84.2
82.1
84.8
85.2
83.8
83.5
83.6
84.5
84.2
84.5
84.7
84.5
86.3
85.2
84.9
84.6
84.6
84.4
84.2
83.9
83.5
84.4
82.4
82.4
81.7
81.8
81.6
81.9
81.9
81.0
82.1
82.2
81.3
81.0
82.0
82.1
82.3
82.0
81.6
79.7
83.2
83.5
84.3
84.2
84.0
83.2
83.0
82.8
87.9
86.6
86.2
83.9
83.6
83.4
81.6
81.1
83.0
81.5
80.9
80.3
80.2
78.6
76.7
82.3
87.4
85.4
85.4
83.8
83.4
83.0
82.9
82.7
81.1
80.5
81.7
79.2
78.9
82.1
81.2
81.1
85.8
82.8
82.7
83.0
82.7
81.4
79.5
81.1
81.5
81.5
82.6
82.2
82.1
85.1
82.2
81.6
82.2
82.0
84.8
78.9
83.2
84.1
82.0
83.2
86.2
81.3
86.4
93.6
88.6
87.2
88.0
82.0
82.3
84.1
81.1
84.0
83.3
82.7
82.9
81.6
83.0
82.1
83.3
81.9
80.5
82.6
82.3
81.1
80.4
80.9
81.4
80.6
80.4
81.6
80.9
80.9
83.4
83.4
83.4
83.9
84.1
82.4
82.5
80.4
80.9
78.8
80.8
80.4
79.9
81.2
80.4
80.4
80.8
81.6
79.1
81.0
81.1
79.9
79.6
79.5
79.4
78.1
79.2
79.9
79.9
80.2
79.7
81.9
80.2
79.3
78.7
78.0
79.5
79.4
79.7
79.7
77.0
78.2
78.0
78.6
77.4
78.3
81.3
84.4
83.6
84.3
82.8
82.6
81.7
81.1
80.8
81.9
79.7
80.3
80.4
79.0
79.6
80.2
81.1
80.8
80.4
80.2
80.0
79.3
79.5
80.8
78.7
79.4
78.6
79.1
79.9
80.0
80.7
79.5
79.3
79.2
79.8
78.9
80.0
80.3
79.8
80.1
81.1
79.6
79.3
80.2
80.6
81.8
80.2
79.9
78.3
78.3
79.2
80.1
79.5
78.4
78.3
79.5
79.1
79.4
79.5
78.5
78.4
77.4
75.8
76.7
74.8
79.7
79.2
78.7
77.5
78.1
77.0
77.8
76.8
77.8
76.3
76.4
75.4
76.7
77.1
79.0
77.4
78.6
77.5
78.6
78.5
77.2
76.6
75.7
76.4
76.6
76.3
75.5
77.1
77.9
76.6
77.1
76.7
77.5
77.2
75.5
78.0
79.5
79.4
78.0
78.7
77.7
78.7
78.4
79.0
79.0
80.1
79.4
79.3
78.5
79.4
78.8
78.2
78.4
76.6
79.5
78.9
80.2
79.0
80.0
79.3
77.9
76.3
78.2
78.3
77.8
77.0
78.1
77.1
77.9
77.1
76.6
76.8
80.0
77.5
77.1
77.3
77.5
77.3
79.0
81.6
79.0
78.3
80.9
81.4
81.6
80.5
80.6
79.4
80.4
79.4
77.3
77.9
77.8
79.0
78.7
81.3
79.4
78.5
78.6
78.1
79.1
77.0
77.9
78.2
79.1
76.7
78.0
77.6
77.4
78.3
76.9
76.9
77.0
79.1
78.3
79.2
79.0
78.2
78.3
77.2
77.8
79.6
75.4
75.6
78.8
78.1
83.1
84.1
82.8
82.9
83.3
81.9
81.6
80.9
80.8
79.7
80.2
78.3
79.7
78.7
79.6
79.2
78.8
79.4
79.8
79.6
80.4
79.6
80.3
79.7
79.5
79.7
80.7
81.2
80.2
82.2
81.3
82.1
82.1
84.0
81.1
79.9
80.1
80.3
77.7
81.8
79.8
78.0
78.6
80.9
79.9
77.0
77.9
74.2
75.2
74.5
77.0
77.6
78.5
78.2
77.1
75.9
75.7
77.0
77.9
78.8
78.7
77.9
78.6
79.2
79.0
77.1
76.9
75.9
74.9
74.4
75.2
76.0
76.8
74.0
75.4
73.2
75.0
76.0
75.0
74.8
74.5
74.2
75.2
74.0
74.3
74.4
74.6
74.4
76.4
74.7
75.5
75.1
73.6
75.1
75.5
76.8
77.1
77.4
75.9
74.7
75.3
75.8
75.9
76.7
77.2
75.2
75.5
75.9
75.0
76.5
75.6
77.0
75.9
76.1
76.5
76.8
75.6
75.7
76.1
76.7
77.3
76.6
76.8
76.9
76.5
75.7
75.9
75.4
76.0
77.6
75.5
76.3
76.0
77.9
76.5
71.9
73.0
74.7
75.8
75.9
75.1
76.0
78.5
79.3
79.9
75.3
77.5
82.6
82.1
81.1
79.2
80.2
82.0
82.5
83.3
81.1
82.1
81.5
80.5
78.9
76.8
82.3
82.1
80.1
79.3
77.4
79.7
80.4
80.4
80.4
81.6
79.3
76.3
78.9
79.1
81.4
81.1
81.2
79.5
78.9
78.8
78.7
81.3
80.2
82.9
81.2
80.5
78.5
75.9
74.7
78.8
78.8
77.8
75.5
75.4
73.5
76.0
75.4
74.4
74.4
76.3
76.6
75.4
74.6
77.4
79.2
80.5
80.8
81.2
80.1
78.8
78.2
77.4
77.0
81.7
79.5
80.8
79.9
80.2
79.1
79.1
76.7
78.1
81.4
80.1
88.5
76.4
78.1
77.7
74.9
79.0
77.5
79.4
79.6
78.2
77.4
80.2
81.4
84.2
83.8
82.5
82.3
80.2
79.3
79.6
78.6
78.4
78.6
79.9
79.9
83.1
81.4
80.5
79.8
79.8
78.8
79.6
77.8
78.3
78.9
80.2
80.9
81.3
81.9
80.9
81.5
82.0
82.2
83.7
83.6
86.1
82.8
81.6
80.8
81.4
83.2
82.7
82.7
84.2
83.7
85.0
84.5
83.9
83.5
82.6
83.1
84.2
84.3
82.9
82.8
84.0
85.4
84.8
83.7
83.6
87.6
87.3
85.4
86.2
86.9
86.5
86.2
86.8
86.6
86.6
85.7
87.4
87.7
86.8
86.6
87.0
86.5
88.4
85.9
87.5
84.0
86.0
87.5
89.3
88.6
87.7
87.6
85.9
87.5
88.3
87.5
88.6
86.0
87.7
85.8
89.4
88.0
85.9
88.4
88.2
88.8
88.3
86.2
87.8
88.4
90.4
89.3
88.8
87.5
87.5
88.7
87.4
87.5
88.2
86.2
85.0
88.0
85.9
86.1
88.7
87.5
86.0
86.9
84.9
83.5
82.6
83.7
81.0
84.3
87.2
84.1
85.4
85.9
83.2
84.9
85.3
87.6
86.8
86.6
84.6
85.3
84.1
82.8
83.0
83.8
85.2
84.5
85.0
84.4
84.6
85.0
84.8
85.1
86.5
85.5
83.9
85.4
84.7
82.5
83.3
82.6
85.2
84.0
84.5
84.7
85.0
84.3
84.5
83.9
84.0
83.5
84.1
84.1
85.5
84.4
84.2
84.7
83.8
85.7
85.4
84.5
85.4
85.1
87.5
84.3
84.2
82.7
85.3
87.2
87.9
87.3
87.5
87.1
85.9
84.9
83.4
83.8
78.1
83.7
82.5
81.4
81.3
81.4
80.6
80.8
81.4
80.2
80.8
81.7
80.6
80.9
80.2
80.8
82.5
82.6
83.6
85.6
80.6
81.8
82.1
81.1
81.9
81.2
82.7
80.9
78.9
82.2
78.2
81.0
80.5
80.8
81.9
80.9
80.2
79.2
80.7
81.0
80.8
79.6
79.9
79.4
80.1
80.9
78.6
78.6
78.5
79.8
79.1
79.3
79.3
80.8
81.0
81.1
81.1
81.8
80.6
81.5
81.0
81.4
82.1
82.0
80.8
83.5
83.1
82.8
83.4
84.0
80.6
83.2
80.4
86.2
82.8
85.0
84.4
83.2
80.4
79.7
80.8
81.0
81.1
81.7
80.6
79.6
79.3
79.9
79.5
78.7
78.4
79.5
78.7
80.9
79.8
78.4
80.1
82.1
80.9
79.9
82.2
81.7
82.3
85.5
86.8
86.6
86.0
86.1
88.1
87.8
87.1
92.2
88.5
89.2
87.8
89.2
88.4
89.2
89.9
88.7
89.4
91.9
90.4
89.9
90.4
92.4
92.4
91.3
91.1
90.2
90.7
90.0
90.5
92.0
91.4
90.8
92.2
90.6
90.9
90.7
89.1
91.3
92.6
94.2
89.1
91.5
91.3
88.9
98.9
91.9
92.6
89.6
90.3
91.6
87.1
88.4
85.9
82.0
85.7
88.6
89.6
87.2
89.9
84.2
85.9
88.0
87.3
88.1
88.6
89.5
87.2
87.9
87.7
88.3
88.7
91.0
89.2
88.2
88.1
88.0
87.7
86.4
88.0
88.1
88.6
87.2
85.8
85.7
86.6
85.0
89.1
89.8
85.2
83.8
86.7
88.2
87.1
86.2
87.3
82.8
83.4
85.1
84.7
86.2
84.5
85.8
87.6
88.0
87.2
88.1
84.8
86.8
86.3
86.6
86.1
89.0
91.9
90.9
90.0
90.2
87.5
87.6
86.6
87.3
91.6
93.1
91.0
90.4
88.8
87.8
86.8
86.4
84.5
84.1
85.5
87.7
86.7
85.3
84.5
84.1
82.1
84.5
86.6
84.6
84.8
84.3
85.1
84.6
85.5
87.0
87.0
85.5
84.6
86.8
80.2
82.4
84.6
87.6
84.9
86.7
85.4
86.8
85.6
87.1
85.5
85.1
84.6
85.0
84.4
87.0
85.7
85.3
85.6
87.5
85.7
85.7
84.5
85.4
85.2
81.9
83.1
83.7
85.5
84.5
84.1
88.3
84.7
84.3
83.5
81.4
82.7
85.6
84.9
84.4
83.3
84.4
84.8
84.3
84.8
80.9
81.1
83.5
83.1
85.3
83.5
85.2
83.9
82.9
84.6
82.3
84.9
84.1
83.5
81.8
83.0
83.2
83.1
81.3
81.3
80.0
78.7
81.3
82.3
82.1
81.7
81.3
80.9
84.6
85.7
83.6
85.3
86.3
86.2
87.7
87.7
89.9
87.5
87.2
87.9
88.7
87.3
87.5
86.8
86.9
88.0
88.3
89.2
88.6
86.9
88.1
88.0
87.9
89.4
89.1
87.3
87.5
89.6
88.2
87.7
86.9
88.8
88.9
90.3
90.1
87.8
88.3
88.1
89.4
89.1
89.3
90.7
89.8
88.9
90.7
89.3
87.5
90.8
88.5
90.8
90.1
89.4
91.5
90.8
91.4
89.6
91.5
90.8
90.3
92.1
91.0
90.2
91.4
90.5
90.6
96.6
127.2
122.3
123.5
123.9
126.2
120.8
124.1
120.6
121.5
125.9
120.7
122.4
124.4
118.5
122.2
127.3
123.5
122.7
123.1
121.7
127.2
120.9
122.5
122.1
124.4
119.3
124.1
124.5
119.7
119.3
120.3
123.9
122.2
115.8
122.2
120.6
124.2
123.7
120.8
118.3
119.0
118.8
118.6
118.2
116.1
123.0
121.7
118.7
116.7
115.8
116.0
115.0
118.9
123.1
121.6
121.2
118.2
118.3
117.7
120.8
117.8
112.0
120.0
125.2
120.0
123.5
121.7
120.1
123.9
116.9
113.0
111.4
123.9
120.3
112.6
113.7
114.0
116.6
115.6
114.8
117.7
118.7
114.3
110.2
112.1
116.1
117.7
115.7
118.7
111.4
115.4
117.3
113.8
116.3
116.0
120.8
119.3
116.0
119.5
116.0
113.2
114.4
112.6
118.1
114.9
118.4
113.6
118.7
118.6
115.9
121.1
119.0
111.8
118.6
122.1
123.1
119.7
119.7
113.2
119.5
120.1
120.5
119.4
120.0
118.3
123.6
115.3
112.0
119.1
116.4
115.3
120.0
117.5
118.4
118.3
118.0
120.2
118.4
112.8
115.9
121.1
118.5
119.9
118.3
116.2
114.7
120.7
117.8
116.1
103.3
103.8
102.8
97.1
100.4
100.3
98.0
99.0
99.2
94.6
100.8
100.3
99.5
99.7
98.7
97.7
95.0
101.8
102.7
102.2
105.1
105.7
104.5
107.5
104.7
102.6
104.7
102.3
104.7
96.9
97.5
106.1
104.8
107.7
107.3
108.0
106.8
104.3
104.7
110.5
105.5
109.7
107.4
102.0
110.3
112.2
110.8
107.1
107.3
116.3
112.2
109.5
114.9
110.4
110.7
109.1
113.1
107.3
107.9
111.1
117.4
113.3
112.5
116.2
115.3
115.3
113.9
115.0
117.0
109.5
113.9
117.2
113.1
110.5
118.7
113.1
119.1
115.6
118.2
113.5
117.3
115.2
113.3
114.6
111.8
110.2
111.7
116.0
120.2
119.3
115.0
118.6
116.0
113.5
115.3
118.7
113.6
115.5
114.9
113.0
119.0
116.0
117.6
116.8
120.4
118.5
120.0
116.6
116.8
118.6
116.9
116.9
115.7
118.1
118.5
120.4
115.6
116.0
120.9
119.8
115.8
115.0
117.9
114.0
119.9
116.1
121.8
120.5
122.2
116.9
119.5
117.1
123.7
125.7
119.4
123.1
119.2
119.1
115.9
117.9
112.4
115.4
112.5
116.7
116.5
113.9
111.3
114.8
116.6
109.9
111.1
117.8
115.8
114.0
113.8
112.8
112.4
110.7
114.7
113.9
109.2
115.2
110.5
116.0
111.5
114.4
115.3
113.3
116.7
113.0
114.5
115.5
115.2
114.3
111.0
114.3
112.4
115.4
117.1
117.4
116.8
114.7
114.7
112.8
112.7
116.3
111.9
112.7
114.4
114.0
112.3
113.0
114.5
116.6
116.2
113.1
116.5
113.8
115.0
114.0
112.7
115.7
110.5
112.2
111.8
116.3
118.4
115.0
120.4
113.0
118.9
117.5
116.3
116.4
112.5
107.1
113.7
113.8
107.3
110.3
110.6
108.8
109.4
110.0
109.5
111.9
113.7
115.0
114.4
110.5
113.1
110.9
107.7
109.0
115.9
116.7
114.0
116.2
112.6
112.1
107.3
109.2
109.2
112.0
110.5
111.1
110.9
111.1
108.1
108.2
109.6
105.2
107.7
110.1
108.3
109.1
107.1
108.4
112.2
110.2
110.7
107.9
110.2
109.1
111.9
110.3
113.3
109.8
112.2
102.1
104.6
105.2
105.5
103.5
106.2
97.2
103.7
101.1
102.8
105.2
102.2
98.4
98.8
105.1
104.7
104.3
100.3
101.0
104.5
101.3
97.9
104.0
104.8
103.7
104.6
104.6
104.4
104.3
106.1
103.0
104.0
102.5
105.7
100.4
104.9
103.8
103.0
103.5
104.4
103.6
100.7
106.3
104.9
100.1
107.1
108.6
105.4
109.5
107.1
105.9
108.8
102.2
109.2
106.8
106.1
108.6
107.2
106.1
98.7
106.6
102.7
108.1
104.1
107.8
106.4
107.5
105.3
102.2
107.2
105.9
108.0
107.7
103.6
108.3
108.4
108.9
103.0
112.5
107.4
104.9
104.8
107.2
107.1
107.9
109.8
106.8
108.1
106.2
106.8
103.5
106.9
105.5
102.6
105.1
107.7
106.4
104.9
106.7
110.0
105.9
102.1
107.2
106.6
109.7
106.6
106.1
102.3
99.1
102.0
102.6
103.7
101.7
109.2
105.4
101.5
104.9
105.9
108.0
107.2
108.2
106.0
106.9
106.9
107.9
110.4
107.5
108.7
111.4
109.2
106.1
91.1
99.2
100.2
103.7
105.9
103.4
103.2
103.9
101.2
109.2
103.0
108.4
104.1
108.8
105.7
104.9
105.0
106.2
107.0
108.9
107.9
98.1
98.1
102.4
106.2
108.0
106.6
105.2
110.0
101.0
108.0
109.5
107.6
107.4
109.7
105.2
106.1
108.6
106.3
106.4
106.1
106.4
106.2
103.1
106.4
100.3
96.6
96.0
102.0
105.5
96.1
104.0
100.9
97.1
104.6
104.4
102.6
102.1
103.3
103.5
105.0
102.3
104.4
102.9
103.2
105.1
105.1
105.7
101.6
101.7
103.1
103.1
100.6
98.6
107.2
101.7
99.0
95.9
98.3
103.9
105.6
101.9
102.4
102.9
102.3
94.4
97.2
102.2
103.1
102.2
105.3
95.1
95.2
100.4
95.9
102.3
100.5
98.6
96.9
93.2
97.4
101.9
100.9
104.5
100.8
99.3
99.1
100.3
93.3
99.5
98.9
106.0
97.4
97.4
100.5
100.5
100.2
104.1
98.9
102.4
102.3
100.2
101.6
99.5
100.0
104.9
99.4
103.4
101.8
103.0
105.4
102.5
105.5
101.5
105.3
106.5
105.9
106.3
106.6
104.7
105.2
108.6
108.8
104.8
103.1
99.0
106.8
107.3
106.5
102.1
105.1
103.6
109.1
104.1
108.1
106.8
106.2
104.9
106.2
110.0
107.7
109.1
103.7
102.7
106.2
108.9
108.9
106.1
108.9
112.9
111.6
107.1
103.7
104.9
106.7
109.1
111.4
104.0
107.5
106.9
111.3
109.2
109.5
106.0
110.4
107.5
105.4
105.7
110.6
108.7
106.8
107.5
108.4
110.4
103.5
102.2
108.7
110.1
105.6
103.5
106.6
112.1
110.2
102.0
107.2
107.5
104.6
108.4
106.9
107.6
106.6
102.2
108.9
106.2
103.7
105.7
103.2
106.2
105.3
102.9
107.0
108.7
104.2
110.8
109.9
106.5
108.3
105.8
110.3
107.4
104.6
106.9
109.8
108.5
110.1
111.0
111.1
107.8
108.4
110.3
108.0
110.3
103.1
106.6
104.7
109.4
106.3
105.1
106.9
107.6
106.1
106.5
106.2
108.2
105.2
108.1
109.4
98.8
108.4
106.2
105.6
101.8
110.4
101.6
106.4
102.0
94.9
100.2
109.8
102.6
105.3
106.6
105.2
104.7
103.9
106.6
106.8
106.1
105.7
106.0
104.1
102.4
106.9
103.9
107.6
99.3
107.8
108.3
108.5
104.4
101.9
106.8
102.1
108.4
109.1
102.6
101.3
108.2
105.6
110.6
110.1
109.3
107.7
112.0
105.9
112.5
109.5
110.1
109.9
109.1
111.0
110.7
109.6
109.3
108.6
109.2
107.6
114.4
110.4
112.0
107.7
113.8
111.0
111.2
113.5
111.9
113.4
117.1
110.2
113.2
114.6
115.1
115.4
113.6
112.7
116.2
113.9
105.8
112.5
111.5
112.5
112.1
109.4
108.6
105.1
110.8
110.9
108.8
107.9
114.2
109.1
112.8
110.7
105.6
110.7
109.3
107.1
107.9
111.8
114.3
114.2
110.9
110.2
111.6
111.8
109.7
111.0
110.8
111.2
106.0
109.1
108.4
107.3
109.5
108.5
109.6
110.1
108.7
108.1
102.1
108.9
107.4
108.7
108.8
111.2
105.1
110.5
110.4
108.3
107.8
110.4
111.6
110.0
112.1
106.3
110.9
109.6
106.8
107.1
110.9
114.2
113.4
115.9
112.7
111.3
106.3
111.5
110.7
111.0
108.7
113.2
109.2
109.1
110.0
107.9
108.7
103.0
107.8
108.2
107.3
108.5
106.6
107.7
111.6
103.8
110.4
104.5
106.3
107.3
107.2
110.1
108.6
105.1
106.1
106.3
104.5
107.0
109.8
106.2
109.8
103.7
107.4
111.5
109.1
110.3
108.0
109.3
107.8
112.8
112.3
109.7
109.1
106.4
111.1
108.7
110.3
105.1
106.9
104.7
103.0
109.4
109.5
106.2
107.8
109.39999999999999
107.32258064516128
107.08387096774193
106.84516129032258
106.60645161290323
106.36774193548386
106.12903225806451
105.89032258064516
105.65161290322581
105.41290322580645
105.1741935483871
104.93548387096774
104.69677419354838
104.45806451612903
104.21935483870968
103.98064516129033
103.74193548387096
103.50322580645161
103.26451612903226
103.02580645161291
102.78709677419354
102.54838709677419
102.30967741935484
102.07096774193548
101.83225806451613
101.59354838709677
101.35483870967742
101.11612903225806
100.87741935483871
100.63870967741936
100.4
100.16129032258064
99.92258064516129
99.68387096774194
99.44516129032257
99.20645161290322
98.96774193548387
98.72903225806452
98.49032258064516
98.2516129032258
98.01290322580645
97.7741935483871
97.53548387096774
97.29677419354839
97.05806451612904
96.81935483870967
96.58064516129032
96.34193548387097
96.10322580645162
95.86451612903225
95.6258064516129
95.38709677419355
95.1483870967742
94.90967741935484
94.67096774193548
94.43225806451613
94.19354838709677
93.95483870967742
93.71612903225807
93.47741935483872
93.23870967741935
93.0
94.8
95.9
90.9
98.4
95.5
99.2
94.1
94.5
96.4
96.9
97.1
99.4
97.0
98.6
96.2
98.3
96.0
98.5
99.6
97.9
92.9
92.1
85.9
88.0
91.4
92.6
91.9
91.7
92.1
93.3
91.9
93.0
88.2
92.5
92.0
91.5
90.6
93.2
88.5
90.5
84.8
82.6
95.7
94.9
94.2
92.8
91.8
91.4
93.2
91.2
90.2
91.4
92.2
92.9
96.9
94.5
94.2
87.1
93.2
92.7
92.9
93.4
89.0
90.7
93.5
96.1
95.5
87.2
94.3
94.9
95.2
92.4
96.9
93.7
94.6
90.7
92.9
95.3
94.3
95.3
94.6
92.5
95.1
96.0
90.8
95.2
94.5
95.2
92.0
94.6
93.3
96.7
92.5
96.4
94.9
97.3
94.1
95.5
94.9
94.9
94.5
98.9
99.7
94.4
96.2
97.3
94.1
95.7
96.2
96.9
94.7
92.4
97.0
96.0
95.2
98.1
96.9
98.2
95.8
97.8
94.5
98.2
96.9
97.2
100.7
95.6
96.5
98.1
97.6
97.0
97.9
95.9
97.1
95.8
95.4
99.3
93.9
102.4
100.8
101.0
106.5
100.0
105.7
100.7
101.8
101.5
104.1
100.1
96.8
100.9
97.2
102.1
101.5
90.0
92.3
95.8
91.9
93.3
91.6
94.4
93.4
91.7
93.8
91.5
95.5
91.5
93.8
95.1
92.1
94.1
93.4
93.5
93.1
89.0
94.5
98.7
98.3
96.4
91.7
95.1
92.0
95.9
91.6
93.8
92.5
89.9
89.3
91.1
94.3
92.9
91.2
91.0
90.5
88.2
91.7
90.9
91.8
93.9
91.1
91.5
91.2
92.3
95.6
87.8
94.3
92.5
92.0
90.6
87.4
92.8
90.2
91.5
91.1
90.5
92.8
92.2
91.4
92.7
93.0
95.0
93.5
96.0
94.7
91.4
95.8
95.6
92.3
91.5
96.2
94.2
96.3
88.6
94.7
94.0
95.0
103.3
97.8
97.8
100.0
102.2
100.4
94.7
99.5
99.0
96.0
98.2
90.0
100.9
96.6
92.1
92.4
95.0
93.7
92.5
92.2
93.2
96.3
91.9
95.1
93.6
102.4
96.6
95.9
92.4
94.6
96.1
93.2
98.6
95.9
96.1
94.6
92.1
95.8
97.3
95.2
92.6
96.7
99.7
99.7
94.4
99.5
97.5
94.2
97.0
90.3
97.3
93.6
98.2
95.9
94.1
94.9
93.4
94.7
93.8
96.9
93.0
98.1
95.8
94.0
99.0
98.5
96.0
97.3
95.7
94.5
94.7
93.3
93.0
94.6
96.8
96.1
90.8
98.4
95.9
94.9
97.2
94.7
97.2
98.5
94.3
92.1
89.9
90.0
87.4
86.7
90.6
92.1
87.6
88.4
84.5
87.6
91.1
89.9
90.2
87.8
85.0
90.4
90.7
87.9
85.5
86.3
90.0
91.6
91.2
89.4
88.4
91.3
91.4
88.5
93.7
89.8
93.7
92.3
92.3
94.3
90.7
91.7
96.3
91.0
91.8
92.3
90.8
88.5
93.7
94.0
89.0
91.1
93.7
92.5
89.9
93.4
93.6
90.3
90.8
93.1
93.1
91.2
95.3
94.2
94.7
91.6
92.7
89.9
92.4
92.7
94.7
91.3
92.5
89.3
90.7
96.2
89.6
93.8
95.6
95.2
89.6
91.4
89.4
93.1
91.4
93.5
90.9
93.0
89.2
92.1
90.4
90.3
90.6
95.0
90.8
93.1
92.5
92.3
94.3
94.4
92.2
94.1
94.6
92.1
89.5
93.0
91.6
92.0
92.8
90.5
91.5
93.4
88.9
92.0
89.6
91.0
91.8
91.1
91.9
90.2
97.3
95.0
90.8
91.1
91.2
92.1
90.6
94.0
91.3
92.5
91.1
85.8
92.9
94.2
90.2
93.4
89.2
93.3
87.9
92.4
87.4
82.4
89.3
89.2
91.6
94.4
94.6
91.3
84.3
89.8
91.8
93.0
88.6
88.7
92.3
90.6
93.4
90.0
88.9
89.8
91.5
91.1
88.1
93.1
92.2
91.3
93.1
89.6
92.4
91.8
87.6
88.3
90.5
92.1
89.8
91.2
94.6
87.7
88.5
92.1
90.8
88.9
92.2
90.5
92.8
90.8
90.7
88.2
87.3
91.0
90.9
88.2
93.2
91.4
90.0
91.3
88.8
91.6
84.8
84.4
88.9
92.8
91.4
88.4
89.7
90.1
95.9
95.5
91.0
87.4
88.2
89.2
89.4
92.7
96.4
92.4
90.8
88.9
93.1
86.9
86.4
86.0
90.6
89.6
88.2
90.6
87.0
91.0
88.9
92.2
91.7
87.2
84.1
84.0
89.5
85.9
87.8
95.5
89.6
90.3
90.9
92.5
87.3
88.0
88.6
88.9
90.5
88.2
86.0
86.7
88.9
88.3
90.0
86.9
87.3
87.4
89.6
87.8
91.2
89.7
87.8
91.6
91.6
83.1
89.9
91.3
87.7
91.9
88.6
91.5
89.6
91.5
89.3
85.2
90.8
95.0
94.2
93.4
91.72
90.48
89.24
88.0
94.7
92.6
93.6
93.2
97.4
94.7
89.7
91.2
94.3
88.8
89.3
90.7
92.5
93.0
93.3
93.7
91.8
93.1
91.0
94.5
91.0
88.6
93.3
90.5
90.8
91.8
89.5
87.6
85.5
88.3
93.3
88.0
87.1
89.3
90.9
89.1
82.5
96.7
93.2
90.1
90.2
88.9
89.8
92.9
95.4
87.1
91.1
91.6
89.6
94.6
95.4
93.1
92.1
90.6
93.2
93.4
89.6
96.4
92.5
91.8
91.0
92.2
93.0
93.3
94.1
96.2
89.5
90.6
92.0
93.9
90.0
92.5
92.5
93.1
90.5
90.6
90.8
91.7
93.7
93.8
94.3
93.7
90.0
88.2
91.9
92.0
92.1
95.9
95.0
95.2
84.2
81.9
84.4
82.1
83.6
84.0
77.9
79.2
80.1
82.9
81.8
83.9
85.3
78.9
79.4
84.1
90.1
95.4
85.2
87.0
84.2
77.9
85.5
91.3
89.7
95.2
95.9
92.6
98.0
94.8
91.5
87.6
85.1
92.2
85.9
85.5
88.8
83.7
87.2
90.1
90.3
85.6
89.2
88.1
90.0
91.3
86.7
91.2
88.8
89.0
90.5
89.2
86.2
88.3
84.4
86.1
84.0
83.3
82.5
85.1
85.5
90.5
89.7
87.8
78.2
86.4
88.8
88.7
86.8
87.8
85.6
80.5
80.2
86.8
86.4
81.4
85.8
87.1
84.0
87.3
87.6
85.1
85.5
83.9
84.1
86.7
86.2
83.6
83.4
85.4
84.1
86.4
84.7
86.2
82.4
82.8
86.0
80.3
77.5
82.4
83.2
89.1
87.2
84.1
87.1
83.6
87.9
85.9
90.5
85.2
87.5
86.1
95.8
82.3
91.3
90.6
88.7
93.0
92.6
93.9
89.7
90.1
87.5
84.5
87.9
89.4
91.3
87.6
86.5
93.0
90.8
87.5
91.0
94.5
89.2
87.3
87.6
86.7
89.4
87.6
88.3
89.7
81.5
91.5
90.2
91.7
88.6
86.1
86.2
90.3
91.4
89.4
88.0
81.9
86.3
84.9
85.6
87.2
83.5
90.1
87.8
84.3
87.9
86.9
87.9
87.8
83.8
80.5
86.1
86.3
88.2
85.4
84.1
84.1
88.1
85.9
85.9
88.8
87.2
87.4
89.4
86.2
88.7
84.1
91.5
88.3
90.2
88.1
84.7
88.8
92.2
89.9
88.6
88.7
85.5
90.8
89.0
88.0
88.4
86.6
93.5
88.9
91.5
91.5
87.9
88.4
87.6
93.1
90.8
86.3
87.0
87.1
86.0
77.2
84.5
89.4
87.4
84.0
83.5
83.7
83.5
83.4
84.7
85.4
83.4
88.1
83.8
89.9
85.9
88.3
82.1
84.8
88.3
89.1
86.7
82.2
83.9
84.0
87.5
87.2
87.0
84.9
87.1
86.1
87.5
85.6
86.8
89.2
89.9
88.5
86.3
84.7
86.6
85.5
86.7
87.8
86.2
84.7
86.1
84.4
84.8
86.7
86.9
84.4
87.1
86.4
85.1
84.1
85.6
82.1
83.3
83.3
86.8
84.7
82.0
84.8
86.3
86.9
84.1
84.0
84.6
84.8
85.3
84.6
82.8
83.6
88.1
85.6
84.0
90.1
87.6
88.0
89.0
88.3
88.8
88.8
86.0
87.3
87.9
89.0
88.9
87.9
88.5
85.5
89.9
85.7
84.4
87.6
88.3
90.3
89.9
88.2
92.3
92.1
92.2
91.4
91.1
87.6
85.9
88.5
90.5
87.4
89.9
88.2
88.2
89.2
87.8
86.1
81.9
81.4
82.3
85.1
85.8
85.1
83.2
84.0
85.6
90.0
87.8
85.9
87.6
85.0
87.0
86.2
84.7
88.7
86.8
89.7
82.2
90.6
85.7
81.1
79.7
79.9
79.9
76.9
76.7
76.9
78.6
77.1
79.4
80.4
77.7
79.7
80.3
79.6
80.1
80.3
78.0
77.8
78.8
77.9
75.1
79.5
80.1
82.1
77.3
77.3
84.7
77.1
79.8
80.5
80.9
81.9
76.7
78.9
83.2
79.6
81.4
80.4
80.8
74.9
78.1
80.1
80.3
74.9
80.5
79.9
77.5
78.9
79.7
79.0
80.1
80.6
79.8
80.7
77.4
124.7
85.5
84.7
82.9
78.9
78.0
82.1
83.3
114.5
82.0
80.5
79.9
80.0
83.1
82.1
79.1
80.0
80.5
83.0
81.0
82.7
82.0
82.3
81.2
83.4
78.4
79.4
80.0
67.9
78.8
82.0
79.3
72.8
75.0
81.8
78.0
79.0
80.0
81.7
80.3
80.7
80.4
81.1
77.8
82.6
83.4
79.7
83.6
83.2
75.3
79.3
82.7
80.1
80.6
77.2
77.4
85.3
81.4
79.1
79.6
80.5
82.2
78.3
80.3
81.6
79.8
81.5
82.0
79.8
80.3
80.6
81.4
80.0
82.5
81.0
77.3
79.1
78.9
73.0
74.0
79.7
77.7
75.7
80.5
78.2
79.0
78.9
77.8
77.8
81.6
80.0
83.0
80.9
81.6
80.4
82.0
78.3
81.5
81.5
83.4
82.0
79.7
80.3
86.4
80.8
83.7
81.2
77.6
80.9
81.5
80.3
79.3
85.6
80.3
84.6
80.7
82.8
80.1
83.8
83.3
79.9
81.0
79.9
83.1
82.9
81.6
77.9
80.9
83.0
81.0
86.0
83.4
86.9
85.5
90.6
87.2
87.3
89.8
87.6
85.2
85.0
84.3
85.2
86.1
82.6
79.6
82.5
83.5
85.8
80.6
84.5
86.2
85.4
83.6
86.8
83.4
87.7
91.4
87.4
81.0
83.8
84.7
85.8
88.7
85.8
86.0
83.7
89.8
85.4
83.2
80.1
88.3
87.3
87.3
85.5
91.5
89.9
88.5
86.6
87.2
88.3
83.5
86.1
88.5
87.8
84.4
90.5
85.6
89.2
88.7
87.1
88.3
87.0
83.9
84.9
85.3
85.3
85.5
88.6
88.5
86.2
88.1
86.0
86.2
87.0
88.9
87.2
87.0
89.0
87.3
90.7
84.3
85.3
87.0
86.4
91.9
90.4
85.0
93.2
93.8
91.1
89.1
89.6
