99.4
92.6
92.4
94.3
93.3
92.6
92.4
91.3
91.1
78.3
92.7
94.4
91.8
91.4
91.0
89.9
89.6
89.1
89.4
89.4
90.6
79.8
91.9
90.0
89.8
90.3
91.0
90.0
90.5
91.0
90.4
91.3
89.6
89.1
88.3
88.8
89.3
88.4
88.2
89.7
89.6
88.7
88.8
102.4
107.4
114.0
113.7
114.8
112.4
110.5
111.1
109.9
112.1
112.8
112.6
110.0
111.1
86.8
93.3
113.4
112.0
109.0
109.3
112.0
117.0
117.5
115.9
118.4
116.2
114.2
118.0
116.9
114.9
117.9
117.6
115.3
113.1
117.5
114.5
111.6
112.2
116.9
115.5
115.3
115.2
112.2
114.9
114.0
112.7
110.0
109.8
107.2
109.8
112.5
113.2
114.3
114.1
112.7
114.0
114.3
114.5
114.7
114.9
112.9
113.5
114.2
115.5
111.3
111.9
112.6
111.4
117.3
108.8
110.3
111.5
112.1
112.0
111.3
110.3
110.7
113.6
111.4
110.1
112.9
112.2
112.6
110.2
112.2
110.1
108.0
108.2
111.2
113.6
112.6
112.0
109.5
114.1
113.5
112.6
113.3
112.5
114.5
107.4
105.4
108.5
111.9
110.1
111.6
112.9
107.1
108.6
105.6
103.6
103.8
101.9
101.4
102.0
101.4
101.4
101.7
102.0
103.2
102.2
100.9
100.8
100.0
98.6
98.5
98.4
98.9
97.6
97.0
96.3
97.1
95.7
96.1
95.2
93.8
94.1
92.9
86.3
97.9
93.8
93.3
92.8
92.5
93.3
92.7
92.5
92.0
92.3
93.0
92.4
93.6
93.6
92.9
94.1
93.6
93.1
93.2
92.5
93.6
93.6
93.2
93.2
93.5
93.2
92.9
93.4
92.6
93.9
94.1
93.1
91.8
95.0
94.2
94.1
93.9
94.5
95.1
94.2
91.0
91.8
95.1
95.7
94.9
92.2
92.8
95.0
96.3
96.5
94.1
94.3
95.8
95.9
96.1
96.4
95.9
97.0
97.2
96.5
97.6
97.2
97.2
96.9
98.1
98.4
98.3
98.9
99.2
99.7
97.9
97.0
103.7
106.5
106.4
102.0
106.3
105.7
100.7
103.6
106.4
102.4
104.9
108.4
109.3
108.7
107.7
102.8
103.3
106.3
105.0
107.5
107.4
107.0
108.8
105.4
108.4
108.8
107.1
107.2
105.4
104.8
107.4
100.1
103.3
101.5
106.1
104.1
100.7
100.5
102.1
102.0
105.7
106.3
101.6
102.3
100.8
100.2
97.1
101.3
101.8
101.2
102.7
102.5
100.4
100.9
100.8
79.9
90.1
101.6
105.5
105.0
104.2
103.8
103.2
104.6
104.7
106.9
103.2
108.1
86.0
170.3
148.6
108.4
103.8
104.1
102.3
104.5
104.0
104.7
103.5
104.7
104.2
104.0
103.0
103.4
104.0
103.1
102.5
104.0
102.9
104.9
104.4
105.2
104.8
104.8
105.2
104.8
102.9
105.0
104.7
105.5
103.2
102.5
100.1
103.4
101.9
102.8
104.4
104.5
105.5
104.6
103.4
105.8
106.7
107.0
105.6
105.1
106.6
107.0
105.9
105.7
107.4
107.6
105.1
106.3
104.9
105.6
104.2
104.8
104.9
104.6
103.5
107.1
106.5
105.8
106.0
105.6
104.7
103.3
101.5
103.5
101.5
104.0
102.4
103.3
104.2
109.9
114.1
103.2
107.2
96.6
100.1
114.1
115.0
116.4
117.7
117.4
121.5
119.6
119.1
149.0
133.0
116.5
117.1
116.2
114.2
114.8
114.7
116.1
115.2
115.7
113.1
113.0
112.4
110.7
113.4
114.3
114.1
111.8
114.4
114.0
114.9
111.3
110.9
105.3
111.2
108.3
111.1
110.8
112.3
112.3
112.2
110.3
110.6
113.0
111.9
112.6
111.6
105.7
103.1
102.0
105.0
107.8
110.4
110.5
110.7
111.6
109.4
107.9
106.8
106.3
104.1
103.4
94.7
104.9
113.0
111.8
110.5
111.5
109.6
111.0
109.2
109.6
110.2
107.6
110.1
110.9
111.9
111.8
112.3
109.0
111.6
111.7
112.6
110.5
112.4
111.1
113.0
113.5
112.4
113.2
112.2
111.1
112.3
112.1
111.3
110.7
110.7
109.8
108.7
111.4
105.7
105.7
103.2
97.5
110.8
108.4
104.1
102.5
102.0
110.2
112.2
103.5
101.3
104.1
108.5
110.4
112.3
109.2
112.3
112.3
107.3
108.1
114.4
111.6
112.9
114.5
112.2
112.8
113.1
110.0
110.6
112.6
112.2
110.2
110.9
113.6
111.4
112.1
112.3
114.4
109.4
113.0
113.9
108.9
111.5
113.1
115.4
111.9
113.0
113.0
112.3
112.5
113.6
112.7
113.1
114.0
111.9
110.6
105.8
105.9
109.9
112.3
110.8
112.4
112.1
111.2
113.6
110.9
111.0
112.0
112.6
111.2
114.3
113.1
113.2
113.8
114.1
113.5
113.0
110.3
110.8
111.4
111.3
112.4
113.2
111.7
113.7
113.1
111.8
110.0
112.3
113.1
111.6
111.8
114.0
112.0
111.2
111.1
111.4
113.4
111.4
112.5
111.5
111.5
112.6
113.2
112.5
111.4
110.6
111.8
110.5
106.5
107.6
108.9
112.6
108.9
110.8
107.9
109.6
112.2
111.5
110.9
111.7
106.2
109.0
109.7
108.1
108.1
105.3
109.8
109.1
108.5
107.9
103.5
102.3
93.9
101.3
103.6
102.6
109.6
108.3
108.1
105.8
107.9
110.6
108.8
109.8
109.8
108.8
110.5
109.9
107.2
108.2
108.8
111.6
108.2
108.6
107.9
110.3
108.3
109.5
109.0
107.8
109.8
108.9
107.5
106.9
110.6
110.3
109.1
109.9
109.4
109.4
108.6
107.0
107.6
107.6
108.0
107.3
107.6
108.7
107.0
108.0
106.5
105.1
105.5
107.0
106.3
106.0
106.3
105.1
106.5
102.0
97.6
97.2
96.5
101.0
104.3
105.4
102.3
99.9
98.9
101.9
105.3
101.1
102.2
102.8
106.4
102.4
100.0
105.1
105.9
104.6
106.5
105.3
104.3
103.6
104.1
174.8
106.7
103.2
104.1
105.6
104.6
104.8
105.0
102.9
105.4
92.2
79.1
79.4
80.6
84.7
106.6
107.7
108.9
106.3
107.6
107.4
105.6
106.5
106.9
107.6
106.1
105.9
106.2
106.5
105.7
103.8
105.0
100.5
101.6
104.6
102.2
102.2
106.9
103.8
103.5
106.2
105.3
98.9
93.0
101.0
108.9
110.4
111.1
107.9
108.9
104.8
107.8
104.0
102.3
100.4
107.9
95.1
98.1
95.9
95.2
94.0
96.7
104.5
104.8
107.3
109.4
110.4
109.6
111.5
110.0
111.6
104.8
107.1
109.3
106.5
110.0
106.9
108.6
106.3
105.7
106.2
104.0
93.8
93.2
93.0
93.9
97.1
106.9
97.8
103.1
104.0
102.0
104.0
104.9
107.2
107.8
105.8
104.9
108.4
106.5
107.1
108.0
106.3
97.5
103.1
107.2
106.5
108.7
107.3
104.7
105.9
107.8
106.1
106.7
107.6
106.4
108.6
110.0
111.7
109.4
107.0
111.5
112.0
111.6
112.1
108.9
108.5
111.7
108.6
109.2
105.9
106.5
107.1
109.0
108.1
108.0
108.3
108.9
110.4
187.3
147.0
110.4
105.6
104.3
105.4
105.8
109.1
106.7
106.9
106.1
106.0
105.5
106.0
108.2
106.6
108.6
106.1
108.8
107.6
109.1
109.3
107.4
107.8
104.4
106.2
106.7
110.5
103.7
106.9
108.1
109.5
109.4
109.4
107.8
108.4
103.9
104.7
109.0
110.0
111.3
111.2
110.5
107.8
111.0
109.6
108.1
110.3
106.3
106.1
106.2
106.9
111.5
111.3
110.4
108.7
109.4
108.8
111.1
110.7
108.9
110.9
111.5
111.2
110.2
109.6
110.7
110.9
110.4
111.5
110.4
111.8
110.0
108.3
109.9
113.0
109.8
108.9
108.8
108.0
108.2
108.4
109.4
111.4
106.9
108.5
109.2
111.4
112.8
108.7
110.0
108.1
110.5
111.2
108.8
111.0
109.8
108.7
108.0
109.3
111.2
111.7
109.9
111.0
109.2
110.5
109.8
109.1
110.0
109.6
111.6
113.4
112.7
111.2
112.9
110.1
113.0
110.0
109.7
110.3
109.8
110.7
110.6
111.1
112.2
112.4
112.3
112.1
112.5
112.2
113.3
111.8
108.8
110.5
114.4
115.0
115.3
113.2
114.3
112.4
112.4
112.0
112.4
114.6
112.1
113.1
113.5
113.4
114.5
112.6
113.3
109.6
111.3
114.6
111.6
110.9
108.5
111.5
111.4
113.7
110.7
114.8
111.6
114.6
114.7
112.9
113.4
113.7
115.2
114.9
113.6
115.9
113.5
111.3
114.1
117.1
117.9
116.7
117.0
116.0
117.2
115.7
115.3
115.7
113.5
111.2
105.1
106.4
109.3
104.6
105.0
105.7
104.9
110.3
113.6
112.7
114.3
113.2
114.8
114.5
115.0
113.4
118.1
115.1
113.4
115.9
112.6
111.1
111.7
112.3
113.0
114.5
114.8
113.5
113.1
113.7
113.7
116.4
114.0
116.6
116.2
116.2
114.4
112.1
116.0
118.4
115.6
115.1
113.3
115.8
113.3
114.5
117.8
116.1
115.1
116.1
116.1
113.5
114.7
182.2
187.2
117.4
115.2
116.1
116.6
115.0
117.4
115.6
116.0
117.8
116.2
115.2
116.1
115.7
119.7
111.8
113.9
115.6
115.2
116.9
118.0
116.1
114.7
114.6
116.4
115.1
113.6
115.4
114.7
113.7
115.8
115.0
114.2
113.2
115.8
113.2
114.9
115.5
116.1
116.0
114.6
113.9
113.4
114.5
119.1
119.0
117.4
114.3
119.6
113.5
114.2
114.7
115.6
114.9
112.7
110.7
110.2
112.4
114.9
114.6
116.2
115.1
117.9
116.0
112.1
114.1
113.2
112.1
113.3
113.4
117.3
113.2
116.4
115.2
118.9
116.3
115.8
114.8
113.9
114.8
116.0
106.0
100.4
110.6
117.4
117.6
116.1
116.0
116.0
115.5
117.1
117.7
115.2
116.8
116.5
115.5
117.6
120.7
120.7
117.7
118.9
118.5
118.2
115.6
119.2
120.3
118.9
117.6
117.0
117.7
106.0
98.0
100.2
105.3
107.3
109.1
108.4
108.5
108.0
111.3
111.0
111.3
109.8
110.7
109.7
106.3
109.1
107.0
106.2
106.3
105.1
105.6
104.4
104.5
106.6
109.0
105.8
106.5
106.3
106.1
106.3
107.8
109.5
113.8
112.2
114.6
116.3
114.1
112.3
116.6
115.3
116.3
113.5
117.5
114.2
116.8
115.3
113.1
118.7
113.0
115.4
116.6
114.1
116.5
113.6
116.8
112.9
113.2
110.4
116.7
112.0
116.8
117.2
116.5
115.2
114.0
114.8
115.9
114.2
116.6
115.1
111.9
116.2
115.2
115.6
114.3
116.5
114.1
114.6
111.3
113.2
115.4
117.8
119.1
118.7
119.5
117.9
118.3
117.5
117.2
118.0
117.9
116.8
116.8
117.6
117.2
115.4
110.9
102.1
106.6
107.4
107.7
108.6
109.2
108.6
106.0
107.1
108.5
108.0
106.7
103.5
104.1
104.9
106.2
110.0
114.1
110.8
115.5
116.2
114.2
113.4
114.9
115.8
117.3
109.9
107.5
108.2
115.5
116.5
112.6
117.8
117.1
114.9
116.2
117.4
115.3
112.7
114.0
114.6
114.8
112.8
113.9
114.9
113.4
112.1
107.8
110.2
110.2
109.4
110.3
110.5
112.4
111.1
113.8
114.5
112.9
114.7
115.5
114.1
112.5
111.6
116.8
115.7
116.3
114.3
114.1
114.4
116.0
111.8
114.2
111.1
112.4
111.5
112.1
110.1
117.2
112.5
112.5
114.1
113.4
112.8
114.5
113.1
114.5
111.9
113.3
111.9
114.8
105.0
105.8
105.6
105.4
107.5
105.6
112.9
112.6
114.6
112.7
112.9
113.7
112.1
112.6
109.6
108.2
109.6
109.0
109.9
111.0
110.2
108.6
115.0
115.3
114.3
113.5
113.4
114.2
115.1
114.9
114.5
113.3
113.3
112.3
112.2
113.2
111.0
112.0
112.9
113.5
111.1
113.0
111.8
107.2
108.7
112.4
112.2
112.0
113.4
113.4
116.5
111.1
107.3
107.9
107.9
108.0
110.3
111.4
110.9
109.6
111.3
112.4
114.4
113.2
115.6
113.3
113.1
114.2
112.7
112.6
113.1
113.4
106.3
111.5
111.7
113.7
110.2
112.6
114.3
114.1
113.3
113.3
111.0
111.9
113.7
114.2
110.8
108.9
112.5
113.9
111.0
109.4
112.4
109.4
106.8
106.8
112.3
111.1
113.6
112.6
108.1
110.7
110.8
108.8
110.8
112.8
113.8
110.0
107.5
110.3
112.4
110.9
111.9
109.1
112.3
109.1
100.0
101.9
105.6
107.5
109.9
110.3
110.9
105.4
104.7
106.5
111.6
114.0
109.9
114.7
112.6
111.6
113.9
114.4
114.3
115.1
113.9
129.8
162.2
109.9
113.9
116.4
114.9
111.8
110.5
105.1
104.9
99.6
104.7
105.8
105.9
105.1
106.5
105.4
105.6
108.0
104.3
96.8
103.2
106.2
101.9
106.2
106.0
105.9
106.6
109.3
109.6
110.2
106.6
102.1
103.7
105.0
106.9
110.0
108.3
109.9
108.5
111.3
110.7
110.5
112.3
108.3
107.9
110.5
111.3
109.5
109.9
112.6
112.3
109.3
112.2
112.9
113.4
110.3
111.5
111.0
112.1
110.1
111.0
110.6
110.4
108.0
105.2
110.7
108.4
111.5
110.4
109.6
110.2
109.6
108.6
107.8
110.7
109.4
109.8
109.4
111.8
109.7
109.3
108.0
109.3
109.5
107.6
104.5
111.2
108.7
106.8
109.7
110.6
108.3
107.6
108.3
107.9
107.2
106.3
107.8
108.5
108.3
106.3
106.3
109.3
106.4
107.5
112.8
105.6
108.4
110.9
108.3
105.8
107.8
106.3
105.9
102.6
103.6
102.3
104.2
101.1
103.1
102.1
104.0
105.5
104.2
105.0
105.6
101.3
102.9
106.8
103.3
104.8
103.7
106.4
106.6
103.5
100.5
100.7
108.1
103.8
105.4
100.0
98.1
103.6
104.5
100.5
104.3
106.7
106.3
108.1
104.1
154.2
107.5
107.8
108.8
109.2
107.9
108.5
108.1
107.4
107.9
104.8
107.9
106.8
106.4
107.9
106.8
105.2
106.6
105.1
107.9
105.9
107.9
106.4
106.4
106.9
106.3
106.0
105.7
107.2
107.3
107.0
103.1
104.7
104.8
106.2
108.3
107.5
107.9
107.2
106.8
106.9
107.3
106.9
103.3
109.0
106.9
105.0
104.7
109.4
106.4
104.4
106.7
104.9
107.2
106.9
105.8
105.9
106.3
106.1
104.3
103.0
104.6
106.0
105.2
108.6
107.9
107.5
105.7
105.9
102.9
106.6
107.3
105.8
107.4
105.8
106.0
105.9
105.6
105.7
108.2
106.2
103.7
107.1
107.3
105.8
107.1
106.2
103.0
104.5
106.0
102.6
100.6
102.8
103.5
109.9
105.2
105.6
102.3
100.7
103.6
106.4
105.2
106.6
105.9
102.5
104.0
103.2
106.3
104.6
105.2
103.6
106.7
106.7
107.3
106.5
106.3
104.4
107.6
102.3
105.5
106.7
104.4
107.4
103.9
104.9
106.9
105.7
105.3
105.3
105.7
104.9
104.1
104.6
105.4
103.3
103.5
102.6
101.2
102.2
104.2
104.6
101.4
101.2
106.5
109.4
109.0
100.8
101.8
101.1
102.4
102.9
101.8
102.7
103.6
102.8
103.6
103.5
107.8
107.8
107.9
107.2
106.7
106.0
108.2
106.8
106.0
106.1
106.9
105.7
105.2
104.5
105.5
104.8
105.8
106.3
106.9
107.5
107.9
106.2
104.5
106.8
108.2
108.0
106.2
104.1
108.2
108.3
106.4
107.2
106.6
107.9
108.5
108.8
109.1
109.1
109.0
103.5
109.9
108.7
106.0
108.2
103.7
102.9
108.6
105.9
106.3
108.1
108.6
104.9
107.1
106.9
105.0
103.7
104.5
109.5
108.6
101.8
104.3
104.9
104.2
103.7
104.2
104.6
103.9
103.9
101.0
99.9
104.1
104.9
105.9
107.3
104.3
100.1
105.4
102.6
105.4
102.2
103.8
101.5
104.4
103.9
103.1
102.5
108.1
107.4
100.2
108.6
103.6
104.0
105.3
105.5
106.8
107.7
107.7
105.7
109.3
108.2
106.6
103.9
104.6
105.8
104.8
104.1
100.2
101.1
99.4
99.7
174.0
137.4
99.5
100.6
100.0
98.7
89.3
73.3
82.4
86.3
89.1
93.8
97.1
95.7
94.3
97.6
97.9
102.4
103.9
103.1
102.4
100.8
101.3
98.3
99.3
97.3
100.0
106.6
100.8
99.0
95.7
94.4
95.5
96.3
96.4
100.2
93.3
93.8
100.2
102.5
102.0
105.3
103.8
103.1
102.6
104.2
104.7
105.5
104.5
103.6
104.6
105.3
106.4
105.5
106.1
105.9
106.6
105.6
106.1
107.1
106.2
105.9
105.4
106.8
105.4
106.2
104.8
106.0
105.9
105.3
104.5
105.3
102.3
104.6
104.0
105.0
103.4
104.4
105.6
167.1
73.7
92.2
101.4
101.3
98.6
97.2
98.7
96.7
98.3
98.8
101.0
100.4
97.2
94.6
97.6
100.8
100.0
95.2
95.6
96.3
106.3
104.4
101.5
101.9
95.0
89.7
92.6
93.8
91.9
93.7
95.5
95.0
96.8
104.2
106.9
108.1
102.5
101.9
98.9
96.0
93.9
96.5
94.3
94.7
97.5
96.5
98.5
97.8
96.1
97.2
97.8
103.4
99.8
101.0
101.4
102.2
100.1
99.1
102.0
102.7
103.8
105.4
105.2
105.7
104.4
105.2
104.6
102.6
102.0
101.4
101.7
99.1
100.0
101.2
104.0
103.0
102.0
105.4
103.1
103.5
101.7
103.0
101.4
101.2
99.8
104.0
100.8
101.0
100.1
97.5
97.0
98.7
101.7
99.6
93.6
94.7
96.1
102.8
105.2
102.8
107.6
107.2
103.4
99.6
102.5
108.0
108.3
110.7
110.1
108.8
106.8
101.6
100.1
104.3
103.4
101.6
100.8
104.2
104.7
103.3
102.3
103.1
101.1
101.7
101.9
100.3
103.9
106.4
107.5
105.4
102.6
108.7
109.0
110.2
103.0
107.9
107.4
107.1
104.8
103.9
104.4
103.7
102.2
101.8
102.8
102.0
101.5
102.4
100.8
99.7
103.3
102.1
101.0
102.4
98.4
99.5
98.3
100.1
99.5
100.3
99.6
98.7
100.0
99.2
99.7
97.9
98.7
97.9
97.6
98.1
98.1
97.1
97.5
94.2
89.8
87.2
87.6
87.1
89.9
93.1
94.5
164.7
149.7
92.9
96.3
100.5
97.9
100.3
97.1
98.0
99.2
99.8
97.7
97.9
98.2
98.2
99.3
97.1
98.3
99.4
98.2
98.2
97.9
95.7
95.4
96.1
97.1
96.6
92.8
91.4
92.8
92.8
93.7
91.9
88.8
93.7
95.1
94.1
95.9
94.7
97.1
97.7
97.7
97.8
96.2
98.2
97.5
100.9
101.4
97.8
87.9
95.8
98.8
99.6
99.4
99.0
98.2
97.5
97.6
98.0
96.7
97.7
100.3
97.9
97.3
94.6
94.4
92.6
93.0
93.1
95.6
100.9
98.4
99.8
101.2
98.9
96.8
98.0
98.7
96.1
97.1
94.4
97.9
98.5
97.5
96.9
99.1
97.2
100.2
98.3
100.3
99.9
99.7
100.3
101.3
98.0
98.6
98.9
99.3
99.5
100.3
102.3
100.2
100.9
99.2
98.4
97.0
98.5
98.5
99.4
98.6
96.1
95.9
98.2
99.3
97.3
96.9
96.6
94.6
96.3
95.2
95.2
94.8
95.9
97.2
93.4
92.9
93.6
92.9
90.1
90.8
91.6
92.2
93.9
93.9
94.1
96.5
94.3
94.8
93.0
91.7
92.9
94.2
93.0
96.5
98.6
97.4
95.6
95.4
97.5
96.9
96.2
96.4
97.3
96.0
95.1
96.4
96.9
96.6
100.6
99.5
99.9
100.1
97.0
98.7
98.9
97.8
94.2
93.4
96.0
100.1
98.1
99.4
101.0
98.1
100.3
98.1
101.6
101.8
101.5
99.2
101.0
99.2
100.1
103.4
101.6
101.6
97.8
93.9
99.7
94.3
97.2
93.1
98.2
92.2
90.5
96.1
95.9
98.9
96.9
94.5
97.4
95.3
96.2
93.2
93.3
99.1
97.1
94.9
98.3
93.5
92.0
97.4
107.2
106.2
107.3
106.6
112.2
111.2
110.7
113.3
107.8
103.6
109.1
109.7
110.4
111.6
107.9
106.0
105.9
104.5
104.9
105.2
102.6
101.6
101.2
101.9
104.7
106.1
105.1
102.8
101.6
98.7
97.4
106.4
103.7
95.7
107.9
106.2
109.6
104.7
105.8
108.7
105.6
108.7
107.1
101.9
103.0
100.1
101.9
101.5
109.1
108.6
110.4
101.6
105.4
102.9
108.8
104.1
103.3
104.1
105.2
104.6
103.5
104.3
106.0
100.0
94.4
98.8
101.7
100.7
103.3
100.0
98.5
102.5
98.1
99.8
98.3
100.8
90.9
92.8
94.1
94.3
94.9
113.1
114.1
115.2
115.1
113.5
113.6
111.4
111.8
112.4
110.5
112.0
111.6
111.0
112.2
111.1
111.3
112.2
109.8
110.9
112.6
112.2
111.3
114.6
113.1
112.6
112.0
111.3
110.8
111.4
110.0
109.8
113.5
110.7
110.5
110.6
107.1
110.5
110.1
112.4
111.9
112.6
115.0
112.6
113.1
112.1
112.2
111.5
109.5
110.5
109.2
109.7
106.7
105.6
104.4
109.1
107.1
109.7
103.8
105.8
107.2
105.9
106.2
107.7
111.3
110.1
108.9
109.8
111.7
111.0
109.6
103.7
100.7
99.6
96.0
98.9
99.9
97.3
100.2
103.0
100.8
96.7
92.3
93.6
93.7
96.2
97.2
94.9
95.9
97.4
97.1
98.1
95.4
98.4
100.2
104.4
106.1
107.0
106.4
107.6
101.8
101.9
100.0
98.3
99.7
98.6
95.6
101.8
103.0
100.0
97.2
101.3
96.5
96.9
95.4
95.8
97.7
95.5
97.8
99.6
100.6
99.4
98.2
96.8
98.6
99.6
92.8
110.3
117.1
118.6
117.8
117.1
113.4
102.7
105.8
102.8
106.0
102.4
95.4
97.3
95.9
97.7
97.2
99.7
97.2
97.3
96.2
96.5
97.0
99.4
99.6
101.1
100.7
98.4
96.2
96.4
98.1
99.8
104.3
102.3
103.6
103.6
103.2
103.0
101.7
101.3
99.4
103.0
97.9
100.1
99.8
103.6
100.6
102.3
105.3
106.6
105.9
103.1
97.8
97.2
96.9
97.4
96.8
98.7
100.2
92.9
97.0
98.4
96.5
96.0
93.1
97.2
112.2
112.8
101.9
93.4
89.5
91.7
94.9
92.4
92.3
95.4
94.0
96.1
91.7
92.0
90.9
104.3
104.3
100.0
94.5
92.1
91.9
94.3
92.7
92.3
93.2
93.2
91.7
92.6
94.7
94.5
94.6
95.8
95.4
100.1
101.1
107.0
94.5
96.1
97.4
100.4
102.4
102.8
107.5
112.2
97.5
98.3
100.4
96.7
96.1
93.4
107.2
109.0
113.8
108.6
94.9
99.1
111.8
100.9
96.9
108.1
110.9
114.3
117.1
113.5
106.4
104.2
102.2
106.4
108.6
108.4
109.8
108.6
102.7
100.3
99.8
104.9
106.1
105.9
108.3
98.2
101.7
102.1
106.0
110.7
107.3
107.0
116.0
111.0
103.7
93.4
92.1
91.6
102.1
111.4
116.6
170.6
113.2
109.2
108.0
102.9
103.7
99.6
103.8
102.8
100.6
102.0
106.6
107.8
102.0
102.1
100.4
103.4
103.3
101.7
102.6
103.3
99.1
102.8
106.1
105.8
111.7
119.2
117.9
117.5
116.5
117.2
119.4
112.2
105.0
