68.7
67.2
67.3
66.3
66.0
65.6
64.8
63.8
65.2
66.8
71.1
73.7
73.7
74.2
73.6
73.4
72.1
70.9
69.9
69.3
69.8
70.3
70.9
71.0
71.7
75.7
74.8
73.7
72.6
75.2
78.0
78.1
74.2
72.0
70.2
70.4
69.3
68.5
67.5
67.5
69.5
70.1
70.2
69.7
69.8
68.8
83.1
92.2
72.9
72.4
70.8
68.7
67.9
67.4
66.6
67.2
67.3
65.8
66.0
65.2
65.2
65.6
68.9
69.6
69.1
68.5
68.4
68.8
69.3
69.9
69.4
70.1
69.6
70.5
71.0
69.7
68.2
60.0
66.5
67.5
65.8
65.8
67.2
68.0
68.1
67.3
65.3
65.0
63.1
65.6
65.3
65.0
63.1
63.6
63.6
63.0
63.8
63.5
63.9
64.6
63.8
62.2
63.2
64.3
66.5
66.6
65.5
64.2
65.1
66.1
67.5
67.7
69.8
70.4
68.3
68.0
67.7
68.8
67.2
66.7
58.6
65.2
64.9
64.6
64.7
63.7
62.9
62.6
62.3
62.0
62.4
64.4
64.6
64.5
65.0
67.5
67.5
67.5
69.2
68.5
66.7
67.6
64.4
65.7
68.5
69.8
69.5
68.9
67.1
68.0
67.8
67.7
66.3
65.8
65.3
64.2
65.3
68.0
66.5
69.6
69.1
68.9
70.6
71.5
71.3
70.6
70.6
71.1
69.9
69.4
70.6
70.1
69.2
69.3
69.1
68.8
68.1
67.7
68.8
69.4
69.6
70.4
69.9
65.0
66.6
67.9
70.3
69.0
68.7
68.3
67.7
68.1
67.4
68.8
69.7
69.0
67.7
67.6
66.5
65.6
65.1
65.1
64.2
63.3
63.3
62.4
65.0
66.4
67.0
67.6
66.3
68.1
67.5
68.0
67.7
67.8
66.2
66.7
67.3
67.3
66.8
66.6
66.1
66.5
67.6
67.8
66.9
67.8
69.5
71.8
72.0
72.3
72.1
71.2
66.6
68.2
66.7
67.7
67.7
68.4
68.5
66.0
67.1
67.5
66.3
68.5
68.7
68.1
66.7
67.6
67.2
67.9
68.1
67.9
67.4
69.1
69.7
68.5
67.0
66.3
68.5
68.4
67.6
67.5
68.0
68.3
68.0
65.8
65.9
66.5
67.9
67.5
68.4
68.4
69.6
69.9
69.6
67.5
67.2
66.4
65.6
66.5
66.9
66.2
65.1
66.3
68.1
65.5
64.9
66.6
66.4
66.9
67.0
64.0
67.0
65.7
65.4
65.1
64.6
65.2
66.1
64.9
64.4
61.0
63.4
63.6
64.9
64.5
63.9
62.0
64.3
65.3
66.6
67.4
68.2
67.1
64.1
66.5
68.0
68.1
68.2
66.9
68.3
61.3
67.3
70.3
70.7
68.4
62.2
63.9
64.3
63.2
67.3
67.9
66.0
64.2
64.2
62.9
62.5
62.2
62.1
61.5
60.3
60.2
60.0
60.2
59.6
59.4
58.8
58.3
58.6
60.0
60.0
59.0
63.3
63.8
60.5
59.2
62.0
63.5
62.4
59.9
59.3
60.4
61.1
56.3
56.1
58.5
60.4
57.4
58.7
58.8
59.7
60.1
60.9
60.3
60.8
60.3
59.3
61.6
63.8
65.4
65.7
66.8
66.8
66.0
64.0
62.9
63.6
64.8
64.5
63.7
67.1
66.3
66.6
66.7
65.8
65.0
64.6
64.3
63.8
63.4
62.2
61.3
61.3
61.4
61.2
60.6
61.8
64.6
66.3
66.9
67.8
68.2
68.9
69.0
68.2
68.6
67.9
68.8
68.5
68.2
67.7
68.5
67.5
66.9
65.8
64.9
65.6
66.1
68.3
68.3
68.5
68.6
68.6
68.9
69.4
67.8
68.9
69.0
68.4
68.3
67.9
66.8
66.2
66.6
66.4
64.2
66.7
61.6
66.3
66.7
66.1
66.2
67.1
66.5
67.3
67.0
68.1
67.3
68.6
65.1
67.5
68.0
67.6
66.3
67.6
65.9
67.3
67.2
66.7
65.6
62.9
65.5
66.7
67.0
66.7
66.6
67.5
66.4
65.2
65.0
64.6
65.7
63.7
64.6
65.0
64.5
65.2
65.0
65.6
65.9
60.0
65.3
65.4
65.8
67.5
67.0
67.0
66.2
65.5
65.3
64.5
65.1
65.7
66.1
65.4
65.4
65.9
65.2
63.0
65.1
63.3
65.4
65.1
66.5
67.9
69.2
69.3
59.4
58.9
64.2
65.9
64.1
65.3
64.8
63.2
62.3
64.5
64.9
64.5
57.5
62.8
61.9
62.5
62.0
62.0
61.0
60.5
61.0
61.0
62.3
63.0
63.8
64.2
63.7
64.0
64.7
64.3
64.8
65.2
64.0
58.5
60.1
64.2
63.0
65.0
65.1
65.8
64.5
64.2
64.1
59.9
63.4
64.3
62.4
64.2
65.2
65.4
62.0
58.7
63.4
65.1
64.5
64.0
66.6
66.9
61.1
61.8
64.8
57.5
60.5
64.2
57.5
62.7
62.8
62.6
62.0
64.3
63.7
64.7
63.9
65.2
66.1
65.3
64.9
65.2
65.9
65.0
64.6
64.7
64.6
64.7
61.9
59.2
61.0
63.7
64.5
65.1
65.5
65.5
65.1
62.1
62.6
64.1
63.6
58.3
57.7
63.1
64.2
63.7
62.1
60.8
63.2
61.0
62.2
61.8
61.4
60.3
62.1
62.4
63.4
63.6
64.4
64.0
64.9
65.0
64.4
64.2
63.8
61.9
63.3
63.3
63.6
62.3
64.7
65.3
64.7
65.6
65.1
66.2
68.0
66.5
67.6
67.3
69.7
69.9
68.7
67.7
66.7
65.2
64.0
63.3
63.1
62.3
62.1
58.3
61.2
62.3
61.9
62.4
60.7
62.9
59.7
61.3
61.0
61.8
63.2
62.0
108.2
116.2
108.0
64.8
66.1
65.1
67.7
65.7
64.6
65.3
64.7
64.3
64.6
64.8
64.7
65.9
65.2
66.2
66.4
66.0
66.4
67.2
70.0
74.0
67.4
67.9
71.3
70.0
66.1
56.3
61.3
64.7
59.4
58.3
63.5
61.8
57.2
60.5
62.3
61.2
61.5
62.0
61.5
60.9
59.2
56.9
61.6
62.0
62.1
62.1
62.2
57.5
63.6
63.5
65.0
63.8
59.6
64.4
61.4
65.7
66.1
63.0
62.9
65.3
66.5
66.0
66.0
62.4
65.2
66.0
61.5
65.4
62.9
65.2
60.5
61.3
66.0
61.5
58.3
58.7
63.7
66.0
60.7
65.4
66.9
66.8
58.9
68.5
67.3
66.2
59.6
66.4
66.1
66.3
68.1
67.9
61.4
65.3
66.4
65.1
64.3
66.5
67.0
69.5
70.2
69.4
70.3
71.6
70.9
65.5
67.8
68.1
67.8
67.9
67.4
67.3
68.1
68.3
68.0
67.5
67.7
68.0
68.1
67.3
67.6
68.5
68.1
68.7
68.4
68.4
68.3
68.5
68.1
68.8
68.0
67.8
68.1
68.1
59.3
66.0
68.2
69.0
68.9
69.9
70.0
70.8
72.3
71.5
71.7
71.3
70.5
70.4
69.6
69.4
68.8
68.4
69.3
68.4
68.7
68.4
68.6
68.8
68.8
68.9
69.0
69.1
69.3
68.7
68.0
68.7
69.3
68.7
67.9
67.6
66.5
66.0
65.8
65.7
68.3
68.8
69.5
69.1
69.1
69.3
69.3
69.7
70.5
70.6
71.8
71.9
71.2
72.2
71.2
71.5
71.1
71.9
71.2
70.9
70.7
70.9
71.7
71.3
71.8
71.8
71.0
70.3
70.4
69.5
69.8
69.9
68.9
69.3
69.8
70.6
69.6
69.3
69.7
69.6
69.7
70.0
70.0
69.8
70.1
70.6
71.3
70.7
70.5
69.6
70.4
69.6
108.5
99.1
70.2
69.8
69.9
69.3
69.2
69.7
69.7
69.0
70.3
70.3
70.3
70.4
72.5
72.9
72.1
72.1
72.5
72.4
73.2
71.6
71.0
71.0
70.5
70.5
70.2
75.8
76.7
76.4
75.9
75.9
75.7
75.5
73.2
70.8
73.0
73.9
69.1
66.2
66.7
67.9
67.3
66.8
66.7
67.2
67.5
67.2
67.7
67.7
68.4
68.8
68.6
68.0
67.9
67.8
67.8
67.5
67.4
71.3
72.0
72.1
72.2
69.4
67.6
66.9
66.6
72.7
70.9
71.5
68.5
66.1
64.3
64.2
66.3
65.9
63.9
63.5
62.1
63.6
63.0
66.2
67.9
65.3
63.2
63.4
64.9
66.4
65.7
65.0
64.8
65.0
64.8
64.5
65.7
64.9
64.3
63.7
63.3
64.3
64.7
63.7
65.2
64.4
63.9
63.0
64.3
64.0
63.8
62.7
63.9
79.7
68.8
87.1
65.5
64.8
65.9
64.6
67.2
67.1
67.1
66.0
67.8
67.1
67.2
66.9
67.0
67.6
66.9
66.5
66.9
66.1
65.5
65.8
65.9
64.7
63.5
64.0
64.9
64.7
64.8
66.2
66.6
67.6
67.1
70.0
69.9
68.2
68.0
70.1
70.2
70.2
71.0
70.6
72.9
70.4
68.1
69.5
69.5
69.2
69.3
69.7
69.8
68.8
70.2
69.0
69.0
68.3
69.7
69.2
69.5
68.4
69.9
69.5
70.7
69.5
69.2
70.2
69.7
70.6
70.0
69.7
69.7
69.8
69.4
68.2
68.8
67.2
67.0
66.4
67.2
66.9
65.6
67.4
67.1
67.2
67.4
66.6
66.2
66.0
67.6
67.0
69.6
70.2
70.8
71.1
70.9
72.2
71.2
71.5
71.8
71.8
71.6
71.3
73.0
71.7
71.1
71.8
71.4
71.0
70.7
71.7
70.9
71.1
72.3
72.0
73.8
69.1
68.7
68.7
68.9
69.0
67.8
68.3
68.5
68.9
68.9
69.0
71.6
71.5
72.3
71.8
71.6
71.1
71.3
71.6
70.9
71.0
71.2
70.5
70.4
70.6
70.8
71.6
69.3
67.9
66.2
69.2
69.5
70.8
72.1
79.2
79.6
75.6
72.8
72.3
72.7
72.4
72.2
71.6
71.6
72.4
72.0
71.6
71.8
71.4
70.7
70.3
70.0
70.4
70.0
70.0
69.9
69.5
68.9
69.8
70.0
69.5
70.4
70.4
70.1
70.2
70.0
70.8
71.5
71.0
71.0
70.5
69.8
68.9
69.0
69.5
69.2
69.6
69.3
69.8
70.3
70.8
71.6
71.2
71.5
70.9
71.2
71.3
71.4
70.6
72.4
68.5
65.9
67.7
67.2
66.0
63.8
66.0
66.3
66.1
65.9
65.9
66.1
65.9
66.7
68.4
69.2
68.8
68.2
69.4
69.5
68.4
66.2
65.9
67.2
67.6
69.5
71.5
71.6
72.0
64.1
57.6
60.2
60.1
60.1
60.2
60.1
60.8
61.0
65.7
65.1
62.9
61.8
63.6
63.9
63.9
64.1
63.9
63.7
62.9
64.1
64.3
64.2
64.4
64.2
63.9
64.8
67.1
67.3
69.1
103.0
98.1
68.8
68.2
69.2
63.9
62.8
62.4
64.3
64.4
63.6
64.8
65.2
65.0
65.1
64.8
66.0
67.0
65.2
62.7
62.3
62.1
62.8
63.2
63.2
64.0
65.5
66.2
64.5
62.6
61.8
62.4
63.2
63.1
64.1
63.7
63.3
63.3
64.1
67.7
67.5
66.6
68.0
69.5
65.5
63.2
62.4
61.5
62.6
63.2
62.2
62.5
63.1
65.8
66.3
66.6
67.5
67.6
63.8
58.3
57.5
59.7
62.2
61.3
66.5
68.0
64.0
61.1
61.5
60.7
59.2
59.0
59.0
64.5
67.6
65.9
66.3
65.8
63.3
61.8
64.7
63.3
61.5
61.2
61.3
60.4
59.7
59.7
59.2
59.6
58.7
58.4
57.8
57.9
58.7
57.4
57.3
57.3
57.9
56.6
56.8
56.7
56.4
56.9
56.2
56.7
56.5
56.7
56.3
56.4
55.7
56.5
56.4
55.8
56.5
55.8
59.0
61.7
61.4
60.7
60.2
63.0
63.7
62.9
62.1
63.1
62.6
61.5
61.4
61.0
74.2
84.1
74.4
63.2
59.0
59.0
58.9
58.7
58.7
59.3
59.0
59.3
58.8
59.2
61.6
62.0
61.1
60.0
60.0
59.9
60.0
60.1
59.5
59.2
59.8
59.3
58.8
58.8
59.1
58.7
58.0
58.3
58.5
58.3
58.9
62.3
64.6
64.6
63.7
63.7
64.0
63.4
62.6
61.9
62.1
62.0
61.7
62.7
62.1
61.5
61.3
61.4
62.2
61.1
61.0
60.8
60.9
60.8
60.5
60.7
60.3
60.4
60.5
60.7
60.8
60.4
60.7
60.4
60.4
60.1
60.1
60.3
59.9
59.4
59.9
59.9
60.6
60.7
59.5
59.3
59.3
59.5
59.9
60.0
59.8
59.9
60.2
60.2
60.3
59.4
59.8
59.9
60.5
60.0
59.7
59.8
60.0
60.3
59.9
60.9
67.0
69.0
70.1
70.5
71.1
70.5
71.2
71.2
71.0
70.1
69.1
67.8
66.5
66.6
67.6
65.8
65.1
65.0
65.0
64.2
63.3
63.8
63.7
63.7
63.1
62.5
62.5
62.3
61.6
62.2
62.7
63.8
65.3
65.6
65.9
65.8
65.6
64.7
64.5
64.8
63.6
63.5
63.8
64.1
63.5
62.8
64.4
66.6
65.1
63.3
74.6
70.0
71.7
71.8
62.8
71.9
72.2
72.8
71.7
70.0
69.8
68.6
68.5
68.9
68.6
68.1
69.6
71.5
70.6
70.0
68.7
67.3
67.5
67.7
66.1
65.8
66.4
66.3
66.4
66.7
66.1
67.0
66.7
66.4
66.0
66.0
65.6
65.7
64.8
63.9
64.0
63.7
64.0
65.8
75.7
78.1
73.8
68.7
68.7
69.9
71.4
69.6
67.9
68.6
68.6
67.9
67.0
65.9
71.6
75.0
69.4
71.5
67.6
66.8
67.9
66.9
66.7
67.0
65.9
64.8
64.4
63.8
65.1
65.3
68.8
70.3
70.0
68.5
68.3
68.1
69.0
69.7
69.4
68.3
70.2
70.9
69.3
67.8
67.2
66.9
66.5
66.0
66.0
66.8
68.2
67.8
68.0
68.0
67.6
66.6
67.0
68.2
66.6
65.4
65.1
64.8
65.2
65.3
65.5
65.6
64.5
64.0
63.7
63.3
62.8
62.6
63.9
63.9
66.6
67.5
67.6
68.5
68.4
68.1
67.7
69.8
73.4
73.3
72.4
70.3
68.8
66.8
65.1
63.6
63.3
63.3
62.3
61.8
62.1
63.0
64.3
67.0
66.3
66.4
65.9
66.5
67.0
66.2
65.8
65.2
66.5
68.1
66.8
66.3
65.2
65.2
67.4
67.2
66.4
65.7
64.7
64.7
63.9
64.7
64.8
64.8
64.0
64.7
66.1
68.1
68.0
68.8
68.9
67.5
65.8
65.4
66.1
67.3
68.0
67.6
65.8
66.0
66.4
66.4
66.1
65.6
65.3
65.5
66.2
67.2
66.6
65.7
64.4
63.2
65.4
66.7
66.4
68.3
66.7
66.0
64.8
66.1
66.4
67.3
67.0
65.8
64.1
63.9
69.8
67.5
63.6
61.8
60.6
60.1
59.8
60.4
60.6
60.6
61.0
60.9
59.5
61.1
61.9
61.9
61.3
61.6
61.1
62.1
62.5
61.9
62.3
63.0
62.7
62.2
61.9
62.3
62.4
62.2
61.7
61.2
61.8
62.8
62.2
62.2
61.7
62.2
62.1
62.4
62.1
61.4
62.1
62.0
62.4
61.9
62.7
62.1
62.3
62.2
61.8
62.6
61.7
61.8
62.2
62.5
62.6
62.4
62.2
62.4
62.0
62.8
63.3
62.9
62.5
62.6
63.0
62.4
62.4
62.4
62.4
62.7
64.7
65.0
64.8
63.9
63.2
62.8
63.0
62.7
62.5
62.1
62.4
62.8
62.7
62.2
62.3
63.0
62.3
62.8
62.4
62.0
62.3
62.2
62.2
62.5
62.4
62.0
62.3
62.4
62.9
63.2
63.1
63.1
63.8
64.2
64.8
64.3
64.4
64.1
63.5
63.8
64.1
64.8
64.0
65.0
65.4
65.5
65.9
66.4
66.3
66.0
66.2
65.7
66.1
66.3
65.4
65.5
65.7
65.5
65.3
64.9
64.8
64.8
65.6
66.0
64.8
65.2
69.5
71.3
72.0
70.2
68.3
66.2
66.1
65.3
65.3
65.4
64.7
64.9
64.8
64.8
63.6
63.4
64.2
63.8
64.2
64.3
64.8
65.2
65.1
65.2
65.3
65.2
65.3
65.0
64.9
65.0
64.6
63.9
64.2
64.2
64.6
63.8
63.0
63.2
63.3
63.5
63.0
63.6
64.4
63.5
64.0
63.5
63.3
63.7
64.4
64.5
64.0
63.7
63.5
63.5
63.9
63.8
63.4
64.0
63.0
63.7
63.9
63.8
64.1
63.7
62.9
63.6
63.5
63.6
63.7
64.5
64.3
63.9
63.9
63.6
63.7
63.7
63.3
63.7
63.5
63.5
63.0
62.3
61.7
61.5
60.8
61.0
61.3
61.0
61.3
61.3
61.2
61.5
61.3
61.3
60.5
60.9
61.8
60.9
61.1
61.2
61.5
61.4
61.1
61.0
61.0
61.9
61.8
61.8
61.4
62.8
62.3
63.2
62.8
62.4
62.2
61.8
61.6
68.2
71.3
71.6
72.2
73.3
73.1
73.4
73.7
73.1
72.5
71.8
71.9
71.4
70.8
71.1
70.7
70.7
70.6
69.7
70.6
70.1
69.7
69.4
69.3
70.9
69.6
71.2
71.0
70.1
70.2
70.1
70.9
70.5
71.2
70.8
70.7
70.9
71.2
71.4
71.2
73.7
75.8
75.0
72.4
71.6
71.7
71.0
71.2
71.2
70.7
69.4
67.7
68.0
67.3
84.5
60.5
54.6
67.6
67.9
111.6
72.1
71.5
71.2
70.2
68.7
67.5
67.2
66.5
66.9
67.7
66.1
66.5
67.7
69.0
68.1
67.3
66.5
66.6
65.8
66.4
66.1
66.4
65.5
65.5
67.1
67.1
67.2
66.6
66.3
66.0
66.2
67.0
66.1
66.5
67.2
66.2
66.7
66.5
65.9
64.0
63.4
63.4
64.8
64.0
68.3
69.5
69.7
69.1
68.2
69.3
70.2
70.5
69.9
68.6
68.3
67.3
67.7
66.9
67.0
67.6
67.5
66.7
66.0
66.2
67.9
68.6
68.9
67.4
67.7
68.7
70.9
70.7
69.2
68.3
68.3
68.6
68.6
68.5
67.9
67.9
69.0
68.0
67.6
67.4
67.1
67.1
67.1
67.6
67.7
67.2
69.1
68.8
68.1
68.2
69.4
69.5
68.5
68.2
67.8
67.7
67.7
67.6
68.7
69.2
69.9
68.5
68.3
68.5
68.5
68.7
69.7
70.6
70.3
70.8
70.0
68.5
68.2
68.9
68.9
68.7
69.7
69.4
68.8
69.9
70.2
69.0
68.5
69.3
68.8
69.3
68.9
69.0
69.7
69.5
68.8
70.1
72.8
76.3
74.9
71.9
73.7
78.1
79.6
78.2
78.5
77.9
71.8
68.8
69.2
69.0
69.0
69.9
68.6
67.8
67.8
67.0
67.4
67.7
69.7
69.7
70.1
70.3
69.7
71.5
72.3
72.2
72.8
71.0
70.5
70.5
71.4
71.5
72.4
71.4
72.1
71.6
71.5
71.5
70.6
70.6
70.6
70.6
71.7
70.6
71.4
70.3
70.5
70.7
71.5
72.1
70.3
70.4
68.9
68.5
70.7
70.1
69.7
70.0
70.7
70.1
70.1
69.4
70.1
69.9
69.9
69.3
69.3
69.6
69.9
69.3
68.7
68.5
67.9
67.9
66.9
66.9
67.1
66.9
66.2
66.3
69.4
69.7
72.0
78.0
78.7
78.8
78.5
78.7
78.9
78.4
78.0
77.9
77.9
77.9
77.6
77.7
78.1
70.5
65.0
65.9
66.8
68.8
69.9
72.2
72.7
71.4
69.7
68.6
67.7
68.0
69.1
68.6
68.9
67.7
69.1
69.5
70.5
69.7
68.9
68.8
68.6
70.0
69.8
70.8
69.4
69.6
69.6
69.1
69.2
68.9
69.5
71.0
70.1
69.6
68.0
69.7
70.1
70.5
70.1
69.9
69.4
68.3
68.7
69.1
69.3
69.0
68.4
68.5
69.1
70.7
72.3
71.6
70.3
70.7
70.8
69.6
68.5
68.4
73.7
78.1
79.7
80.8
79.6
80.1
81.2
81.5
79.5
80.0
80.0
83.2
90.0
86.8
79.8
82.0
81.8
88.6
90.0
89.4
89.2
88.6
89.3
88.4
89.0
89.4
89.7
89.8
90.8
90.2
91.3
90.6
90.6
90.2
90.3
89.9
90.0
90.9
90.7
91.3
91.0
91.1
90.7
91.2
90.6
91.3
91.3
91.5
92.4
93.2
92.5
92.4
93.5
85.1
74.4
74.8
76.1
77.2
77.8
78.2
78.1
77.5
78.3
78.6
79.1
80.6
81.3
82.7
82.9
82.0
82.9
83.9
82.6
82.1
81.5
81.7
80.9
80.9
81.1
80.8
80.4
81.1
80.8
81.0
80.8
81.1
81.3
83.2
80.2
79.9
81.5
81.4
81.3
79.9
78.8
78.2
78.8
78.0
77.8
79.5
78.1
77.2
77.7
77.4
77.7
77.8
77.4
77.4
77.5
77.0
77.4
77.9
78.0
77.5
76.8
76.0
76.7
75.7
76.4
76.0
75.9
75.5
77.4
77.6
77.3
76.7
75.8
76.5
75.8
74.9
76.0
76.1
76.8
76.7
78.7
79.4
79.4
80.3
80.1
80.0
79.9
80.1
80.4
80.1
79.6
78.4
78.8
79.1
79.2
79.9
79.4
80.1
79.8
78.7
77.6
77.6
77.4
77.9
78.0
78.8
78.3
79.0
78.4
80.3
80.3
81.4
81.9
80.5
79.9
79.2
78.7
78.6
78.8
79.0
78.9
78.7
80.8
80.1
79.6
81.1
79.9
82.2
82.6
82.8
81.0
79.5
76.7
74.6
72.3
71.2
70.2
67.9
66.8
66.1
67.4
67.2
67.3
73.9
74.0
73.7
70.7
69.5
67.9
66.7
65.4
64.8
63.6
63.2
63.8
64.6
64.2
64.1
64.3
63.8
63.7
62.1
62.9
63.1
63.1
63.8
63.0
64.1
63.7
64.2
65.0
64.6
65.4
64.6
64.9
65.4
66.3
67.9
67.1
67.2
67.0
67.7
67.9
67.6
67.5
66.7
69.4
69.9
69.0
68.8
68.2
67.7
67.1
67.1
67.3
67.6
67.1
67.0
67.1
67.1
66.8
67.6
68.0
68.3
67.7
68.8
68.0
67.7
67.4
68.2
67.6
67.1
68.9
68.6
69.6
70.1
70.6
72.6
78.4
77.9
77.1
78.4
80.2
78.0
78.1
79.8
79.2
78.0
77.2
77.8
77.8
76.5
76.0
75.8
75.0
75.1
75.2
74.9
74.8
74.3
74.9
75.2
75.5
74.7
74.7
75.4
80.1
78.8
78.3
78.2
78.5
78.5
81.2
79.9
79.4
79.6
79.7
78.1
78.2
78.1
75.6
75.6
75.7
77.5
77.0
76.5
75.7
75.2
75.2
75.2
75.3
75.4
74.9
75.1
76.6
77.4
76.7
75.6
76.0
75.1
75.0
75.4
75.8
76.1
75.6
74.5
74.4
74.7
75.8
76.0
77.0
76.0
75.8
78.8
79.2
79.6
85.4
77.4
79.6
78.1
77.7
78.2
75.9
75.7
74.8
74.4
73.7
73.9
73.3
74.0
73.6
74.0
72.9
73.1
73.1
73.6
73.2
72.5
72.5
73.0
73.9
74.2
74.2
76.1
76.8
78.6
79.3
78.0
79.4
78.6
77.3
77.9
78.3
84.4
81.7
79.0
80.8
80.3
81.2
80.2
78.6
77.1
76.8
79.0
78.6
78.1
76.9
75.9
75.6
75.1
74.6
74.2
73.4
73.8
73.8
74.2
74.8
74.8
74.7
76.0
78.1
78.7
79.6
79.2
78.4
79.6
76.9
76.7
75.9
75.8
76.1
76.0
75.4
75.7
75.4
75.5
74.5
75.7
75.3
78.2
80.9
81.0
80.9
80.3
79.1
79.3
78.6
77.2
77.8
77.2
77.9
76.6
76.6
77.4
76.8
75.2
75.8
75.6
77.7
79.5
80.8
81.2
80.0
78.7
77.0
78.8
78.0
78.1
77.2
76.6
76.4
79.6
79.8
79.0
78.7
79.3
77.7
76.9
77.8
77.9
78.5
78.9
80.1
85.4
84.7
85.0
86.0
86.7
87.1
85.2
86.5
85.1
85.9
85.1
83.4
83.2
83.1
82.9
82.7
82.9
81.9
81.7
81.2
80.7
79.9
79.7
80.2
79.9
78.9
78.9
79.1
78.7
79.8
80.0
80.0
80.4
80.7
80.2
79.4
79.1
80.2
80.5
80.5
79.4
79.1
79.7
79.9
78.7
78.4
79.2
82.5
83.5
82.8
82.7
81.5
80.1
80.8
79.7
81.8
81.1
80.6
81.3
81.3
81.6
81.2
81.0
80.6
80.5
79.8
80.1
83.3
82.7
82.9
82.4
83.3
81.9
81.6
79.7
78.0
78.9
79.0
78.3
78.4
78.1
78.0
78.1
78.2
79.1
78.8
79.0
80.0
80.5
79.9
79.4
79.5
78.8
78.3
78.1
78.2
77.7
80.0
79.7
80.2
79.8
79.8
81.5
79.5
79.4
79.8
79.5
80.1
84.3
83.4
81.2
80.7
80.6
79.5
79.3
80.6
82.5
82.8
82.8
83.3
83.3
81.8
80.8
80.2
79.2
79.3
79.2
79.4
80.4
79.9
80.8
80.3
80.3
79.3
80.0
79.5
79.0
79.4
80.4
80.5
80.5
79.7
80.0
79.6
80.4
80.1
79.8
80.0
80.0
80.1
81.0
80.9
80.7
80.2
80.1
80.0
80.3
80.3
85.2
86.0
83.1
83.1
82.9
83.0
82.6
82.6
82.5
82.8
82.9
83.3
83.6
83.1
82.0
83.5
82.6
82.1
83.1
82.9
83.0
83.3
83.5
83.8
83.9
84.8
83.2
82.6
82.6
82.3
82.9
83.0
83.5
83.6
83.1
86.2
88.2
88.8
89.5
90.2
89.9
88.6
88.8
86.3
86.0
85.6
83.8
84.1
84.9
86.1
86.9
85.6
83.6
82.9
82.9
83.2
83.9
82.9
84.0
83.6
83.6
84.7
84.2
85.3
84.6
84.6
85.3
84.0
84.3
83.8
83.7
83.1
83.7
84.2
83.9
84.8
84.2
84.7
84.0
85.8
86.3
86.3
85.6
84.9
85.7
85.5
85.2
84.4
85.0
84.8
84.3
84.6
83.0
84.4
83.2
83.9
83.3
84.5
84.9
85.0
85.9
85.1
85.9
84.8
84.2
85.3
86.4
86.5
87.6
90.5
88.9
88.8
88.4
85.7
85.4
85.3
86.9
87.1
89.5
87.9
88.9
87.8
87.0
87.9
87.4
86.5
85.1
86.1
87.5
88.8
88.5
87.1
85.3
86.5
86.0
85.8
84.4
86.3
87.0
91.1
91.3
88.6
91.1
88.0
87.7
88.6
87.4
85.1
84.8
84.6
83.3
82.6
82.3
82.4
83.4
82.1
82.8
82.1
82.7
83.0
82.9
82.0
82.0
83.5
84.5
82.9
82.9
83.5
83.0
82.8
82.9
83.2
82.9
82.3
83.3
83.2
82.6
82.8
83.7
83.6
83.0
83.6
84.0
83.4
83.5
83.9
85.1
84.8
84.6
84.8
85.5
86.0
85.7
87.1
85.6
86.3
87.1
87.4
85.9
84.9
84.8
86.5
89.2
81.4
65.3
83.7
88.7
89.9
93.9
90.1
89.1
93.0
91.6
88.2
87.9
88.2
87.6
85.6
85.6
85.4
84.1
83.8
83.9
83.2
81.6
81.4
81.6
81.5
82.5
82.6
83.8
83.3
84.0
84.9
84.9
84.5
84.5
85.0
83.4
83.9
83.4
84.0
83.8
84.3
84.1
84.1
84.4
84.4
84.1
84.8
84.0
83.4
83.3
85.2
87.0
86.9
86.1
86.4
87.1
87.0
86.4
85.8
86.3
87.3
86.0
86.5
85.9
85.6
85.0
85.0
84.2
84.9
85.3
86.0
84.9
85.0
85.9
87.5
87.7
87.2
88.9
87.4
87.8
87.1
87.4
87.7
86.9
86.4
86.5
87.7
87.9
87.0
86.5
86.7
86.3
85.8
85.9
86.9
85.7
85.0
85.5
86.4
89.5
90.5
89.6
90.8
90.8
90.9
90.8
89.5
90.4
88.8
89.3
87.9
87.6
87.3
87.0
87.1
87.5
87.2
87.3
87.4
86.4
85.8
87.6
86.6
85.0
84.8
84.5
84.5
84.7
85.6
84.8
84.9
84.1
84.2
84.3
84.3
84.5
84.4
84.6
85.1
85.5
87.8
88.8
89.0
89.2
88.7
88.1
87.1
86.1
85.4
86.7
87.5
87.1
88.9
87.5
87.1
86.9
87.8
89.0
90.1
90.8
88.7
87.8
87.7
87.3
87.8
88.1
87.2
86.4
87.2
87.1
86.4
86.1
86.5
86.5
86.6
86.2
86.3
86.2
87.0
89.3
89.0
88.9
89.0
89.7
88.5
88.0
87.9
87.4
87.2
87.1
86.8
86.7
87.1
87.1
87.2
86.7
87.1
89.3
88.4
90.7
90.8
90.7
90.3
89.3
89.1
90.0
90.3
89.7
89.0
89.1
89.3
89.8
90.3
91.0
90.9
89.2
89.0
89.1
92.0
91.1
91.4
91.5
90.5
90.0
88.9
89.6
89.9
89.7
89.4
89.5
90.0
90.0
88.3
89.0
91.6
92.0
91.7
90.5
90.3
89.2
89.2
91.7
90.9
90.0
89.7
90.8
93.0
94.3
95.5
93.5
92.2
93.4
92.9
93.0
90.0
92.3
93.2
92.7
93.3
91.6
90.1
95.6
94.4
95.6
89.9
90.1
91.8
125.9
120.4
92.4
92.3
91.6
91.0
89.8
91.4
90.0
90.0
89.0
91.0
89.0
87.7
86.7
87.0
86.7
87.4
88.0
86.6
86.8
86.9
87.0
88.1
88.4
88.5
88.9
88.4
88.1
88.9
88.7
89.1
89.1
89.4
89.2
89.8
90.0
90.1
90.3
90.8
90.7
91.0
91.1
90.2
89.1
88.9
88.9
89.2
88.6
89.0
89.3
89.1
89.2
90.0
90.5
90.3
90.9
92.4
93.1
94.4
93.0
93.0
93.7
93.3
92.8
93.6
93.7
97.4
96.4
94.2
94.9
90.6
91.9
91.5
91.6
92.5
94.0
93.0
92.7
91.3
91.9
91.0
90.8
91.2
91.5
91.1
90.2
90.7
89.8
89.7
89.7
90.1
90.5
89.7
90.2
90.1
90.1
89.4
89.2
89.4
89.4
89.4
89.6
90.2
90.2
90.1
90.8
91.5
91.4
91.1
91.6
91.5
91.4
91.7
92.0
91.8
92.7
93.0
92.8
93.3
93.8
94.2
93.8
94.4
94.9
93.7
94.8
94.4
94.1
93.4
94.7
93.5
93.3
92.6
92.8
93.6
94.4
93.2
94.0
93.6
95.5
94.9
92.9
93.3
93.3
93.5
94.0
93.0
93.4
93.1
93.3
93.4
93.1
93.4
92.9
92.6
91.9
91.5
91.0
91.1
91.1
91.9
92.3
93.1
93.7
93.4
92.9
93.2
93.5
92.8
91.8
91.7
91.8
92.9
94.1
93.6
93.1
93.2
93.1
94.0
93.7
93.0
92.9
93.6
93.4
93.0
94.1
94.5
94.0
94.2
94.5
96.9
96.3
95.4
96.2
95.3
96.3
94.9
93.4
94.6
95.0
94.7
95.2
95.1
95.1
95.3
96.1
96.5
96.3
98.0
97.8
96.9
96.00000000000001
97.4
96.2
96.7
95.8
94.9
94.7
94.6
92.9
92.3
93.3
92.4
93.0
93.7
89.9
95.9
96.9
96.3
96.4
96.0
95.9
94.2
91.1
89.8
93.0
94.8
94.7
93.8
91.7
90.9
90.6
91.0
96.0
94.2
94.6
92.8
92.6
92.1
93.2
94.4
94.7
93.1
91.9
89.8
89.5
87.2
87.6
86.5
85.2
85.0
83.0
79.1
80.7
82.4
82.2
80.6
81.4
80.9
79.3
79.7
80.1
81.0
80.0
79.3
78.0
78.3
78.5
78.0
79.0
78.6
78.7
80.0
79.1
79.9
80.0
79.3
78.1
77.5
78.1
77.3
78.0
78.0
77.9
78.7
79.9
80.3
80.8
79.7
79.4
79.0
79.7
80.1
81.3
81.5
80.9
81.1
80.5
79.2
78.8
78.4
78.0
78.0
78.5
79.0
78.9
78.6
79.0
78.9
78.1
76.1
77.3
78.7
80.1
81.3
82.6
83.4
83.6
83.7
84.3
84.1
84.8
84.7
85.9
86.1
86.5
86.3
85.9
85.6
86.4
86.6
87.0
86.9
86.0
87.2
86.2
84.8
85.4
85.0
85.4
85.5
85.7
85.0
85.8
86.0
86.7
87.4
86.3
86.5
86.4
86.4
87.0
86.9
84.6
82.6
80.8
80.4
80.9
82.3
81.4
83.3
82.9
82.5
81.6
81.4
81.4
83.5
81.3
82.5
80.4
81.1
80.9
80.7
81.0
80.7
81.4
82.9
81.2
83.3
81.6
81.9
82.9
83.0
83.5
83.5
83.5
82.2
82.7
82.3
82.4
82.4
83.0
82.9
83.5
82.7
87.1
83.8
82.7
81.2
79.5
82.4
84.0
84.0
82.0
83.2
83.6
83.0
82.0
81.2
80.3
79.1
79.1
79.6
79.7
80.3
81.4
81.6
81.6
82.4
82.8
80.9
82.9
82.9
83.2
83.2
82.0
82.7
84.4
83.7
83.9
83.4
82.1
82.9
84.0
83.0
82.1
82.0
83.9
87.6
85.8
83.5
84.8
84.7
84.0
83.3
84.3
83.9
83.5
82.7
81.3
81.8
82.7
84.1
84.3
83.4
84.4
84.6
87.6
88.3
89.6
86.1
85.6
85.8
87.1
86.1
88.2
83.4
87.8
87.8
88.4
88.8
86.6
87.1
87.4
88.3
88.2
87.1
86.8
88.1
89.0
90.1
89.9
91.4
91.9
92.1
91.1
91.6
91.0
91.5
90.9
90.1
91.3
91.0
90.7
90.7
90.8
90.1
89.7
89.6
90.5
91.1
91.6
92.1
90.8
90.6
91.6
90.9
88.7
88.8
91.4
91.3
87.4
91.5
91.4
88.1
88.5
87.2
89.0
88.5
89.4
93.7
87.4
89.7
89.6
88.8
88.4
88.1
88.5
88.9
89.7
88.2
87.9
87.2
88.4
88.0
88.4
88.7
89.0
89.2
90.0
89.7
90.6
90.3
94.0
89.9
89.8
89.5
90.4
89.8
90.4
91.2
92.2
91.4
91.5
91.7
91.6
91.9
91.8
90.7
89.9
89.6
90.6
90.1
90.1
90.5
91.3
91.0
90.9
91.6
90.9
90.1
89.9
89.4
89.2
89.1
89.6
89.2
89.8
91.0
90.6
89.2
90.7
89.9
89.8
90.3
90.5
90.7
90.5
90.6
92.4
92.8
89.9
90.5
91.2
92.3
93.8
92.1
92.9
92.6
93.0
93.4
93.2
91.6
91.5
90.7
91.7
90.2
90.8
90.5
90.1
90.3
89.6
89.8
90.0
89.1
89.4
87.3
87.3
86.9
87.0
86.1
86.4
85.5
84.7
86.0
85.2
85.9
85.6
85.6
85.4
85.1
82.1
84.6
85.4
85.0
85.0
84.2
84.3
84.2
83.9
85.0
83.6
85.6
87.1
87.6
88.0
88.1
87.9
87.6
87.6
88.2
88.3
88.2
88.6
88.5
88.8
88.9
87.7
87.2
86.7
86.6
87.4
87.4
87.6
88.1
89.0
88.9
89.1
89.8
89.8
89.7
89.6
86.8
86.8
86.6
87.2
85.8
85.6
85.8
85.0
84.8
84.1
84.6
84.7
84.5
84.2
84.7
84.9
85.0
84.9
85.2
84.2
84.7
85.2
85.0
84.8
85.1
84.2
84.8
84.9
85.0
85.3
84.4
83.9
85.3
83.2
83.1
83.9
84.4
84.4
84.7
85.1
84.3
83.1
82.5
82.5
82.5
82.6
82.4
81.2
81.8
81.5
81.9
81.3
82.2
81.1
81.4
81.4
80.8
81.8
80.7
80.5
81.4
81.8
81.0
79.5
79.7
78.8
79.8
78.3
77.7
77.5
77.7
78.2
78.6
78.3
79.4
78.3
79.2
78.0
78.1
78.1
78.3
78.4
78.9
78.9
79.0
79.2
80.5
80.7
80.9
81.3
81.5
81.2
81.4
80.9
81.9
81.3
81.6
80.9
79.8
79.8
80.2
80.3
80.4
80.2
82.9
85.0
84.3
84.4
83.9
82.8
83.4
82.5
82.4
82.8
83.0
82.3
82.1
82.5
81.3
81.9
80.9
79.8
79.9
80.5
79.5
79.9
81.3
80.4
81.0
81.7
80.8
81.9
82.4
83.0
81.7
102.1
92.2
91.8
83.7
83.8
83.0
77.2
76.6
76.5
75.1
74.7
75.5
75.6
75.8
76.0
76.0
74.9
75.3
77.1
76.7
76.0
74.3
74.1
74.1
74.1
73.8
74.5
75.6
77.8
78.0
79.0
78.7
79.5
80.4
78.1
79.6
81.2
80.5
81.2
81.3
78.5
78.5
77.5
75.6
76.3
76.3
76.1
74.6
73.0
73.3
72.7
71.2
71.3
70.5
69.0
69.6
69.2
68.8
69.6
69.4
70.1
70.4
71.0
70.8
71.2
70.6
70.3
69.9
71.0
70.0
69.0
67.4
68.1
67.4
66.5
67.0
66.9
66.4
66.0
66.1
68.3
67.4
67.1
68.2
68.3
67.6
68.6
69.9
70.3
69.3
71.2
70.4
70.2
70.6
71.9
76.2
78.9
74.9
71.9
71.8
71.4
71.4
69.9
65.0
69.4
68.2
68.4
68.6
69.2
68.3
67.3
66.4
65.9
65.9
67.2
67.5
67.5
67.2
67.4
68.7
66.8
68.7
68.0
67.8
68.3
67.3
67.9
67.8
67.3
68.1
68.8
67.6
67.7
68.2
69.9
68.8
69.2
68.7
70.0
69.6
68.9
68.1
69.1
70.1
71.1
70.7
70.7
69.8
70.5
70.3
70.9
71.1
71.9
71.6
71.4
71.8
71.7
71.8
71.3
70.4
70.7
71.7
71.1
70.6
71.3
69.4
70.1
70.8
71.0
70.7
70.6
69.8
68.5
68.2
68.9
68.4
68.3
68.7
69.1
67.5
69.2
69.6
70.1
69.4
69.3
70.2
69.4
68.1
70.4
69.7
70.0
70.3
69.3
69.1
68.5
68.6
71.7
70.9
70.8
72.3
71.7
72.1
71.3
69.1
69.6
69.4
69.0
67.7
69.4
71.8
71.8
70.6
73.3
73.9
74.2
72.2
70.9
71.6
71.1
71.1
70.6
69.8
69.4
71.1
70.9
66.4
69.2
70.0
71.2
70.1
68.9
68.9
69.2
68.3
67.9
65.3
67.7
69.1
69.5
69.1
69.6
70.4
70.1
69.9
69.8
68.8
71.5
71.6
72.8
72.0
70.9
70.6
70.9
69.9
70.4
70.7
69.8
67.9
70.0
70.0
69.4
69.8
69.9
69.2
68.5
68.1
68.4
68.2
67.1
69.0
70.4
70.6
71.3
70.4
69.8
70.0
69.4
69.0
68.7
69.1
69.1
68.5
69.3
70.0
70.0
70.1
79.7
100.8
69.3
87.6
71.7
70.4
70.2
68.5
71.2
71.3
72.0
70.1
70.7
68.9
68.7
69.5
68.1
68.1
66.5
69.0
67.6
65.6
73.2
70.9
71.9
73.2
70.3
71.6
73.9
72.4
70.6
72.6
72.6
74.3
70.8
73.2
70.6
73.2
72.8
71.4
73.2
70.6
69.3
68.8
68.3
67.8
68.1
66.1
65.7
67.7
65.8
66.0
65.6
65.9
66.5
65.8
65.1
65.1
66.2
66.0
67.8
67.6
67.6
67.1
67.0
65.0
62.9
65.8
64.9
64.8
63.8
63.8
62.5
63.3
61.2
60.5
60.3
59.9
59.9
60.2
60.0
60.0
59.9
59.2
57.2
59.8
60.8
60.0
59.8
59.9
59.3
59.2
58.9
59.6
59.1
59.3
57.7
59.0
59.6
59.1
59.3
60.0
61.6
60.5
59.8
58.6
58.8
59.6
59.2
59.1
59.2
58.6
58.2
58.6
57.9
57.7
57.6
57.8
57.9
57.7
57.9
57.2
57.6
57.4
57.4
57.2
57.1
57.1
57.0
57.6
57.4
57.0
57.6
57.7
58.0
57.7
57.6
57.9
57.8
57.9
57.2
57.5
57.3
57.4
58.2
58.3
59.4
60.6
63.5
64.6
66.8
68.3
66.1
64.3
62.6
61.5
61.6
61.6
60.2
59.8
59.2
58.1
57.9
57.1
56.7
56.6
55.9
55.9
56.1
56.0
56.3
56.1
56.5
56.8
57.5
57.7
57.7
57.8
57.7
57.6
57.1
57.0
57.2
57.0
57.4
56.7
56.8
56.2
56.2
56.2
56.5
59.6
59.5
61.6
63.1
64.5
65.4
65.8
65.2
64.5
63.9
62.8
62.2
61.3
60.3
60.1
60.5
60.2
60.3
60.1
60.1
59.6
59.5
59.2
59.1
59.2
59.2
59.4
60.3
60.8
61.0
61.1
61.1
61.0
60.8
60.7
61.2
61.2
61.7
65.6
63.1
62.5
62.2
61.5
60.3
60.8
60.8
62.3
59.1
60.1
60.3
59.1
58.4
59.0
58.1
58.2
58.0
57.8
57.5
57.4
57.4
57.4
57.5
58.2
58.0
58.2
58.4
58.4
58.9
58.9
58.9
59.1
58.9
58.4
58.0
58.1
59.2
58.5
57.8
57.7
56.9
56.8
55.7
55.5
55.1
55.5
55.8
55.7
55.3
55.9
55.6
55.7
55.4
56.0
55.6
55.8
56.2
56.0
56.2
56.1
56.5
56.1
56.2
56.4
56.6
56.4
55.6
55.8
56.2
56.1
55.9
56.5
56.6
56.7
56.9
56.7
56.5
56.1
56.4
56.1
56.4
56.5
56.7
56.0
55.1
55.1
55.3
54.8
54.0
54.1
54.8
54.7
54.6
54.3
55.0
54.6
54.7
54.4
55.5
55.9
56.4
56.4
56.2
55.1
54.7
54.8
55.1
54.6
54.3
54.3
54.3
55.1
55.5
55.5
54.7
55.8
55.3
55.8
55.6
55.2
55.7
55.1
55.8
56.2
55.8
57.1
56.5
56.7
56.9
56.3
56.2
55.6
55.5
55.0
55.1
54.7
54.1
54.6
55.0
55.8
55.6
55.6
55.4
56.3
57.4
58.0
59.8
61.1
61.8
63.5
66.7
63.4
63.0
63.8
63.0
62.3
60.7
62.2
61.7
60.9
60.5
60.9
59.5
58.9
58.1
57.8
57.1
57.0
55.7
55.4
56.0
55.1
54.8
55.1
55.4
55.4
55.5
54.9
54.7
54.4
54.9
54.2
54.8
54.5
57.3
55.3
55.2
54.8
54.6
54.2
54.3
54.6
54.0
54.3
54.7
54.9
54.6
56.3
60.8
61.4
62.3
64.6
62.9
62.8
61.0
63.3
63.0
63.1
63.2
62.9
61.8
60.9
60.3
59.6
59.2
59.2
59.8
59.7
58.8
59.1
58.7
69.1
65.8
63.0
61.2
60.8
59.5
59.3
59.0
58.4
57.9
57.4
56.4
56.6
56.3
56.0
56.4
56.1
56.2
57.1
57.2
57.0
57.3
56.5
56.3
56.2
55.4
55.4
55.1
55.5
55.1
55.6
54.8
54.9
55.0
54.6
56.1
55.6
55.2
55.0
55.0
56.3
55.5
55.7
55.0
55.6
55.0
55.3
54.8
56.3
55.5
55.2
55.5
51.9
55.1
56.9
58.9
58.0
58.7
57.5
56.8
55.9
55.9
55.5
55.0
54.9
58.7
59.1
57.1
57.7
57.9
59.1
57.3
57.2
56.8
57.9
56.3
56.2
56.7
57.0
60.0
58.8
60.3
61.3
63.4
63.7
64.1
64.6
65.5
66.3
65.9
64.7
62.5
64.4
62.5
69.1
68.0
68.0
67.0
67.3
67.8
66.0
66.7
86.8
64.5
6.7
62.0
63.6
63.8
65.4
64.1
64.0
65.1
64.4
64.1
63.2
62.8
63.7
62.5
62.7
62.9
62.6
60.4
61.1
63.6
62.2
62.6
61.7
61.5
65.2
68.7
68.5
67.4
68.3
69.5
69.7
62.4
61.7
60.2
58.8
57.8
56.1
57.5
57.5
56.9
58.4
57.6
57.4
57.6
56.8
55.7
54.0
53.1
52.6
53.0
53.1
54.0
53.9
53.6
53.2
53.3
52.9
54.9
53.3
53.1
55.2
55.7
59.4
57.1
56.8
59.0
57.3
58.2
57.3
55.9
55.7
54.5
55.2
54.2
54.4
55.2
55.6
54.1
54.1
53.4
54.3
53.9
52.8
53.1
52.0
51.8
55.3
57.0
55.1
56.0
55.9
56.2
56.3
56.0
55.9
56.4
56.5
56.2
57.4
55.7
56.0
57.1
56.3
56.0
56.2
56.7
56.8
57.1
57.6
57.6
57.2
59.2
59.2
59.6
60.3
61.1
61.5
61.8
62.7
64.6
65.5
68.7
69.5
69.9
68.5
67.5
65.0
66.9
64.5
66.1
65.3
65.9
65.9
65.0
64.0
62.7
62.8
61.7
65.0
64.2
63.9
63.2
61.7
61.6
62.4
63.5
62.4
59.7
59.7
59.5
58.5
58.4
58.5
58.9
57.6
57.1
56.6
58.3
57.5
56.8
56.1
56.1
55.8
55.0
57.0
61.7
62.2
60.8
60.8
60.7
61.9
60.2
59.6
58.7
62.0
59.4
59.3
58.8
59.5
59.9
59.1
58.8
58.1
57.8
58.1
58.1
59.0
60.0
59.7
59.2
58.7
58.5
57.6
57.7
61.8
61.4
61.9
63.0
64.1
62.9
62.2
62.4
61.5
60.6
60.5
60.1
60.4
61.2
62.0
60.5
61.0
62.0
61.9
67.0
64.5
65.3
64.1
65.0
66.4
64.5
64.1
63.3
63.9
63.0
62.7
62.9
63.2
63.2
63.2
63.1
62.8
61.7
61.4
60.8
59.5
59.4
61.4
61.7
60.5
79.9
131.3
69.1
62.2
62.0
60.9
61.2
60.5
60.4
60.9
61.3
61.9
96.0
130.1
73.6
62.4
51.199999999999996
39.99999999999999
28.799999999999997
17.6
69.3
66.8
74.1
72.6
71.2
72.3
72.5
72.9
73.9
73.7
73.1
74.2
81.4
76.8
73.2
72.1
71.8
70.8
68.8
68.3
68.3
70.5
70.0
69.3
67.6
67.2
69.1
68.4
69.1
67.4
68.3
68.1
66.3
67.9
68.3
68.3
67.5
67.3
68.4
68.3
68.1
68.5
69.4
68.3
68.5
68.7
68.8
69.4
68.5
69.0
69.6
72.9
72.6
70.2
69.5
69.4
68.6
66.8
68.5
67.6
67.2
66.8
67.4
67.3
67.2
67.5
67.9
69.9
69.7
70.3
71.5
70.7
69.7
70.4
69.9
70.3
71.2
71.2
72.3
71.1
70.0
68.5
64.5
64.1
63.7
63.4
65.8
66.1
65.5
65.4
65.3
67.7
70.5
70.0
70.7
70.9
71.1
70.8
71.5
73.5
73.6
74.1
74.3
74.6
74.7
74.5
74.6
75.1
75.3
73.8
73.7
74.2
73.9
71.5
71.9
72.1
71.7
71.2
72.0
72.4
72.6
72.9
72.6
73.2
73.0
73.4
73.4
73.2
71.8
70.5
70.2
70.4
70.2
70.1
68.2
68.5
69.0
68.7
68.2
66.9
66.2
66.0
67.1
67.0
68.2
68.6
69.0
69.4
69.3
69.0
69.1
72.6
74.1
72.7
71.4
70.7
70.8
71.4
71.5
70.2
68.8
68.1
68.1
69.2
68.8
68.8
69.2
68.8
68.7
69.5
74.9
70.4
69.3
69.6
69.9
70.5
69.0
64.2
64.5
63.3
65.2
64.4
64.2
63.8
63.6
63.2
64.1
63.8
63.6
62.6
62.3
60.6
61.8
61.1
61.3
60.1
60.6
62.0
61.9
62.4
63.1
64.0
65.3
65.2
63.4
64.0
63.8
64.3
63.8
63.2
63.2
62.5
62.9
62.9
63.0
62.7
62.6
63.1
63.3
63.1
64.4
66.1
65.2
65.3
67.4
68.1
71.5
69.9
69.2
68.9
68.9
68.1
67.7
66.4
67.4
66.0
67.4
68.3
68.3
70.5
77.1
73.5
68.6
66.6
74.5
74.3
73.5
76.7
78.9
75.9
77.9
79.1
77.9
75.3
74.2
73.5
73.4
73.8
74.1
74.0
74.2
75.4
71.5
74.0
74.1
74.1
74.5
77.3
78.2
79.5
80.2
80.9
81.4
81.5
82.3
82.4
81.9
80.8
80.5
77.1
71.5
71.5
70.7
70.1
70.6
70.3
71.1
70.8
70.4
69.8
69.0
68.7
69.5
67.8
67.7
68.2
68.5
68.4
68.4
69.3
69.8
72.0
71.7
72.2
69.3
70.5
67.4
70.5
68.7
68.0
66.8
67.3
65.7
66.2
65.4
65.8
65.2
66.2
65.1
65.3
65.5
65.9
66.0
66.1
64.4
65.4
65.3
64.3
64.1
62.7
64.0
64.0
64.5
64.3
64.6
64.9
65.0
64.9
63.2
62.7
62.6
63.6
63.4
63.1
62.6
67.8
61.5
61.8
65.6
62.7
62.4
63.3
64.3
63.2
63.3
63.6
63.1
65.3
67.4
39.3
55.9
72.2
71.9
46.7
67.0
67.0
66.4
66.6
66.4
67.0
66.4
66.1
66.6
66.6
66.7
67.0
67.6
67.2
68.7
68.2
71.5
72.4
70.4
70.8
71.0
72.3
70.2
69.4
68.5
67.7
66.7
66.7
66.4
65.0
65.9
66.4
66.1
66.1
65.8
65.1
65.5
66.3
65.8
65.5
65.2
65.1
64.9
65.2
65.9
66.2
66.2
66.1
65.9
67.5
66.8
66.9
67.7
68.0
70.8
70.2
67.6
71.9
68.7
69.2
67.2
68.1
66.7
67.3
67.1
66.4
61.7
66.6
67.2
67.1
66.7
65.7
65.6
66.9
65.3
68.2
68.2
66.9
67.2
66.7
67.0
67.3
66.8
66.8
65.9
65.9
65.0
66.1
66.8
66.7
66.7
67.2
66.2
68.0
66.6
67.4
67.4
71.5
75.7
75.0
69.4
68.7
69.1
68.7
67.9
67.7
67.4
67.4
66.7
67.5
67.3
66.5
66.2
65.9
65.9
66.2
65.9
66.0
65.3
66.2
66.3
66.5
66.4
66.7
66.8
67.8
67.5
68.3
68.4
70.2
68.3
68.1
68.1
67.9
68.1
68.8
69.7
69.0
69.1
69.7
69.5
70.1
70.0
71.5
70.6
71.6
71.3
71.5
71.3
72.2
73.1
72.2
74.6
72.6
72.6
74.9
74.8
76.1
75.8
75.8
74.6
75.9
75.7
76.4
76.3
79.0
74.4
76.6
70.0
69.1
68.6
66.1
67.3
69.8
69.6
70.9
70.8
71.4
70.8
69.9
70.8
67.2
70.2
68.5
67.4
66.8
69.6
69.0
68.9
67.8
69.2
69.3
68.3
70.8
70.0
70.3
70.2
70.8
69.9
69.4
66.5
65.5
66.9
66.3
64.4
64.0
63.7
64.1
63.9
64.5
64.2
64.0
64.0
63.9
63.4
64.3
64.2
64.7
65.5
65.7
64.4
64.8
64.4
64.9
64.6
64.4
65.0
65.5
65.6
66.0
65.6
65.2
64.9
64.2
63.8
64.6
64.5
64.4
64.7
64.1
64.0
65.3
65.4
65.8
66.0
66.7
66.5
67.0
67.7
67.4
67.3
66.9
67.6
67.7
67.4
67.4
67.6
66.8
67.6
67.8
69.0
68.2
69.2
68.5
69.0
68.9
68.4
67.7
67.7
67.4
69.1
68.6
68.0
68.0
68.2
67.6
68.3
67.6
66.6
66.6
66.6
67.7
65.6
65.8
65.3
65.0
67.6
67.1
65.5
66.8
66.5
67.9
65.5
65.8
65.3
65.3
64.2
66.0
65.5
64.6
65.1
63.6
65.4
63.9
64.8
63.8
64.4
64.7
64.4
64.4
67.2
65.1
64.4
63.2
65.5
65.9
66.0
64.9
64.0
63.8
63.1
67.6
67.1
67.1
68.9
69.2
67.2
69.4
68.9
68.9
67.5
68.0
66.7
66.1
65.5
66.6
65.9
68.6
72.9
74.7
69.7
68.7
69.8
63.3
66.0
65.2
64.8
62.9
62.8
63.3
62.7
63.3
63.8
63.9
62.6
61.5
61.3
61.3
61.5
62.0
62.2
62.6
62.1
62.5
62.4
62.0
62.2
61.9
61.9
62.0
61.1
61.0
60.3
60.8
60.9
61.0
61.3
60.8
61.0
61.0
61.0
61.0
60.6
59.9
60.7
60.3
61.0
60.5
60.0
59.5
59.5
59.3
59.9
60.1
60.0
59.9
59.8
59.6
59.3
59.5
59.4
59.5
59.1
59.0
59.0
58.9
59.7
59.5
59.2
60.1
60.0
60.4
60.2
61.1
61.6
60.7
60.9
60.6
60.2
59.9
59.4
59.9
59.9
60.0
60.9
61.4
60.5
61.6
61.4
61.3
61.4
60.9
61.4
62.0
61.9
62.5
62.9
62.9
63.8
63.9
62.1
62.5
60.2
60.3
60.3
61.0
60.6
61.7
61.0
60.6
60.1
61.0
60.8
60.7
65.8
64.2
63.7
64.5
62.9
63.4
61.6
61.6
61.0
61.2
60.8
60.5
60.0
60.5
59.9
59.7
59.9
60.7
60.5
60.0
60.1
60.5
60.6
60.6
60.5
61.2
61.1
60.8
60.0
60.1
60.0
61.1
61.7
61.1
60.6
60.8
60.8
60.9
60.3
60.1
63.8
67.4
68.0
67.7
65.5
65.9
65.0
64.5
63.1
63.3
62.8
62.2
59.4
60.8
62.0
61.9
60.7
61.5
61.0
60.9
61.0
61.0
62.1
61.6
62.9
63.2
62.5
61.8
62.0
61.5
62.2
62.8
62.1
62.6
63.4
63.1
63.1
63.6
63.0
63.8
63.4
61.6
62.3
62.9
63.1
63.5
63.2
64.1
62.5
63.4
63.0
63.0
64.2
64.0
65.0
64.7
64.4
63.2
63.4
63.2
63.8
63.5
64.0
62.7
62.7
61.7
58.1
57.9
57.8
57.8
57.7
57.4
57.6
58.2
58.2
58.7
57.9
58.8
58.7
58.6
58.6
58.9
59.3
58.9
59.0
59.4
59.4
60.2
60.3
60.0
60.9
60.3
59.8
58.5
59.5
58.8
59.2
60.3
60.7
60.3
60.8
61.5
62.1
62.0
62.4
62.5
63.2
62.4
62.7
63.8
62.9
62.1
62.5
61.5
62.5
63.6
64.0
64.0
63.6
63.1
62.3
62.6
61.1
61.9
60.7
61.2
61.1
70.4
180.3
98.9
68.7
61.3
60.3
59.1
56.7
56.9
56.3
57.0
56.8
57.3
57.4
57.7
57.9
57.2
58.1
58.4
57.8
58.5
58.1
58.2
57.8
57.9
57.8
57.9
57.9
59.7
62.8
61.8
61.2
59.5
61.0
61.4
61.9
62.0
63.0
63.3
63.2
63.1
63.0
62.9
62.5
63.4
63.3
61.4
63.4
63.6
63.8
64.1
64.1
64.2
63.4
62.7
63.3
66.6
64.2
63.5
63.6
63.0
63.1
63.3
61.3
63.3
62.7
62.6
63.1
62.5
62.1
62.4
62.9
62.6
62.6
63.2
62.5
62.3
61.7
61.9
61.8
61.5
62.0
62.3
62.1
62.0
62.8
63.2
63.9
64.2
65.2
64.8
65.7
65.5
66.0
66.0
65.6
66.6
65.6
65.8
66.7
65.1
65.9
67.0
67.7
67.3
66.8
67.2
67.6
67.6
68.1
67.2
67.4
66.7
67.0
64.7
63.4
62.0
62.3
62.2
63.3
65.1
63.4
61.0
60.2
60.8
61.4
60.4
60.3
59.9
61.3
61.8
61.6
62.8
62.9
63.8
64.3
64.1
64.3
64.9
64.8
65.3
65.3
65.1
65.7
66.0
65.3
65.7
66.1
66.4
66.6
66.7
66.8
66.3
66.9
67.1
67.4
67.0
66.5
66.2
66.5
66.9
67.2
67.6
69.2
68.2
68.8
70.4
69.2
70.5
69.6
70.0
71.1
70.1
70.1
70.9
72.1
72.6
71.9
71.6
70.8
72.3
72.0
72.0
71.3
70.7
71.6
73.1
73.9
70.3
72.8
74.0
70.9
72.4
73.0
72.5
69.7
69.8
68.5
68.2
68.0
68.0
68.1
67.7
68.1
66.4
67.2
68.6
68.0
66.7
67.2
65.5
65.1
65.0
66.1
61.5
60.5
60.2
60.2
59.9
59.8
59.5
59.6
60.0
60.5
60.9
61.1
60.6
61.5
62.1
61.6
61.8
61.5
61.6
61.9
62.5
61.2
64.9
67.0
67.0
66.5
66.3
67.9
66.4
67.0
66.0
66.8
66.0
67.5
67.6
66.7
65.6
66.1
66.1
64.9
65.6
65.8
65.0
65.4
66.6
63.8
64.9
65.4
66.5
67.5
65.7
65.2
64.7
65.9
65.1
62.9
63.9
62.9
63.9
64.7
64.2
63.8
64.2
64.7
63.5
63.5
63.9
63.8
64.0
64.3
65.0
65.3
64.8
65.1
64.8
64.7
65.6
65.2
65.0
64.9
64.6
64.9
65.0
64.9
65.4
65.6
65.2
65.9
66.1
66.6
66.6
66.7
67.4
66.9
67.5
67.4
67.7
66.9
67.9
68.5
68.4
68.1
67.9
67.1
65.1
70.7
68.8
64.2
63.0
63.1
63.3
63.5
64.0
63.4
63.1
63.1
62.1
61.8
62.3
62.7
62.7
63.2
62.2
62.5
64.6
64.6
64.0
64.4
64.1
65.3
65.0
66.2
66.0
66.6
66.0
66.4
68.2
67.4
66.4
66.9
67.2
66.4
65.5
65.3
62.9
63.7
62.6
62.1
62.3
63.4
63.2
62.5
61.8
62.8
61.4
62.4
61.3
61.5
60.9
60.8
61.7
63.5
64.3
62.7
61.8
64.0
62.1
62.5
61.6
62.5
62.4
63.0
63.3
63.2
63.0
63.6
63.5
62.6
63.5
64.1
63.6
64.5
65.2
66.6
66.1
66.5
65.0
64.4
63.2
62.6
63.2
65.5
66.0
65.6
65.2
64.0
64.0
63.3
62.6
63.0
63.1
62.2
62.2
62.1
62.3
61.9
62.7
61.9
61.5
61.3
61.1
61.5
62.4
62.5
63.1
63.8
64.2
64.4
64.1
64.7
63.9
64.1
63.9
64.4
65.0
65.2
65.8
64.1
64.6
63.8
64.4
64.8
65.6
65.9
64.6
64.1
64.8
63.7
64.0
64.3
64.0
64.9
64.8
63.9
64.8
63.7
63.8
65.0
64.9
64.8
63.7
65.0
66.5
66.8
67.2
66.3
66.8
66.4
67.3
66.4
67.6
67.8
68.3
67.8
68.3
68.0
67.3
68.5
68.6
67.1
67.8
68.3
68.9
68.6
67.0
66.6
65.0
62.3
61.4
61.0
62.2
62.8
63.8
64.6
64.7
65.8
70.8
69.8
69.8
71.1
70.2
69.4
69.6
69.2
71.4
69.7
70.7
70.8
71.0
70.7
69.6
69.6
67.3
67.8
68.1
68.6
68.5
69.6
67.9
67.2
65.9
66.7
66.9
67.5
67.2
67.3
67.2
68.3
67.8
66.9
66.7
67.6
68.3
70.5
69.6
68.9
70.0
68.2
69.2
68.5
69.3
69.3
69.3
69.1
70.2
69.6
69.0
67.5
67.7
68.2
67.7
68.2
68.8
68.5
68.2
67.5
67.1
67.3
68.3
68.7
69.5
69.2
68.8
69.1
68.7
68.8
68.9
68.6
68.1
68.0
67.2
66.9
67.1
67.2
68.0
68.5
68.0
68.0
68.3
68.1
67.5
66.9
66.9
67.4
68.0
68.4
68.1
67.8
69.1
68.5
69.3
69.7
69.6
68.9
68.6
68.6
67.5
67.8
68.1
68.2
67.6
67.6
68.0
67.3
67.9
66.4
66.3
66.2
66.6
66.4
67.5
66.7
67.6
66.5
66.8
66.9
68.5
69.0
69.8
69.5
68.8
69.0
67.9
67.9
66.9
69.6
69.0
69.1
70.5
71.7
70.6
70.3
69.3
68.4
68.0
69.9
69.1
68.7
67.4
67.3
67.3
65.8
65.5
65.2
65.7
65.7
66.3
66.3
65.9
65.7
66.7
67.1
67.2
66.8
67.1
67.5
67.3
66.3
65.4
66.1
61.7
61.1
61.5
61.9
62.7
63.1
71.2
69.5
71.4
65.9
65.0
62.2
62.7
62.2
59.4
58.6
61.0
65.7
64.7
66.2
66.8
68.0
68.1
67.4
66.3
65.9
65.5
66.3
66.8
67.2
68.5
68.9
68.7
68.1
68.6
68.3
68.7
68.8
67.5
67.1
67.0
66.9
67.5
67.4
67.2
67.3
67.9
67.5
68.2
68.1
68.0
67.4
66.4
66.3
66.1
66.9
67.1
67.7
68.1
68.1
67.4
67.7
67.4
66.9
66.7
66.6
67.1
67.3
66.9
67.2
67.2
67.1
67.1
66.9
66.7
67.2
67.0
67.3
67.1
66.9
66.8
67.3
67.5
67.4
67.2
68.2
71.2
71.2
71.1
70.9
71.0
65.2
66.0
64.7
65.0
64.4
64.2
64.1
64.1
64.1
64.2
65.4
65.5
64.5
64.2
63.6
64.3
64.2
64.5
65.3
65.0
65.0
65.0
64.9
63.8
63.1
62.9
62.1
62.9
62.5
63.3
63.2
62.8
62.6
62.7
63.1
63.0
62.7
62.6
62.1
62.6
62.3
62.3
61.9
62.1
62.4
60.6
61.7
62.1
60.8
59.8
58.2
58.4
58.6
58.3
59.0
59.2
59.7
60.1
60.1
60.3
60.2
60.1
60.2
60.9
61.0
61.8
62.0
62.5
61.6
62.3
63.3
60.3
61.7
61.5
61.2
60.9
61.0
61.1
61.3
61.8
62.0
61.6
59.7
60.7
61.0
61.5
60.9
61.1
62.1
60.7
60.8
61.5
59.0
60.0
58.1
57.5
55.9
57.1
58.0
58.4
58.9
58.3
59.0
59.1
59.1
59.0
59.4
60.2
62.3
62.5
62.3
62.3
62.8
63.0
63.4
63.6
63.5
63.3
63.8
61.2
61.1
62.2
62.9
63.7
62.0
63.1
55.2
58.8
62.1
63.0
62.4
64.3
63.9
63.3
62.6
64.4
61.7
61.8
61.2
62.0
64.2
63.4
64.6
65.3
64.9
66.1
62.7
61.9
57.6
57.8
60.3
60.7
60.1
60.1
59.6
60.1
60.0
60.4
59.3
59.0
57.8
59.3
59.5
60.9
62.1
61.9
61.2
61.8
63.4
63.5
63.9
62.9
63.3
63.0
62.4
62.8
62.1
62.2
62.1
62.3
61.9
62.0
62.3
63.0
62.9
63.4
62.9
63.0
63.2
63.9
64.4
65.0
64.6
64.7
64.7
64.4
64.2
64.0
64.5
64.9
65.0
64.2
64.8
64.5
64.6
64.6
64.5
64.9
64.4
66.5
65.9
65.4
64.9
65.0
64.5
63.8
64.0
64.1
64.0
64.6
64.9
64.2
63.8
63.4
62.9
63.9
64.4
64.1
64.1
64.5
65.6
66.2
67.6
68.0
63.9
65.1
64.4
64.1
62.3
62.5
62.8
62.7
63.0
63.0
62.6
62.5
62.4
63.2
62.4
62.1
62.4
62.7
62.8
63.1
62.8
63.9
63.2
63.0
62.9
63.0
63.6
64.0
63.8
63.4
63.4
63.9
64.2
64.6
65.7
65.6
65.0
65.2
65.1
66.1
66.0
66.0
66.2
66.0
65.7
64.8
64.8
65.1
64.6
64.6
64.9
65.4
64.9
66.3
65.3
66.0
66.1
64.9
64.6
65.6
68.1
64.2
64.7
64.5
64.3
64.2
64.5
63.9
64.7
64.0
64.9
64.0
64.6
64.2
64.2
64.6
64.4
64.7
65.0
65.0
65.0
64.4
64.1
64.3
64.6
64.9
63.8
64.3
64.6
64.3
63.8
64.0
64.5
64.2
64.1
63.8
63.2
62.9
63.7
63.5
63.6
63.4
63.8
63.7
63.8
63.8
64.0
63.6
63.7
63.8
64.6
65.2
64.5
65.0
64.6
64.3
64.2
63.5
63.7
63.7
63.6
63.6
63.6
63.8
63.6
62.4
62.8
63.1
64.0
63.8
63.5
63.7
63.3
63.2
63.0
63.1
63.2
64.0
63.5
64.3
63.8
64.1
62.5
65.1
60.0
67.7
60.2
60.0
60.6
61.6
60.7
60.1
60.5
60.5
60.9
61.5
61.8
61.2
61.5
60.8
60.7
61.7
62.5
62.5
61.2
60.6
60.4
60.7
61.7
61.3
61.5
61.4
61.0
61.4
61.7
61.7
61.3
61.0
61.0
62.4
60.4
61.0
60.5
60.2
60.3
60.3
60.8
59.6
59.9
60.5
60.8
61.1
61.3
62.1
61.3
61.8
61.6
61.4
61.5
61.7
61.6
61.4
61.0
60.6
61.2
60.6
60.5
61.0
61.3
63.6
61.1
62.2
62.2
62.1
63.3
60.4
61.3
61.7
61.8
62.5
61.7
58.0
59.9
59.2
60.7
60.4
61.0
61.2
60.9
60.7
60.6
61.1
61.5
61.4
61.3
61.2
61.7
62.0
61.8
62.0
60.9
60.8
60.2
60.1
61.3
61.3
61.2
61.2
61.1
62.5
62.1
61.8
62.1
61.0
62.2
62.2
61.9
61.3
61.1
60.5
60.6
60.2
60.5
62.0
62.3
61.4
63.9
62.6
61.6
61.2
61.5
60.9
60.9
60.7
60.4
60.0
60.2
60.1
60.0
60.3
60.5
60.1
60.3
60.5
60.6
61.2
60.3
60.2
60.3
60.3
60.8
60.5
61.1
61.3
61.3
61.0
61.1
61.2
61.5
61.1
62.4
62.0
62.1
61.8
61.6
61.5
61.8
61.3
61.3
60.8
61.1
60.8
60.3
60.2
60.2
60.5
60.6
61.6
61.6
61.7
62.1
62.5
62.5
62.3
62.4
62.4
62.1
62.8
61.5
62.0
62.3
61.9
61.0
60.6
60.4
60.4
59.9
59.9
60.0
59.8
60.1
60.0
59.8
59.6
59.9
59.2
60.0
59.7
60.0
60.1
60.6
60.3
60.4
61.1
61.2
61.2
61.7
62.0
62.6
63.0
62.5
63.1
63.0
63.4
64.5
63.2
63.0
62.6
62.8
62.8
62.5
62.9
61.7
62.9
66.3
65.7
70.3
63.5
63.8
64.6
62.1
61.4
60.0
60.6
62.6
62.2
111.3
108.7
90.5
60.7
58.6
58.6
59.1
59.9
60.8
62.8
61.0
60.6
61.0
60.8
61.0
61.1
60.4
61.3
61.9
61.8
62.6
63.3
63.8
63.9
64.2
64.1
63.9
64.2
64.6
64.7
65.9
66.7
66.7
66.3
66.2
64.9
64.5
64.3
64.4
63.8
63.3
62.5
61.5
65.5
65.6
65.5
65.0
63.8
63.1
63.4
62.3
60.8
61.4
63.9
66.3
65.3
65.1
64.0
64.2
63.6
64.2
64.4
62.3
63.6
61.7
64.2
64.2
62.8
63.7
61.8
63.3
63.8
62.5
62.6
61.5
60.4
58.3
57.4
56.6
56.7
57.1
57.7
59.1
58.4
58.9
59.0
59.3
59.2
58.9
58.9
59.2
59.6
61.0
60.2
60.0
60.6
60.2
59.7
59.6
59.0
58.7
58.2
59.8
60.1
60.0
61.0
59.9
59.9
59.3
58.4
59.0
61.6
62.6
61.3
62.4
62.1
62.9
62.2
61.6
59.0
59.5
59.2
58.9
59.1
58.7
59.0
58.7
58.7
58.3
58.0
58.1
57.6
57.4
57.3
57.6
58.5
60.9
59.5
60.0
59.4
59.5
59.5
59.1
59.1
59.1
60.1
60.9
61.7
60.4
60.8
60.0
59.3
58.8
60.9
60.3
60.3
59.7
59.6
61.5
60.5
60.6
60.0
59.9
59.5
60.5
61.9
60.7
62.7
58.2
58.3
58.8
58.1
59.0
58.3
59.3
58.4
58.3
58.9
59.0
59.3
59.5
59.5
59.6
59.4
59.5
60.1
60.4
60.2
60.4
59.8
59.6
60.4
59.9
59.7
60.2
60.3
60.4
61.3
61.1
61.1
61.9
61.1
61.3
61.8
61.6
61.6
62.0
62.0
61.7
61.8
62.1
61.3
61.3
61.6
61.0
63.5
66.0
65.6
66.6
65.2
64.9
66.6
65.4
66.0
63.9
64.9
64.0
65.6
64.1
65.6
64.7
64.3
64.7
62.3
62.2
60.4
58.8
56.8
56.2
56.4
56.3
56.5
57.0
57.0
57.3
57.3
58.7
59.6
59.5
59.1
59.7
59.5
59.2
59.2
58.8
58.7
58.5
58.5
60.6
63.1
61.8
62.6
65.7
66.5
67.1
65.4
66.5
63.6
63.2
59.1
59.5
59.1
59.7
59.3
59.7
60.6
59.4
58.9
59.4
58.8
58.8
59.3
58.0
58.5
58.2
58.6
58.0
57.7
58.7
58.2
57.6
57.9
58.4
58.0
57.5
56.7
57.1
57.6
58.2
58.6
62.5
62.6
59.0
58.0
57.6
57.0
56.9
56.3
56.0
56.4
57.2
57.2
58.5
58.6
59.8
59.0
55.6
54.5
54.8
54.1
54.5
54.7
55.2
55.3
54.9
54.8
55.2
54.8
55.0
54.9
54.6
55.3
55.2
55.3
56.2
56.5
56.0
60.6
57.5
56.4
56.6
56.7
56.9
56.6
56.5
56.9
56.4
57.3
56.6
57.0
57.1
57.5
57.9
57.8
56.5
57.3
57.5
57.1
57.8
58.3
58.3
61.3
58.7
57.4
57.6
56.8
57.0
58.0
58.0
58.1
58.0
58.4
58.8
58.1
58.6
58.3
58.9
58.7
58.9
59.3
59.0
59.4
59.8
60.2
60.7
60.3
61.1
61.2
60.6
60.8
61.5
62.0
62.2
61.1
62.0
61.8
58.9
58.6
58.8
59.0
58.7
58.8
58.4
58.4
59.2
60.3
60.5
59.9
60.0
60.0
59.7
59.9
59.8
59.7
60.0
60.1
62.0
62.6
62.4
63.1
62.8
63.1
64.2
64.8
65.0
65.1
64.6
64.5
64.6
64.7
64.6
65.1
64.6
64.1
64.8
64.4
63.7
63.6
63.1
62.8
62.6
61.8
61.6
61.3
60.9
60.4
60.2
60.4
62.2
62.9
64.3
63.8
64.2
65.1
66.3
64.3
63.1
63.0
61.9
61.0
60.9
59.9
59.1
58.5
57.9
58.6
58.1
57.5
56.5
56.4
56.2
55.6
56.7
56.6
56.8
56.9
57.1
57.3
57.3
58.1
57.2
57.1
57.7
58.4
56.9
57.5
58.1
58.2
56.3
56.7
56.0
56.2
56.2
58.1
58.8
62.4
62.9
63.6
63.0
63.0
62.7
62.6
62.3
61.4
60.9
59.7
59.6
59.5
59.0
58.4
58.3
57.8
58.3
57.9
59.9
61.1
58.9
59.8
60.2
60.5
60.4
59.5
58.5
58.5
59.0
58.0
59.1
59.4
59.4
58.9
57.4
56.6
54.5
56.2
52.9
54.7
58.4
55.9
56.5
58.2
57.2
55.8
54.0
55.1
55.6
56.2
56.1
55.7
55.5
55.1
55.3
56.9
57.4
57.2
57.3
57.6
57.3
57.9
57.7
57.1
57.0
57.0
57.2
57.2
57.1
57.8
58.0
58.0
58.0
58.1
59.0
59.0
59.0
59.0
58.7
58.3
59.0
58.2
58.3
58.6
58.9
59.0
59.1
59.5
59.2
59.0
59.9
59.7
59.7
59.7
59.7
59.8
59.3
59.2
59.0
59.2
59.7
60.1
60.8
60.7
61.0
61.0
61.2
61.1
61.0
61.0
60.9
61.4
61.5
61.3
61.6
60.9
61.0
61.6
61.0
60.9
60.6
61.0
61.7
61.4
61.0
61.3
60.7
60.4
60.8
60.3
59.9
60.0
59.9
61.0
61.0
61.2
61.1
61.4
61.1
61.9
61.3
62.0
62.0
62.2
62.2
62.2
62.4
61.6
61.4
61.2
60.9
60.7
61.3
61.0
61.0
61.3
61.4
61.3
61.2
61.5
60.6
60.8
60.8
64.8
62.3
62.7
63.2
60.1
60.0
59.7
58.9
58.9
58.6
58.6
59.2
59.2
58.9
57.9
58.4
58.5
59.7
60.0
59.5
59.6
59.8
60.0
60.0
60.0
60.4
60.5
60.0
60.7
60.8
60.6
61.1
60.7
61.0
61.0
60.9
61.0
60.8
61.0
61.2
61.3
61.0
60.8
61.0
61.7
61.7
63.1
63.5
65.2
50.1
63.8
63.8
64.0
63.9
73.2
73.1
61.7
63.2
62.6
62.1
62.0
62.1
62.3
63.0
63.4
63.0
63.1
63.0
63.3
64.0
64.1
64.6
65.0
64.7
64.7
64.6
64.5
64.8
64.7
64.9
64.9
65.5
65.6
65.6
65.4
65.6
65.5
65.9
66.0
66.1
66.1
65.9
65.5
65.4
65.9
65.9
66.7
67.0
66.7
67.1
66.6
66.7
66.9
66.9
67.3
67.7
68.1
67.5
67.3
68.4
67.7
67.9
67.5
67.7
67.8
67.5
67.0
66.9
67.1
65.9
66.0
65.1
65.6
65.8
66.0
66.4
66.7
66.7
66.5
66.7
66.0
66.2
65.9
66.4
65.9
66.1
65.6
65.3
69.2
62.7
64.8
65.0
65.2
64.5
66.1
66.7
64.4
63.9
67.1
69.1
69.8
69.8
70.3
70.5
70.4
69.5
70.5
70.6
70.0
69.0
69.2
69.3
69.3
69.1
69.2
69.9
71.5
70.6
70.0
70.3
70.0
70.5
70.8
70.9
70.9
69.5
70.8
72.8
72.1
72.6
71.7
72.8
72.0
71.2
71.0
70.0
69.2
69.1
68.1
68.6
68.3
68.7
69.3
69.8
69.9
69.8
70.1
69.9
69.1
70.1
68.5
67.6
67.8
67.6
67.7
68.4
68.4
66.8
67.0
66.2
66.7
67.2
67.5
67.0
75.6
76.7
71.4
70.7
70.6
71.5
69.9
68.2
67.7
68.5
68.9
69.3
70.4
70.2
69.4
68.3
66.1
65.9
65.3
65.2
65.0
65.1
64.5
64.0
63.9
63.4
64.0
64.6
65.1
65.0
64.9
64.9
65.2
65.3
65.6
65.2
65.3
65.4
64.6
65.3
66.1
66.0
66.5
67.1
67.4
67.9
68.0
68.1
67.2
68.1
68.2
68.2
69.4
68.1
69.3
68.5
68.7
68.7
68.2
68.9
68.2
69.4
68.5
68.9
68.9
68.7
67.0
70.3
70.5
71.7
71.2
69.9
70.1
69.7
69.3
69.2
69.4
69.5
69.3
68.6
69.5
70.0
70.1
56.6
66.0
66.2
65.7
65.6
66.2
66.2
65.2
65.9
66.3
66.4
66.8
67.0
67.0
67.2
66.4
66.1
66.5
66.0
66.4
66.8
66.6
66.4
66.9
66.2
65.9
66.1
65.6
66.0
66.0
65.8
65.5
65.9
65.0
66.0
65.9
65.8
65.7
64.2
65.2
65.2
64.3
65.1
64.9
65.0
64.8
64.6
63.7
64.3
64.9
65.3
65.9
66.2
65.3
65.6
66.1
64.1
65.8
65.6
66.1
65.4
65.3
65.8
65.2
66.5
65.1
66.2
66.9
66.2
65.3
66.7
66.6
66.9
66.7
66.9
66.6
62.5
63.3
63.4
57.4
57.5
59.1
61.4
63.3
65.0
65.9
66.9
66.1
66.4
66.1
65.5
65.6
65.7
66.0
66.5
66.6
67.6
67.9
67.5
67.6
67.2
66.1
63.6
67.3
65.1
64.7
63.3
63.7
63.1
63.0
62.9
62.7
63.0
62.7
63.3
63.3
63.9
64.0
64.3
64.0
64.0
64.0
63.4
63.2
63.2
63.3
63.6
63.4
63.3
63.0
63.1
63.0
63.4
63.4
63.4
63.1
62.8
63.1
63.1
63.2
63.6
63.3
63.0
63.1
63.0
64.6
63.2
63.8
63.7
64.8
63.1
62.1
61.4
61.7
61.8
61.5
61.7
62.1
62.7
62.3
63.0
62.2
62.7
61.7
61.5
61.8
62.2
61.6
61.2
60.9
60.4
60.9
60.8
60.2
60.5
60.9
60.5
60.8
60.9
60.9
61.0
61.1
60.9
61.6
62.0
61.9
62.1
62.0
62.0
61.9
62.0
62.0
62.9
63.5
64.0
63.8
63.9
64.0
63.9
64.0
64.3
64.9
64.0
64.3
64.1
63.9
64.6
64.3
65.3
65.1
63.5
63.8
63.7
64.0
62.8
63.0
62.2
61.8
61.4
61.7
61.1
61.3
61.2
61.4
62.0
62.3
62.3
61.5
61.4
61.8
62.0
61.2
61.3
61.3
61.3
61.3
61.1
61.8
62.1
62.3
62.0
62.2
62.0
61.7
61.7
62.0
61.6
61.8
61.8
60.9
61.9
62.3
61.8
62.1
62.9
62.7
62.3
62.6
62.2
61.8
61.3
61.4
62.0
62.2
62.0
62.0
62.2
62.1
61.8
62.1
61.8
61.8
61.9
62.3
62.1
62.1
62.2
61.7
62.3
62.7
63.0
62.9
62.7
62.1
61.9
62.0
62.3
61.6
62.2
61.6
61.5
61.9
62.1
61.9
61.9
61.6
61.3
61.0
62.0
62.2
62.1
62.7
62.0
62.1
62.5
62.0
62.3
61.9
62.7
62.9
62.2
61.9
61.8
62.1
61.6
62.1
61.5
62.3
62.2
62.1
62.1
61.5
61.3
61.4
61.6
61.5
61.8
62.0
61.9
62.7
62.0
61.5
62.0
62.2
62.1
62.0
62.3
62.2
61.8
62.5
62.2
62.1
62.1
62.1
61.4
62.6
62.0
62.0
61.9
62.2
61.8
61.6
62.2
62.0
61.6
61.9
62.0
61.9
62.4
62.2
62.4
62.1
62.2
61.7
61.8
62.2
61.8
62.2
61.8
61.9
61.4
61.3
61.8
61.0
61.2
60.7
60.2
60.5
59.9
59.9
59.5
59.9
60.5
59.7
60.2
60.4
60.6
61.0
61.3
60.7
61.5
61.8
62.0
61.6
62.0
62.3
62.4
63.4
63.7
63.5
63.3
63.9
63.4
63.7
63.6
64.3
64.7
63.2
61.8
61.9
61.0
60.4
60.5
59.7
59.8
60.0
62.7
59.1
60.0
60.7
59.8
60.1
60.6
62.1
58.6
59.3
59.4
59.3
59.8
60.0
60.0
59.1
58.9
60.2
59.7
59.5
59.0
59.8
57.5
61.4
63.7
63.4
62.5
62.8
62.5
61.8
61.0
60.9
60.1
59.8
59.7
60.3
59.1
59.6
59.2
59.4
59.5
59.9
59.7
59.3
60.1
60.4
60.0
59.7
60.0
60.1
60.5
60.7
61.3
61.7
62.0
63.0
62.5
63.4
63.7
64.3
64.6
64.3
64.0
65.1
64.8
65.4
65.1
64.3
65.7
63.8
64.2
63.0
62.9
63.1
63.7
63.8
64.0
64.5
63.9
65.8
65.7
65.6
64.0
66.3
67.1
65.0
64.5
63.6
64.5
63.7
62.9
59.4
58.4
58.4
58.0
57.4
57.0
57.1
57.0
58.0
58.2
58.9
59.4
59.0
58.2
57.3
56.5
56.6
54.7
54.1
52.5
51.4
50.3
50.0
49.2
48.0
47.7
45.3
115.6
167.9
62.1
63.3
62.2
61.7
61.8
61.9
60.9
61.0
60.5
59.0
59.1
59.2
59.0
59.1
60.1
59.9
60.0
60.1
60.5
60.1
59.9
62.1
61.7
61.9
61.6
60.9
62.2
62.6
62.0
61.0
62.6
61.9
61.4
60.4
59.1
57.8
59.6
58.3
57.1
59.5
58.3
57.1
57.7
57.6
57.8
57.1
59.9
62.0
63.5
63.5
63.2
62.3
61.8
63.6
66.4
64.9
64.9
65.0
68.0
65.9
65.8
67.0
66.0
66.9
64.6
66.5
66.8
64.8
64.7
66.6
64.5
65.2
64.4
64.5
63.3
62.5
221.5
145.5
81.1
59.1
58.4
59.0
59.5
59.8
59.7
59.4
60.6
61.6
61.4
61.5
61.6
61.3
61.0
60.1
61.3
62.2
62.0
61.7
62.0
62.1
64.4
60.8
62.5
60.5
62.5
60.1
59.8
59.8
59.8
59.4
59.4
59.4
58.9
58.3
58.0
57.3
57.3
57.5
58.0
57.9
58.4
59.7
59.6
59.7
56.2
59.9
60.0
59.9
60.8
60.5
60.6
60.4
60.4
60.3
60.3
61.1
60.6
60.7
60.6
60.6
60.4
61.3
60.9
60.1
60.8
60.9
60.9
60.9
61.1
60.4
61.0
61.0
61.2
61.7
62.0
62.1
62.1
61.5
61.7
61.5
61.1
61.5
61.6
62.4
62.2
62.0
62.1
62.0
62.4
61.7
61.7
62.9
62.8
63.0
63.1
62.8
63.2
63.2
63.5
63.8
63.8
64.1
64.2
64.4
64.1
63.8
64.3
64.0
63.8
64.1
63.4
63.6
64.1
62.3
63.5
63.2
63.4
62.5
62.5
62.3
62.6
61.3
58.9
59.4
60.1
59.3
59.1
59.2
60.6
60.8
61.0
61.6
61.4
61.6
62.1
62.1
62.3
67.7
70.4
71.2
71.4
72.1
71.1
71.6
71.3
70.7
70.7
69.4
69.0
69.3
68.5
68.3
67.2
68.0
67.7
66.0
66.4
66.5
65.0
61.9
61.8
62.0
61.9
61.4
61.2
61.1
60.7
60.0
61.1
61.3
61.8
62.0
62.5
62.9
62.6
62.7
62.0
62.8
63.0
63.3
63.4
64.0
63.5
63.8
63.3
63.4
64.0
64.0
64.1
64.1
63.5
64.4
66.0
63.0
59.9
60.9
61.3
61.0
60.8
61.0
59.9
60.2
62.1
63.0
64.9
60.0
59.9
60.1
60.5
60.1
61.2
58.8
59.4
58.7
58.7
59.0
61.4
66.3
65.4
65.0
64.8
65.1
65.7
64.6
64.7
66.0
65.2
65.6
65.8
65.7
66.1
65.4
66.2
66.6
67.0
65.3
66.5
67.0
65.8
66.5
66.7
66.2
65.3
66.2
66.3
66.4
65.0
66.5
65.9
65.6
65.4
65.2
65.3
65.5
65.8
63.9
65.1
65.1
64.8
64.2
62.8
63.3
64.9
64.4
64.6
64.3
62.9
63.6
64.1
64.2
64.1
63.7
63.0
59.6
59.3
58.8
59.2
60.0
60.0
59.9
59.3
61.7
62.3
62.0
61.3
61.7
61.5
61.6
61.8
60.9
60.8
62.3
62.1
62.2
62.3
62.5
62.0
63.2
63.5
63.6
64.9
65.5
65.1
65.9
65.6
66.0
66.1
65.1
66.0
67.0
66.3
66.9
67.1
67.7
68.5
68.3
68.9
69.7
67.0
68.1
69.0
69.0
68.0
68.0
68.2
69.2
68.5
66.2
67.3
67.9
67.9
67.6
67.8
67.6
67.4
66.9
66.8
66.4
66.6
66.5
67.1
67.0
66.9
67.1
65.0
65.0
63.8
64.5
64.3
63.4
65.6
64.7
65.3
64.9
65.0
65.0
62.3
51.0
51.4
54.2
56.6
59.6
62.3
65.6
70.0
74.7
75.4
76.2
77.2
77.4
76.2
74.8
75.0
74.5
73.9
74.1
74.2
73.3
72.7
72.8
73.7
72.0
72.4
73.7
74.1
73.7
73.5
72.6
72.0
71.7
71.6
71.3
69.3
69.7
70.3
70.6
71.5
71.1
69.5
69.8
70.4
70.5
71.2
70.9
71.7
72.2
77.3
75.2
75.6
75.9
75.3
76.0
75.8
74.9
75.3
75.3
75.5
75.4
75.1
75.7
75.8
75.9
76.8
77.3
76.6
76.8
77.0
76.7
77.0
77.2
77.0
77.0
76.3
75.9
75.1
74.7
74.2
74.2
74.1
74.3
73.9
73.9
74.4
74.9
75.0
76.0
76.2
76.3
76.0
76.4
76.5
76.2
76.2
75.9
78.2
78.3
79.3
78.7
79.3
79.3
78.4
78.0
78.0
77.0
77.0
76.6
76.2
76.1
77.0
76.6
77.1
75.4
70.0
69.9
70.7
72.3
71.6
71.8
72.5
71.7
71.5
71.2
71.0
70.9
70.7
70.3
70.3
71.1
70.8
71.6
71.8
71.0
71.4
71.6
72.0
68.6
65.4
65.2
65.5
65.6
64.9
65.0
65.0
65.2
65.2
63.7
70.1
72.4
64.2
64.4
66.4
63.7
61.0
63.60666666666667
63.56
63.513333333333335
63.46666666666667
63.42
63.373333333333335
63.32666666666667
63.28
63.233333333333334
63.18666666666667
63.14
63.093333333333334
63.04666666666667
63.0
62.95333333333333
62.906666666666666
62.86
62.81333333333333
62.766666666666666
62.72
62.67333333333333
62.626666666666665
62.58
62.53333333333333
62.486666666666665
62.440000000000005
62.39333333333334
62.34666666666667
62.300000000000004
62.25333333333334
62.20666666666667
62.160000000000004
62.11333333333334
62.06666666666667
62.02
61.973333333333336
61.92666666666667
61.88
61.833333333333336
61.78666666666667
61.74
61.693333333333335
61.64666666666667
61.6
61.553333333333335
61.50666666666667
61.46
61.413333333333334
61.36666666666667
61.32
61.27333333333333
61.22666666666667
61.18
61.13333333333333
61.086666666666666
61.04
60.99333333333333
60.946666666666665
60.9
60.85333333333333
60.806666666666665
60.76
60.71333333333333
60.666666666666664
60.62
60.57333333333333
60.526666666666664
60.48
60.43333333333333
60.38666666666666
60.339999999999996
60.29333333333333
60.24666666666666
60.199999999999996
60.153333333333336
60.10666666666667
60.06
60.013333333333335
59.96666666666667
59.92
59.873333333333335
59.82666666666667
59.78
59.733333333333334
59.68666666666667
59.64
59.593333333333334
59.54666666666667
59.5
59.45333333333333
59.406666666666666
59.36
59.31333333333333
59.266666666666666
59.22
59.17333333333333
59.126666666666665
59.08
59.03333333333333
58.986666666666665
58.94
58.89333333333333
58.846666666666664
58.8
67.5
66.6
66.7
66.8
66.5
66.6
66.6
66.5
66.2
66.6
66.9
66.6
65.6
66.0
67.1
67.2
66.4
66.6
66.1
65.6
66.3
66.5
67.1
67.0
66.9
66.4
65.8
65.7
65.9
65.4
65.4
65.0
64.7
64.5
64.9
65.4
65.8
65.4
65.3
64.4
64.7
65.1
64.9
64.0
64.5
64.7
65.1
65.8
65.9
66.1
65.4
65.1
64.6
65.6
66.0
66.1
65.9
66.2
65.7
66.1
66.2
66.0
65.2
65.7
66.4
66.7
66.2
67.0
67.7
67.4
70.8
69.3
70.2
69.3
69.3
69.3
65.0
65.0
65.0
65.0
65.9
66.1
67.8
67.5
69.5
70.0
69.1
69.4
68.8
69.4
69.1
68.3
67.8
68.0
68.3
68.9
67.9
68.1
68.4
68.1
69.3
68.7
69.6
66.1
66.9
67.1
70.0
70.1
70.8
68.6
68.6
68.4
68.8
69.4
69.3
69.7
69.4
69.6
68.6
68.0
70.2
67.4
68.4
69.1
69.0
69.2
69.6
69.2
68.9
69.8
69.5
75.2
73.0
72.3
68.6
62.6
64.0
65.1
66.3
65.6
64.8
64.5
64.2
63.7
64.7
66.0
66.9
67.3
67.6
67.8
68.2
68.1
68.4
68.3
67.8
67.7
67.8
67.6
67.8
67.2
67.0
67.9
67.5
66.5
66.1
66.2
66.9
67.0
66.8
68.2
68.1
67.9
68.4
68.6
68.0
67.7
68.6
68.1
68.5
68.4
69.2
69.1
69.5
69.3
69.4
68.5
68.7
68.7
68.1
68.6
69.3
69.4
68.6
68.3
68.8
68.9
68.9
69.0
68.8
68.9
68.4
69.0
68.9
68.9
68.7
68.8
68.5
68.1
68.4
68.6
67.3
67.9
68.3
68.2
68.4
68.2
67.9
68.2
67.4
67.4
67.4
67.5
67.8
69.8
71.6
69.0
65.9
68.1
65.1
64.2
65.1
65.8
63.7
64.4
64.0
64.1
63.5
63.7
64.0
64.5
65.5
65.1
64.9
65.0
64.8
64.4
63.9
64.4
65.0
65.0
64.5
65.6
65.3
65.6
65.0
65.1
65.3
65.1
65.1
65.3
65.2
65.8
66.0
66.6
66.8
67.0
66.1
66.9
66.6
66.7
67.4
67.1
67.2
66.9
67.0
67.1
67.1
67.5
67.6
67.3
67.5
67.7
67.0
66.8
66.9
66.7
66.6
66.9
67.0
67.0
66.2
66.7
66.8
66.7
67.5
67.6
67.4
67.2
67.1
66.7
67.7
67.9
67.6
67.4
67.7
67.9
68.1
68.4
68.5
68.0
65.9
66.8
67.3
67.7
67.8
67.8
68.2
67.4
67.4
66.1
65.7
66.4
67.9
68.1
68.6
67.7
66.2
66.5
65.9
65.6
65.6
66.1
66.1
65.7
66.7
66.8
67.1
66.9
67.5
67.0
65.2
66.5
67.2
67.7
67.7
67.4
67.9
68.6
68.6
68.7
68.1
68.7
68.0
67.9
68.1
68.0
67.2
67.7
68.0
67.7
70.6
69.2
70.3
70.7
70.5
69.6
69.6
69.1
68.2
67.7
68.0
68.1
69.6
69.1
70.6
70.4
70.6
70.9
71.0
70.1
67.6
72.4
72.3
71.9
72.1
74.7
68.2
71.6
71.4
70.8
70.8
71.0
71.0
71.3
70.7
71.0
70.7
70.1
70.1
69.8
70.0
69.9
69.9
70.6
70.4
70.7
70.1
70.1
69.7
70.3
70.6
70.7
70.9
70.4
70.4
71.1
70.2
70.5
70.7
70.6
70.3
71.1
71.3
71.6
71.2
71.7
70.9
71.0
71.4
71.7
72.0
71.6
71.4
71.8
72.2
72.1
72.2
72.2
72.8
72.9
72.7
72.2
72.5
71.7
71.7
71.6
72.1
71.9
72.0
71.9
71.7
71.6
71.7
71.3
71.3
71.2
70.8
70.6
71.1
71.8
72.6
72.0
71.7
71.5
71.4
71.1
71.3
71.4
71.7
71.6
71.2
70.9
70.9
71.2
71.3
71.5
71.5
71.7
71.3
71.2
71.4
70.9
70.9
71.1
71.8
72.0
71.9
72.6
72.2
72.3
72.4
72.0
72.3
71.4
71.5
72.1
71.7
69.9
71.2
70.7
70.4
71.7
71.7
71.8
72.0
70.8
71.0
70.4
70.2
70.0
70.4
70.3
70.5
70.3
70.3
70.1
68.5
68.9
69.2
69.6
70.2
69.2
69.5
69.5
71.7
71.2
70.6
70.3
70.7
70.3
70.3
70.4
70.0
70.0
69.8
69.4
70.1
70.4
70.3
70.8
70.7
70.5
70.6
70.3
71.1
71.4
71.0
72.4
72.3
72.9
73.0
74.0
74.2
73.7
73.9
73.9
74.5
74.9
74.0
75.3
74.8
74.9
75.0
74.7
74.6
74.8
75.2
75.3
75.5
75.2
74.9
75.7
75.5
74.6
74.4
74.9
75.1
74.2
74.7
74.4
74.0
74.1
73.7
73.7
73.4
73.0
72.9
73.2
72.7
72.7
72.9
72.8
73.0
72.4
72.2
72.4
72.5
72.5
72.2
71.4
71.5
71.3
72.2
72.2
72.2
73.6
72.7
72.8
72.7
73.1
72.7
73.4
73.3
73.5
73.3
72.4
72.9
72.9
73.5
73.9
73.3
73.1
72.4
72.7
72.7
73.0
72.3
73.1
73.2
73.5
73.6
75.6
74.3
73.8
73.2
72.9
72.8
72.2
72.2
73.0
72.9
72.6
71.7
72.0
72.1
71.7
72.3
71.9
73.3
73.9
72.5
72.2
71.7
71.2
69.2
71.0
72.0
72.6
72.1
72.5
72.0
71.6
71.2
70.3
67.2
70.0
69.6
69.1
67.4
68.3
69.9
72.5
73.7
72.0
69.8
73.4
72.8
73.6
75.6
75.0
74.3
75.1
74.4
73.3
76.0
75.1
75.5
75.4
73.7
73.0
73.9
73.2
69.8
72.2
71.7
72.0
72.0
72.8
72.2
72.4
72.5
69.8
71.8
72.3
72.7
72.6
73.0
72.5
72.8
72.1
71.7
70.8
71.2
71.2
71.4
72.0
72.1
72.0
72.1
72.1
71.4
71.3
68.7
70.2
69.9
69.9
69.7
70.5
70.2
70.5
67.7
66.8
67.0
66.7
64.4
67.5
67.1
67.3
67.8
66.7
67.8
68.0
68.5
68.4
67.6
65.4
66.9
66.6
67.0
67.3
67.2
66.9
67.1
67.0
67.4
67.9
66.8
66.3
67.2
67.5
67.9
68.0
68.2
68.5
69.4
70.3
69.7
70.8
71.3
71.0
70.1
71.2
71.0
71.9
71.9
72.2
72.4
72.4
72.5
72.2
72.7
72.0
72.3
72.0
72.4
71.8
72.1
71.9
71.2
71.3
71.3
72.2
72.3
72.3
72.6
72.8
72.4
72.2
71.4
71.5
71.4
71.2
71.1
70.8
70.7
70.3
70.7
74.6
134.5
59.7
69.0
69.5
69.4
69.9
69.9
70.1
70.0
70.0
70.0
69.7
69.0
69.0
70.0
68.9
69.8
71.9
69.8
70.4
69.9
70.1
69.6
68.6
69.6
68.6
66.7
69.4
72.10000000000001
71.3
70.7
70.0
68.8
68.1
67.2
67.2
67.0
67.1
67.1
67.0
66.7
66.0
65.9
65.7
66.3
66.2
66.1
66.1
66.3
66.2
66.3
66.4
66.7
66.4
66.8
66.2
65.9
66.0
66.6
66.4
66.1
65.9
65.8
65.7
66.2
66.8
67.6
68.1
68.1
67.9
68.2
68.3
68.0
68.0
68.1
68.0
68.0
68.1
68.0
68.2
68.3
68.6
68.3
68.7
68.6
68.3
68.6
68.7
68.7
69.2
69.8
69.5
69.9
70.0
70.0
69.6
69.4
69.9
69.7
68.2
69.5
70.0
69.8
69.7
69.4
69.3
69.5
69.3
68.1
68.6
69.2
69.4
69.5
69.3
69.3
69.5
70.3
69.5
69.7
70.5
70.5
70.8
70.5
70.4
71.3
70.3
71.8
66.0
73.3
114.0
162.8
163.4
164.6
162.0
165.0
103.9
57.6
57.0
57.7
57.5
57.7
57.2
56.1
54.7
55.4
54.6
54.0
52.9
53.1
53.1
53.3
54.0
54.0
52.7
52.9
54.7
53.3
53.6
53.9
54.7
55.5
54.7
55.1
56.4
56.2
56.4
55.9
56.3
56.9
56.6
56.8
55.6
55.8
53.7
53.0
53.2
52.8
52.3
52.8
53.0
53.3
53.4
53.0
53.2
53.4
53.2
53.1
54.1
53.9
53.6
53.3
53.2
53.2
52.8
52.9
53.3
53.5
53.8
54.4
52.8
53.4
53.1
52.6
52.7
52.6
51.9
52.1
51.4
51.7
51.4
51.5
52.0
51.6
51.7
51.9
51.3
52.3
51.8
52.0
51.8
52.5
52.3
52.7
52.3
53.0
53.5
52.9
52.8
52.9
51.2
51.7
52.9
52.0
52.6
52.8
52.3
52.1
51.5
51.3
51.0
51.1
50.5
50.5
50.7
50.9
50.4
51.0
51.8
52.0
52.0
52.3
51.3
52.6
54.5
54.9
52.4
53.7
54.0
54.0
54.0
53.6
53.3
53.5
53.5
54.0
53.3
54.1
55.3
55.4
54.5
53.7
51.6
52.6
52.8
53.1
53.2
53.4
53.0
53.3
52.9
52.8
52.5
53.2
52.4
56.5
49.8
52.3
54.3
54.4
53.8
53.1
52.3
50.8
51.9
51.5
52.0
51.9
52.2
52.1
52.3
51.7
51.6
53.2
54.0
54.2
54.9
55.0
55.7
56.1
56.1
54.6
55.7
55.9
55.2
55.0
54.4
54.1
53.1
52.6
52.4
51.9
52.8
53.8
54.3
54.9
54.7
55.0
54.6
54.5
54.2
54.1
54.3
52.7
53.7
53.7
53.9
53.7
53.8
53.5
54.0
54.4
54.8
54.7
53.4
53.9
54.6
54.9
54.1
54.2
54.2
54.8
55.3
55.4
54.0
52.9
53.3
52.7
53.7
53.3
53.6
53.4
52.9
52.9
53.2
51.8
52.5
52.8
52.6
52.0
52.8
52.9
53.0
53.8
52.9
52.7
52.3
52.9
52.2
52.8
52.2
52.2
49.6
51.0
51.1
51.0
51.3
51.2
51.5
50.9
51.6
51.7
51.5
50.9
50.6
51.2
51.9
52.7
52.5
52.1
51.8
52.0
51.8
51.4
51.1
51.4
51.5
51.8
51.2
51.7
52.1
52.5
52.5
52.7
52.1
51.8
52.2
52.3
53.3
51.1
51.5
52.0
52.4
52.9
52.7
52.0
52.0
52.0
52.8
52.5
51.9
52.6
52.8
52.8
52.3
52.0
52.3
52.4
52.2
53.0
53.0
52.5
52.5
52.6
52.3
52.5
52.2
51.1
53.0
52.8
48.6
50.8
53.1
53.8
53.8
53.3
53.3
53.3
53.1
52.6
54.0
54.0
53.5
53.1
53.4
53.7
53.0
52.8
52.1
52.4
52.8
52.5
52.6
52.4
52.4
52.2
52.5
52.7
52.6
51.5
53.1
53.2
53.7
54.2
53.3
53.3
52.9
53.1
53.1
53.2
52.8
51.6
52.6
52.2
52.7
52.3
53.1
52.7
51.5
51.8
53.2
53.7
54.0
53.6
54.0
54.4
55.3
63.1
111.3
150.7
159.0
96.6
59.2
60.5
61.3
61.8
62.3
63.3
64.3
63.9
63.9
121.0
158.0
158.0
158.0
108.6
70.6
70.9
67.1
61.4
58.2
69.3
69.9
69.8
69.4
68.8
69.0
68.8
68.6
69.1
68.6
68.6
67.4
67.4
68.5
67.7
67.6
67.6
68.0
67.0
68.2
67.9
67.7
67.4
67.4
66.9
67.2
67.3
66.8
66.7
66.8
66.9
67.7
67.2
67.5
67.6
67.6
67.1
67.2
67.5
67.2
67.1
67.2
66.6
66.9
67.8
66.8
67.0
66.7
66.0
65.2
66.2
66.2
66.4
66.3
66.4
66.0
66.3
67.2
66.6
66.6
66.5
67.5
67.1
67.0
66.6
66.6
66.7
66.5
66.3
66.8
66.0
67.1
66.4
66.2
66.0
66.4
66.3
66.2
66.5
66.7
66.5
66.8
66.7
66.6
66.6
66.4
66.1
66.5
66.2
65.5
65.6
66.0
65.2
66.0
66.0
65.6
65.4
65.8
65.4
65.5
66.0
66.1
66.3
66.7
66.3
66.3
65.5
66.3
65.2
64.6
65.5
66.0
64.5
68.5
69.3
68.7
69.1
68.8
69.1
69.0
69.0
69.4
68.9
68.8
68.2
67.8
68.2
68.7
68.5
59.2
67.8
68.7
68.7
68.9
69.4
69.6
70.1
69.9
68.5
69.1
60.2
69.4
68.1
70.4
70.1
74.9
76.0
76.3
76.3
76.6
75.5
75.6
75.7
76.6
76.9
76.0
76.0
76.1
75.9
75.8
77.3
75.1
74.9
76.0
75.5
78.7
78.2
78.3
77.3
77.8
78.3
78.3
77.4
78.0
78.3
77.9
77.4
75.9
74.3
73.6
72.8
73.0
72.8
72.7
72.8
72.7
73.3
73.3
73.2
72.7
72.3
72.7
72.9
72.6
72.5
72.1
72.5
72.1
71.6
73.0
73.3
72.8
72.9
73.2
72.6
72.9
68.4
67.7
67.9
68.3
68.8
71.2
67.4
74.5
68.2
69.3
69.7
69.7
69.9
69.7
69.6
69.6
69.6
69.1
69.5
70.0
71.0
70.6
71.2
71.0
73.6
70.2
70.4
70.0
68.1
67.5
66.3
67.3
68.2
68.3
68.1
67.8
67.7
67.7
67.4
70.5
69.1
69.7
70.6
73.5
71.5
79.0
69.6
69.3
71.5
71.1
70.8
69.5
70.6
70.5
70.3
74.2
69.9
71.1
71.5
69.9
70.7
71.2
71.2
71.3
70.9
71.0
70.3
74.2
71.2
71.2
71.6
71.5
71.4
70.2
70.8
70.9
70.8
70.4
70.8
70.7
70.1
70.4
70.0
70.2
70.6
70.4
70.1
70.3
70.5
70.8
71.1
71.5
71.8
71.7
71.7
71.7
71.9
70.9
70.8
70.9
71.0
70.5
71.0
71.7
71.1
71.1
71.5
71.7
71.0
71.4
71.7
71.6
71.8
71.8
71.4
71.5
71.3
71.3
70.7
71.3
71.1
70.9
71.4
70.7
71.1
70.6
71.4
71.7
71.8
71.3
71.2
71.7
71.2
71.2
71.4
71.7
71.7
71.7
71.5
71.3
70.6
72.0
71.7
72.2
71.9
72.1
71.9
71.7
72.3
72.1
71.8
72.2
72.3
71.3
72.1
71.4
72.4
71.4
71.9
71.0
70.9
71.1
70.7
70.8
70.2
70.5
70.3
70.8
71.8
71.7
72.0
72.1
72.1
72.0
72.0
72.6
72.4
71.3
70.3
71.0
72.4
72.0
71.6
71.8
71.8
72.2
73.2
71.3
67.2
70.1
67.3
74.2
73.6
73.0
73.0
72.4
72.1
71.7
72.3
72.1
71.7
72.3
72.1
71.2
71.2
71.1
71.2
70.9
71.1
70.9
70.7
70.7
70.8
71.4
71.9
72.1
72.7
72.6
72.2
71.9
71.9
71.9
71.8
72.4
72.2
72.0
71.9
72.2
71.5
72.0
72.7
72.6
72.9
73.6
73.7
72.7
72.4
73.0
73.0
72.4
72.8
72.9
73.4
73.6
74.3
73.9
73.8
73.9
73.5
73.9
73.9
73.3
73.4
73.7
73.4
73.6
73.2
73.2
72.4
72.4
72.8
73.8
73.0
71.7
73.0
73.2
73.6
73.2
72.9
72.8
72.4
72.6
72.5
72.9
72.6
71.9
72.6
71.7
72.3
72.7
72.0
71.8
72.6
71.3
70.8
71.4
71.5
71.3
72.0
72.3
72.5
73.2
72.3
72.4
71.2
71.6
71.0
70.9
71.0
71.2
71.7
71.6
72.0
72.5
74.2
75.1
73.9
72.6
71.8
70.5
69.9
69.9
69.8
70.6
71.3
70.9
71.8
71.4
71.7
72.6
72.4
73.7
72.9
73.1
72.6
72.7
72.5
72.4
72.2
73.6
72.7
72.3
73.4
71.7
72.3
72.1
72.1
71.7
73.5
72.4
72.9
72.9
72.4
72.1
72.4
72.5
74.4
82.5
68.5
72.4
72.7
72.1
72.0
70.8
71.3
71.6
70.9
70.6
70.4
70.0
69.2
69.2
69.7
69.7
70.5
70.9
71.2
71.5
71.0
71.2
71.6
71.1
71.1
71.5
71.7
71.5
71.3
71.6
72.1
72.4
72.5
71.7
71.1
70.8
71.1
72.2
71.4
71.0
72.2
73.8
73.6
73.3
73.0
72.7
73.2
73.2
72.9
73.4
73.0
73.1
72.8
71.5
71.9
72.9
73.2
71.6
73.2
73.4
73.7
73.3
72.7
72.0
72.2
72.5
72.5
72.9
72.8
73.1
73.7
72.8
72.9
72.3
72.7
72.7
72.3
72.7
72.6
72.3
73.0
72.3
73.8
73.2
73.5
73.2
73.0
72.8
72.1
71.5
72.2
72.7
72.1
72.1
71.4
71.4
71.5
71.5
71.1
71.5
71.5
72.2
73.0
73.3
72.5
71.5
70.9
71.7
71.6
71.4
72.0
72.0
73.4
72.3
72.2
71.7
71.3
71.6
71.7
71.7
71.9
71.8
71.6
71.8
72.2
72.7
72.9
73.4
74.0
74.2
74.8
74.5
75.3
75.5
75.1
76.0
75.0
75.2
75.3
74.7
74.7
75.1
74.7
74.0
73.5
73.3
73.0
74.1
74.1
73.9
73.6
73.6
73.2
72.7
73.2
72.6
73.4
73.7
72.2
72.8
72.5
72.5
72.0
71.8
71.7
71.2
71.0
71.5
70.7
69.8
69.9
69.0
69.6
69.8
70.0
70.3
70.1
70.5
70.6
71.0
69.9
69.5
69.5
69.4
69.8
71.2
70.9
71.0
70.3
69.7
70.2
69.9
69.8
69.5
68.9
68.8
68.8
69.5
69.7
69.4
70.0
70.0
69.8
69.8
71.2
70.9
70.7
70.3
70.9
70.5
71.1
71.4
71.1
71.0
71.2
71.0
70.7
70.8
71.5
71.9
70.1
71.4
71.1
70.7
71.5
71.5
71.2
71.4
70.8
70.9
70.9
70.0
70.6
70.9
71.3
71.1
71.0
71.2
71.0
71.5
71.1
56.4
41.7
61.8
70.2
70.3
70.0
69.8
68.8
69.6
69.6
69.3
68.8
68.9
69.5
69.5
69.9
68.7
67.4
67.9
68.0
66.8
65.5
64.9
65.6
66.0
66.0
66.4
66.2
66.1
66.3
66.1
65.9
66.1
65.7
65.7
66.1
65.4
65.9
66.2
66.4
67.2
66.8
66.8
70.3
69.5
67.0
67.7
64.9
64.4
66.6
66.5
66.7
66.8
66.7
66.6
67.2
67.2
66.2
64.6
66.1
109.8
115.5
59.4
67.4
67.9
67.2
67.0
66.9
66.6
66.6
66.8
66.6
67.2
67.8
67.5
67.3
67.4
66.7
67.1
66.2
66.0
66.5
65.1
65.8
64.9
65.6
65.4
64.7
65.1
64.6
64.2
64.6
65.9
65.8
65.4
65.8
65.3
64.6
65.0
66.1
65.8
65.3
65.3
64.8
64.4
64.0
63.4
63.4
65.1
65.1
65.1
65.3
64.8
65.0
65.0
65.2
65.2
65.2
65.5
66.1
66.0
65.4
65.8
66.3
65.7
65.4
64.8
64.8
65.8
66.4
67.3
67.0
66.9
66.7
65.7
66.6
65.5
66.1
66.5
67.3
67.5
67.2
67.3
66.1
66.0
65.9
66.1
65.7
66.0
66.2
66.6
66.6
66.6
66.8
67.0
66.6
67.0
67.1
67.1
67.3
67.2
66.7
66.4
66.9
66.6
66.2
65.3
65.6
65.9
66.2
66.3
65.9
67.3
67.3
66.4
65.3
65.9
65.4
65.6
65.6
66.2
66.1
66.6
66.5
67.0
66.5
66.5
66.3
65.4
65.7
65.2
65.3
65.2
65.6
66.6
66.5
66.5
66.8
66.2
65.5
65.6
65.9
65.8
66.7
65.9
65.9
66.6
67.2
67.1
67.2
66.7
66.0
66.1
66.4
66.1
67.1
67.0
66.1
66.1
65.7
66.2
66.0
65.7
65.8
66.0
66.0
66.3
67.1
67.5
67.0
67.2
67.3
66.9
67.2
66.6
67.0
66.9
67.0
66.3
66.3
71.7
68.3
69.4
70.6
70.9
71.3
70.6
70.3
68.7
67.6
66.6
66.0
65.3
66.0
66.4
66.5
67.0
67.0
67.1
67.7
67.9
68.0
66.9
67.4
66.9
63.9
62.1
61.9
61.9
60.6
62.1
59.0
60.1
60.6
61.0
60.2
61.5
60.9
59.1
58.7
58.6
59.5
60.2
59.7
59.8
63.2
62.1
63.3
63.4
62.9
64.4
68.3
68.0
68.9
67.4
66.6
67.4
64.7
64.3
65.1
64.2
63.9
64.7
62.9
69.3
54.7
51.6
60.4
61.6
62.0
60.8
60.5
60.2
60.7
60.7
58.9
59.6
60.0
60.0
60.2
60.9
61.6
62.8
64.0
61.5
62.4
63.5
64.0
64.0
64.0
64.6
65.5
65.4
65.1
64.2
63.7
63.6
63.4
62.0
61.5
61.1
61.3
60.6
60.7
60.3
60.9
62.3
61.8
61.1
61.7
61.5
61.5
61.7
61.1
62.0
62.6
62.5
62.4
61.7
61.2
61.1
61.0
60.3
60.5
60.4
60.6
60.9
61.5
61.7
61.9
62.0
62.0
60.8
60.7
62.3
64.3
64.1
64.3
64.3
64.1
63.9
61.4
59.7
60.0
60.1
60.3
61.0
61.2
61.4
61.2
61.9
62.0
62.7
63.0
63.0
63.0
63.0
63.0
63.0
62.9
63.0
62.8
63.1
62.6
62.8
63.1
63.4
64.0
63.3
63.0
62.4
62.0
61.6
62.1
62.0
61.5
61.1
61.8
62.0
62.0
61.2
61.2
61.1
61.8
61.4
61.3
61.2
60.5
60.6
61.0
61.0
60.9
60.3
61.1
61.4
61.4
61.1
61.3
61.5
61.4
61.4
61.2
61.1
61.1
61.0
61.0
61.0
60.8
61.3
61.5
61.0
60.8
60.1
60.5
61.0
60.4
61.5
61.9
62.0
62.0
61.7
61.7
61.9
62.0
61.8
61.7
61.2
61.8
61.6
61.0
61.8
62.0
62.3
62.1
62.2
62.0
62.0
61.9
61.2
61.5
62.1
62.0
62.6
62.1
61.3
62.1
62.3
62.2
62.0
62.1
62.0
62.5
61.2
60.9
61.0
60.4
60.9
61.0
61.1
63.0
63.1
62.6
62.1
62.4
64.7
59.3
58.9
61.3
63.0
61.4
59.6
58.8
58.9
59.3
59.4
60.1
61.0
62.0
61.9
61.8
61.2
62.0
62.0
61.6
61.4
61.0
61.9
60.7
61.4
62.2
62.0
62.0
61.4
61.3
61.3
60.7
61.0
61.0
61.3
61.1
60.9
61.1
61.1
61.2
60.8
61.3
61.2
61.8
62.2
62.7
62.2
62.3
62.0
61.9
61.4
60.6
60.7
61.0
61.1
61.0
61.8
61.1
61.5
61.6
62.0
62.3
62.0
62.1
62.2
61.6
61.4
62.3
62.1
61.4
58.8
60.3
60.2
60.0
60.1
60.4
60.6
60.6
61.0
60.3
60.2
59.6
59.8
60.5
61.2
60.7
61.9
61.7
61.5
61.2
62.0
61.4
61.9
62.3
61.8
61.5
61.4
60.8
61.4
61.3
61.6
61.6
60.2
64.5
64.7
63.7
64.9
64.8
62.8
63.0
64.5
62.8
64.3
62.9
63.4
63.0
63.0
63.0
63.1
63.1
63.2
64.0
66.3
64.0
64.1
65.3
65.1
67.1
55.7
36.2
64.2
69.3
73.6
79.0
74.5
75.5
73.4
73.1
75.5
74.9
73.3
69.7
69.1
70.2
70.3
70.1
70.1
70.1
71.4
70.0
70.0
70.3
70.6
69.4
62.8
62.4
61.6
62.6
62.6
62.3
63.0
63.9
63.0
64.2
63.9
64.4
65.6
64.0
64.2
63.6
63.3
64.2
63.0
62.7
62.0
62.7
62.6
62.8
62.5
62.3
64.0
63.8
63.6
63.3
63.3
64.2
62.5
61.8
63.6
63.7
63.0
62.5
63.3
61.6
62.2
62.3
62.5
62.0
62.6
62.2
63.1
63.2
61.5
61.8
62.4
62.0
62.7
63.0
62.5
62.7
62.5
62.7
62.4
62.6
62.5
62.3
62.7
62.0
62.7
62.1
61.8
62.1
61.8
61.3
60.8
61.9
61.9
62.0
61.3
61.5
62.0
62.9
62.8
63.8
61.6
64.0
61.7
61.8
61.9
61.5
61.1
61.0
60.4
60.3
60.9
60.9
60.5
59.5
60.4
59.9
60.6
61.2
60.3
60.4
60.1
60.2
59.4
60.0
60.3
60.0
60.3
61.5
61.3
61.2
60.5
60.5
60.2
60.6
60.8
66.9
68.4
68.0
68.3
63.7
69.0
68.0
67.1
68.3
68.0
66.5
66.0
66.2
66.5
65.7
65.9
64.0
64.7
65.6
66.1
67.0
66.3
66.9
67.0
67.0
66.7
66.5
66.1
67.6
67.9
67.8
67.1
67.7
65.7
65.8
65.6
65.1
65.0
65.1
64.7
64.8
65.0
65.3
64.5
65.4
66.0
66.2
66.4
66.5
66.7
65.3
65.7
64.7
64.1
60.9
41.9
53.9
60.2
57.2
51.1
53.4
55.8
56.1
56.400000000000006
