50.8
51.0
51.0
50.9
48.9
51.0
57.4
59.6
62.9
63.0
63.0
63.0
63.0
63.0
63.0
62.5
62.0
62.0
62.1
63.1
64.0
64.0
64.0
63.7
63.0
63.0
64.0
64.0
64.0
64.0
64.0
64.0
64.0
64.0
51.2
37.9
41.0
41.0
41.0
41.0
41.0
41.0
42.2
49.9
70.6
69.5
69.0
42.2
35.0
35.0
35.0
35.0
35.0
35.0
35.0
35.0
35.0
35.0
35.0
35.0
35.0
35.0
35.0
35.0
40.9
86.6
91.7
90.7
90.7
89.1
91.4
92.3
89.1
87.7
87.7
87.8
87.6
87.1
87.1
88.1
64.1
71.1
74.5
86.2
87.0
90.5
93.3
81.7
74.2
75.2
208.9
280.5
352.1
208.4
79.8
84.3
82.7
98.9
100.1
92.4
89.0
88.2
76.8
76.1
76.1
76.4
76.7
76.2
75.7
75.3
75.8
75.4
75.3
75.6
75.6
75.6
76.8
76.7
77.5
76.6
76.5
76.7
76.8
77.2
77.6
77.0
77.1
77.4
77.6
78.6
78.5
78.6
78.8
78.9
78.7
79.1
79.0
79.0
79.0
79.0
79.9
79.8
80.0
80.0
80.0
79.9
80.0
80.4
80.5
80.9
81.0
81.5
82.6
82.5
82.0
82.0
82.0
82.0
82.1
82.1
82.1
83.3
83.3
82.6
82.3
83.9
85.5
84.1
85.4
85.2
84.3
85.0
84.7
83.6
83.6
83.2
82.0
82.8
83.1
73.1
73.0
72.2
71.3
69.7
69.1
68.9
68.0
68.2
68.2
67.5
66.0
65.8
65.2
65.0
66.0
66.4
64.8
64.7
64.4
64.6
64.4
64.4
66.2
67.2
68.0
70.0
73.1
74.2
75.4
75.8
76.5
77.3
77.7
78.3
80.6
81.4
80.5
80.6
79.6
79.9
80.4
80.4
81.3
83.6
82.6
84.6
86.4
90.7
87.8
87.2
84.0
81.4
80.6
81.1
81.2
81.2
80.8
81.2
81.2
80.4
79.7
79.2
79.1
78.1
78.7
79.4
78.2
77.3
76.8
76.9
76.3
75.7
75.0
74.2
74.2
73.7
73.5
72.8
75.0
74.9
74.3
73.8
73.2
72.5
72.5
72.4
71.7
75.3
75.5
75.2
74.8
74.4
74.9
74.6
73.2
72.5
72.2
71.7
261.0
154.2
116.0
68.3
68.1
67.3
67.0
67.4
66.4
66.6
66.0
65.8
65.5
65.1
65.2
64.7
64.5
64.8
64.7
65.0
64.5
65.2
65.4
64.4
63.7
63.7
63.3
62.9
62.5
62.2
62.1
62.2
62.0
63.4
62.3
62.2
61.9
61.8
60.8
60.4
59.6
59.9
59.6
60.7
61.7
63.1
63.3
62.6
62.9
62.6
64.6
68.4
71.2
71.3
70.1
69.2
68.6
67.6
68.3
67.7
68.4
68.7
71.1
75.3
76.2
76.5
77.5
77.6
78.2
78.2
77.7
77.8
79.1
79.1
79.5
79.4
79.7
79.8
80.6
80.0
79.9
80.4
80.1
79.4
80.6
82.0
82.1
81.8
82.1
82.0
81.7
81.3
81.8
82.0
81.9
82.5
82.8
82.6
83.0
83.8
82.7
84.5
83.8
82.9
83.2
83.5
83.6
84.0
83.6
84.1
51.1
75.2
84.6
85.1
84.6
85.1
85.1
84.8
84.8
84.9
84.7
86.2
85.9
85.3
84.9
84.8
84.9
84.0
83.8
83.5
84.0
83.9
84.1
83.8
83.5
89.3
91.0
86.1
76.8
76.8
77.8
74.2
74.1
74.9
75.6
76.2
76.0
74.0
74.8
76.6
76.7
77.0
77.6
76.6
77.1
77.8
77.6
77.7
78.7
78.5
78.2
78.9
78.5
77.9
77.9
77.6
77.0
77.0
75.9
75.6
74.9
76.0
76.2
75.8
75.9
76.0
76.9
77.4
77.1
77.7
77.4
77.9
78.2
78.5
78.9
78.7
78.0
78.1
78.2
78.1
77.3
76.9
77.8
76.9
76.3
76.2
76.3
77.0
77.2
77.6
78.0
77.6
77.1
76.7
76.2
75.7
74.7
74.6
73.5
73.7
72.5
72.1
71.5
72.3
73.9
73.7
73.5
73.3
73.5
72.8
71.8
71.8
71.2
72.5
71.4
69.7
72.2
73.1
72.3
71.1
71.1
71.1
70.8
70.2
70.6
70.4
69.1
68.3
69.0
69.6
72.7
73.8
73.0
71.1
69.9
70.0
78.8
72.8
73.0
81.9
90.3
92.5
79.9
75.5
74.7
74.4
74.9
74.6
75.7
75.1
74.5
74.2
73.6
72.8
72.8
72.4
72.4
71.6
73.7
71.9
71.3
70.2
69.8
69.2
69.1
68.5
67.8
67.7
67.5
67.6
68.2
72.2
72.8
71.3
69.7
69.2
68.6
69.2
69.3
68.8
68.5
68.0
68.3
68.3
158.6
141.5
68.6
67.9
67.1
66.7
66.5
66.7
67.0
67.1
66.7
67.2
66.9
67.1
67.0
67.1
67.1
66.9
67.0
67.7
71.1
71.6
70.1
68.8
68.0
69.0
68.9
71.2
70.7
71.0
71.2
70.7
70.4
70.3
69.0
68.2
68.2
68.6
68.8
68.1
68.2
69.1
68.9
69.1
71.8
72.1
70.9
69.6
69.4
69.5
55.7
70.9
70.5
69.9
68.8
68.6
68.5
68.6
68.2
68.3
68.7
68.3
68.4
68.0
68.2
69.0
68.4
67.6
67.6
67.3
67.9
67.3
67.2
67.4
67.9
67.5
67.2
67.0
67.1
67.4
67.5
68.3
69.6
72.9
72.7
74.4
73.7
72.5
71.7
71.4
70.8
70.6
70.7
70.1
69.6
69.4
69.1
69.2
69.0
69.2
69.0
69.0
68.4
68.6
68.8
68.5
71.0
71.6
70.5
69.6
69.0
69.0
68.7
68.7
68.2
68.7
68.5
68.6
68.3
68.3
67.7
68.0
67.9
67.8
67.6
67.5
67.3
67.0
66.9
66.6
66.7
67.0
67.1
67.2
67.3
67.3
66.6
67.9
70.5
72.5
73.1
73.6
71.9
70.5
72.8
74.1
70.7
68.2
65.9
62.2
52.8
53.2
61.0
59.8
64.0
63.7
62.4
60.7
60.6
60.8
61.0
61.0
61.4
61.1
60.5
66.7
68.4
67.8
67.6
67.4
67.7
68.7
69.2
69.0
68.9
68.8
69.4
69.5
77.5
65.6
70.8
70.7
67.9
65.5
64.3
63.6
63.0
63.0
62.6
62.6
62.7
62.2
61.8
62.2
61.9
61.4
60.9
60.8
60.2
63.8
62.5
61.2
62.7
62.3
61.5
61.4
61.4
60.1
60.1
59.7
59.6
60.0
59.6
58.6
59.8
60.7
59.2
58.9
58.2
58.1
57.7
58.0
58.0
57.4
57.5
57.3
58.0
58.1
58.0
57.7
57.6
57.5
57.0
57.3
57.2
57.9
59.2
59.2
63.5
66.5
67.8
68.2
69.0
74.5
75.4
74.9
75.6
85.4
88.4
83.5
79.4
78.5
85.3
79.5
78.6
75.7
71.9
71.2
73.7
71.2
76.3
75.2
77.1
73.7
73.9
75.0
74.9
75.1
75.6
78.5
76.8
76.9
76.1
76.7
77.6
77.0
77.2
77.0
76.9
76.8
77.9
77.5
78.1
78.8
79.4
80.0
79.2
79.3
80.2
79.3
79.3
81.3
79.5
78.9
78.8
79.6
80.2
79.9
79.0
78.2
79.5
79.7
80.3
80.5
80.8
80.9
81.3
80.9
80.8
81.0
80.8
79.6
79.5
79.0
79.1
78.3
78.9
78.1
77.9
80.0
78.7
77.9
78.1
78.6
78.7
78.3
76.9
76.0
75.9
75.6
75.4
75.2
75.3
76.9
76.5
76.1
75.1
74.9
75.2
73.8
73.8
73.5
73.2
72.6
72.1
71.4
71.8
71.5
72.0
71.5
71.5
70.7
70.6
70.5
70.0
69.5
70.0
69.3
69.9
69.6
68.8
68.5
69.5
68.3
68.3
68.1
68.5
68.2
68.7
69.1
68.8
68.2
66.8
66.6
65.4
65.6
66.0
66.4
66.9
67.4
69.5
70.1
68.5
67.7
67.8
67.4
68.2
68.1
67.7
67.0
66.7
67.5
68.0
67.0
66.9
66.5
67.2
69.5
71.0
70.8
70.4
71.0
75.1
75.5
76.4
77.4
246.6
296.7
319.1
226.7
78.9
78.1
77.7
78.4
77.7
77.7
77.9
79.3
91.1
180.8
91.0
82.0
81.2
80.6
81.7
82.8
82.3
83.5
85.4
86.1
86.6
86.7
87.1
86.4
86.5
87.3
87.3
86.7
86.5
86.1
85.9
85.2
87.7
89.2
88.5
88.0
88.3
87.8
87.6
87.7
87.7
87.8
87.8
87.2
87.0
87.1
87.6
90.8
89.1
88.2
88.0
88.2
88.9
89.6
91.2
90.5
92.5
91.1
91.3
93.3
94.2
93.9
95.6
94.9
95.6
95.7
95.2
96.0
96.1
95.4
95.0
95.0
95.0
95.4
95.3
95.5
94.8
94.4
93.3
94.7
95.1
93.9
93.8
94.2
94.2
94.0
93.5
94.0
94.7
94.2
94.2
94.0
93.9
93.4
93.0
92.4
92.2
92.7
92.1
90.9
90.0
90.6
89.3
90.5
93.2
91.9
92.4
91.9
92.3
91.5
91.8
91.6
91.3
90.2
90.5
89.9
89.1
87.9
88.1
87.7
93.6
98.1
98.9
104.2
100.4
99.0
98.0
95.9
95.5
93.5
95.5
97.0
97.9
99.3
100.6
101.2
102.7
103.8
103.9
104.0
104.3
104.3
105.1
105.2
105.9
106.0
105.4
104.9
104.6
103.5
103.8
103.5
104.1
104.6
104.7
104.6
103.6
102.5
101.6
102.5
101.3
90.5
74.5
78.8
77.4
76.5
76.6
75.7
75.9
74.9
74.6
74.3
73.9
73.5
73.2
72.2
71.2
70.8
70.6
70.5
70.2
69.6
70.6
69.9
69.4
69.0
68.8
68.4
68.7
68.5
68.0
67.6
67.5
67.7
67.3
67.3
66.9
67.3
69.4
70.4
70.6
69.8
68.6
68.3
67.8
67.6
67.5
67.6
68.1
67.0
67.3
66.9
67.0
66.3
66.7
66.2
66.4
65.7
66.7
66.0
65.5
65.9
65.3
66.4
65.7
66.3
65.6
65.5
65.7
65.0
65.5
65.1
65.6
65.5
65.8
65.0
64.9
64.6
64.7
64.4
67.1
68.5
69.0
68.8
67.4
67.9
68.0
67.6
68.7
68.6
68.3
68.6
70.0
69.5
69.6
68.5
67.6
65.9
65.7
65.2
66.3
65.5
65.9
65.1
65.0
64.8
64.9
64.2
65.3
64.4
64.4
66.3
66.7
67.0
66.9
66.2
66.9
65.9
66.4
66.7
65.7
65.8
64.9
65.6
66.1
65.6
65.1
65.5
64.8
64.5
64.4
64.6
63.7
64.6
64.5
64.9
65.8
64.5
64.0
63.6
63.1
62.9
62.8
63.3
65.2
65.1
64.0
64.3
63.6
63.8
63.6
63.5
63.8
63.0
63.9
65.1
64.6
64.3
64.3
64.0
64.6
64.3
64.7
65.6
64.3
64.4
65.6
66.5
66.9
66.6
66.5
66.3
66.4
66.1
65.0
67.6
66.4
67.0
68.5
69.7
69.6
68.9
69.1
69.4
68.6
67.6
68.3
67.2
67.4
67.3
68.7
67.9
67.6
67.1
66.6
67.3
73.0
73.6
69.9
67.3
68.3
68.2
69.4
70.5
71.0
71.8
73.1
72.9
71.3
72.6
75.3
72.8
76.8
72.2
90.2
132.9
105.1
69.6
70.9
72.2
73.1
74.3
73.6
74.3
75.7
75.7
74.9
73.7
73.0
72.5
106.0
121.3
68.6
68.2
67.1
68.2
67.3
66.6
65.2
67.0
68.2
66.9
66.9
65.5
64.5
63.9
63.9
63.5
63.2
62.5
62.5
62.1
61.7
62.4
62.4
62.0
62.5
62.6
63.0
63.6
64.3
65.3
65.6
65.3
65.0
65.4
65.0
64.3
63.9
64.0
64.8
64.0
65.9
66.9
66.1
66.1
66.0
64.6
64.6
64.2
63.3
62.7
63.7
63.4
63.3
62.6
62.1
63.5
70.0
72.1
74.2
74.2
72.5
73.4
95.6
69.6
72.3
72.6
72.7
72.4
73.5
73.6
82.5
82.6
82.0
83.3
83.2
82.4
82.6
81.0
80.4
77.8
75.3
72.6
70.7
70.8
74.2
79.8
89.6
89.0
86.9
85.7
90.8
91.1
90.5
89.9
88.4
90.0
91.2
91.6
90.3
89.8
88.8
88.5
87.9
87.7
75.3
66.6
64.7
63.3
61.3
62.6
61.0
62.0
62.5
62.0
61.3
61.3
63.8
63.6
63.3
62.4
61.6
62.9
64.2
62.5
62.0
62.2
62.7
65.0
74.9
73.0
74.4
76.1
74.6
74.1
74.8
75.8
75.0
74.6
74.8
69.3
78.9
81.4
82.7
79.5
74.0
69.8
72.5
92.1
132.2
126.7
122.5
118.4
116.2
115.1
116.4
114.8
113.3
111.4
107.0
106.8
106.3
107.7
109.3
109.9
109.7
108.1
107.8
107.0
106.8
106.2
106.0
106.7
106.4
106.0
106.1
106.0
106.0
106.0
105.9
105.7
105.0
105.0
90.8
72.7
68.1
66.9
65.70000000000002
66.73269230769232
66.64903846153847
66.56538461538462
66.48173076923078
66.39807692307693
66.31442307692308
66.23076923076924
66.14711538461539
66.06346153846154
65.9798076923077
65.89615384615385
65.8125
65.72884615384616
65.64519230769231
65.56153846153846
65.47788461538462
65.39423076923077
65.31057692307692
65.22692307692309
65.14326923076923
65.05961538461538
64.97596153846155
64.8923076923077
64.80865384615385
64.72500000000001
64.64134615384616
64.5576923076923
64.47403846153847
64.39038461538462
64.30673076923077
64.22307692307693
64.13942307692308
64.05576923076923
63.97211538461539
63.88846153846154
63.8048076923077
63.721153846153854
63.6375
63.55384615384616
63.470192307692315
63.386538461538464
63.30288461538462
63.219230769230776
63.135576923076925
63.05192307692308
62.96826923076924
62.88461538461539
62.80096153846154
62.7173076923077
62.63365384615385
62.550000000000004
62.46634615384616
62.38269230769231
62.299038461538466
62.21538461538462
62.13173076923077
62.04807692307693
61.96442307692308
61.88076923076923
61.79711538461539
61.713461538461544
61.62980769230769
61.54615384615385
61.462500000000006
61.378846153846155
61.29519230769231
61.21153846153847
61.127884615384616
61.04423076923077
60.96057692307693
60.87692307692308
60.79326923076923
60.70961538461539
60.62596153846154
60.542307692307695
60.45865384615385
60.375
60.291346153846156
60.20769230769231
60.12403846153847
60.04038461538462
59.956730769230774
59.87307692307693
59.78942307692308
59.705769230769235
59.62211538461539
59.53846153846154
59.454807692307696
59.37115384615385
59.2875
59.20384615384616
59.120192307692314
59.03653846153846
58.95288461538462
58.869230769230775
58.785576923076924
58.70192307692308
58.618269230769236
58.53461538461539
58.45096153846154
58.3673076923077
58.283653846153854
58.2
63.4
63.0
62.7
62.8
64.8
68.5
69.5
69.9
69.5
69.4
69.2
71.4
72.0
70.6
70.1
69.1
68.9
69.1
71.4
79.8
76.7
75.1
76.7
81.0
82.1
84.2
62.7
41.2
101.63333333333333
121.1
104.9
83.3
83.4
83.4
84.1
84.1
84.5
84.1
84.6
85.5
85.3
85.0
84.4
85.7
84.6
84.6
84.2
82.8
83.6
83.8
83.7
83.7
83.9
84.1
83.2
84.7
84.5
84.1
84.6
82.9
92.3
92.3
85.0
85.3
84.6
85.2
84.7
84.9
84.5
83.5
84.1
83.8
83.7
83.0
83.6
83.4
84.2
84.2
83.0
83.3
83.3
83.3
83.3
83.3
83.4
83.4
83.2
82.9
83.6
83.0
83.8
82.9
83.3
83.0
83.2
82.8
82.6
82.2
82.8
83.2
83.8
82.7
84.0
82.7
82.5
81.7
81.7
81.3
81.8
81.4
80.8
81.3
81.4
81.3
80.9
81.1
81.1
82.1
82.2
81.7
82.3
82.1
82.9
82.2
82.5
81.9
82.1
82.2
83.0
82.3
82.9
83.1
83.2
83.1
82.9
82.8
80.9
81.5
82.8
82.8
83.0
83.3
83.4
82.5
83.0
82.7
83.9
83.3
82.3
83.3
83.2
82.7
81.8
81.8
81.6
81.2
80.9
81.1
81.0
80.0
79.8
79.8
80.4
80.6
80.8
80.6
79.8
79.4
80.0
80.1
79.7
79.8
80.9
79.4
79.2
78.9
79.8
81.6
81.3
81.7
81.2
81.0
81.3
81.3
80.5
78.4
80.3
79.5
80.6
81.1
81.4
81.4
81.3
78.1
76.4
81.1
81.9
81.9
83.1
85.9
85.7
85.3
84.9
84.4
83.4
87.3
86.9
84.7
80.6
77.2
81.3
81.8
81.3
80.9
80.0
80.3
80.7
80.1
80.5
80.9
81.4
81.7
81.4
80.9
80.4
82.8
81.5
81.1
82.1
82.6
81.8
82.3
82.1
81.1
80.9
82.2
82.8
82.1
82.9
84.8
84.8
89.1
89.3
88.0
86.4
84.1
84.2
83.8
82.8
83.3
82.7
82.9
81.4
81.5
81.3
80.2
80.9
81.2
80.9
80.6
80.7
81.2
81.1
80.9
80.3
79.9
80.6
79.4
79.9
80.1
79.9
79.3
78.6
78.0
79.0
78.1
78.6
78.4
77.0
76.8
75.5
74.5
73.2
72.3
71.8
71.6
72.0
72.6
71.5
71.3
71.0
71.3
70.9
70.5
69.9
69.8
69.5
69.1
69.2
70.1
69.7
69.3
69.0
69.5
69.4
69.7
69.4
68.8
68.5
68.2
69.7
68.8
68.4
68.2
67.5
67.4
66.4
67.3
66.8
66.4
66.1
66.0
65.6
65.4
65.2
66.5
65.3
64.9
65.0
64.4
64.4
64.3
64.4
65.3
64.1
63.6
65.2
63.8
63.2
62.4
62.7
62.2
61.5
61.3
62.2
62.1
62.5
63.5
62.7
64.0
63.7
64.8
64.2
64.5
64.2
65.5
64.8
65.3
65.7
64.7
65.2
65.4
65.5
64.9
66.1
66.0
65.3
66.3
65.6
66.3
66.2
66.7
66.6
66.3
66.4
66.4
65.9
65.8
65.0
63.9
64.1
65.7
82.5
76.5
73.4
68.5
66.8
66.4
67.2
67.2
66.5
67.4
67.1
66.8
67.5
67.1
67.1
67.2
66.1
65.8
65.7
65.7
65.4
66.3
66.2
65.9
65.8
66.1
65.5
65.3
65.2
65.5
64.7
65.8
65.7
66.5
66.3
66.0
66.4
66.2
67.0
66.5
66.4
66.4
66.0
65.7
65.6
65.5
65.0
65.8
65.4
65.1
65.4
65.6
65.3
64.7
65.2
64.9
64.4
63.9
63.7
63.0
63.4
64.2
64.2
60.4
59.7
59.2
61.1
64.7
64.4
65.1
63.5
62.7
60.8
61.3
60.6
61.3
61.1
61.2
61.2
61.4
61.5
60.8
61.5
61.0
60.9
61.0
59.7
59.7
59.9
59.3
74.2
85.3
82.2
79.3
78.1
77.2
76.9
76.0
75.2
78.0
74.1
72.8
72.7
71.4
71.8
71.3
70.7
70.3
69.4
69.8
68.9
69.1
68.8
68.5
68.5
68.9
68.6
68.8
68.7
68.3
68.9
68.5
68.1
68.8
68.2
67.6
68.8
68.5
68.6
68.3
67.6
67.9
68.4
67.9
67.7
67.8
67.8
67.5
67.2
66.7
67.3
66.8
67.1
67.3
67.3
67.7
69.9
70.7
71.0
71.7
71.8
71.6
72.8
72.5
72.7
73.3
72.7
73.9
72.3
73.6
72.3
71.9
72.7
72.3
71.1
72.2
71.3
71.6
72.0
71.7
71.9
70.9
71.4
71.2
70.7
70.4
71.9
71.3
71.4
74.4
76.8
76.1
77.3
77.4
75.4
75.7
74.9
74.3
73.8
73.8
75.1
74.5
73.9
73.6
73.2
72.7
72.5
72.1
72.4
72.2
71.9
71.6
71.5
71.0
71.0
70.9
71.1
70.4
69.7
69.0
70.0
71.0
69.6
68.4
68.3
68.6
68.9
68.3
65.9
67.0
67.8
67.2
67.0
67.8
70.1
70.9
72.2
71.4
72.5
72.1
72.9
73.7
74.0
72.8
71.5
71.4
73.8
74.3
71.1
67.3
74.1
75.2
70.3
68.5
70.9
74.3
66.9
65.2
64.4
65.0
65.6
64.46666666666667
64.2
64.8
64.2
65.0
65.4
66.0
66.8
66.6
67.4
67.9
68.9
67.0
68.5
67.8
67.8
67.9
67.0
68.6
68.8
68.9
69.9
69.5
68.8
69.3
69.3
70.4
67.4
70.5
66.3
67.6
67.6
67.6
67.5
66.9
66.5
68.0
68.2
67.7
65.9
66.2
66.1
65.6
65.5
64.2
66.2
67.1
67.0
66.6
66.6
66.5
66.1
65.3
65.5
64.8
65.2
64.7
64.6
64.7
63.8
64.9
66.2
63.6
63.3
63.8
65.9
65.0
65.1
65.8
66.2
64.0
63.7
64.1
65.7
62.9
64.1
69.2
105.2
151.1
120.8
69.3
72.0
73.1
68.5
70.6
70.6
70.7
69.7
69.5
69.3
70.2
70.0
70.0
70.3
70.9
69.9
69.2
70.4
70.4
71.6
70.2
70.2
69.6
70.8
69.9
70.8
71.0
71.8
72.0
72.1
73.0
73.5
74.7
74.9
74.7
75.3
75.2
75.4
75.5
75.8
75.6
76.0
76.3
76.0
75.9
76.0
76.3
76.6
76.4
76.4
75.1
76.2
76.5
76.4
76.4
75.8
75.7
76.2
75.9
76.0
75.7
74.9
75.5
75.5
76.1
75.1
75.1
74.6
72.4
73.9
74.1
73.3
73.3
74.4
74.7
74.2
74.6
71.8
73.1
72.9
87.5
147.0
172.6
171.2
38.6
70.9
72.2
72.7
72.1
72.6
72.3
71.9
73.7
73.5
72.4
72.6
73.5
73.8
73.7
74.0
73.8
74.1
72.6
68.2
65.1
64.2
70.2
67.0
63.6
61.6
67.8
74.5
68.9
64.1
67.0
67.8
67.4
83.4
79.0
72.9
78.5
115.1
125.2
120.8
117.7
115.3
114.9
110.9
112.3
109.2
111.1
109.8
112.8
113.5
111.5
112.5
110.4
113.7
112.0
112.7
112.7
109.6
109.2
108.9
110.6
111.8
114.3
115.0
114.6
112.2
111.4
109.9
110.0
109.9
110.5
111.0
111.7
112.2
112.3
112.7
113.0
113.3
77.1
115.7
117.2
115.7
117.6
116.3
117.0
113.7
113.9
112.9
110.3
110.3
111.0
111.0
110.9
112.9
110.8
108.3
107.5
105.2
106.0
105.4
104.5
104.3
111.1
109.7
102.2
100.4
98.3
97.1
96.1
95.7
95.0
94.3
93.6
92.9
92.8
93.9
94.1
94.3
94.7
94.0
94.9
94.8
95.1
95.2
94.7
92.7
92.6
93.8
93.7
93.5
93.6
93.4
94.0
94.0
93.8
93.7
93.7
93.7
93.9
94.3
94.2
92.6
93.2
92.9
94.5
93.3
94.3
94.7
94.7
95.0
94.9
95.4
95.6
95.8
95.9
95.5
94.4
97.6
98.2
98.7
99.4
99.4
100.1
100.5
98.9
100.3
100.1
100.4
100.6
100.5
100.4
99.1
97.9
96.2
93.2
88.2
84.6
82.2
79.9
78.4
76.4
76.5
75.8
75.4
74.2
73.3
73.2
72.2
71.4
70.7
70.3
69.6
68.7
68.4
69.0
68.0
70.7
78.0
69.1
64.1
59.7
61.1
70.8
70.7
70.0
73.3
93.3
83.2
74.8
72.6
73.2
73.9
75.7
74.1
69.9
67.0
68.9
67.3
66.2
65.4
65.1
63.4
66.4
69.7
71.6
70.8
71.2
70.5
68.8
66.1
65.8
64.1
64.3
63.3
63.7
64.7
64.0
64.5
69.5
72.0
73.3
75.6
75.7
77.5
78.2
78.9
80.2
77.3
72.3
69.8
70.3
70.0
70.1
72.6
81.2
82.5
78.7
71.3
72.4
80.5
85.6
86.7
88.3
88.5
88.9
88.6
80.4
84.9
87.1
87.7
86.9
87.1
87.0
87.0
87.8
88.0
88.9
88.4
83.5
83.6
83.6
84.3
84.2
83.7
85.6
84.7
85.3
85.5
86.5
86.1
85.8
84.0
117.5
85.1
78.5
77.1
75.5
74.9
74.0
73.7
73.7
73.4
74.3
72.9
73.1
73.4
74.0
73.3
72.8
73.4
73.8
72.5
73.4
73.6
73.2
73.0
73.7
73.9
73.0
71.1
70.8
70.7
70.7
70.1
69.4
68.5
68.9
68.6
68.0
67.3
68.3
68.0
68.6
68.0
68.4
67.7
67.4
67.5
67.1
68.2
69.4
69.3
68.8
68.0
68.3
64.5
64.2
64.7
65.7
66.5
67.8
68.0
67.2
67.8
67.5
67.9
67.3
66.8
67.4
67.7
67.8
68.0
67.4
67.5
68.1
67.6
66.2
69.5
68.0
66.0
64.7
64.4
63.5
62.9
63.5
62.8
63.3
62.1
61.9
61.6
61.5
61.6
64.5
66.2
79.1
80.1
74.4
69.8
67.5
67.1
66.8
66.4
66.2
64.4
66.2
66.5
67.1
67.1
67.5
68.0
68.2
68.3
68.0
68.3
67.2
67.0
66.6
66.1
65.8
65.7
66.0
66.0
66.1
65.8
64.9
65.6
65.6
65.5
65.3
65.5
64.5
64.8
65.1
65.6
66.0
66.1
65.4
64.3
64.7
64.6
65.3
65.9
66.1
65.5
65.6
65.9
65.8
66.1
66.0
65.5
65.5
66.4
65.1
66.7
66.7
66.0
65.3
65.2
65.6
65.6
66.4
66.5
66.2
66.8
66.7
66.6
66.8
66.9
65.6
64.3
66.0
66.4
66.7
67.0
67.3
66.7
66.1
66.2
66.4
64.9
67.2
66.6
66.4
67.0
67.5
67.1
67.9
66.8
67.3
67.7
65.5
61.1
65.1
64.9
65.5
68.5
80.8
67.5
67.9
65.7
64.1
63.1
63.3
63.3
63.8
64.5
63.5
64.9
71.7
69.5
74.4
70.3
66.0
66.1
65.2
64.5
65.3
65.5
65.3
64.6
64.5
64.9
64.5
64.7
64.5
65.3
65.4
65.8
66.0
65.1
64.3
63.6
62.8
61.6
61.1
61.2
60.8
61.7
62.0
62.0
62.0
62.0
61.6
61.3
61.0
60.6
60.9
61.3
61.4
61.0
61.0
60.2
59.9
62.9
65.6
67.5
68.9
69.1
70.7
71.3
69.5
72.7
72.0
72.1
72.4
73.4
73.0
72.8
73.2
73.9
70.6
73.1
72.3
72.6
73.0
73.0
72.5
72.9
70.6
73.4
73.7
72.8
72.2
72.5
72.9
72.5
72.4
70.0
71.7
73.2
73.0
72.7
72.8
73.2
73.0
69.7
71.2
72.4
71.4
70.3
69.2
68.0
68.1
65.6
67.4
67.4
67.0
65.9
65.2
65.2
66.9
69.7
67.5
67.4
66.3
65.8
65.3
65.9
65.7
64.7
64.0
63.8
63.9
64.0
63.2
63.4
62.8
63.0
63.5
63.1
63.8
63.9
68.3
77.5
72.4
67.3
64.3
62.7
61.2
62.0
62.0
61.9
61.7
62.0
61.6
61.1
61.5
61.7
62.3
62.5
62.6
60.8
61.6
61.5
62.0
62.2
61.8
61.4
61.0
60.8
61.1
61.0
60.3
61.2
59.6
59.4
60.7
62.7
67.4
68.5
70.3
69.3
67.0
67.8
65.8
65.9
67.0
65.9
65.5
64.5
64.3
65.8
66.1
65.6
65.3
65.2
65.9
66.6
66.7
65.0
67.1
66.8
66.9
66.2
66.6
67.4
65.5
67.7
67.5
67.3
66.9
66.8
64.9
63.2
62.1
61.9
61.3
60.3
60.5
60.6
61.9
62.7
63.5
63.7
62.9
63.7
64.3
65.4
65.2
64.8
63.3
65.7
66.0
65.6
65.9
66.5
66.9
67.1
66.6
67.1
65.2
68.3
67.5
66.6
66.7
66.6
67.5
65.6
65.4
66.8
67.5
68.3
67.5
67.9
68.1
68.0
66.4
64.3
60.3
62.8
62.0
62.7
62.7
62.9
61.9
61.5
61.3
60.9
63.9
57.6
59.6
59.9
60.6
61.0
61.4
61.5
61.2
60.4
60.6
60.6
60.7
60.9
60.2
59.3
60.3
62.4
63.9
64.2
64.3
62.8
65.8
67.0
66.9
66.4
66.7
66.0
67.6
68.3
68.2
68.0
68.8
67.9
72.7
69.3
69.1
69.2
66.5
67.5
67.5
67.2
68.0
67.8
67.0
67.7
67.7
67.8
66.9
65.5
67.2
67.6
67.9
67.2
67.2
67.5
68.0
68.3
65.0
67.7
67.9
67.7
67.1
66.0
66.1
66.4
66.6
65.8
65.5
65.9
66.0
66.0
65.6
65.3
63.6
66.2
66.7
66.0
66.0
66.6
67.1
67.1
66.5
67.4
65.9
69.1
68.0
67.1
67.1
67.3
67.6
67.0
67.1
67.2
65.7
68.1
67.0
67.5
68.0
68.1
68.4
67.6
68.0
68.1
67.3
67.5
67.1
67.3
67.2
68.1
67.5
67.5
67.6
67.9
68.0
66.1
66.4
68.1
69.0
72.0
70.8
69.2
67.9
67.8
66.9
64.4
66.4
66.4
66.9
66.1
66.3
67.8
73.1
77.8
72.9
74.5
72.7
72.1
71.7
70.2
70.5
70.6
70.4
69.7
69.4
69.6
69.8
70.6
69.9
69.8
70.0
70.7
71.4
69.9
70.9
68.2
71.0
71.9
71.3
71.6
71.8
72.4
72.0
72.0
72.5
72.8
73.0
71.6
70.8
81.2
70.8
70.5
64.1
62.3
61.7
62.1
62.1
62.0
62.6
63.6
64.8
65.2
64.7
64.0
66.3
66.8
66.3
66.5
66.4
67.3
67.6
67.2
65.3
68.5
69.0
69.1
69.1
69.5
70.0
71.0
70.6
70.7
71.4
71.7
72.6
71.6
71.2
71.4
71.8
71.7
70.4
71.2
67.9
72.2
71.5
71.3
71.9
72.3
73.0
72.7
72.8
73.0
73.6
74.0
73.6
69.8
73.7
74.3
74.3
72.9
73.2
72.9
73.3
73.7
72.4
72.8
72.6
68.2
67.9
69.2
71.0
71.7
73.0
72.8
72.9
72.8
71.8
74.9
74.5
74.3
73.8
74.3
74.5
73.8
74.6
74.6
75.3
74.4
74.3
74.8
75.2
75.8
74.1
74.5
74.8
75.5
75.9
74.4
75.3
75.1
76.0
75.8
75.3
75.4
75.6
76.0
75.3
75.5
75.8
75.5
76.6
75.5
75.6
75.7
76.3
76.6
74.9
72.5
73.5
74.9
75.0
74.2
75.2
75.5
76.1
76.0
72.5
75.6
76.1
77.0
76.6
77.0
77.7
78.1
115.7
99.7
78.9
78.6
79.0
79.1
78.0
79.6
80.2
80.2
79.4
79.6
80.4
81.1
83.3
76.8
81.8
82.2
83.1
83.2
82.6
83.1
83.5
84.0
83.8
82.7
82.9
82.7
82.9
81.8
82.0
82.1
82.7
82.8
81.7
81.8
82.5
82.6
83.3
78.2
83.0
83.0
83.9
84.2
83.0
83.5
83.1
83.0
82.0
81.7
82.0
81.8
82.6
81.6
81.6
82.2
82.4
82.6
77.6
81.1
81.2
81.6
81.8
80.6
80.3
80.0
79.4
77.0
79.2
79.4
80.1
80.9
79.6
79.5
79.8
79.8
80.0
78.4
78.6
78.7
79.2
78.9
72.3
76.4
76.5
76.9
76.1
76.2
75.9
75.6
76.3
74.2
71.7
74.8
74.8
75.4
74.0
74.6
73.9
74.5
74.3
72.4
73.3
72.9
73.2
72.6
69.1
72.1
72.2
73.1
72.2
72.3
72.9
73.3
73.9
72.3
73.5
72.9
73.4
72.8
72.0
68.5
72.4
72.4
72.2
71.6
71.5
71.6
71.9
70.9
70.5
71.3
70.8
71.2
68.3
69.0
70.8
71.1
71.6
70.5
71.4
71.7
72.2
72.0
72.1
72.3
73.0
69.1
72.6
72.7
73.3
73.7
74.5
73.3
73.8
73.5
73.9
74.0
73.0
73.8
74.3
74.7
74.4
74.3
74.0
74.0
74.7
73.6
73.6
70.6
73.4
73.7
72.6
72.8
72.6
73.6
73.7
72.4
73.5
73.0
73.1
72.9
72.6
72.7
72.5
73.4
72.4
72.2
72.7
72.8
73.3
72.4
72.4
72.2
71.9
71.5
69.9
70.6
70.6
71.0
70.5
70.5
70.7
70.8
71.5
70.6
70.9
70.7
70.5
71.2
70.2
70.6
70.9
70.8
70.9
69.0
69.8
69.6
70.0
69.8
69.4
69.5
69.3
70.0
68.9
68.7
69.0
69.0
70.2
69.0
69.6
69.8
70.0
70.4
69.2
68.5
68.2
69.6
69.4
68.9
68.9
68.9
69.3
68.6
68.8
68.8
68.6
69.3
67.8
67.7
67.9
68.1
68.3
66.9
67.9
67.1
66.9
66.2
67.0
67.1
72.4
73.1
71.7
71.3
72.7
71.8
68.4
67.4
77.6
76.4
74.0
81.4
69.3
71.1
74.1
71.3
66.9
64.4
62.9
61.7
61.8
60.8
124.6
95.5
60.9
60.6
60.8
61.5
61.9
59.3
63.5
62.9
63.7
64.1
65.0
65.2
65.0
65.2
65.6
64.1
65.0
65.5
65.5
66.0
66.8
66.3
66.5
67.0
67.1
67.7
66.8
67.9
68.1
69.0
69.6
69.2
69.9
70.2
71.0
67.5
69.9
69.4
69.7
70.3
69.6
69.9
70.1
70.8
72.0
70.8
71.9
72.4
73.2
73.5
73.2
73.8
74.3
74.5
73.5
72.8
72.4
72.0
72.7
71.4
71.5
72.0
72.7
73.0
72.1
73.1
73.1
73.9
73.8
73.4
73.6
71.2
74.7
74.2
73.8
73.4
73.8
74.3
74.1
74.2
75.0
75.7
76.0
75.4
76.0
76.6
77.1
77.5
76.9
77.7
78.1
78.7
77.7
76.8
77.1
76.9
77.8
77.2
77.9
78.1
79.5
80.2
79.2
80.2
80.1
77.6
82.2
81.6
82.2
82.5
83.3
82.7
82.4
82.4
81.9
82.0
80.2
75.5
81.1
81.8
82.0
80.9
81.9
81.9
82.5
83.0
81.8
82.1
82.8
83.1
82.1
81.8
82.2
81.7
81.9
80.1
80.1
80.3
80.6
81.1
79.6
79.9
79.0
79.1
78.9
78.1
78.5
79.1
79.6
79.1
79.7
79.7
79.7
80.1
78.9
78.6
78.9
78.8
79.2
77.5
77.8
78.0
78.4
78.8
73.4
78.3
77.7
78.9
78.0
78.7
78.8
79.0
80.4
79.0
80.4
81.2
81.1
81.0
78.6
79.2
78.4
78.2
78.4
77.2
78.6
78.5
79.8
79.4
80.2
80.2
81.9
81.8
80.6
75.9
79.9
80.0
80.2
78.8
41.7
79.9
79.6
79.0
83.2
91.9
90.7
88.6
94.7
89.4
82.4
78.1
76.6
73.7
72.0
69.3
67.1
65.8
63.0
62.3
60.0
61.5
61.9
60.6
61.9
61.8
63.1
63.3
61.6
65.3
66.8
68.3
70.2
71.2
71.4
69.5
73.2
75.3
76.7
86.3
84.6
81.9
81.8
81.9
82.0
82.1
82.0
82.0
80.0
77.0
80.8
79.9
82.5
78.8
83.7
87.3
86.4
84.0
82.5
81.7
80.8
80.0
103.3
124.6
120.4
104.7
109.1
105.9
113.8
111.7
109.4
105.0
99.7
97.9
96.1
95.6
93.5
93.0
93.3
92.8
92.8
91.3
90.5
90.2
90.1
90.2
89.7
90.6
90.9
92.5
93.5
92.8
94.2
94.5
95.1
94.6
94.1
94.2
94.0
94.3
89.6
84.9
82.7
80.4
78.3
76.6
75.6
74.4
74.1
73.3
70.8
72.3
71.9
72.2
71.1
70.8
71.3
71.1
72.0
71.9
70.0
70.6
70.0
69.3
67.4
70.3
70.0
70.3
71.3
70.0
68.1
67.9
68.0
68.1
71.4
72.4
70.4
69.1
69.0
70.3
67.6
66.5
66.1
66.4
66.5
65.3
64.5
66.1
65.2
64.7
64.0
64.3
64.5
64.1
64.2
64.6
65.0
66.9
65.8
66.8
66.2
66.1
66.8
66.8
66.8
66.0
65.1
65.5
95.3
113.7
115.6
64.3
74.8
66.7
67.7
68.1
67.6
64.3
65.5
66.7
67.1
67.7
67.9
67.8
67.1
67.3
65.8
65.5
65.1
64.9
64.2
65.5
67.1
67.1
66.9
67.5
75.2
81.9
82.0
75.4
68.9
70.7
73.7
74.5
72.7
70.4
69.1
68.7
68.4
68.7
68.9
69.0
67.3
68.7
70.6
68.6
70.3
73.6
76.0
75.6
74.1
72.4
67.8
70.7
69.5
70.6
70.6
70.7
71.0
71.6
72.1
72.2
72.3
71.9
70.0
70.1
70.0
70.2
70.0
70.5
67.8
70.8
70.7
69.4
68.8
68.7
68.6
68.6
69.6
70.1
70.4
69.6
69.0
68.3
67.9
63.1
60.8
59.2
57.4
56.3
55.2
54.3
57.4
66.3
72.6
76.1
78.7
79.7
75.9
82.1
82.0
82.6
83.2
84.5
85.7
85.1
84.6
82.3
79.9
82.4
85.0
85.7
81.3
77.4
74.4
72.8
71.5
70.2
69.7
69.3
70.5
73.9
76.4
69.7
73.4
72.4
72.2
72.2
73.2
73.9
73.7
72.6
72.7
72.8
73.2
73.0
73.0
72.5
72.9
72.7
71.7
72.0
72.0
72.4
72.9
73.3
73.4
74.8
74.8
75.6
74.0
74.1
74.4
73.5
73.5
75.3
75.0
74.8
74.9
73.3
73.3
73.0
72.7
71.0
74.2
74.5
75.2
75.3
74.2
73.4
73.1
73.8
74.6
75.5
72.9
78.0
89.0
89.4
89.8
83.0
77.9
77.2
76.6
76.3
72.4
75.0
75.7
74.5
74.3
72.2
67.4
64.4
62.5
61.3
61.6
60.1
59.6
58.6
57.6
56.6
56.9
56.6
56.1
56.7
61.1
65.7
68.1
68.6
69.7
70.8
70.9
70.7
69.4
69.9
72.4
72.8
73.2
73.9
74.5
74.7
74.1
74.0
73.9
74.4
74.8
75.7
76.1
76.8
77.3
73.4
81.6
84.5
84.9
84.2
84.0
81.0
80.4
83.1
81.4
80.7
78.9
75.6
70.8
77.5
86.6
93.2
95.2
94.2
93.3
87.7
82.4
81.3
76.3
77.0
74.9
72.9
72.4
70.7
71.0
70.0
69.9
69.1
68.1
65.0
67.3
67.8
67.0
67.3
67.1
67.2
68.3
68.2
67.7
65.5
67.5
66.4
68.0
67.6
68.0
68.0
67.8
67.2
67.9
67.9
69.0
67.5
74.4
75.9
76.3
75.9
76.0
75.9
75.2
73.9
73.7
74.1
74.2
73.6
73.1
73.3
77.3
73.1
72.8
73.5
72.8
72.4
71.6
70.5
69.8
69.0
67.8
67.8
66.1
65.1
65.0
65.0
65.1
64.3
64.3
63.9
64.1
63.8
64.8
64.9
65.1
65.5
65.0
65.8
66.1
66.0
67.0
66.0
67.1
66.8
67.3
67.8
67.2
66.7
73.5
78.4
76.0
72.5
66.6
64.0
62.9
65.0
64.8
62.3
61.1
59.3
57.9
56.0
59.3
64.7
68.4
69.0
68.0
68.2
68.0
67.8
67.7
66.7
67.5
68.9
69.3
70.5
71.1
67.0
72.7
72.8
71.7
72.6
72.5
72.8
72.7
72.2
71.8
70.8
70.4
69.3
67.9
67.9
68.5
77.9
67.1
67.1
66.9
67.4
67.8
66.5
67.0
67.5
67.9
64.5
64.4
66.3
67.5
68.8
68.8
68.0
69.4
69.9
70.8
71.6
72.2
72.6
72.6
73.0
72.6
73.2
73.7
74.3
75.8
76.0
77.0
77.2
77.2
77.2
75.5
76.2
76.3
76.0
75.1
71.8
75.1
74.9
74.1
72.5
72.3
71.6
71.9
71.7
72.6
73.1
73.8
73.8
74.2
67.8
74.0
72.5
73.0
73.2
73.2
73.4
73.6
74.1
72.4
71.9
72.0
71.8
71.8
72.0
72.1
72.2
68.7
71.7
70.7
71.3
71.3
71.7
72.1
71.8
71.7
70.6
70.7
70.2
70.7
69.6
68.2
68.1
67.7
67.4
67.9
68.3
68.4
66.2
66.8
66.6
66.8
66.3
66.0
66.8
66.3
66.6
65.1
65.4
65.9
66.3
65.8
66.1
67.0
67.0
67.6
68.0
67.3
68.3
68.9
68.9
68.8
68.8
68.6
65.7
68.6
67.2
67.1
67.0
67.0
67.5
67.5
67.6
67.9
67.5
67.4
65.4
66.3
66.8
66.7
67.3
67.6
67.6
67.6
67.5
63.6
66.0
66.4
66.6
67.1
67.3
66.9
67.0
67.4
67.9
65.6
66.5
66.9
67.0
67.4
67.3
67.1
64.3
67.5
66.1
65.7
66.0
65.5
66.2
66.0
66.1
65.9
64.3
66.5
64.5
64.7
64.4
64.3
64.2
64.2
64.0
64.0
64.9
63.3
62.8
62.6
63.4
63.2
63.7
63.5
64.1
63.8
63.8
62.2
62.6
62.2
62.8
63.0
63.0
63.0
62.7
62.5
61.6
61.3
62.3
62.9
63.3
63.6
63.3
64.1
65.4
65.7
63.4
63.7
63.0
63.5
63.5
64.2
64.0
64.2
63.8
63.2
62.6
62.8
63.2
63.5
62.8
63.4
63.6
63.6
64.0
62.9
63.9
65.8
66.6
65.8
65.9
66.4
66.8
67.3
66.7
66.3
66.2
66.8
66.9
67.2
67.9
67.9
68.0
67.9
66.9
67.0
67.0
67.4
67.1
67.4
67.8
72.8
79.5
82.1
79.0
75.3
72.0
70.4
69.3
68.9
68.9
68.1
68.0
66.0
65.4
123.3
85.6
65.0
65.0
65.0
64.5
64.0
63.9
63.6
63.6
64.3
64.9
65.8
67.0
67.7
68.4
68.2
67.6
67.5
67.0
64.1
66.9
66.6
66.4
66.7
65.7
65.5
64.7
65.0
65.5
65.6
65.4
65.9
66.1
66.8
67.0
65.7
66.0
65.7
63.6
65.8
65.9
65.6
65.0
64.9
63.7
63.0
63.1
63.4
64.2
64.7
62.4
65.5
66.2
66.6
66.2
66.8
66.4
66.4
67.3
67.7
68.2
67.4
64.7
63.8
62.7
63.0
62.6
62.6
62.7
62.6
62.2
62.2
63.0
61.3
61.8
61.9
62.4
61.9
63.4
136.3
99.5
64.0
63.6
63.2
63.5
63.9
64.0
63.8
63.7
64.2
64.1
64.1
63.3
63.1
63.1
64.0
63.7
64.9
65.2
65.1
65.3
64.7
64.7
63.8
63.7
63.5
63.3
63.0
63.1
63.6
64.4
63.8
63.8
64.0
63.7
64.4
64.7
64.9
65.1
65.2
64.3
64.3
64.7
64.7
64.4
63.9
62.8
62.5
62.3
61.7
61.0
61.2
61.0
61.0
61.3
61.6
61.3
61.8
61.8
61.4
60.9
61.0
60.8
60.8
61.6
61.9
61.3
60.8
60.8
59.7
60.5
60.4
60.5
61.2
61.0
60.7
60.7
60.5
60.3
60.3
60.5
60.6
60.8
61.3
61.0
61.0
60.9
60.8
59.5
59.8
59.1
59.4
60.3
60.6
61.3
61.1
61.7
61.0
59.3
61.6
61.7
62.6
63.1
63.0
63.1
64.0
63.9
63.0
63.1
63.4
63.5
63.3
64.0
63.4
63.7
63.3
62.9
62.7
62.7
62.6
62.7
63.1
62.9
63.4
63.3
61.6
63.0
63.5
62.9
63.2
63.2
63.5
63.6
63.5
63.9
63.7
63.8
63.5
63.3
63.5
63.3
63.4
63.1
63.1
63.5
63.0
62.7
62.6
62.4
62.9
63.0
63.2
63.5
63.7
63.3
63.1
63.5
64.2
64.2
64.8
64.4
64.9
64.8
64.8
63.9
63.9
63.6
63.3
63.7
63.7
63.9
64.4
64.5
64.3
63.4
63.6
63.9
64.8
65.7
65.8
66.5
66.2
66.0
64.7
64.9
64.3
65.2
65.0
64.9
65.0
64.9
65.3
64.9
64.7
64.6
64.7
64.3
64.3
65.1
64.8
65.0
65.0
64.3
64.7
65.3
62.8
66.1
67.0
66.1
65.5
65.8
64.9
65.9
63.9
63.7
63.6
63.6
63.9
64.3
64.1
63.4
62.2
62.7
62.3
61.9
62.8
61.7
61.1
60.2
59.8
59.2
58.6
59.5
59.9
60.8
61.2
62.1
62.5
62.4
62.9
63.4
64.4
65.0
64.8
64.9
64.1
64.3
64.4
65.0
65.4
65.9
66.1
65.5
66.1
66.4
66.8
67.0
67.4
68.1
67.8
68.4
68.2
68.7
69.2
69.0
69.3
69.0
69.1
69.5
69.5
69.2
68.2
67.8
66.5
67.1
66.9
67.2
67.9
68.2
68.2
67.6
67.8
68.0
68.4
68.80000000000001
68.9
69.0
68.7
68.2
68.1
68.0
68.0
68.0
68.1
68.0
67.5
67.6
67.3
67.2
67.7
67.9
67.7
66.4
66.1
65.8
66.1
65.7
66.0
66.0
66.1
66.5
66.8
66.5
66.5
67.0
67.1
66.1
65.7
65.9
67.0
65.2
66.8
70.0
69.9
68.1
65.5
63.8
64.0
64.3
67.7
72.5
65.3
70.3
70.3
57.9
53.8
56.3
58.3
59.7
60.2
62.1
62.8
63.1
64.5
65.1
66.6
66.8
67.5
68.2
68.6
69.1
67.7
67.5
66.9
66.9
66.9
66.4
67.0
68.3
69.1
68.8
68.9
69.3
69.5
70.6
69.9
70.0
70.2
71.5
71.4
70.7
71.1
71.1
71.2
72.2
70.9
71.3
71.8
71.9
71.6
71.1
71.6
71.7
72.0
72.1
163.7
167.6
71.9
73.1
72.0
72.5
72.5
72.9
72.9
71.8
72.1
71.9
71.8
71.2
70.8
70.6
70.3
71.0
70.2
70.7
70.8
71.3
71.5
71.3
70.9
71.0
71.0
71.3
69.2
69.1
68.3
68.1
68.3
67.9
67.4
68.1
68.4
67.5
68.0
68.5
68.1
68.0
66.5
66.0
66.0
66.2
67.3
65.5
66.6
66.9
67.4
67.4
66.7
67.4
67.5
67.9
67.8
67.2
68.1
68.7
69.3
68.4
68.2
68.4
68.4
68.6
67.5
67.4
66.9
66.6
65.7
65.2
65.6
65.7
66.2
65.3
66.6
66.6
66.9
67.4
66.7
67.0
68.0
68.5
68.2
67.3
67.8
67.8
68.4
67.8
68.5
68.5
68.2
67.4
65.9
64.9
65.2
65.1
65.4
63.9
64.2
64.3
64.2
64.6
64.1
64.4
64.2
64.7
64.3
65.4
65.0
65.0
65.6
65.4
65.1
64.9
65.0
64.7
63.4
64.3
64.6
65.3
64.8
65.0
65.3
66.0
67.0
66.1
66.9
66.8
67.5
67.9
67.5
67.2
67.9
67.1
65.6
65.3
65.2
65.2
65.4
63.6
64.4
64.7
65.2
65.5
64.8
64.1
64.9
65.5
65.5
65.1
65.2
65.1
65.0
64.8
64.2
64.2
63.9
64.4
63.5
64.3
64.0
64.4
65.2
65.0
65.1
65.5
65.3
65.8
64.5
64.8
64.8
64.9
65.0
65.1
65.8
65.7
66.2
65.2
65.9
66.4
67.1
67.4
66.8
66.5
65.7
64.9
64.3
63.3
63.9
64.0
64.2
63.7
65.6
65.4
65.6
65.7
64.9
64.5
64.8
64.7
65.5
60.2
51.2
65.8
60.8
60.9
60.6
61.1
61.1
61.5
60.9
61.2
61.4
61.3
62.7
62.3
61.5
62.0
62.0
62.7
62.2
63.9
63.9
64.8
64.1
64.0
63.9
63.0
63.2
61.8
62.4
62.2
62.7
63.2
62.4
63.1
63.8
64.4
64.4
62.6
64.7
64.7
65.2
64.1
64.4
63.9
64.1
63.8
62.9
62.7
62.4
62.9
62.9
61.9
62.4
63.0
63.3
63.0
62.4
62.8
62.2
62.6
61.4
61.8
62.3
62.6
62.8
62.2
62.3
62.4
62.4
62.7
62.2
62.7
62.5
63.1
62.7
63.0
63.4
63.2
63.7
62.7
62.8
62.7
63.5
62.5
61.7
61.9
62.4
63.1
63.6
62.7
63.3
62.0
63.7
63.1
64.4
63.8
64.1
64.7
64.2
64.2
64.8
65.7
61.2
61.7
63.4
62.9
63.5
62.9
63.3
63.6
64.0
65.0
63.7
63.7
63.9
63.7
63.7
62.9
63.2
63.0
63.3
62.6
63.6
63.5
63.7
62.8
63.1
64.0
63.9
64.3
63.2
63.0
63.4
64.1
63.8
62.5
63.3
63.4
64.0
63.7
64.3
64.2
64.6
64.9
64.1
64.7
64.5
65.2
64.6
64.6
64.5
64.2
62.5
57.3
63.7
128.6
129.1
118.7
108.0
100.6
94.6
90.3
85.0
81.5
78.9
76.4
74.4
71.3
71.0
70.0
70.1
69.3
68.8
68.4
68.7
68.7
67.3
67.7
67.6
68.2
68.1
66.0
65.0
66.2
64.2
65.6
63.8
63.7
63.9
64.1
63.3
62.8
63.3
63.2
63.9
62.6
62.8
62.7
62.4
62.6
61.0
61.2
61.1
61.9
62.7
61.2
61.7
62.7
63.4
62.8
62.4
62.9
63.1
64.2
64.0
63.7
63.8
63.7
64.4
62.5
61.6
61.4
61.6
61.2
59.6
59.4
59.8
60.4
60.3
59.4
60.1
60.0
61.0
60.1
60.6
60.9
61.1
62.2
61.3
60.5
60.1
60.2
60.2
58.8
59.1
60.6
60.3
60.4
59.5
59.9
60.6
61.9
61.1
61.1
61.3
62.0
62.6
61.8
62.2
63.1
62.4
62.5
60.7
60.7
60.5
61.4
61.8
61.1
62.1
62.5
62.9
62.4
62.9
62.5
62.7
63.0
61.6
62.2
61.9
61.4
61.9
60.6
60.7
61.3
61.7
61.5
60.6
60.0
59.9
60.4
59.5
60.2
60.4
61.3
62.0
61.4
61.9
62.5
62.9
64.1
62.7
63.6
64.3
63.9
62.9
61.4
62.0
62.1
62.5
61.9
62.8
62.5
62.8
64.0
62.6
62.9
63.1
63.2
63.4
61.8
61.9
62.1
62.5
62.9
62.2
62.8
63.1
63.8
64.4
66.0
65.8
65.6
65.7
64.6
65.3
65.5
65.3
64.9
64.2
64.0
63.8
64.2
64.7
63.9
64.7
64.5
65.2
65.0
65.0
65.1
64.7
65.3
64.5
64.5
65.1
65.9
66.4
65.5
65.8
65.9
66.3
66.3
65.2
66.1
65.7
65.8
65.2
64.6
64.5
64.5
64.8
64.1
64.6
64.2
64.8
65.4
64.3
64.3
64.6
65.0
65.4
64.1
64.6
64.8
65.4
64.7
64.8
64.6
65.1
65.9
64.6
65.5
65.4
65.5
65.5
64.6
65.0
65.9
65.9
65.4
64.0
63.8
63.4
63.7
62.9
62.1
62.5
62.7
62.7
62.1
61.9
62.5
63.0
63.3
62.3
63.2
63.9
64.2
64.6
64.0
65.0
64.7
65.4
64.8
65.3
65.6
65.6
66.2
65.3
65.0
65.0
65.1
65.2
64.1
61.7
64.4
65.2
66.0
64.5
64.6
63.0
62.5
61.6
61.0
61.3
61.7
46.5
70.7
61.2
61.2
62.3
62.5
61.8
61.9
62.3
62.9
62.8
63.0
62.4
62.3
62.8
63.7
63.2
63.0
63.4
64.3
63.6
68.3
71.2
73.6
72.5
70.6
69.9
68.9
68.5
68.7
67.5
67.0
69.4
74.4
74.3
85.1
77.7
77.6
72.0
66.0
64.0
63.9
64.6
65.6
65.4
66.1
66.5
66.8
67.5
67.2
67.3
67.5
67.7
66.7
67.3
66.9
66.8
67.9
66.6
67.0
67.5
68.4
68.2
67.5
67.9
68.2
68.4
68.4
67.5
68.2
68.3
68.8
67.9
68.6
69.3
69.7
70.5
70.2
70.8
71.0
71.5
71.8
70.6
71.9
71.1
71.4
71.5
71.5
71.2
72.5
73.3
71.7
70.9
70.0
69.8
69.5
68.9
68.7
69.2
69.6
69.7
69.2
70.1
70.9
71.6
72.6
72.7
72.1
72.3
72.0
70.9
71.0
70.8
71.4
72.0
70.8
71.8
68.6
72.9
72.1
72.4
72.7
72.8
73.4
72.7
73.4
72.8
73.0
72.3
70.9
70.5
69.4
69.4
69.1
68.0
68.8
69.6
70.5
70.2
70.7
71.3
72.0
72.1
71.2
70.6
70.9
71.3
71.4
70.6
70.6
70.6
71.2
70.5
70.7
71.3
71.7
72.0
71.1
71.7
71.3
72.2
71.8
71.5
71.1
71.0
70.0
68.7
68.0
67.1
67.8
67.2
66.1
66.3
66.6
67.3
68.0
67.3
67.9
68.5
70.2
70.0
70.0
69.5
69.7
69.6
68.5
68.4
68.0
68.4
68.5
68.0
68.4
68.9
69.6
69.8
69.8
70.0
70.4
71.0
70.5
70.5
70.2
70.2
70.4
69.0
68.0
67.6
67.0
66.4
65.7
65.7
64.3
63.7
62.5
61.0
60.5
60.3
60.8
60.1
64.3
68.8
68.2
68.2
65.9
65.0
64.0
65.7
64.9
63.6
63.4
63.5
64.0
63.2
63.1
64.0
65.3
65.4
65.4
65.9
76.1
79.0
73.1
68.1
65.4
67.1
65.0
62.3
61.2
62.2
62.1
61.6
60.9
60.7
60.7
61.3
60.2
60.1
60.7
61.0
61.3
60.0
60.7
60.8
61.0
61.4
61.3
61.4
61.9
62.4
61.5
62.1
62.0
62.6
62.8
62.0
62.0
58.9
63.0
62.7
62.4
62.9
63.0
62.8
61.9
61.0
59.0
59.3
59.2
58.5
59.5
59.5
60.9
60.7
61.7
62.5
63.3
63.4
63.7
64.5
64.8
65.2
64.0
64.7
65.1
66.0
66.4
65.7
65.8
66.2
66.8
66.7
66.0
66.0
66.1
66.5
65.3
64.9
64.4
64.0
63.4
61.9
62.5
62.2
62.4
61.3
61.3
61.4
62.4
63.8
63.5
63.7
64.4
65.4
65.6
65.5
66.5
67.3
68.5
68.6
68.6
66.5
69.0
69.7
68.9
69.5
69.6
70.1
69.1
67.5
66.6
66.4
66.0
65.3
65.3
65.7
66.5
66.5
66.7
66.9
67.6
68.3
68.0
67.6
67.5
67.2
67.2
66.4
66.0
65.9
65.6
64.7
63.7
63.4
63.1
63.4
62.6
62.3
62.2
62.1
62.8
62.1
62.1
63.6
65.2
64.8
64.8
64.3
65.2
64.9
63.2
63.6
62.8
62.7
62.8
62.3
62.1
62.3
63.0
62.2
61.9
61.3
60.9
60.2
58.6
58.4
58.8
59.0
59.1
58.8
59.3
59.5
60.7
60.2
60.8
61.3
61.7
62.3
61.7
60.5
63.2
63.6
63.0
63.2
63.1
62.9
62.8
60.3
60.1
59.3
59.1
58.0
57.0
56.9
57.0
57.4
56.9
57.4
58.3
58.7
59.4
59.2
60.2
60.4
59.7
60.7
61.8
62.2
62.9
64.1
63.2
63.7
64.6
64.6
64.7
64.6
65.3
65.3
65.4
65.7
65.3
70.6
58.5
65.0
64.4
64.2
64.0
63.5
62.1
61.9
68.6
72.2
74.9
74.6
72.3
71.4
72.9
71.0
69.9
70.2
71.5
72.1
71.7
71.3
72.4
72.8
73.4
71.8
72.7
72.3
72.8
72.2
71.8
72.1
72.5
73.0
72.1
72.0
72.3
73.1
72.8
72.0
72.4
72.4
72.7
72.1
71.7
71.6
70.5
71.9
70.8
70.7
71.0
71.0
70.7
68.3
71.9
70.5
70.2
69.3
69.2
69.3
69.2
68.7
67.6
67.5
66.6
66.0
65.6
65.3
65.6
66.0
67.0
66.2
66.6
67.7
68.3
68.5
68.2
69.1
69.8
70.1
70.3
70.6
70.8
71.6
72.0
71.0
71.9
71.6
72.6
72.2
72.1
72.2
72.8
73.2
72.0
73.0
72.7
73.0
73.0
72.2
72.5
72.4
72.7
72.4
71.9
69.1
71.6
72.2
70.8
70.5
70.2
70.3
69.4
68.1
69.1
68.0
68.0
67.3
67.4
67.5
67.8
68.5
67.7
68.8
69.1
70.2
70.2
70.7
71.2
71.6
72.5
71.7
72.1
72.7
73.3
73.2
72.9
73.0
73.2
73.5
72.9
72.6
72.8
73.7
73.9
72.7
73.2
73.1
73.1
71.5
75.6
78.0
74.9
72.1
69.0
68.3
67.7
68.0
68.1
67.5
68.2
68.4
70.0
65.8
68.5
69.0
69.5
70.4
69.5
68.6
68.9
70.2
70.2
69.3
69.1
68.3
68.1
66.9
66.2
65.4
65.7
66.1
64.6
64.5
66.0
66.8
66.8
66.6
66.9
67.3
68.0
67.4
67.8
68.2
68.6
68.9
65.1
68.9
69.0
69.2
68.0
67.6
67.9
68.3
68.3
68.7
68.8
69.5
69.8
69.6
69.4
70.1
70.0
70.2
70.0
69.7
70.4
70.8
71.2
70.5
71.1
70.2
70.8
68.8
68.3
66.6
65.9
66.0
64.5
64.6
65.1
65.4
66.0
66.1
66.9
67.1
68.4
67.8
67.4
67.8
67.5
67.9
67.0
71.5
73.0
76.6
74.2
72.8
73.1
75.8
73.2
69.8
68.7
66.2
65.5
65.9
64.9
66.5
66.3
67.0
65.3
66.9
68.7
71.7
72.8
69.5
72.0
69.2
71.6
71.0
90.1
94.7
90.5
88.8
86.8
89.9
96.9
91.3
83.9
78.9
75.5
71.9
71.3
70.8
70.6
71.6
72.1
72.9
72.2
72.3
73.5
74.7
74.8
75.4
75.2
99.0
98.7
77.3
80.5
88.6
90.0
90.0
87.5
86.1
85.6
84.7
83.7
82.3
81.5
80.6
79.2
76.9
75.9
75.1
75.4
75.6
76.1
77.8
77.7
82.3
82.5
84.1
85.4
87.4
89.8
90.2
90.1
93.2
94.1
95.1
96.3
97.6
98.7
100.2
99.1
99.2
98.6
99.5
99.1
98.8
98.8
99.4
99.4
98.7
99.3
99.8
99.8
101.7
98.8
99.5
99.2
99.2
98.4
97.7
98.1
98.7
99.0
97.2
97.5
96.7
97.3
96.5
95.1
95.4
96.5
97.7
97.4
99.1
100.4
101.4
103.7
103.1
105.2
106.4
107.3
107.4
106.4
106.7
107.7
109.1
109.6
109.0
105.4
104.9
104.6
103.9
99.5
97.8
96.5
95.1
95.7
97.0
99.6
100.2
101.4
102.8
103.5
105.3
104.9
104.7
105.6
106.8
105.2
107.5
105.2
105.6
105.2
101.1
101.6
100.7
100.3
100.5
100.0
96.3
97.2
95.1
95.4
97.4
96.2
96.0
97.6
96.1
94.5
92.3
93.4
92.2
92.5
92.0
90.4
91.6
92.1
90.9
90.0
91.4
91.5
93.5
93.0
93.8
94.3
95.2
95.0
92.8
92.0
93.7
94.0
93.4
94.0
94.1
94.7
95.3
91.6
91.7
91.9
92.0
91.7
91.8
91.2
95.2
97.5
94.0
92.7
94.5
95.6
96.1
97.5
98.5
98.6
100.2
97.3
97.1
98.5
98.3
101.0
99.0
99.7
101.1
101.0
101.2
97.3
98.9
99.8
100.7
98.4
95.2
96.0
100.6
104.9
105.1
103.6
101.4
99.4
98.6
98.0
98.1
98.0
98.6
96.6
96.4
96.5
95.1
95.0
98.4
94.0
92.6
91.5
88.8
88.4
88.5
88.8
90.3
90.8
91.8
92.7
93.8
92.8
93.0
93.4
92.8
95.0
94.7
95.8
95.5
96.1
95.7
94.6
98.9
72.9
94.6
99.2
99.4
99.6
99.1
102.6
108.3
106.6
104.5
102.3
100.6
98.9
98.4
97.9
97.4
92.7
94.1
94.4
94.4
94.4
94.4
94.7
94.6
96.4
94.3
95.8
94.7
94.2
94.8
92.3
94.5
95.7
96.1
95.1
93.6
94.2
93.7
93.7
93.4
93.2
93.5
94.0
93.8
91.5
91.6
91.9
91.9
92.7
93.5
94.4
94.9
95.4
93.5
94.9
94.7
95.1
96.6
98.0
100.9
101.7
102.1
101.2
101.3
102.1
103.2
110.2
111.5
106.7
105.9
107.0
101.3
106.4
105.8
100.7
99.4
98.0
97.3
95.8
94.3
94.1
91.0
92.2
88.7
91.5
92.6
94.1
95.1
94.9
89.5
117.4
135.8
129.7
120.7
112.0
99.8
97.8
92.3
87.3
83.7
80.9
78.5
76.7
75.5
74.2
73.2
71.9
70.7
69.9
68.9
68.5
68.1
67.6
67.5
66.4
66.9
66.8
66.8
66.4
66.6
67.1
66.9
66.8
67.4
67.3
67.9
67.0
67.3
67.3
67.1
67.0
67.0
67.3
67.3
66.7
66.8
68.2
71.6
69.9
67.5
66.7
66.3
65.5
65.9
66.2
66.0
66.3
66.6
66.5
66.5
67.3
67.2
68.0
67.7
123.7
85.0
79.0
67.2
68.0
69.4
71.3
68.8
63.6
61.5
60.4
59.7
60.0
59.5
60.1
61.0
60.3
60.4
60.7
60.9
60.4
60.6
60.7
63.9
69.7
69.6
68.8
72.6
70.3
66.0
63.8
62.5
61.4
61.0
60.1
60.4
60.1
60.1
60.0
60.0
60.0
60.0
59.6
60.2
60.3
59.8
60.0
60.3
60.0
60.5
60.6
60.1
60.6
60.9
61.1
61.4
61.3
61.1
61.7
63.9
63.0
90.9
148.7
65.3
64.1
61.8
61.6
61.8
61.6
61.6
61.6
62.6
65.8
62.6
62.2
62.8
62.6
62.8
63.2
64.0
66.7
65.4
64.5
64.6
64.4
65.5
65.8
66.0
64.3
64.2
63.7
64.2
64.4
64.1
64.8
69.9
67.7
65.9
65.4
65.5
64.9
67.2
68.5
64.3
63.6
63.0
62.8
62.3
61.3
60.7
58.9
58.9
58.9
58.7
57.9
57.8
57.3
57.7
57.4
57.4
57.0
56.9
57.3
56.5
55.9
56.0
56.0
55.5
54.9
54.3
54.7
54.5
54.4
53.8
53.8
54.3
53.7
54.7
55.0
55.2
55.6
55.1
55.2
56.0
54.8
54.9
55.0
54.9
54.6
54.5
54.9
54.8
54.9
55.2
54.7
55.2
55.6
54.5
54.4
54.4
54.4
54.5
54.7
54.5
54.7
54.7
54.7
54.6
54.9
54.4
54.5
54.3
53.9
53.8
53.7
54.2
54.1
54.1
54.2
53.8
53.7
53.5
53.6
54.0
54.1
54.3
55.2
56.3
55.4
54.2
55.5
68.0
67.9
63.5
60.6
58.4
56.4
55.0
52.3
53.2
95.9
80.6
51.1
52.2
52.3
52.4
52.4
52.8
52.6
53.3
53.1
53.5
53.3
56.9
52.8
52.7
52.2
52.0
52.0
51.9
52.0
51.2
50.8
51.0
50.7
50.3
49.1
48.7
49.1
60.5
66.4
68.7
74.5
81.2
82.5
85.5
84.7
87.7
88.8
92.0
89.9
93.6
95.6
95.8
92.0
95.0
92.2
96.1
97.1
93.5
98.3
98.8
99.5
93.4
87.5
91.4
90.5
89.2
88.0
87.6
83.8
87.2
85.3
86.4
86.9
87.5
85.5
87.6
88.2
88.7
88.0
80.6
86.3
84.9
83.9
87.2
84.0
87.2
88.7
88.1
86.6
86.0
82.1
86.5
83.3
82.8
84.4
83.5
86.9
86.6
86.5
84.3
84.9
85.5
89.4
90.1
87.8
89.8
83.9
91.6
92.5
94.6
90.5
88.0
90.4
87.7
93.0
91.8
86.8
89.5
84.0
77.4
70.9
73.2
70.0
89.0
119.1
115.7
110.1
102.4
106.3
111.1
107.9
97.3
85.7
81.8
77.2
72.9
70.2
69.1
68.3
67.2
64.3
65.2
65.0
64.7
64.3
63.1
62.2
63.0
63.0
61.2
61.4
61.1
61.0
61.0
61.0
59.6
59.8
60.2
60.1
60.2
60.0
60.5
60.0
60.0
59.4
59.1
59.0
58.8
59.0
58.9
59.0
59.0
59.4
59.2
59.1
58.4
58.9
59.0
58.7
58.7
58.2
57.5
58.9
58.8
58.8
59.0
58.7
59.2
59.4
59.0
58.5
58.0
58.0
58.1
58.2
57.7
57.3
57.5
58.0
57.7
58.9
61.3
60.6
59.2
59.0
59.0
58.6
58.3
58.8
58.3
58.4
58.7
58.5
58.5
59.8
62.0
60.4
59.1
58.8
58.7
59.7
59.3
59.6
59.2
59.7
60.0
60.5
62.5
60.8
60.4
59.9
60.1
60.0
60.1
60.8
63.3
61.0
60.1
60.0
60.0
60.1
30.5
74.2
58.5
57.1
56.9
57.0
57.0
57.0
57.8
57.5
58.1
60.3
59.3
57.8
57.7
57.4
57.6
57.7
57.6
57.9
58.7
59.9
57.8
57.6
57.5
57.5
58.1
58.2
59.9
59.6
56.9
56.7
56.7
57.1
57.5
57.0
56.9
57.1
57.0
58.8
59.5
57.2
57.0
57.0
57.2
56.9
57.0
56.1
61.7
59.2
57.7
57.8
57.0
56.9
55.9
58.1
61.4
58.8
57.9
57.0
56.8
57.1
57.0
57.0
57.9
60.2
57.3
56.8
57.0
56.9
57.0
57.7
59.6
59.5
57.7
57.0
57.0
57.2
61.4
59.6
58.7
57.7
57.3
57.3
56.8
57.0
57.3
67.0
59.1
52.9
49.4
48.5
47.0
45.8
49.7
49.5
47.8
48.0
48.4
48.6
48.2
49.4
53.3
50.4
50.1
50.9
51.6
55.3
52.5
52.0
52.0
53.9
56.5
53.1
52.7
53.0
56.0
56.0
53.5
53.0
53.0
56.2
56.3
54.0
54.0
58.1
57.8
56.1
55.6
56.1
59.9
56.8
56.0
55.8
59.9
58.6
57.3
57.3
62.0
60.0
57.5
57.0
61.0
60.1
58.3
58.1
62.3
59.7
58.7
59.8
63.1
60.2
58.3
59.7
62.5
59.5
59.0
62.4
60.6
58.6
58.5
61.6
60.7
59.1
58.4
63.0
60.5
59.2
60.4
62.0
59.5
58.9
61.4
61.6
59.3
58.1
59.9
62.6
60.3
60.5
62.1
59.2
57.9
60.3
60.9
59.9
60.5
60.2
60.0
60.0
59.5
58.1
59.1
59.9
59.4
59.6
59.1
59.0
58.6
58.4
57.9
58.2
58.0
57.5
57.2
57.4
57.3
56.9
56.6
56.4
55.8
55.9
55.4
54.5
54.6
53.9
53.9
54.2
53.7
53.4
53.5
53.9
54.3
54.0
53.9
53.4
53.5
53.3
53.0
53.7
54.0
54.0
54.3
54.7
55.2
55.4
54.9
55.0
55.1
54.1
55.0
54.7
54.5
55.6
54.8
55.6
55.3
55.1
55.3
55.0
56.0
55.7
56.0
55.8
55.9
56.3
56.4
57.6
56.4
56.6
57.0
56.9
57.9
56.8
56.7
56.7
56.1
56.4
56.8
56.7
57.4
57.4
57.7
57.4
57.5
57.6
57.0
57.6
57.0
56.3
57.3
57.2
56.3
57.5
56.6
58.1
57.4
57.2
57.5
56.8
57.2
57.8
56.8
57.0
56.5
56.6
57.4
56.6
57.1
57.7
56.4
57.4
56.6
56.9
57.9
56.2
56.1
57.3
56.6
56.5
57.6
57.0
56.8
57.0
56.0
87.1
62.4
56.7
57.8
58.0
57.4
58.1
58.9
58.0
59.3
58.6
58.8
59.3
66.5
80.4
77.8
71.6
67.7
66.2
65.5
66.6
64.6
64.0
64.5
64.1
64.2
64.7
66.0
65.1
65.0
65.6
65.3
65.0
65.3
64.7
63.5
63.1
63.3
65.7
64.0
64.0
65.3
64.6
64.9
66.4
65.0
65.3
65.8
64.6
64.0
64.0
66.2
64.9
64.6
65.7
65.2
64.5
66.2
66.1
66.0
66.5
66.6
65.5
64.5
67.1
66.7
65.3
66.0
66.1
64.8
66.0
66.2
64.5
64.9
68.5
67.2
67.2
68.0
67.7
67.5
68.7
66.7
66.2
67.7
69.0
68.3
68.8
68.3
69.2
69.5
69.2
69.5
70.1
68.6
69.1
70.0
69.5
69.3
70.5
69.3
69.2
69.9
68.4
68.8
70.0
68.6
70.5
70.4
69.7
70.2
70.0
69.1
70.6
69.9
68.6
70.5
69.9
68.1
70.0
69.6
68.5
70.3
68.9
67.5
68.4
70.5
68.7
70.4
69.9
67.9
69.1
69.9
68.0
68.6
70.5
68.6
69.2
70.9
69.7
69.8
70.9
69.3
70.9
70.9
69.2
70.0
71.2
69.0
70.7
70.4
69.3
71.5
70.1
69.1
71.3
69.8
68.5
70.8
70.0
68.9
70.6
69.8
68.6
71.0
70.3
69.5
71.7
70.5
71.3
71.7
70.1
70.8
71.1
69.7
70.7
71.1
69.3
69.6
71.1
69.4
69.8
70.7
70.1
71.1
69.5
67.2
67.0
68.5
69.8
68.4
68.5
69.4
67.7
67.5
70.3
69.2
69.2
70.6
68.7
68.2
70.5
69.0
68.2
70.2
68.3
67.9
70.7
70.0
68.6
71.6
69.3
68.3
68.4
71.4
68.8
69.3
69.9
68.8
69.0
70.7
68.7
68.6
71.3
69.9
69.5
72.0
69.4
69.6
72.6
69.9
68.4
70.8
69.2
67.7
68.5
72.1
69.3
71.0
70.7
69.5
70.7
71.9
72.2
70.1
72.4
71.1
69.3
71.5
69.6
67.9
69.1
72.5
71.6
71.1
71.5
69.7
72.7
74.2
71.0
69.4
74.1
71.8
73.9
73.4
72.6
68.5
68.0
65.6
64.5
62.9
60.8
62.1
86.3
93.8
94.0
92.1
75.6
68.6
64.3
61.7
60.4
75.8
102.3
79.2
53.4
61.0
62.9
63.0
61.4
62.4
62.5
61.1
64.0
63.3
62.6
64.1
62.5
63.6
64.1
63.0
64.0
64.3
63.3
65.2
64.6
63.6
64.2
62.5
65.2
65.0
64.5
65.5
61.9
64.9
66.5
66.1
67.2
66.3
65.8
67.8
65.6
67.3
67.0
63.7
69.2
67.0
66.7
69.3
67.2
69.1
68.7
66.9
65.4
67.2
69.6
69.0
68.0
69.8
68.7
68.6
68.4
70.6
70.8
71.9
70.7
72.5
72.4
72.4
72.5
68.9
71.6
71.0
71.3
73.2
72.4
72.9
71.0
68.9
71.3
73.5
73.5
75.2
74.0
74.4
74.0
71.4
74.1
72.8
72.8
72.9
71.6
69.7
73.5
71.5
72.3
73.3
73.4
71.2
73.9
75.2
75.1
74.0
71.2
74.6
71.4
73.6
73.0
71.1
74.4
70.8
73.0
73.8
74.5
74.6
71.3
73.6
74.9
74.8
75.6
75.0
74.1
74.3
73.2
73.6
72.0
73.1
74.7
73.8
73.8
72.3
75.5
74.7
75.7
73.2
74.0
73.9
74.5
73.1
76.0
72.9
75.4
75.2
72.6
73.4
74.1
73.3
74.4
73.2
72.8
74.0
72.8
74.1
73.9
73.7
74.5
71.0
74.2
73.8
73.0
74.9
73.2
74.0
74.0
72.3
73.8
72.9
67.3
71.4
72.7
69.0
68.2
71.3
69.8
70.8
70.6
69.8
70.6
69.3
71.2
70.9
71.6
71.1
69.4
69.6
72.3
70.5
69.5
68.3
70.7
70.6
71.3
68.6
67.7
71.6
69.2
69.1
70.8
64.6
68.6
73.3
69.7
71.4
72.0
68.7
67.3
68.3
69.6
73.0
71.6
69.1
72.3
69.9
68.1
69.2
71.8
72.0
60.1
79.8
79.8
76.8
75.8
69.1
72.5
71.3
65.7
68.3
70.7
69.6
69.7
67.6
69.3
70.6
68.3
68.8
66.0
68.9
70.2
68.7
67.2
66.1
68.3
64.9
64.3
67.3
67.1
66.4
68.5
65.5
63.3
66.5
60.6
63.5
66.5
63.9
64.2
61.0
63.8
62.8
63.8
64.0
63.2
64.3
61.5
60.5
63.2
64.3
62.6
59.1
62.5
64.3
62.3
61.7
63.1
62.3
60.0
58.9
63.8
63.3
61.9
58.1
60.1
63.7
61.3
58.4
59.3
64.6
61.7
60.5
63.5
62.4
60.2
61.7
62.4
61.0
60.1
62.4
60.0
59.3
58.3
65.2
61.3
58.9
64.2
62.6
61.7
65.4
64.5
62.2
60.3
64.6
63.1
61.6
65.1
63.7
61.0
62.2
66.3
64.1
62.5
63.1
63.8
63.4
64.5
62.9
64.2
65.8
63.1
61.8
64.4
63.1
61.9
64.8
64.3
63.3
65.0
61.6
62.9
66.1
62.1
58.1
66.1
62.0
63.5
62.5
63.1
63.4
63.7
63.5
64.8
65.1
63.4
65.2
65.0
65.1
67.1
64.4
66.3
66.9
65.5
66.6
65.8
64.8
64.2
65.4
64.3
66.0
65.1
65.5
65.5
64.7
65.5
66.1
64.3
73.2
99.5
101.5
93.1
85.3
82.1
81.2
78.3
79.3
78.7
77.7
79.3
79.7
79.9
80.0
79.7
79.9
80.0
79.0
80.2
79.4
80.3
80.4
79.1
79.9
79.1
79.8
79.5
78.7
79.5
78.5
79.5
80.0
78.4
79.3
78.7
78.8
79.4
80.0
80.0
79.4
79.3
79.5
79.1
79.3
79.7
79.4
79.3
80.7
81.1
81.5
81.8
83.4
83.3
82.9
81.6
83.9
83.8
83.6
84.2
83.9
83.8
84.7
84.1
84.7
86.1
85.7
82.8
86.5
87.2
84.6
86.0
84.5
86.7
85.6
86.2
85.6
85.2
85.2
85.5
85.6
85.4
86.1
87.3
87.7
86.0
88.0
86.2
87.2
88.2
87.0
88.2
88.4
88.6
89.0
89.0
88.9
88.6
89.0
87.2
88.5
87.2
89.5
89.5
89.0
89.0
88.3
87.9
85.4
87.5
89.0
89.1
89.5
88.6
88.9
88.4
87.6
88.0
87.6
87.3
87.7
87.3
86.0
88.8
85.3
89.2
87.6
88.1
87.5
89.0
87.4
86.1
85.2
82.8
85.0
82.8
82.1
83.5
81.1
82.7
82.4
80.1
79.1
77.0
78.3
79.7
79.0
78.2
80.6
78.7
78.6
78.6
77.4
78.6
77.4
76.3
78.2
77.7
77.5
77.7
76.2
75.7
76.3
75.7
77.4
78.9
77.3
76.7
76.0
74.7
75.5
75.8
75.0
75.6
75.5
74.7
76.4
76.4
76.7
78.3
77.5
77.8
77.8
77.0
77.5
76.9
77.4
77.7
76.2
77.1
78.4
76.5
78.3
77.5
77.6
78.3
77.8
78.5
78.9
78.1
79.2
78.0
78.0
77.7
76.8
76.8
77.7
76.1
77.4
77.4
77.3
78.2
77.8
77.2
77.6
70.7
66.5
64.7
63.7
63.9
65.8
65.5
63.6
61.2
62.5
63.9
64.1
65.4
67.1
68.0
69.2
69.1
68.3
68.0
68.2
69.3
69.2
66.2
64.0
63.8
63.0
63.1
62.9
62.7
61.4
59.1
59.3
59.6
59.5
62.0
59.4
59.2
59.9
59.0
57.0
53.1
55.0
54.3
54.3
53.5
53.6
53.3
52.7
52.2
52.0
50.9
48.0
50.7
48.7
50.1
50.3
47.7
46.9
49.0
48.6
48.6
48.7
48.9
49.4
47.6
47.3
48.4
47.5
47.0
45.9
44.8
46.0
47.0
45.6
46.5
47.1
46.0
44.7
43.6
42.8
42.3
42.6
42.2
42.7
42.5
42.3
42.0
41.2
41.1
41.1
40.7
40.3
40.2
39.6
39.6
39.8
39.2
39.2
39.7
39.1
40.0
40.3
39.9
39.6
39.6
39.7
40.3
39.5
39.7
39.7
39.7
39.6
38.0
37.8
37.3
37.3
36.4
36.1
34.7
33.9
32.8
31.3
30.3
28.8
27.9
24.9
25.2
24.3
23.6
22.6
22.4
22.3
21.6
20.4
19.8
19.4
19.0
18.7
18.0
17.7
17.0
