119.1
123.4
127.70000000000002
111.1
118.4
117.7
116.9
117.8
115.5
115.7
116.9
117.5
118.8
118.9
119.9
119.9
119.6
117.1
116.6
116.5
115.4
115.5
115.6
115.4
115.7
114.3
115.5
116.0
117.1
116.0
115.7
115.1
114.4
114.6
114.0
113.1
113.9
113.3
113.4
112.9
113.2
113.1
112.7
112.7
113.9
115.5
115.8
116.5
116.3
117.2
115.6
113.1
112.2
113.9
115.8
115.3
114.9
115.4
114.5
113.8
113.5
114.5
115.1
114.9
114.6
114.2
113.3
112.5
112.6
113.7
113.6
113.8
113.5
111.8
111.4
110.6
110.3
110.2
110.2
110.4
109.8
110.3
110.2
110.1
110.7
110.0
110.1
109.2
109.8
110.0
110.6
109.5
109.0
109.3
109.1
110.7
110.0
109.7
109.9
111.8
112.9
114.2
113.5
114.3
113.8
112.9
111.9
112.1
112.1
111.1
112.4
112.8
114.5
114.6
116.2
115.2
114.8
115.2
115.7
115.5
115.4
114.2
115.1
115.5
115.0
113.3
114.5
116.6
115.1
115.4
114.7
117.2
115.8
115.1
115.4
113.9
113.9
115.2
114.3
114.6
114.5
114.3
115.1
115.4
115.8
115.6
116.1
116.4
115.6
115.4
114.6
112.5
111.3
110.6
110.1
110.1
110.2
109.8
113.7
114.7
115.9
117.7
119.5
119.0
119.7
118.9
116.8
116.6
115.3
114.0
114.1
113.5
113.5
113.5
113.1
112.7
113.2
113.2
112.8
116.0
115.6
115.2
114.5
112.9
112.9
114.0
113.5
113.9
151.9
131.3
118.5
118.5
117.2
116.8
116.3
115.7
115.8
114.6
114.3
114.4
114.7
113.5
113.2
113.2
114.2
114.4
113.6
114.9
114.7
115.0
114.8
113.7
114.1
113.9
114.5
113.9
113.9
113.7
115.5
115.4
114.4
117.2
118.9
119.4
120.4
120.2
120.3
119.9
119.7
120.8
120.6
120.2
121.2
121.7
121.2
123.3
121.0
121.3
121.5
121.7
122.2
123.4
122.0
120.7
121.2
120.4
121.7
121.3
122.2
120.0
120.6
119.4
119.2
120.6
121.6
120.6
121.9
120.6
122.8
122.6
121.6
120.6
120.8
119.8
119.2
120.4
120.5
121.8
122.7
121.8
122.5
123.7
124.6
122.4
122.3
123.6
121.8
116.2
112.0
113.3
115.6
115.5
116.4
116.4
115.4
114.4
114.6
113.8
113.8
113.2
112.4
112.2
112.5
112.2
112.3
111.9
115.6
116.4
116.0
115.8
115.0
115.0
118.7
118.7
116.2
115.1
114.8
115.3
117.1
116.9
116.4
116.4
116.5
117.8
117.7
120.5
119.0
117.0
120.3
119.2
118.7
118.4
116.5
117.6
120.7
117.8
120.3
120.7
118.5
119.3
121.3
121.4
121.2
120.1
118.2
117.7
115.9
114.5
114.7
114.0
113.1
112.7
112.3
112.2
111.5
111.0
110.1
110.0
109.8
110.2
109.2
108.4
108.9
109.4
108.1
109.3
108.4
107.7
107.5
111.5
113.1
112.5
114.0
114.5
112.8
112.2
111.8
113.5
115.9
115.0
116.2
116.6
117.7
117.4
116.6
115.5
116.6
115.7
117.5
116.6
116.6
114.7
114.0
114.3
113.5
113.9
113.2
114.0
114.4
116.2
115.0
117.0
118.3
117.4
118.8
118.8
118.2
119.0
119.7
119.8
118.6
118.7
118.8
119.3
119.7
118.6
120.0
121.3
119.0
120.9
118.6
117.8
116.1
117.5
120.6
119.6
118.0
117.0
116.5
119.0
118.7
118.9
118.4
118.5
117.4
116.2
116.1
117.3
118.3
118.0
119.3
118.3
118.9
117.4
117.8
116.9
117.2
115.4
115.9
115.5
115.7
117.7
117.2
114.7
115.4
118.5
117.3
115.4
116.9
116.1
115.5
117.7
115.3
115.3
117.8
117.5
116.3
116.4
115.9
115.5
117.6
116.7
116.7
116.2
115.8
115.2
116.1
114.4
113.6
115.7
114.1
113.2
111.4
110.6
110.7
109.3
108.2
107.7
110.9
113.9
113.0
115.6
114.6
114.8
113.1
113.2
111.8
111.1
110.3
112.3
112.9
110.6
113.2
119.0
117.0
113.2
114.0
114.2
113.5
113.2
110.7
111.3
111.6
111.9
112.3
112.9
117.7
116.9
114.2
111.9
111.0
110.9
110.8
110.3
108.9
109.5
109.6
109.4
107.0
108.3
105.8
110.3
108.1
110.3
110.7
109.9
111.8
112.5
111.4
110.7
109.0
116.1
118.3
117.5
116.0
114.7
112.4
109.0
112.9
112.0
111.3
107.4
108.0
107.3
111.6
111.3
111.1
111.4
111.3
112.6
115.0
114.6
113.7
113.1
111.5
110.0
109.2
108.3
108.6
108.7
106.8
106.9
105.9
105.6
104.9
105.7
104.8
104.3
104.3
103.1
102.6
101.5
101.9
102.3
101.6
101.4
101.9
101.5
104.0
107.4
107.3
107.3
105.6
105.6
105.9
104.5
103.9
103.0
102.0
101.5
102.2
102.2
101.3
101.9
102.3
101.5
100.0
100.4
100.7
101.3
100.9
99.2
99.4
99.6
99.4
99.7
102.4
103.0
102.9
101.2
100.2
100.6
100.7
100.9
100.4
102.4
106.5
106.7
104.4
104.1
104.1
102.9
103.7
103.0
103.0
102.8
101.6
101.4
101.5
100.9
101.3
101.2
100.3
101.3
100.3
101.9
101.8
101.4
100.6
103.3
109.3
109.2
112.9
115.6
115.1
117.8
118.1
119.9
118.9
120.2
116.2
115.4
116.2
116.8
120.3
120.9
118.0
117.9
117.0
115.2
116.3
125.7
115.3
114.8
113.7
113.5
111.8
111.0
109.6
108.5
108.8
108.8
106.8
107.2
106.7
106.0
106.1
105.7
106.1
106.0
106.2
105.8
105.2
106.1
104.5
105.4
104.9
107.8
110.5
111.4
109.9
109.6
107.7
107.1
106.8
106.6
105.4
105.1
105.1
104.9
104.8
104.7
105.5
105.6
105.8
106.0
106.1
105.3
106.2
105.7
105.8
104.3
104.9
104.8
106.1
106.2
105.5
105.4
105.2
104.5
105.5
104.6
105.0
105.8
106.2
105.1
107.0
106.4
106.8
105.0
104.8
105.9
105.1
108.0
108.5
109.4
108.7
110.5
108.0
107.2
107.1
107.2
106.0
106.5
105.7
104.8
103.6
104.3
103.4
103.8
103.9
104.1
106.8
110.0
160.0
256.6
181.9
114.2
115.8
112.7
114.7
114.7
114.3
114.4
113.8
114.1
113.7
112.3
109.3
113.9
113.5
113.5
113.1
112.5
113.0
111.9
111.2
111.5
111.5
111.6
115.3
111.5
116.8
116.8
118.4
118.0
118.0
116.2
115.3
113.8
114.5
112.2
113.9
114.4
116.8
115.6
117.4
117.9
117.8
117.6
119.7
118.6
118.7
118.6
119.1
119.7
121.3
122.0
124.7
125.5
123.3
122.9
120.2
117.4
117.2
125.5
126.6
127.2
122.4
122.7
123.0
120.6
119.5
118.7
118.8
117.2
117.0
117.2
116.3
116.4
116.0
115.1
114.2
114.6
115.5
116.6
115.5
115.4
114.7
115.6
114.8
114.9
113.8
114.0
114.9
113.8
114.1
113.8
112.9
111.9
110.0
110.3
109.9
109.1
110.1
109.0
108.8
108.2
107.8
107.7
107.3
108.2
111.0
111.8
112.3
117.0
118.4
116.0
115.4
114.9
113.8
112.4
111.7
110.8
110.6
110.0
109.6
109.8
110.1
109.6
110.1
110.2
109.6
109.7
109.5
108.5
107.7
106.8
106.5
107.4
107.4
106.9
106.9
105.5
103.7
103.9
109.4
112.9
112.3
112.0
111.5
110.2
110.9
108.2
107.4
110.0
112.9
110.9
110.6
112.1
110.7
110.1
109.4
108.1
105.8
105.9
106.6
106.2
105.9
105.9
104.9
105.7
105.5
105.6
103.9
101.1
99.9
99.5
99.2
98.7
98.5
98.8
98.8
100.1
102.7
102.0
99.7
101.9
106.0
108.4
106.5
107.6
108.7
107.0
105.4
103.8
103.1
102.0
101.5
99.7
99.9
99.2
99.6
98.5
97.4
97.7
97.2
97.5
98.4
98.0
97.7
97.8
99.3
98.0
101.1
89.8
104.0
107.0
106.7
108.5
107.9
107.9
108.7
110.6
107.1
109.1
110.3
110.5
108.3
109.3
111.1
111.1
110.0
111.7
111.2
111.7
112.6
111.2
110.8
109.4
109.8
106.9
107.5
109.3
111.3
111.4
110.5
111.5
110.8
110.4
109.0
108.3
108.6
107.7
107.1
107.3
106.6
105.7
108.8
111.9
111.8
111.5
112.9
113.2
114.0
112.1
111.2
112.0
108.7
111.3
110.9
109.8
108.2
107.6
108.9
109.8
109.2
108.5
107.3
106.9
109.2
111.2
110.7
109.7
110.1
108.5
107.0
107.8
109.2
109.4
108.8
108.1
98.6
102.1
101.7
101.4
98.4
99.1
98.0
98.2
98.1
97.6
96.3
95.5
95.1
96.8
98.2
98.9
99.1
98.3
98.4
98.1
98.5
99.0
98.9
97.5
98.4
97.0
97.8
100.5
101.1
102.3
104.1
104.1
104.8
104.4
103.7
101.8
102.6
100.9
101.8
103.2
102.8
101.7
102.1
102.0
102.7
102.5
102.3
102.5
103.4
103.1
104.8
103.5
103.9
102.3
102.1
100.1
104.0
104.9
106.5
105.8
105.5
103.8
104.8
106.3
106.2
107.5
111.9
107.3
105.8
105.4
108.4
107.5
109.2
108.1
110.7
171.7
107.7
107.7
109.2
110.1
110.1
110.3
113.3
113.2
110.9
112.9
113.3
109.5
109.6
108.5
105.3
109.9
108.5
109.8
108.7
108.4
107.6
106.7
109.4
110.7
110.5
107.9
110.6
112.2
111.2
109.5
110.8
111.4
110.2
107.2
107.6
106.1
105.0
105.3
108.1
105.6
105.5
104.7
105.1
110.4
111.3
109.2
109.2
107.1
109.4
108.2
111.4
112.4
108.9
109.6
106.6
109.5
110.5
111.2
109.9
110.5
107.7
110.1
108.6
108.2
106.5
105.8
105.9
106.7
104.2
106.4
107.2
106.4
105.7
105.9
105.2
105.7
106.3
106.6
106.6
110.0
109.7
113.0
110.6
111.9
110.9
109.3
109.5
107.4
109.3
107.5
106.8
106.3
106.7
105.0
104.2
104.3
106.5
105.2
104.5
102.7
107.6
108.0
106.2
105.8
105.2
104.6
105.2
104.6
103.4
104.9
103.1
102.7
101.3
101.5
101.4
102.7
103.4
109.2
107.5
105.7
108.0
107.7
108.5
106.7
110.1
113.8
110.3
110.9
108.3
108.2
106.2
107.2
105.8
104.5
104.3
103.7
103.3
102.4
101.8
101.5
98.6
105.1
107.8
107.1
106.7
106.4
108.6
108.9
107.9
107.0
106.8
105.3
105.3
105.9
105.1
103.3
108.6
108.6
110.2
109.1
108.0
108.4
109.5
107.3
105.5
108.2
109.3
109.6
108.5
108.8
106.5
106.7
105.1
106.3
106.2
104.8
104.9
105.4
104.7
107.4
107.8
107.9
108.0
109.0
112.1
114.2
114.6
115.2
111.2
112.4
111.7
111.6
113.6
114.0
113.3
113.1
111.6
113.3
111.4
108.9
109.6
107.9
107.7
106.0
108.0
107.5
106.8
107.5
106.7
106.8
105.3
108.6
113.9
114.4
114.3
113.0
111.5
110.7
111.2
116.0
115.6
114.6
113.8
110.8
111.4
110.1
109.5
108.7
108.7
112.9
113.2
111.0
110.9
108.4
107.6
107.6
106.0
106.6
105.6
106.6
104.2
106.1
104.8
106.0
104.6
110.8
119.1
119.9
126.3
121.6
122.0
119.7
122.1
125.4
124.2
123.6
122.0
120.3
119.0
119.4
118.1
116.8
116.9
117.2
119.5
121.5
119.1
120.2
118.6
117.0
116.4
115.7
118.0
120.3
118.9
121.1
120.9
118.1
118.6
117.6
115.4
116.3
115.7
113.2
111.9
111.6
112.9
110.9
110.7
109.5
109.5
109.7
109.0
109.7
108.9
108.6
107.6
108.0
107.1
105.6
106.3
105.1
104.0
104.6
104.3
104.3
105.1
105.8
104.3
103.4
102.3
101.9
101.4
100.1
100.2
100.0
100.2
100.0
98.4
100.6
106.8
106.4
105.3
106.1
105.3
106.6
105.6
105.7
105.6
104.5
104.5
106.1
104.0
103.9
103.1
103.2
102.5
103.4
102.7
102.2
103.5
102.9
101.8
100.5
101.3
103.7
104.1
102.6
104.0
105.3
105.7
104.7
104.8
109.0
110.2
111.5
112.8
115.6
112.6
110.3
112.2
111.0
109.5
111.8
107.5
108.1
109.1
108.5
108.7
107.4
106.8
110.2
113.6
117.0
120.8
119.5
119.0
117.1
114.4
114.7
116.1
113.2
114.3
113.4
112.0
111.8
110.3
110.1
109.5
110.1
110.2
109.4
109.9
111.4
115.6
116.8
115.3
113.6
113.5
117.6
121.5
122.3
121.2
124.2
125.6
123.6
117.7
116.7
116.1
117.5
115.3
119.1
123.3
122.4
120.0
119.3
119.5
120.4
117.1
119.3
118.4
118.2
118.1
117.0
118.4
115.4
116.2
114.9
115.6
117.3
116.3
116.4
114.6
116.6
114.6
114.9
114.5
114.2
113.5
112.6
113.1
115.9
114.9
114.5
114.1
112.6
111.6
112.4
112.1
112.5
112.8
114.4
113.6
111.8
121.0
152.0
143.6
149.0
143.8
141.3
124.2
121.5
118.9
116.9
115.0
113.7
112.8
113.1
113.1
113.4
112.1
113.7
113.8
114.1
112.9
113.3
114.0
113.6
115.2
115.5
115.7
115.5
116.1
114.9
114.8
114.8
114.5
113.8
113.7
115.4
114.7
114.9
114.7
114.3
113.7
113.3
113.6
113.0
112.8
112.7
112.1
112.2
112.6
112.5
111.7
112.9
113.4
113.3
114.9
114.7
113.5
113.2
113.3
113.7
115.7
119.4
118.4
117.8
119.4
117.9
116.4
117.1
115.9
115.6
115.9
116.1
115.7
116.8
120.8
123.3
123.3
122.2
121.0
120.1
123.7
138.2
143.6
136.4
126.7
129.2
124.6
123.8
124.7
121.8
120.6
119.7
119.4
118.2
119.7
122.6
119.5
119.0
119.6
116.9
117.6
118.2
117.7
119.3
119.1
120.6
120.6
116.6
117.1
111.2
112.6
114.9
115.5
111.2
115.9
118.5
128.4
118.5
112.5
116.2
110.3
108.6
106.8
91.6
108.3
107.7
107.1
106.2
106.7
105.3
106.1
105.8
105.4
103.7
104.7
105.6
104.9
103.2
103.8
103.9
104.7
105.2
104.2
104.6
105.9
105.4
104.1
104.4
103.9
103.7
104.5
106.1
104.7
104.6
104.0
103.8
104.4
104.6
105.1
104.4
104.4
105.7
104.0
105.4
104.3
105.8
104.6
104.2
105.4
105.1
105.0
105.8
105.2
105.9
106.6
104.9
104.6
103.7
104.2
105.4
102.9
104.3
105.0
107.9
106.9
106.3
104.9
106.5
105.6
104.3
104.6
104.9
104.4
104.5
105.5
108.2
108.4
108.7
109.1
107.2
107.7
106.4
107.7
106.2
105.8
107.6
109.1
107.8
108.9
111.4
121.2
117.9
114.3
112.7
110.7
110.4
108.9
107.9
107.1
107.1
105.2
105.6
105.7
106.1
105.5
106.8
109.5
110.6
110.9
112.1
114.1
113.5
112.9
112.0
112.2
110.4
109.6
108.4
109.5
107.7
108.8
107.7
107.1
106.4
106.3
106.2
108.0
106.5
107.2
107.8
106.0
106.5
108.2
107.7
106.3
109.9
114.9
114.7
114.7
112.9
111.5
117.1
115.8
114.4
113.8
112.3
112.3
112.0
111.6
111.9
112.2
111.9
111.4
111.2
110.3
111.1
110.7
113.6
111.4
109.8
109.1
109.6
107.6
109.6
108.6
108.4
109.7
109.4
107.7
108.4
109.2
108.3
107.2
106.3
109.5
109.8
107.3
107.3
108.1
111.3
111.0
109.4
106.3
103.9
103.0
102.0
100.1
100.0
98.7
97.6
95.3
94.9
94.3
94.3
93.7
93.7
93.1
93.8
92.1
92.0
92.4
91.2
90.4
89.8
90.4
90.6
90.2
90.0
90.1
89.3
89.0
88.5
88.4
89.0
88.8
88.4
87.7
87.5
86.7
87.1
86.9
87.4
86.7
87.3
86.3
87.1
86.5
96.7
97.4
95.5
96.7
98.7
97.2
96.5
96.7
96.7
97.5
99.4
100.3
107.8
113.4
126.3
116.6
114.1
114.6
114.4
112.6
112.5
112.1
113.4
110.9
113.4
113.9
112.4
108.9
108.6
107.5
107.4
107.2
104.9
105.5
108.6
108.2
109.3
112.5
113.8
111.6
110.3
108.2
111.3
117.0
118.0
118.5
116.2
114.4
113.4
113.1
112.8
113.1
111.3
111.3
110.9
113.7
112.1
112.5
110.7
110.0
107.5
108.4
107.2
107.3
107.3
107.9
110.7
116.8
119.1
115.2
116.1
121.2
119.1
115.7
113.7
113.2
111.4
110.5
109.2
109.0
105.5
105.8
106.1
104.2
102.5
109.8
111.1
113.3
118.2
112.7
109.8
109.0
110.2
108.5
106.5
105.1
105.8
112.2
110.6
110.0
106.8
106.7
103.9
103.9
102.6
101.2
99.5
98.5
97.4
97.1
96.0
94.7
96.6
99.1
97.4
96.5
95.1
95.3
93.2
93.4
91.7
91.4
91.5
91.9
92.4
92.6
91.2
90.1
90.7
90.4
95.3
97.6
96.4
95.9
92.5
92.8
92.1
92.3
92.8
90.7
90.3
90.7
90.9
90.6
90.0
90.5
96.6
99.3
100.9
103.2
103.6
102.5
100.1
97.8
97.5
97.2
98.4
99.7
102.2
99.4
102.0
110.4
113.1
108.7
112.7
112.2
114.2
114.3
114.2
115.5
113.0
112.4
110.5
107.4
108.1
108.1
106.1
105.6
110.6
115.9
114.5
116.1
120.2
120.5
115.9
125.4
124.5
123.3
119.7
124.8
127.8
122.0
131.2
125.5
122.0
119.9
118.8
117.2
114.4
112.9
111.1
111.5
112.0
109.1
109.1
108.6
108.9
107.7
108.5
109.2
109.3
108.6
108.4
110.5
107.0
106.5
109.8
110.7
108.4
109.8
112.1
115.0
113.9
110.6
112.1
116.2
114.2
111.6
110.2
111.0
111.2
110.0
111.0
110.8
115.7
123.8
124.8
121.6
119.4
115.7
115.6
116.2
115.9
113.3
111.6
113.2
117.5
116.6
114.1
112.7
112.0
112.6
111.3
109.1
115.7
134.3
124.1
120.5
119.2
118.6
117.6
117.4
116.5
120.9
211.1
224.2
185.9
115.6
116.1
115.7
115.6
114.8
115.5
114.2
115.1
111.4
111.9
111.4
113.9
119.8
117.4
115.2
113.8
113.4
112.2
111.9
111.4
109.2
108.1
109.2
108.7
108.3
108.0
108.8
108.8
109.9
110.3
107.6
109.2
116.7
116.4
112.6
110.4
108.7
109.6
107.9
107.4
106.2
106.0
106.5
104.6
102.9
103.0
101.4
100.1
99.8
100.9
120.2
117.5
116.8
116.5
118.4
116.6
117.6
116.9
115.1
115.1
113.3
112.1
112.1
111.0
108.3
108.2
107.6
110.1
108.1
114.1
126.1
119.7
118.7
117.1
114.8
112.4
111.5
109.4
108.9
106.9
106.4
105.8
106.1
107.7
112.4
113.4
113.7
109.4
109.1
107.7
107.0
105.0
104.6
103.2
103.3
102.7
101.8
100.7
101.9
101.9
104.6
104.6
103.4
104.8
114.4
123.8
145.8
129.0
123.2
127.9
125.9
117.9
113.6
111.5
108.7
106.9
105.6
105.0
105.3
106.6
104.1
104.8
105.0
105.1
105.4
104.5
104.1
103.7
105.1
103.0
103.2
103.5
103.5
102.1
103.3
103.2
102.6
105.2
109.4
114.8
116.8
117.0
118.4
116.5
118.0
116.1
115.0
112.9
113.0
114.9
112.6
113.2
114.8
109.6
107.7
105.5
106.4
104.9
103.0
103.2
102.9
104.1
103.9
104.5
112.6
111.5
108.0
110.6
112.5
109.2
106.7
106.4
113.2
113.9
111.9
109.4
105.0
105.9
105.5
109.7
106.5
109.1
108.7
106.3
103.6
103.0
101.9
101.1
100.2
101.2
99.9
98.4
97.7
98.1
97.8
97.2
102.0
103.1
101.2
100.3
100.7
105.2
104.8
101.9
102.8
100.9
100.0
98.6
98.6
98.4
97.8
96.9
95.9
96.0
97.1
97.3
96.3
99.1
97.8
98.7
97.4
96.9
99.5
106.2
103.9
103.4
104.0
109.4
108.8
108.7
107.0
106.2
107.7
108.4
109.0
106.7
107.9
106.8
108.5
110.8
109.6
106.3
103.4
103.6
106.3
107.2
107.0
104.7
106.0
107.2
106.1
101.6
102.8
101.9
103.6
103.0
115.5
113.8
114.4
110.6
109.2
105.2
107.6
105.3
106.7
105.6
105.1
108.4
107.6
109.9
108.0
107.3
107.5
106.1
106.2
106.7
106.2
103.2
104.9
104.0
105.8
105.1
105.1
104.6
105.0
102.9
104.9
103.4
105.1
105.2
105.1
107.0
111.1
108.1
111.1
106.1
107.5
107.0
106.5
106.66440677966102
106.49661016949152
106.32881355932203
106.16101694915254
105.99322033898305
105.82542372881356
105.65762711864407
105.48983050847457
105.32203389830508
105.15423728813559
104.9864406779661
104.81864406779661
104.65084745762712
104.48305084745762
104.31525423728813
104.14745762711864
103.97966101694915
103.81186440677966
103.64406779661017
103.47627118644067
103.30847457627118
103.14067796610169
102.9728813559322
102.80508474576271
102.63728813559322
102.46949152542372
102.30169491525423
102.13389830508474
101.96610169491525
101.79830508474576
101.63050847457627
101.46271186440677
101.29491525423728
101.12711864406779
100.9593220338983
100.79152542372881
100.62372881355932
100.45593220338982
100.28813559322033
100.12033898305084
99.95254237288135
99.78474576271186
99.61694915254236
99.44915254237287
99.28135593220338
99.1135593220339
98.9457627118644
98.77796610169491
98.61016949152543
98.44237288135592
98.27457627118643
98.10677966101694
97.93898305084745
97.77118644067797
97.60338983050846
97.43559322033897
97.26779661016948
97.1
108.5
107.8
107.4
108.5
105.8
106.8
105.0
105.7
105.3
104.6
104.1
103.7
103.3
103.2
103.5
104.2
103.3
104.1
115.8
113.8
111.4
109.6
110.1
109.4
107.0
108.0
104.2
104.8
105.1
105.1
113.2
141.2
153.0
123.2
116.0
111.9
111.1
109.6
108.6
107.9
107.7
106.6
105.9
112.5
108.2
108.0
107.7
107.3
108.1
108.8
108.5
107.4
106.8
105.3
105.5
105.3
105.4
105.6
104.1
104.7
102.4
106.2
105.7
105.8
106.7
106.8
105.5
106.1
107.6
106.6
108.5
108.9
109.8
109.0
115.2
115.2
114.8
114.2
113.0
113.2
116.0
118.2
115.0
113.1
112.8
113.2
95.9
113.9
116.3
114.0
115.0
114.3
114.3
112.9
113.5
114.6
114.4
113.9
113.4
113.9
112.5
113.6
124.3
120.8
117.7
116.9
115.2
116.2
120.8
122.5
121.0
123.4
121.3
121.9
119.9
120.1
117.6
118.0
115.7
116.9
116.5
117.2
128.0
125.2
140.0
152.2
146.0
133.8
160.9
150.3
153.5
156.8
146.5
141.4
142.1
128.9
122.5
117.0
112.2
107.9
108.5
129.0
145.3
145.4
139.5
144.2
151.1
134.4
130.2
127.6
144.0
126.4
124.9
117.0
117.9
119.5
114.9
113.3
113.0
123.1
118.2
114.4
114.9
115.1
112.8
112.1
112.6
113.7
127.7
124.0
121.9
122.3
122.5
114.8
111.3
110.6
112.1
114.4
112.3
113.8
113.1
111.1
111.3
110.9
110.6
109.5
110.9
110.3
110.5
110.3
109.6
109.3
108.2
107.4
108.4
107.9
108.1
107.2
106.9
107.5
106.3
106.5
106.5
105.5
105.9
105.5
105.4
104.8
105.5
105.7
105.0
105.4
106.4
105.5
105.6
106.0
106.0
104.7
107.7
108.3
107.4
106.4
106.0
105.4
106.2
105.0
105.9
104.6
106.1
111.2
112.6
115.6
115.4
115.2
114.8
114.3
115.8
114.6
114.7
111.2
115.4
112.3
109.0
109.4
112.7
111.3
111.0
106.5
103.7
111.3
109.8
104.7
103.1
101.5
100.6
105.5
112.5
110.8
112.1
112.2
111.5
110.4
110.2
111.1
109.7
107.6
108.6
107.6
107.8
107.3
106.2
106.3
106.6
106.7
106.7
108.0
107.1
106.0
105.4
98.2
108.1
105.8
108.4
108.6
107.6
106.1
105.3
105.9
105.6
106.0
104.9
105.7
103.1
103.5
106.2
106.2
105.7
106.1
103.4
105.8
105.0
104.3
104.5
104.4
102.4
102.4
101.9
102.7
103.0
101.3
99.8
100.1
99.8
100.2
100.6
100.0
103.7
100.8
101.6
102.2
100.0
103.9
100.8
103.1
103.9
100.4
103.0
104.0
101.8
101.8
100.6
100.7
103.7
102.8
102.5
103.9
102.0
100.0
101.6
100.6
100.1
101.0
102.6
101.3
99.3
100.4
102.3
100.1
99.4
99.8
101.2
97.8
99.9
100.8
101.4
104.0
104.5
105.5
105.3
106.5
105.3
106.5
107.2
106.6
108.3
106.3
107.1
108.0
107.5
105.6
107.3
105.6
104.8
104.4
105.2
104.7
105.7
105.6
106.2
105.2
107.2
107.7
106.6
106.8
104.7
104.9
105.4
106.5
104.9
105.9
105.7
105.2
107.4
105.5
104.4
104.9
105.7
105.3
105.0
106.4
101.9
102.6
101.9
99.8
103.1
103.6
102.4
103.1
103.3
103.1
104.0
103.1
99.7
104.6
103.9
105.4
104.3
103.5
104.3
103.8
103.0
104.7
104.2
104.7
105.1
105.2
100.0
104.9
106.0
104.1
105.6
103.6
103.8
102.3
99.4
102.3
106.6
106.3
106.4
105.1
106.1
106.9
104.2
103.7
106.9
104.9
105.5
105.7
105.2
103.9
104.6
104.9
105.4
104.6
104.4
104.8
105.0
105.0
105.0
104.1
104.1
103.8
103.5
105.4
109.1
108.0
110.0
110.9
99.3
102.3
105.6
103.3
101.9
103.0
102.0
101.2
101.4
100.2
100.8
99.2
100.5
100.0
101.4
98.8
101.3
99.7
99.3
100.5
99.9
100.9
100.4
102.5
99.9
101.1
103.2
104.1
103.9
102.5
103.1
101.6
101.6
99.1
101.4
99.2
100.3
101.4
100.0
101.1
99.4
100.5
100.3
101.0
99.7
100.8
102.2
101.3
101.5
105.2
103.1
105.5
104.6
103.5
101.4
102.1
102.6
100.9
100.5
102.8
100.7
99.9
101.4
100.8
99.1
102.5
101.4
104.5
101.9
102.4
101.7
102.9
103.9
99.7
103.8
104.0
104.8
103.4
98.9
98.4
100.0
98.6
99.3
98.6
98.8
97.5
96.6
98.1
98.1
97.4
97.2
97.4
95.9
98.1
97.3
97.1
99.9
101.5
99.9
103.2
101.9
100.8
101.6
101.9
104.2
102.6
102.6
102.7
100.1
100.8
97.4
98.0
98.5
98.7
97.1
101.6
105.1
109.2
108.7
105.2
105.4
106.7
110.0
108.5
108.1
108.4
108.5
107.2
107.7
108.8
108.8
107.5
106.1
105.5
107.2
107.8
107.1
107.3
107.4
107.9
107.4
114.6
108.4
107.3
108.2
107.6
109.0
107.7
109.6
109.3
108.1
109.3
108.6
106.6
109.2
111.8
112.2
110.7
109.5
108.5
108.4
108.0
108.9
108.8
107.5
109.2
107.7
108.2
107.8
108.2
105.9
106.7
106.1
106.0
106.2
108.0
107.1
106.6
105.7
105.1
106.1
106.6
105.9
109.3
108.0
108.9
108.5
106.2
105.3
105.0
106.7
109.8
110.7
108.3
112.3
109.8
105.8
108.7
109.7
111.1
109.0
110.1
109.7
108.0
109.8
108.4
109.0
109.6
109.16470588235295
109.24705882352941
109.32941176470588
109.41176470588235
109.49411764705883
109.5764705882353
109.65882352941176
109.74117647058823
109.82352941176471
109.90588235294118
109.98823529411764
110.07058823529411
110.15294117647059
110.23529411764706
110.31764705882352
110.4
110.48235294117647
110.56470588235294
110.6470588235294
110.72941176470589
110.81176470588235
110.89411764705882
110.97647058823529
111.05882352941177
111.14117647058823
111.2235294117647
111.30588235294117
111.38823529411765
111.47058823529412
111.55294117647058
111.63529411764705
111.71764705882353
111.8
111.9
110.0
111.8
112.5
110.8
107.4
108.0
105.1
104.4
105.1
105.2
105.0
104.4
105.5
108.4
108.1
107.4
108.0
108.9
107.7
106.6
106.1
107.2
106.9
105.3
105.9
105.2
109.4
108.2
107.5
107.6
107.3
107.6
106.8
107.5
110.6
108.9
106.9
107.3
110.6
106.8
105.8
105.6
103.7
103.0
103.7
105.7
104.2
103.0
100.9
104.3
103.7
109.0
106.1
105.2
103.4
105.0
103.0
103.3
102.9
104.7
107.4
105.2
103.5
106.6
107.3
103.3
101.4
101.6
103.6
101.7
101.3
101.9
100.7
99.3
99.5
99.7
98.3
98.2
98.5
99.8
100.8
99.2
97.7
97.8
97.7
97.3
95.9
96.3
96.6
99.3
99.8
100.3
97.0
99.3
98.1
97.2
96.0
96.3
96.2
95.2
94.6
95.6
96.8
96.6
94.7
95.4
96.1
95.9
94.6
93.2
93.5
93.8
94.8
95.8
97.5
97.5
97.1
96.5
97.0
96.9
95.3
95.2
96.3
93.3
93.3
95.7
94.5
94.1
94.6
95.2
94.1
95.8
96.9
101.9
98.4
101.2
95.8
94.2
95.7
93.2
93.9
93.8
93.2
91.6
91.8
92.1
91.4
91.9
96.5
96.2
95.6
93.7
92.6
91.5
91.9
89.9
90.8
88.6
88.1
88.6
88.7
88.5
88.6
88.5
87.0
86.7
88.3
87.3
86.0
87.8
86.4
86.2
86.5
88.3
87.9
86.1
88.1
90.1
90.1
93.8
92.0
91.1
89.5
88.5
88.0
88.3
86.0
87.0
87.1
87.2
84.5
86.9
86.6
85.8
86.8
86.3
90.7
93.1
92.0
90.0
89.9
89.6
88.9
89.5
88.0
88.7
88.0
86.8
86.6
89.8
93.4
92.5
90.6
89.4
89.1
88.5
85.9
86.2
85.1
85.8
88.4
89.4
89.0
87.1
86.9
86.4
85.7
86.8
85.5
86.6
87.9
90.1
90.0
90.9
89.4
89.1
88.5
88.9
88.0
87.1
86.7
86.7
86.0
84.8
86.6
89.2
86.8
86.0
88.1
89.0
86.7
88.2
86.0
86.8
87.4
85.9
87.6
91.4
94.1
92.3
93.5
93.0
94.1
94.4
91.8
93.2
92.0
91.5
91.5
90.6
91.4
91.5
91.3
90.0
90.7
89.8
93.6
93.7
91.8
90.7
91.2
89.8
90.5
89.6
89.9
90.0
89.8
89.1
89.8
91.0
90.4
90.2
92.4
91.1
91.9
89.7
90.3
88.8
88.2
88.4
88.3
92.2
92.5
93.9
91.7
91.4
91.7
91.3
91.5
90.8
90.2
90.0
90.7
90.8
90.3
89.7
88.6
88.3
89.3
87.6
87.3
86.7
86.9
87.2
86.8
94.3
94.1
92.0
90.7
90.3
90.9
91.1
89.6
90.2
87.8
88.0
87.9
88.1
87.7
90.4
96.2
94.5
92.7
92.5
92.5
90.9
90.9
90.2
90.5
89.6
89.5
89.1
89.7
88.5
93.0
93.8
97.1
95.6
94.8
93.1
92.9
92.8
90.9
91.9
89.9
89.2
90.1
89.3
89.4
90.0
89.9
89.1
89.5
90.4
90.4
90.5
92.9
95.6
295.7
338.0
324.8
211.6
97.2
98.1
100.5
98.9
97.4
96.6
95.7
95.5
96.8
94.4
94.5
94.1
93.1
94.3
92.7
93.3
92.9
91.9
92.9
91.4
91.8
92.1
92.39999999999999
