59.65
59.225
58.8
58.375
57.95
57.525
57.1
56.675
56.25
55.825
55.4
54.975
54.55
54.125
53.7
53.275
52.85
52.425
52.0
58.1
58.1
57.2
50.5
124.6
132.7
90.4
74.7
52.7
54.4
50.9
50.7
52.1
60.0
62.6
61.9
61.0
56.1
56.7
56.7
54.0
52.1
53.2
50.9
53.7
56.2
50.0
52.5
53.6
55.7
53.1
56.8
58.1
54.7
52.2
56.7
58.4
61.1
59.9
57.2
56.8
60.9
62.9
61.0
61.6
57.4
54.9
49.9
43.9
41.2
43.5
45.8
44.5
49.0
52.4
51.6
45.8
43.7
48.7
56.8
64.4
63.6
61.1
58.6
39.5
32.8
31.4
32.0
31.1
33.0
70.2
78.5
73.7
66.4
59.9
58.5
120.2
55.3
52.6
52.3
54.0
58.1
57.4
60.7
62.9
64.8
65.8
67.3
71.0
72.7
72.5
69.0
71.5
70.2
70.1
72.6
74.0
73.1
74.8
75.9
65.8
63.4
69.7
73.0
75.2
74.9
75.1
75.8
88.5
88.6
77.5
79.5
77.5
80.1
81.2
78.5
73.9
78.3
77.1
79.8
79.2
78.6
82.3
89.9
76.4
79.2
79.9
78.7
81.4
81.0
81.6
80.7
80.3
81.9
81.9
80.5
77.8
80.8
78.0
75.3
76.7
74.4
74.9
76.1
74.8
72.9
75.6
74.9
73.0
73.7
71.3
71.4
67.9
72.3
70.3
70.5
70.6
68.8
68.5
69.1
67.6
68.0
67.0
65.5
64.3
65.9
65.5
62.5
61.1
66.7
66.6
64.6
59.8
59.4
57.9
57.6
57.6
57.6
58.4
58.1
55.4
55.5
57.1
57.8
58.7
57.8
44.9
46.5
54.7
58.8
60.6
61.8
62.0
62.3
62.1
63.0
63.0
62.5
62.4
62.1
61.3
61.3
60.8
60.3
60.3
60.0
60.5
62.5
62.4
53.6
44.8
48.4
46.5
48.9
52.2
54.4
56.5
56.6
55.9
55.7
54.1
54.7
55.4
54.3
53.2
53.7
53.2
52.7
51.6
52.2
52.3
120.5
48.9
50.0
50.4
50.6
50.3
43.6
43.9
42.5
41.7
42.1
41.2
41.1
44.3
57.7
70.6
84.3
90.4
92.8
93.0
87.5
74.0
75.0
78.1
83.8
88.0
91.1
92.3
89.8
85.7
84.4
83.0
81.6
81.5
81.4
82.7
80.5
80.2
76.6
78.2
78.8
79.7
78.9
77.0
71.1
69.7
68.1
67.3
63.6
63.2
61.1
60.0
59.7
56.0
55.5
56.1
56.0
56.9
57.2
58.0
57.4
49.7
44.4
48.3
48.2
47.9
50.1
49.6
46.5
50.6
56.2
57.1
62.4
76.4
87.4
91.5
92.4
94.0
90.4
89.2
86.1
81.0
77.5
78.2
77.1
77.6
79.0
75.2
74.4
121.0
76.0
76.3
72.7
68.3
65.0
63.1
59.5
54.2
49.7
44.8
42.1
42.0
38.8
40.1
41.6
52.3
58.6
62.5
64.8
68.4
74.9
80.2
82.5
83.2
83.0
83.8
82.2
82.2
91.5
83.5
85.4
81.8
79.9
78.2
75.6
75.3
74.7
74.2
73.9
71.6
72.0
72.6
69.1
70.2
68.9
69.4
70.1
65.4
67.6
66.0
65.2
62.8
61.7
60.8
58.8
58.0
55.2
53.5
53.8
52.2
50.1
49.7
48.7
42.5
39.6
37.9
37.0
34.8
34.0
33.1
33.6
35.4
37.0
39.2
42.1
48.3
53.0
59.1
62.5
64.3
68.6
69.6
71.2
70.3
74.0
74.3
74.1
72.3
71.3
67.2
66.6
66.6
66.2
67.1
66.8
66.0
66.3
65.0
65.3
64.2
64.0
64.8
65.1
69.9
70.1
68.2
69.8
69.0
68.3
67.2
67.0
66.0
65.0
62.7
61.7
60.4
59.2
58.8
57.9
57.1
55.1
54.2
53.5
52.5
51.7
49.9
49.0
47.4
47.0
47.4
48.0
48.2
57.7
59.6
60.1
59.3
59.1
56.2
56.7
58.1
57.6
58.4
57.5
57.9
58.0
58.5
57.3
58.1
57.3
56.8
57.6
56.3
56.7
55.8
56.3
58.6
55.0
54.2
53.3
53.7
52.8
51.5
51.3
51.6
52.8
52.8
53.6
53.7
51.5
46.9
44.3
45.5
47.1
48.0
49.2
50.3
51.3
52.9
53.5
54.0
56.4
57.2
57.1
58.3
58.6
58.4
58.6
59.7
59.2
59.4
60.0
60.5
61.8
64.8
70.8
73.2
66.8
65.2
64.3
64.5
66.4
67.6
71.5
68.5
61.5
69.4
62.6
56.9
62.7
54.0
55.2
56.7
57.8
58.9
60.2
67.2
58.7
51.9
51.2
52.6
54.7
57.5
59.9
61.5
63.0
64.4
65.0
65.8
66.2
66.8
67.0
67.2
67.0
67.3
68.0
67.8
68.0
68.4
69.1
69.5
68.5
72.8
72.4
73.4
73.5
73.3
73.6
73.9
74.1
74.5
76.1
72.6
74.3
75.2
73.7
72.5
72.0
70.5
69.4
70.0
69.8
69.2
69.0
69.1
69.0
69.0
68.9
68.9
69.0
68.9
68.9
69.0
69.0
69.0
69.0
69.1
69.9
69.4
69.8
70.0
70.0
70.2
70.0
70.8
70.3
70.1
70.3
70.6
70.4
70.8
71.0
71.0
71.0
71.0
71.1
71.6
71.8
72.0
72.0
72.0
72.0
72.1
72.2
248.3
181.4
72.1
73.0
73.0
73.2
74.0
74.0
74.0
74.0
74.0
74.0
74.1
74.0
74.7
74.8
75.0
75.0
75.0
75.2
75.5
75.6
76.0
76.1
76.6
76.7
76.3
76.0
76.3
76.4
76.9
77.0
76.9
77.0
77.0
77.0
77.2
77.6
77.2
77.3
77.4
77.9
78.0
78.7
79.3
79.7
79.7
79.7
79.4
79.2
79.1
79.2
79.5
79.5
79.0
79.9
80.0
80.0
80.0
80.3
80.9
81.0
81.1
81.6
82.0
81.8
81.1
81.5
82.0
82.2
83.0
83.0
82.3
82.0
82.0
82.0
82.3
83.0
83.0
83.0
82.6
82.0
80.9
79.4
78.1
76.8
76.0
76.0
75.4
75.0
74.9
74.1
73.9
73.4
73.3
73.1
73.3
73.7
73.6
73.5
73.3
73.0
72.6
72.1
69.8
68.6
68.8
69.0
69.0
69.0
69.1
69.0
69.7
69.5
69.4
69.8
69.8
70.0
70.0
69.7
70.5
71.4
72.6
73.3
73.8
73.9
73.8
73.4
73.6
73.5
73.3
73.5
73.5
73.8
73.8
74.0
73.9
73.1
73.4
73.2
73.1
73.0
72.8
73.0
73.0
73.0
68.6
59.6
55.7
52.8
51.6
49.4
48.2
54.1
62.6
79.0
87.4
92.4
94.7
96.4
97.7
99.0
98.0
96.1
93.7
93.0
92.4
91.6
92.2
93.2
95.5
96.5
96.6
102.4
104.7
98.4
98.0
98.7
99.1
99.8
100.5
101.3
101.5
102.0
102.7
103.0
103.1
103.6
103.8
104.0
104.0
104.3
103.8
102.3
101.4
100.9
100.4
100.9
107.1
212.9
101.1
96.4
95.5
94.8
93.9
93.0
91.8
90.3
89.5
88.9
88.5
87.3
80.8
78.5
77.0
75.4
73.9
72.3
71.0
73.4
74.7
77.8
83.4
93.3
98.5
99.7
99.0
97.7
96.8
96.1
96.0
95.9
95.0
93.8
92.5
91.3
89.7
88.2
84.0
78.2
76.5
74.5
72.5
71.1
69.5
65.6
64.0
60.4
57.8
59.9
65.0
68.9
71.6
73.6
76.2
80.4
85.1
88.8
91.8
93.9
95.4
96.4
97.2
101.2
98.2
99.0
99.7
100.4
100.5
101.0
101.0
101.0
101.4
101.3
101.5
101.6
101.7
101.8
101.9
101.4
101.7
101.5
101.6
101.3
101.0
101.3
101.5
101.4
101.5
101.7
102.0
102.0
102.0
101.2
99.6
100.4
101.0
101.5
102.0
101.9
102.2
102.9
103.0
103.5
103.2
102.9
102.7
103.8
103.3
103.8
104.1
104.1
104.5
104.8
103.2
103.0
103.8
104.3
104.6
104.3
103.2
99.1
99.6
103.6
103.3
103.8
104.0
103.9
104.0
104.1
104.1
104.1
104.0
104.0
104.1
104.2
106.9
102.4
103.4
103.9
104.0
104.0
102.3
99.7
99.9
99.6
99.6
100.1
100.2
99.9
100.1
100.0
99.7
103.3
104.2
104.0
103.4
101.6
100.7
100.1
99.1
98.1
97.9
97.3
97.1
97.0
97.0
97.0
97.0
97.0
97.0
97.0
97.0
97.0
97.0
97.0
97.0
97.0
97.0
97.0
97.0
96.9
94.6
93.2
92.4
92.0
91.9
91.0
91.0
91.6
91.9
94.4
92.2
92.4
92.5
94.1
94.6
95.8
95.2
96.1
97.6
97.0
108.8
90.9
90.5
91.3
91.0
90.2
90.0
89.8
90.1
89.7
89.7
90.0
90.0
90.0
90.0
90.0
90.6
93.4
91.6
92.3
90.0
90.0
90.1
90.0
89.9
89.4
92.2
91.8
94.5
92.7
87.9
79.6
79.6
82.5
82.4
80.0
82.7
100.4
90.4
89.3
90.5
88.2
85.8
78.2
82.5
83.5
82.0
83.7
83.8
83.0
83.0
83.9
84.6
87.5
84.1
84.1
84.0
84.3
89.8
76.6
74.5
75.1
78.0
80.0
81.2
82.4
82.9
84.0
85.0
82.2
84.6
85.5
84.8
84.6
84.3
84.4
84.5
84.4
84.6
84.2
84.4
85.1
85.0
85.5
84.4
84.9
85.0
85.3
85.3
85.9
85.9
86.0
86.0
86.0
86.0
86.0
86.0
86.0
86.0
86.0
86.0
86.2
86.6
86.0
86.3
86.4
86.8
86.8
86.8
86.9
86.6
86.8
86.8
86.8
86.6
86.8
86.9
87.0
87.0
87.0
86.4
86.9
86.4
86.4
86.9
86.7
87.0
86.8
86.8
86.9
86.8
86.9
86.9
86.5
86.1
86.4
86.4
86.9
86.7
87.0
87.0
86.8
86.2
86.2
86.0
86.1
86.0
86.0
86.0
86.2
86.6
86.9
87.0
86.7
86.8
87.0
86.9
87.0
87.0
87.0
87.0
86.8
86.8
87.0
87.0
87.0
87.0
87.0
87.1
87.2
88.8
83.6
85.9
87.0
87.5
87.7
87.6
87.1
87.1
87.0
87.0
87.0
87.0
87.1
87.4
87.0
87.5
87.1
87.1
87.2
87.6
87.3
87.7
87.7
87.8
88.0
88.0
88.0
88.0
88.0
88.0
88.0
88.0
88.0
88.0
88.0
88.0
88.0
88.0
88.0
88.0
88.0
88.0
88.0
88.2
88.1
88.0
88.0
88.0
88.0
88.0
88.0
88.0
88.0
88.0
88.0
88.0
88.0
88.0
88.0
88.0
88.3
88.8
88.5
88.9
89.0
88.7
88.6
89.0
88.8
88.5
88.4
88.8
88.2
88.6
88.0
88.1
88.5
210.2
129.8
190.6
186.1
88.0
88.0
88.0
88.0
88.0
88.3
88.6
88.1
88.3
88.3
88.1
88.3
88.8
88.3
88.1
88.4
88.3
90.5
84.0
84.5
85.1
86.4
86.2
87.0
87.0
86.9
87.0
87.2
87.1
87.0
87.1
87.9
88.0
88.0
88.0
88.2
88.6
88.8
89.0
89.0
89.0
88.7
88.9
89.0
89.0
89.0
89.0
89.0
88.8
88.9
88.9
89.0
88.9
88.9
89.0
89.0
89.0
89.0
89.0
88.9
89.0
88.5
88.2
88.0
88.0
88.0
88.0
88.0
88.0
88.0
88.0
88.1
88.2
88.2
88.1
88.0
88.0
88.0
88.0
88.0
88.0
88.0
88.0
87.8
88.0
88.0
88.0
88.0
87.9
87.8
88.0
87.7
87.9
87.8
87.9
87.7
87.9
87.7
87.7
87.7
87.6
87.9
87.7
88.0
87.3
87.7
87.6
88.0
87.7
87.9
87.8
87.8
87.7
87.8
87.8
87.5
88.0
87.6
87.6
87.7
87.8
88.0
87.8
87.9
88.0
88.0
88.0
88.0
87.7
88.2
88.2
88.3
88.0
88.0
88.1
88.0
88.4
88.4
88.1
88.4
88.2
88.4
88.6
88.7
88.6
88.9
88.2
88.3
88.0
88.0
88.0
88.0
88.0
87.9
87.8
87.3
87.4
87.0
87.0
87.0
87.0
87.0
87.0
87.0
87.0
87.0
86.8
87.0
87.0
87.0
87.0
86.8
86.5
86.5
86.6
86.4
86.6
86.1
86.3
86.0
86.1
86.1
86.3
86.1
86.4
86.1
86.5
86.5
86.1
86.0
86.0
86.0
86.0
85.9
85.6
86.0
85.9
85.9
86.0
86.0
86.0
86.2
86.2
86.4
86.3
85.7
86.5
86.0
86.0
86.0
86.0
86.0
86.0
86.0
86.0
86.0
86.0
86.0
85.8
85.6
85.3
85.6
85.1
85.4
85.0
85.1
85.0
85.0
85.3
85.3
85.9
85.9
86.0
86.0
86.0
106.0
141.9
85.0
85.0
85.0
84.9
85.2
85.3
85.5
85.3
85.1
85.0
85.0
85.0
85.0
85.0
85.0
84.9
85.3
83.9
77.4
82.6
84.0
84.5
84.9
85.3
85.3
85.7
85.7
85.6
85.8
85.9
85.8
85.3
86.2
86.7
86.5
87.0
87.0
87.0
86.8
86.9
87.0
86.8
86.6
86.2
86.4
86.1
86.0
86.2
86.3
86.8
87.0
87.0
87.0
87.2
87.7
87.9
87.7
87.9
88.0
88.0
86.0
84.7
84.6
84.6
85.0
84.8
85.2
86.3
78.4
77.6
76.6
76.6
78.0
78.6
80.1
80.8
81.2
77.4
72.7
68.9
64.4
62.0
58.2
56.8
55.7
54.5
53.6
52.2
51.7
52.4
51.4
50.8
50.2
50.3
50.3
49.3
48.0
48.0
48.4
47.9
46.6
46.6
46.6
46.0
46.0
46.0
46.2
47.2
50.0
52.4
56.1
60.8
63.6
65.8
68.1
92.7
72.3
69.3
69.9
70.8
71.8
73.1
73.6
73.7
74.5
74.2
75.7
71.6
73.2
69.8
72.9
74.8
76.9
77.5
77.8
77.6
78.5
78.2
78.6
78.1
76.8
77.9
79.4
79.2
78.6
78.6
78.7
78.7
78.8
79.4
77.7
77.9
78.7
78.0
78.2
78.8
79.8
79.6
79.6
80.0
79.5
78.9
79.8
80.8
80.3
80.7
80.8
81.6
80.9
80.7
79.1
80.7
81.2
81.1
81.6
81.5
81.0
80.6
80.2
80.9
81.3
80.2
80.2
78.6
79.3
78.2
75.2
77.4
76.9
75.9
76.6
74.0
75.0
76.4
75.3
74.7
74.6
74.3
74.1
73.9
72.6
72.3
74.1
74.6
73.8
73.1
72.2
71.8
73.3
73.2
74.7
73.8
72.8
70.4
68.3
69.7
68.9
70.9
71.7
72.3
73.2
73.3
72.5
72.5
73.1
73.3
74.1
74.1
75.1
74.5
74.4
75.1
74.3
73.3
69.3
63.0
60.0
59.2
57.3
55.7
55.6
54.6
53.9
54.4
55.5
56.5
55.2
55.0
57.0
60.2
69.6
72.5
74.9
75.5
77.5
76.5
79.1
79.9
79.6
80.2
80.6
81.4
82.0
79.8
80.4
80.2
80.1
82.0
82.4
82.8
82.2
81.6
81.4
82.1
82.9
81.6
81.8
82.4
81.8
82.8
82.6
82.7
82.5
82.6
83.2
83.2
82.5
81.3
82.5
82.3
82.7
82.0
81.7
82.4
82.6
81.8
82.0
81.5
80.9
82.2
82.2
81.8
81.1
82.1
82.7
82.7
82.2
82.2
81.5
82.1
81.0
80.7
80.3
81.4
82.4
81.0
81.3
81.9
81.2
81.1
80.9
80.2
80.7
81.4
80.4
81.0
80.9
80.2
79.9
80.4
80.8
80.4
79.9
80.7
80.6
80.4
80.9
79.0
79.7
80.2
80.0
79.7
80.2
80.5
80.7
80.6
79.7
79.3
80.8
81.0
80.7
80.2
79.6
79.5
79.3
79.9
78.2
78.9
79.6
78.9
78.1
79.0
79.4
78.9
78.0
78.4
78.7
80.0
80.7
78.2
78.9
78.9
79.3
79.9
78.0
78.9
77.4
78.5
79.1
80.8
80.6
79.6
79.4
78.9
79.5
80.0
79.0
79.6
78.8
79.4
79.7
80.0
80.3
79.7
78.1
78.3
78.0
78.6
79.7
78.7
78.7
78.5
78.4
78.7
78.4
77.8
78.4
78.4
78.7
79.1
75.9
76.5
77.7
77.6
77.1
78.3
78.0
77.8
77.6
77.9
78.1
77.8
77.2
77.6
78.0
78.5
78.5
78.1
76.7
78.3
78.7
78.6
78.2
78.0
76.7
77.6
77.4
76.5
77.2
77.9
77.7
77.3
78.7
78.1
77.1
77.5
76.6
76.8
81.1
74.5
75.8
75.8
81.2
83.2
85.0
83.6
83.5
82.2
82.0
82.2
81.6
80.2
79.6
80.0
78.6
78.6
77.9
77.4
75.9
77.4
77.5
75.3
75.1
75.2
75.7
75.2
74.3
74.5
68.9
71.7
76.1
78.8
82.2
82.5
83.1
82.3
77.0
73.1
72.7
73.4
75.2
74.3
73.2
74.6
75.0
75.0
74.3
73.9
73.2
69.1
68.6
71.7
73.4
74.5
74.2
75.4
75.7
66.7
71.6
64.0
66.3
66.6
67.4
70.5
71.2
69.5
68.3
69.9
69.8
69.7
70.3
70.1
70.5
70.8
71.2
71.2
71.2
71.6
72.3
72.0
73.3
73.3
73.0
71.0
72.3
69.5
71.0
70.5
70.6
70.4
70.8
70.8
72.0
72.3
72.0
72.3
70.7
69.6
69.8
69.4
70.3
71.1
71.3
71.4
73.1
72.4
71.5
70.5
69.2
68.7
69.6
70.2
71.3
70.9
70.0
69.2
69.6
70.2
67.8
68.0
69.0
69.0
69.8
71.0
70.0
69.9
70.3
70.5
70.5
69.7
69.2
70.9
70.8
70.3
69.4
67.3
68.3
69.4
69.8
71.2
70.4
70.7
71.1
70.8
70.6
69.1
68.8
68.5
68.3
67.3
68.3
69.2
69.5
70.0
69.4
70.2
70.5
70.4
71.5
70.8
69.5
69.3
69.1
70.2
69.8
70.4
71.3
67.8
71.3
69.5
68.9
70.0
71.1
70.9
69.7
69.7
70.9
72.10000000000001
70.8
72.1
72.1
72.5
72.4
72.0
70.8
72.2
72.8
72.9
73.0
71.3
72.2
71.5
72.9
73.6
72.2
70.1
72.2
73.1
73.3
73.8
72.5
71.6
71.7
72.8
71.6
71.2
69.9
69.6
70.5
68.7
68.7
68.6
70.1
70.4
70.4
71.7
72.6
72.2
71.7
69.7
67.9
69.7
69.9
70.9
72.0
66.2
67.7
68.3
67.9
67.8
66.1
68.0
68.0
66.6
70.3
69.6
68.2
68.3
63.0
62.0
65.9
64.5
66.7
67.5
67.7
67.6
69.7
69.7
70.8
70.5
71.4
71.1
70.5
70.3
69.8
68.5
68.8
69.3
69.7
70.3
70.9
70.5
70.5
69.8
69.4
69.6
68.5
68.9
69.1
70.1
70.5
69.7
68.0
68.1
68.8
69.4
70.2
70.1
69.5
68.4
67.9
67.6
69.3
69.2
68.0
69.8
69.4
70.4
69.3
69.2
71.4
70.3
70.5
68.3
69.0
70.3
69.1
70.7
72.2
71.2
72.0
72.6
71.9
72.4
73.2
72.9
71.4
72.0
72.4
71.3
73.9
73.4
71.9
71.9
71.2
71.5
70.6
67.5
68.9
69.7
69.4
68.4
69.8
69.9
70.2
70.6
71.1
69.4
69.0
69.6
71.5
72.3
71.6
72.2
72.3
70.2
71.5
71.3
71.5
72.5
73.1
72.9
71.9
71.1
70.8
72.0
71.4
71.2
72.2
71.9
72.6
73.1
74.0
74.6
75.0
74.8
74.6
75.0
74.7
74.1
73.3
74.0
74.1
74.9
72.7
73.7
73.5
72.2
72.6
73.2
71.8
73.2
72.8
72.9
73.7
74.2
75.0
76.2
74.4
73.1
72.2
73.9
74.3
74.2
74.0
72.5
73.2
73.1
73.0
72.3
72.2
72.3
73.3
73.8
74.3
71.3
69.6
72.3
74.3
75.4
75.8
75.9
75.8
74.9
74.0
74.4
73.4
72.9
73.7
74.7
75.1
74.0
74.7
73.8
72.7
73.4
74.2
73.6
72.4
70.8
72.1
78.9
77.5
64.9
70.8
74.6
77.2
74.3
77.0
77.4
77.4
77.4
77.3
77.8
76.8
77.1
77.1
76.8
77.2
76.1
75.3
75.4
74.8
75.4
75.6
75.1
74.7
76.1
76.9
75.8
76.5
76.5
76.3
75.3
76.0
75.8
76.1
76.4
76.6
76.8
75.8
75.5
76.3
74.8
75.6
75.5
75.5
76.3
75.7
75.2
75.3
75.1
74.9
75.5
75.0
74.6
74.5
76.0
76.9
77.0
122.7
188.5
99.5
88.6
78.6
78.4
78.9
78.9
79.4
81.0
80.3
81.0
81.4
80.9
80.5
79.9
79.9
79.9
80.4
80.1
79.9
80.3
79.2
80.0
80.1
80.3
79.6
79.0
79.5
79.5
79.8
80.1
80.1
79.9
79.5
79.3
78.9
79.7
80.5
78.8
79.2
79.1
78.4
78.4
80.1
78.8
80.2
80.3
79.8
79.2
78.6
78.8
79.5
78.3
78.4
79.0
78.8
79.4
78.9
78.3
79.8
80.8
79.7
79.4
79.4
78.9
80.0
80.2
81.0
81.0
81.2
80.1
81.9
81.8
82.2
82.9
82.7
81.6
81.8
80.8
81.6
82.4
81.9
81.8
80.8
76.5
76.5
77.0
77.9
77.6
77.7
77.4
77.8
77.8
78.0
77.4
78.3
77.0
76.7
76.6
77.2
77.5
77.9
76.7
76.3
75.8
75.4
77.4
76.4
76.5
77.4
75.4
74.4
74.7
75.2
76.7
75.0
75.8
75.0
76.3
77.2
76.8
75.8
76.2
75.5
76.3
75.5
74.7
74.9
75.0
75.0
76.0
76.0
76.5
75.4
76.1
76.1
76.0
76.4
76.0
76.3
76.3
76.6
76.4
75.9
76.3
76.1
75.1
75.4
75.5
76.8
76.7
75.6
74.9
75.7
75.4
75.5
75.8
76.9
75.6
75.1
76.0
76.3
75.9
75.7
76.0
75.7
74.4
75.3
75.3
74.7
75.2
75.3
75.7
75.9
76.1
75.8
75.3
75.9
75.7
74.4
75.6
75.7
75.5
75.1
75.1
76.2
76.4
76.0
77.1
76.4
75.0
74.9
75.4
74.3
73.6
74.8
73.4
74.6
75.4
76.5
77.0
77.1
75.5
76.1
76.9
77.1
77.3
76.4
75.4
75.6
75.9
74.9
75.5
76.8
75.9
76.1
75.1
75.7
75.2
75.3
75.9
76.3
76.0
75.5
76.5
75.4
75.9
76.6
76.6
75.7
75.8
75.4
74.2
74.7
75.4
74.2
74.6
75.6
74.4
75.2
76.3
76.0
76.6
76.2
76.6
75.5
76.2
75.7
75.8
74.5
74.9
74.8
75.7
75.1
74.9
75.4
75.7
75.7
75.1
75.0
75.2
75.2
75.0
76.0
76.7
77.1
75.8
75.3
75.4
75.0
75.8
70.8
75.9
76.1
75.7
76.6
76.4
75.4
75.0
74.2
74.8
75.6
75.9
75.3
75.2
74.7
73.7
73.3
73.9
73.3
73.9
82.5
74.1
84.9
95.5
116.7
86.7
92.9
112.6
74.7
74.1
66.2
67.2
65.6
66.5
65.9
65.8
63.2
63.8
64.0
63.3
64.2
64.8
63.6
64.7
65.2
65.1
62.9
64.7
64.9
64.6
64.3
62.8
62.2
61.8
63.6
64.4
63.3
64.2
64.2
65.2
65.1
65.7
64.2
66.1
65.0
67.1
68.6
68.5
68.7
67.9
122.6
168.6
169.4
170.1
146.8
110.0
64.1
60.5
61.2
61.3
61.2
60.8
59.8
59.1
59.7
60.2
59.9
60.1
59.1
60.9
60.9
61.2
62.0
62.4
62.4
62.8
61.7
60.6
61.2
62.8
63.9
62.2
61.8
61.6
62.4
62.1
64.2
67.4
67.8
69.1
71.0
71.3
71.1
70.89999999999999
