71.1
70.2
67.9
70.7
70.5
71.9
71.0
70.7
70.9
70.8
70.0
73.1
68.7
71.8
73.0
70.2
69.3
68.3
66.8
63.7
66.6
60.7
59.4
59.3
59.0
60.1
57.3
62.7
99.9
104.0
107.4
109.3
108.9
114.7
111.5
117.7
124.7
128.6
119.0
121.5
120.7
118.4
116.2
106.0
106.1
110.4
111.0
102.0
100.7
103.0
99.7
99.8
74.1
77.9
77.0
72.3
72.3
70.2
69.3
67.9
58.3
61.7
65.8
60.5
64.4
70.2
70.2
73.1
73.1
71.9
67.1
66.5
64.5
68.2
69.7
66.3
66.8
69.6
66.2
69.1
68.5
66.6
68.1
63.9
64.4
67.7
72.1
73.1
71.7
70.6
70.7
70.2
68.0
69.7
65.3
71.5
70.9
66.6
68.6
77.2
143.5
118.7
101.1
64.3
68.4
67.9
67.7
68.7
68.5
68.3
67.0
70.7
69.6
70.6
69.3
66.4
65.7
66.2
67.7
68.8
68.0
68.0
68.5
69.7
72.6
71.2
69.9
70.9
74.4
78.7
76.6
76.6
76.5
75.3
75.6
82.0
80.6
79.9
80.2
78.9
79.4
78.9
77.7
75.8
75.8
76.9
76.5
76.0
73.5
76.5
73.1
72.8
74.1
74.8
73.7
73.3
75.3
75.4
73.2
75.6
73.4
72.4
74.2
73.3
74.1
75.0
69.8
66.3
67.2
66.2
69.4
74.0
75.5
74.3
73.1
74.8
72.7
74.1
75.9
74.1
72.8
66.4
69.4
72.2
78.4
66.4
67.3
68.6
77.8
76.5
72.1
70.7
71.9
70.5
75.5
69.5
69.8
68.7
64.9
64.1
63.2
63.7
64.6
66.3
67.2
63.8
63.9
65.7
67.6
70.4
72.0
67.3
70.9
68.9
68.8
66.1
69.5
69.8
67.2
66.4
67.4
69.1
69.1
67.7
68.4
64.7
66.1
66.3
66.4
65.3
67.3
64.6
62.8
61.4
63.6
59.6
64.3
62.3
60.7
58.3
61.0
60.7
57.2
49.6
47.1
61.9
51.5
51.5
51.5
51.81428571428572
51.971428571428575
52.128571428571426
52.285714285714285
52.44285714285714
52.6
52.75714285714286
52.91428571428572
53.07142857142858
53.22857142857143
53.385714285714286
53.542857142857144
53.7
66.3
68.8
68.6
67.1
65.5
64.8
63.9
64.7
63.2
63.3
61.4
63.9
62.1
63.3
117.0
111.7
66.0
66.6
66.1
67.4
65.6
66.7
64.2
65.0
64.8
62.2
60.2
60.3
62.4
66.3
67.7
67.1
63.9
65.1
62.7
57.3
54.7
52.6
48.3
47.8
47.6
48.9
49.1
47.7
52.0
53.8
57.2
62.0
64.1
62.8
66.9
63.7
67.8
67.8
66.8
69.4
69.8
76.9
75.2
77.7
78.5
78.5
74.3
73.1
73.4
72.1
72.5
65.3
68.7
69.9
70.5
70.9
70.8
70.0
69.0
68.1
66.4
60.9
64.9
66.2
68.7
67.7
68.7
67.7
66.3
66.7
64.1
59.4
59.8
60.6
65.8
67.3
67.2
68.3
68.7
67.8
68.6
69.9
67.0
71.2
70.4
70.7
73.1
73.2
72.5
73.0
73.8
71.8
73.5
73.2
73.3
73.2
72.8
71.7
72.2
70.6
71.2
69.6
72.1
70.1
70.6
72.1
71.6
68.8
69.9
69.6
70.7
69.8
71.9
70.1
73.4
71.6
70.4
70.9
65.2
68.3
75.6
78.5
78.0
75.5
74.2
72.2
73.6
73.4
71.6
73.0
72.0
74.0
72.3
72.1
69.8
65.1
63.4
66.3
66.0
67.5
68.6
65.2
69.0
70.2
70.9
71.0
72.1
72.5
71.6
71.3
70.6
72.7
73.0
72.7
73.8
74.3
74.9
72.6
74.6
76.5
78.5
77.7
76.1
74.8
73.2
72.9
70.0
68.8
70.1
69.0
71.9
72.8
72.1
73.6
74.6
73.4
74.4
73.0
71.8
71.5
71.6
70.9
71.1
71.4
71.2
73.4
71.2
74.3
73.0
74.9
76.5
76.8
75.0
71.1
70.1
66.0
69.7
70.0
70.1
69.0
69.4
68.2
67.5
67.7
69.4
68.8
71.6
69.9
68.7
68.8
68.9
67.8
70.4
72.3
90.5
77.9
78.7
78.1
80.8
79.1
78.3
76.0
75.7
75.5
72.8
70.8
70.8
68.0
66.9
67.2
66.4
65.9
65.7
65.1
64.0
63.9
64.7
62.5
62.5
60.7
61.5
63.8
63.2
61.9
60.2
59.4
59.0
57.9
57.3
57.4
57.8
56.9
57.2
57.0
57.0
57.4
61.0
62.6
62.7
65.9
60.6
60.0
59.4
62.6
61.0
60.4
60.8
60.1
59.6
59.8
59.7
59.6
59.5
59.2
59.6
59.1
59.7
59.5
59.9
59.7
60.0
60.0
61.0
61.2
60.7
61.3
60.5
60.7
61.2
62.2
62.2
62.9
62.2
62.9
63.0
62.4
63.7
63.6
62.7
63.3
62.6
61.3
61.8
60.7
61.5
62.4
62.8
63.2
64.9
65.6
66.4
66.6
67.4
66.7
65.8
65.5
65.4
65.1
65.1
66.8
66.5
67.0
67.3
68.0
68.1
67.4
67.9
67.2
68.3
68.6
66.6
67.7
67.9
65.7
61.8
63.4
61.4
60.8
60.2
60.6
58.7
59.0
58.9
59.4
59.6
59.1
59.8
59.4
60.7
60.9
61.6
63.6
64.6
65.1
65.6
65.0
65.7
66.0
65.5
66.3
66.3
66.8
67.2
66.8
67.5
68.1
67.1
67.3
68.9
69.1
68.4
69.3
70.2
69.8
70.0
70.5
69.7
70.1
70.0
69.9
69.8
70.3
71.1
70.7
72.3
70.8
71.4
71.3
71.8
72.4
72.1
72.3
69.0
68.3
67.3
67.3
67.7
66.1
67.9
69.4
70.1
69.6
70.8
71.2
71.5
72.6
72.8
71.8
74.1
74.4
74.7
74.3
71.8
73.7
73.1
72.4
72.6
72.5
72.1
69.8
71.5
72.6
72.6
70.2
71.6
72.5
71.1
72.8
71.4
71.1
71.6
72.7
70.7
70.1
71.8
68.0
70.8
71.4
70.9
69.1
69.1
69.9
71.1
71.6
71.7
69.4
70.5
71.9
73.0
70.5
71.9
71.8
70.7
71.4
70.5
70.5
70.5
70.4
70.3
69.8
69.4
69.4
69.2
66.4
67.4
67.3
68.9
69.3
70.0
68.8
68.9
69.1
68.1
66.5
68.1
68.2
68.6
68.8
69.4
69.8
68.8
69.0
66.0
67.5
66.9
66.2
67.6
67.6
66.6
68.6
69.1
68.0
68.9
66.5
66.9
68.0
67.3
68.2
67.7
66.1
67.9
64.4
67.7
67.7
64.7
67.3
65.3
64.1
66.0
66.5
65.8
70.6
70.2
68.9
70.0
68.7
71.1
69.2
66.8
66.9
66.8
68.3
68.4
68.5
68.9
68.0
71.2
141.8
123.8
112.8
71.8
70.3
70.5
70.5
71.5
70.4
73.3
73.7
74.1
74.1
73.4
72.7
73.3
73.4
72.4
71.7
69.3
71.3
71.0
66.5
67.3
68.3
69.1
68.3
69.8
64.9
66.6
68.9
69.3
69.6
68.1
69.3
69.9
69.2
67.6
68.2
67.7
68.6
67.1
66.6
66.5
67.3
67.3
66.6
66.2
66.6
67.5
67.6
67.6
67.0
67.3
67.3
67.2
66.8
67.1
63.7
66.9
68.2
66.5
66.4
69.4
69.1
67.5
67.3
68.5
66.4
68.0
64.3
70.1
69.4
69.9
67.7
70.5
67.7
70.5
69.1
68.6
67.4
69.7
64.4
66.3
66.2
68.4
68.7
69.6
69.5
70.8
69.4
71.7
69.5
69.2
70.1
70.9
71.9
70.8
70.5
71.0
71.5
69.7
71.8
72.0
71.3
71.1
70.7
68.5
67.6
68.9
67.5
66.8
67.0
66.3
66.6
66.6
67.1
68.0
67.9
68.9
70.9
69.4
69.2
70.3
69.9
68.9
68.2
69.0
68.5
67.1
72.7
69.5
73.3
78.7
70.2
69.9
71.5
69.4
71.0
69.9
70.3
69.2
69.9
68.3
68.4
66.7
67.4
68.8
68.7
69.3
68.9
68.0
68.6
67.3
68.3
68.2
68.2
67.6
68.5
68.1
67.8
68.8
69.2
69.1
69.2
69.2
67.1
68.1
64.6
65.7
67.8
68.3
66.9
69.3
69.7
67.2
70.1
68.3
69.0
69.4
69.5
70.0
69.4
69.6
68.2
69.3
71.1
70.2
66.6
71.0
68.7
68.9
68.6
67.7
69.2
70.3
71.6
70.6
70.6
64.5
69.8
68.1
67.8
70.9
68.6
68.2
69.3
66.4
68.2
66.5
68.5
68.3
69.2
67.0
68.7
68.5
66.3
69.7
72.2
72.4
72.5
67.8
72.4
68.2
77.0
82.0
82.6
81.6
85.3
81.8
80.6
80.3
79.6
79.6
80.0
79.7
78.6
78.7
78.7
80.1
77.3
77.5
74.0
77.0
77.5
79.4
79.5
79.5
80.3
77.0
71.6
72.9
70.9
72.1
71.7
73.2
76.5
74.5
71.9
73.1
74.0
75.6
76.8
76.3
79.1
75.6
79.3
76.8
74.5
77.1
76.7
74.6
75.8
76.1
73.7
75.8
70.4
69.7
69.2
72.3
70.4
71.1
70.9
73.9
75.0
73.8
73.1
74.0
78.0
75.4
76.2
76.7
73.2
71.9
73.5
72.9
72.2
70.3
70.2
70.4
69.1
67.6
68.9
71.0
71.0
72.4
75.8
77.2
77.6
79.3
70.4
73.4
72.6
71.6
74.7
73.4
74.6
75.3
79.0
76.8
73.9
76.8
77.7
78.4
78.5
77.5
75.8
79.2
76.6
75.9
76.0
77.6
77.7
77.9
78.4
69.9
72.1
73.1
71.9
73.6
70.2
71.9
70.9
70.6
71.1
69.9
71.2
71.5
72.5
74.7
75.1
74.7
77.3
74.6
75.3
75.1
73.0
73.5
74.7
74.4
75.1
74.7
70.4
72.7
71.3
71.3
72.9
74.1
74.6
76.1
78.0
77.3
79.4
77.9
74.1
73.8
73.0
74.4
73.7
74.5
71.7
71.1
71.5
67.5
64.0
58.2
57.3
80.5
57.3
56.9
55.9
54.7
53.6
53.9
53.2
52.1
53.1
51.7
48.0
53.7
52.9
50.7
49.6
51.5
53.6
53.1
53.1
52.6
53.8
52.9
51.7
51.3
53.8
52.4
54.1
54.7
56.5
57.0
58.8
58.6
58.2
56.8
58.9
59.0
125.8
111.9
59.1
60.3
61.0
61.8
60.9
60.0
59.1
59.668103448275865
59.502155172413794
59.33620689655172
59.17025862068966
59.00431034482759
58.838362068965516
58.672413793103445
58.50646551724138
58.34051724137931
58.17456896551724
58.008620689655174
57.8426724137931
57.67672413793103
57.51077586206897
57.3448275862069
57.178879310344826
57.01293103448276
56.84698275862069
56.68103448275862
56.515086206896555
56.349137931034484
56.18318965517241
56.01724137931034
55.85129310344828
55.685344827586206
55.519396551724135
55.35344827586207
55.1875
55.02155172413793
54.855603448275865
54.689655172413794
54.52370689655172
54.35775862068965
54.19181034482759
54.025862068965516
53.859913793103445
53.69396551724138
53.52801724137931
53.36206896551724
53.196120689655174
53.0301724137931
52.86422413793103
52.69827586206897
52.5323275862069
52.366379310344826
52.20043103448276
52.03448275862069
51.86853448275862
51.702586206896555
51.536637931034484
51.37068965517241
51.20474137931034
51.03879310344828
50.872844827586206
50.706896551724135
50.540948275862064
50.375
50.20905172413793
50.04310344827586
49.877155172413794
49.71120689655172
49.54525862068965
49.37931034482759
49.213362068965516
49.047413793103445
48.88146551724138
48.71551724137931
48.54956896551724
48.383620689655174
48.2176724137931
48.05172413793103
47.88577586206897
47.7198275862069
47.553879310344826
47.38793103448276
47.22198275862069
47.05603448275862
46.890086206896555
46.724137931034484
46.55818965517241
46.39224137931034
46.22629310344827
46.060344827586206
45.894396551724135
45.728448275862064
45.5625
45.39655172413793
45.23060344827586
45.064655172413794
44.89870689655172
44.73275862068965
44.56681034482759
44.400862068965516
44.234913793103445
44.06896551724138
43.90301724137931
43.73706896551724
43.571120689655174
43.4051724137931
43.23922413793103
43.07327586206897
42.9073275862069
42.741379310344826
42.57543103448276
42.40948275862068
42.24353448275862
42.077586206896555
41.91163793103448
41.74568965517241
41.57974137931035
41.41379310344827
41.247844827586206
41.081896551724135
40.915948275862064
40.75
40.58405172413793
40.41810344827586
40.252155172413794
40.08620689655172
39.92025862068965
39.75431034482759
39.588362068965516
39.422413793103445
39.25646551724138
39.09051724137931
38.92456896551724
38.758620689655174
38.5926724137931
38.42672413793103
38.26077586206897
38.09482758620689
37.928879310344826
37.76293103448276
37.59698275862068
37.43103448275862
37.265086206896555
37.09913793103448
36.93318965517241
36.76724137931034
36.60129310344827
36.435344827586206
36.269396551724135
36.103448275862064
35.9375
35.77155172413793
35.60560344827586
35.439655172413794
35.27370689655172
35.10775862068965
34.94181034482759
34.775862068965516
34.609913793103445
34.44396551724138
34.27801724137931
34.11206896551724
33.946120689655174
33.7801724137931
33.61422413793103
33.44827586206897
33.28232758620689
33.116379310344826
32.95043103448276
32.78448275862068
32.61853448275862
32.45258620689655
32.28663793103448
32.12068965517241
31.95474137931034
31.788793103448274
31.622844827586206
31.456896551724135
31.290948275862068
31.124999999999996
30.95905172413793
30.79310344827586
30.62715517241379
30.461206896551722
30.29525862068965
30.129310344827584
29.963362068965516
29.797413793103445
29.631465517241377
29.46551724137931
29.29956896551724
29.13362068965517
28.9676724137931
28.801724137931032
28.635775862068964
28.469827586206893
28.303879310344826
28.137931034482754
27.97198275862069
27.80603448275862
27.640086206896548
27.474137931034477
27.308189655172413
27.14224137931034
26.97629310344827
26.810344827586206
26.644396551724135
26.478448275862064
26.3125
26.14655172413793
25.980603448275858
25.814655172413794
25.648706896551722
25.48275862068965
25.31681034482758
25.150862068965516
24.984913793103445
24.818965517241374
24.65301724137931
24.48706896551724
24.321120689655167
24.155172413793103
23.989224137931032
23.82327586206896
23.657327586206897
23.491379310344826
23.325431034482754
23.15948275862069
22.99353448275862
22.827586206896548
22.661637931034477
22.495689655172413
22.32974137931034
22.16379310344827
21.997844827586206
21.831896551724135
21.665948275862064
21.5
58.0
61.9
62.0
64.8
64.6
60.7
52.4
71.1
63.2
60.4
61.8
63.1
61.9
60.7
63.4
63.0
62.0
52.0
54.6
58.5
59.6
65.9
123.9
136.3
45.8
62.9
62.4
61.4
61.0
59.7
58.1
60.3
61.8
60.4
59.3
59.6
60.6
59.9
61.0
59.1
60.1
56.5
57.5
60.4
62.0
62.8
62.8
61.0
59.8
60.8
59.7
62.5
61.6
58.4
55.9
61.7
61.5
62.3
64.0
64.2
64.2
63.7
64.5
63.7
63.7
62.2
63.1
63.8
62.6
58.9
60.0
57.8
56.1
62.6
68.2
72.6
68.4
68.5
68.2
69.6
64.2
62.3
61.9
69.0
62.2
66.8
67.5
69.1
68.4
69.1
66.7
68.3
68.0
66.1
67.4
66.9
67.7
67.6
67.3
64.9
66.0
67.8
66.4
68.0
68.2
64.3
65.6
69.6
70.9
69.7
108.3
124.6
137.4
154.7
123.0
69.4
69.8
67.9
70.0
66.6
68.6
71.2
70.3
74.6
77.4
77.5
79.5
79.5
75.6
87.4
83.4
83.0
84.8
85.7
83.5
82.0
81.9
82.3
80.5
82.2
80.7
81.2
79.7
80.4
80.4
82.0
85.0
84.5
82.9
84.0
83.4
85.1
83.9
83.6
81.5
83.2
82.3
80.0
80.0
78.6
78.9
76.2
77.2
77.0
76.1
75.8
74.4
74.8
72.7
73.2
72.4
72.0
73.9
71.8
70.8
70.6
70.1
72.9
71.9
72.0
72.4
70.5
71.8
69.9
71.4
70.2
70.6
70.4
70.7
72.1
69.8
70.7
72.7
72.8
73.4
69.9
68.8
70.9
72.5
72.9
72.3
72.9
73.4
74.3
73.7
74.5
73.5
72.6
72.7
71.8
71.7
71.8
71.3
69.0
72.4
76.5
75.0
74.4
74.0
71.9
63.3
71.9
70.0
72.4
72.4
71.2
70.8
72.4
70.7
75.3
74.7
72.9
78.5
82.3
80.7
81.6
82.7
80.6
79.1
78.6
78.1
76.3
70.9
65.7
69.8
72.4
71.2
65.8
67.8
69.5
71.5
70.6
71.5
69.6
69.5
68.6
68.8
69.4
69.0
68.1
70.0
68.9
68.0
67.4
68.2
69.5
70.7
72.3
71.8
72.0
72.5
70.9
70.0
69.3
69.6
70.4
69.8
69.0
70.0
70.4
71.1
70.5
71.6
71.1
71.1
71.5
70.2
71.2
72.9
71.1
71.6
71.0
74.1
72.0
73.7
72.8
73.4
73.2
74.1
72.9
73.5
72.2
72.1
70.1
73.7
74.2
74.2
75.4
75.3
74.6
74.7
74.9
73.2
73.8
73.9
74.4
68.3
72.7
75.7
75.0
73.5
73.3
74.6
76.1
74.0
76.5
75.2
76.3
78.8
78.5
77.7
77.4
75.8
77.2
76.0
75.8
75.2
75.8
76.5
75.6
74.6
74.6
74.2
73.8
74.2
74.0
73.9
74.0
73.3
73.9
74.2
73.9
74.5
74.2
75.1
74.5
74.6
75.1
76.5
76.8
74.3
75.4
74.5
77.7
77.0
76.0
75.3
76.1
75.7
75.4
75.9
75.4
74.7
75.2
74.1
76.4
76.4
75.1
75.5
74.7
74.2
74.6
74.4
74.5
74.8
75.1
73.5
75.4
74.6
74.1
74.1
76.3
75.8
75.1
75.8
77.7
76.0
77.7
76.8
77.6
76.0
74.3
73.2
75.7
75.7
74.5
75.3
74.6
75.9
73.7
73.5
72.0
73.8
72.9
72.0
73.2
75.7
73.6
73.5
74.2
73.7
73.6
72.3
73.7
74.1
73.2
72.8
72.0
70.8
71.0
70.3
72.0
70.1
70.4
69.4
71.0
70.9
71.0
70.5
70.4
70.6
69.2
70.4
71.4
71.7
72.3
71.5
73.7
74.6
75.0
75.5
74.5
74.4
74.4
75.6
76.3
73.7
75.7
74.6
74.7
72.8
70.4
71.9
69.5
72.9
74.3
73.2
74.4
75.5
73.9
77.4
76.1
75.3
75.5
80.7
77.6
78.3
78.0
77.0
76.2
76.4
75.7
75.2
74.8
74.0
74.7
75.2
74.7
73.5
76.9
75.9
73.7
75.1
74.7
75.4
73.8
73.5
73.3
74.0
73.8
72.5
72.9
73.2
72.6
72.3
73.1
72.3
72.9
72.6
72.5
73.3
73.5
73.1
73.0
72.7
73.2
73.1
72.8
71.8
72.0
72.2
73.1
72.0
72.2
73.2
79.0
77.0
78.8
76.8
76.9
76.2
76.6
78.1
76.8
77.0
78.1
78.3
77.6
77.7
77.6
77.6
77.2
74.0
79.5
77.8
77.3
77.1
77.8
78.1
77.5
78.3
76.4
76.5
76.5
78.0
76.6
79.3
74.6
77.5
77.2
78.0
74.7
76.1
76.9
80.5
81.2
81.5
80.8
80.2
81.9
83.1
82.9
82.6
81.6
79.8
80.3
80.7
78.3
77.7
81.4
86.4
89.9
86.7
88.7
87.3
85.1
85.1
86.2
88.8
84.9
84.5
83.6
81.8
80.3
77.0
77.9
76.8
76.5
76.2
76.5
76.0
76.2
77.2
77.0
77.8
76.9
77.1
77.3
76.7
77.6
77.2
77.3
78.2
79.0
79.1
78.9
79.3
79.8
79.3
79.4
79.5
78.6
78.9
79.3
79.4
78.8
79.9
80.4
80.8
81.5
80.7
81.2
80.7
81.3
81.6
81.6
82.2
81.9
81.9
80.8
85.9
85.5
83.8
83.9
85.1
85.0
85.3
85.1
85.2
84.9
88.1
88.0
86.3
86.3
83.7
82.2
84.2
84.6
84.2
82.9
83.1
82.1
82.8
83.5
82.6
83.3
82.9
83.4
83.3
83.7
84.4
84.5
83.2
83.7
84.9
84.8
84.0
84.5
84.2
84.8
84.7
83.4
82.9
87.2
86.4
84.8
85.4
84.3
84.2
83.3
82.8
81.9
84.9
84.6
84.3
84.5
85.7
85.6
84.9
80.1
86.6
84.9
81.7
82.6
82.6
81.8
82.3
80.1
79.3
78.9
80.1
80.2
78.0
77.7
78.1
77.8
79.1
78.6
79.5
79.0
78.0
78.2
79.3
79.3
78.7
79.3
77.7
78.5
78.9
78.6
79.0
78.1
78.8
78.7
78.1
76.1
78.0
77.1
74.0
75.9
76.5
76.0
75.0
76.1
76.1
75.4
77.6
76.5
77.3
77.5
78.1
76.1
76.7
77.2
77.6
78.0
76.9
77.7
79.4
79.2
78.3
81.3
80.9
80.1
77.0
79.3
82.6
82.8
81.9
83.6
82.9
84.1
85.0
83.4
81.6
78.5
82.4
82.3
81.7
83.2
83.4
82.4
83.0
83.7
82.5
82.8
81.7
80.3
79.0
81.9
80.3
79.1
79.5
80.4
79.4
78.8
78.5
78.5
77.6
77.9
79.0
77.6
77.8
79.9
79.0
79.1
79.2
78.9
78.3
77.8
78.2
78.0
80.1
78.7
77.8
78.3
78.3
79.2
79.1
78.5
79.1
79.69999999999999
76.6
78.6
78.1
79.6
79.1
77.8
80.4
77.5
78.4
78.7
79.0
78.8
78.2
78.3
79.0
80.1
79.4
80.7
80.2
78.0
80.3
79.0
79.9
78.7
79.6
80.0
80.3
79.6
80.6
80.0
80.8
82.8
81.3
82.5
82.1
83.2
80.0
83.6
80.9
82.3
80.8
82.4
82.0
81.7
82.8
81.6
82.8
82.0
83.1
81.5
85.5
83.4
83.4
85.6
81.3
82.1
83.3
81.9
81.0
83.0
83.2
83.6
82.4
82.8
79.7
79.3
81.7
80.6
81.7
80.2
81.1
80.4
81.2
79.5
83.0
80.4
82.0
79.5
80.7
82.0
82.4
80.2
83.0
80.8
83.2
81.1
81.0
79.1
80.0
79.1
80.0
80.0
81.3
81.9
83.0
81.5
81.3
81.1
79.4
78.8
77.2
78.7
80.5
83.0
80.1
80.5
79.9
82.4
82.9
84.1
86.0
83.9
80.4
85.4
86.4
85.4
85.7
84.0
83.1
82.3
82.1
84.2
84.9
84.4
84.3
82.7
84.6
84.9
83.0
83.1
84.6
86.2
86.9
86.3
86.5
85.9
84.7
83.8
84.5
85.1
81.5
82.4
82.1
83.8
86.4
82.1
84.1
84.7
85.2
84.7
86.4
87.2
86.8
84.6
85.0
84.0
84.8
85.0
85.0
83.4
85.9
84.2
84.2
85.0
84.0
84.6
84.2
85.3
84.6
85.1
85.2
84.7
84.1
84.8
83.4
83.3
87.1
85.9
87.3
87.3
86.4
103.3
104.1
104.2
106.2
104.1
103.5
105.5
104.5
100.9
98.4
99.3
93.3
88.4
85.6
84.0
82.2
84.6
83.8
89.9
90.2
86.1
96.2
105.6
97.6
102.2
100.1
107.9
85.9
86.3
85.9
91.0
91.8
105.6
107.6
100.5
97.1
95.2
92.6
102.8
106.3
98.0
80.3
85.3
88.6
79.6
82.8
81.2
82.9
87.2
87.7
83.8
87.8
87.1
87.0
89.0
89.0
85.7
85.5
84.1
83.3
82.3
84.3
83.3
83.4
83.7
81.8
82.9
81.6
80.2
80.6
79.3
81.1
78.1
79.0
79.3
78.7
80.0
79.8
77.7
79.7
80.1
79.9
79.7
80.0
78.6
82.1
82.5
84.1
84.2
83.6
83.3
82.9
83.4
82.6
82.8
82.1
81.0
82.3
80.8
81.7
82.1
82.7
81.9
83.6
83.0
82.3
81.6
81.5
80.9
81.5
80.9
79.9
79.7
81.5
81.2
82.4
80.4
82.3
81.3
81.4
81.2
82.6
84.6
84.1
79.3
79.5
75.0
72.1
68.5
69.3
67.6
63.6
63.4
64.7
63.4
61.4
59.9
60.3
60.6
61.1
57.5
57.2
61.5
61.0
61.8
60.4
60.7
129.6
99.2
63.7
56.3
54.5
54.4
54.5
55.0
55.8
54.2
54.0
55.3
55.7
55.9
54.8
55.7
54.6
55.9
54.9
57.2
58.0
56.6
57.5
57.9
57.4
57.0
58.4
57.5
57.5
57.7
58.1
59.5
59.8
59.9
59.3
58.7
61.4
61.3
62.1
64.0
63.0
64.4
67.1
63.7
64.1
70.7
71.9
71.2
69.3
67.9
73.5
79.5
84.0
81.9
80.1
80.5
84.2
84.3
79.9
68.3
68.3
69.9
73.9
74.1
73.4
82.0
81.1
73.6
89.5
70.8
73.9
74.7
78.3
80.7
76.1
77.7
76.4
82.1
79.7
82.7
80.7
75.9
78.7
78.4
73.6
80.3
78.0
72.6
108.0
91.6
73.7
77.8
80.5
79.4
90.4
116.3
85.2
71.3
72.1
72.0
72.1
73.1
73.8
74.1
75.2
75.4
74.1
74.0
74.1
76.6
76.6
77.1
76.9
72.2
76.6
77.3
76.3
76.6
78.2
78.1
77.8
77.9
76.7
76.1
76.1
74.2
73.1
76.4
75.3
75.2
74.8
74.6
73.2
70.2
74.9
73.7
75.2
72.6
69.4
70.4
70.8
68.3
67.8
68.7
67.6
69.4
68.7
67.8
69.0
69.6
71.1
70.3
70.4
69.3
68.2
67.8
66.2
67.9
66.1
68.3
68.7
69.0
68.3
66.6
65.8
65.7
66.2
65.8
66.6
66.0
65.0
66.9
66.1
67.1
67.5
68.5
68.6
68.4
67.9
67.8
65.9
64.1
67.5
67.7
65.0
64.1
65.3
64.8
62.5
66.7
66.1
66.9
66.4
67.2
65.7
64.8
66.5
67.0
66.8
67.9
69.6
68.2
68.6
68.9
66.2
67.9
67.7
67.0
66.5
67.9
67.9
68.2
68.4
68.7
67.1
67.8
66.7
66.3
67.5
68.5
68.2
72.5
75.3
74.7
74.4
74.0
74.6
75.9
75.8
76.8
76.8
76.8
78.3
77.9
78.3
77.0
78.0
77.1
73.6
72.9
72.8
74.8
74.9
72.9
70.8
72.9
73.9
75.7
77.6
88.5
76.4
133.8
156.1
230.1
186.7
159.8
220.0
214.0
202.9
191.8
132.9
97.9
62.9
69.0
70.3
72.0
73.2
75.0
75.2
78.8
74.8
72.1
74.6
74.2
73.9
70.7
71.3
66.1
69.6
69.5
69.9
69.9
72.4
72.3
69.8
73.2
70.9
134.1
99.5
70.0
71.7
72.1
70.5
70.1
66.9
72.2
65.1
65.5
68.2
67.2
70.2
72.0
75.1
72.1
70.5
73.2
75.0
73.5
72.2
75.1
75.6
73.8
70.3
72.4
71.8
68.7
69.9
72.6
72.7
74.4
72.6
72.2
70.6
69.0
67.1
68.8
65.5
67.6
67.1
65.3
67.7
66.0
67.0
63.5
63.9
70.5
70.6
71.3
70.7
70.5
70.7
69.9
66.9
72.3
70.1
62.4
70.3
67.4
70.4
70.2
72.3
73.2
71.3
74.8
73.8
76.9
74.7
74.8
74.9
70.4
67.8
65.9
65.4
71.0
74.2
74.0
75.3
69.9
71.7
74.4
76.0
75.8
74.1
71.5
73.3
72.1
70.0
71.1
68.7
70.6
69.6
68.5
65.2
68.6
67.8
69.3
68.1
68.9
67.8
71.0
72.8
67.2
66.0
68.7
69.4
67.0
69.7
71.4
69.3
68.9
68.7
70.0
70.0
70.7
71.3
72.3
70.6
71.0
67.8
71.9
70.6
71.5
67.6
67.1
69.3
67.8
70.8
72.0
72.5
72.6
70.7
72.2
73.1
74.2
73.1
73.3
73.0
72.3
72.4
70.8
70.0
70.8
72.4
73.4
72.8
70.2
69.9
72.6
73.4
72.6
73.6
72.3
72.7
73.6
73.9
74.5
74.4
73.0
72.4
75.1
76.6
77.1
77.5
73.1
75.0
72.9
75.9
76.7
77.6
76.5
73.3
67.2
68.1
69.3
72.9
75.1
75.5
75.2
72.9
73.8
74.3
72.1
72.5
71.7
72.5
72.6
72.0
73.6
74.1
73.3
72.3
71.8
71.0
71.4
71.7
72.7
70.5
70.4
69.3
64.2
69.1
61.9
67.4
66.3
69.4
68.2
72.9
68.4
71.6
71.8
74.1
71.2
69.5
71.3
72.1
64.9
69.8
75.7
75.2
73.6
72.4
71.8
67.6
129.5
137.7
101.7
87.9
72.0
73.4
73.9
73.5
73.1
74.6
72.5
72.4
72.1
70.2
71.8
73.3
72.8
72.3
73.0
73.4
71.7
72.2
73.7
72.9
69.9
73.3
74.4
75.4
74.8
67.2
70.8
69.6
70.1
72.4
72.3
71.7
72.0
70.8
68.1
67.1
65.0
67.0
60.4
59.1
57.5
58.2
56.0
57.0
57.4
56.9
55.7
56.7
57.0
56.4
55.4
56.4
53.8
54.8
55.0
49.7
51.9
58.4
57.2
54.7
56.3
60.1
59.9
61.5
60.7
60.6
62.1
63.2
60.5
60.9
60.2
63.6
64.5
58.8
58.0
61.1
48.3
56.6
63.9
65.8
66.5
66.0
66.0
66.3
59.9
63.0
63.8
64.4
62.1
64.1
59.0
62.4
65.5
66.7
65.0
65.9
67.7
68.2
68.1
65.6
66.4
64.9
69.5
72.4
72.0
64.3
64.9
67.1
66.9
68.6
69.9
71.8
71.0
72.0
70.8
72.1
72.6
73.0
70.4
71.9
66.9
65.7
73.9
76.6
78.3
78.1
76.8
70.2
71.6
71.8
71.7
71.1
68.7
69.3
68.9
67.0
66.4
64.7
68.5
68.2
68.7
74.2
72.7
72.2
74.4
75.3
74.4
74.7
75.4
72.4
65.5
66.7
65.1
66.9
68.0
68.0
67.9
68.4
67.6
68.9
69.7
68.4
70.1
69.7
69.7
70.5
70.5
70.1
71.3
71.7
71.6
71.8
72.8
73.2
73.1
71.4
71.1
71.5
71.1
72.4
73.0
72.8
73.1
72.5
72.9
71.3
72.4
73.5
72.5
72.1
71.7
72.2
72.4
73.0
72.3
72.5
72.9
72.6
73.1
73.8
72.0
72.9
72.6
73.3
72.9
72.7
72.5
72.4
72.2
72.4
72.0
72.4
72.6
73.0
68.8
78.0
132.0
110.9
76.3
77.4
74.4
74.9
117.8
90.8
79.3
76.7
77.3
74.6
76.0
74.0
72.9
73.2
73.9
76.0
76.7
77.3
76.7
77.7
77.1
75.9
75.7
76.3
76.8
77.2
77.6
77.8
77.5
76.9
78.2
65.3
71.0
70.0
71.2
70.7
72.0
71.0
71.4
70.5
70.8
70.6
71.1
72.2
72.0
73.0
71.9
72.3
69.4
68.4
70.2
69.7
70.9
71.3
72.7
72.8
72.1
72.5
72.5
70.5
70.6
71.8
71.9
66.0
74.0
74.1
72.0
72.3
70.5
73.6
73.8
74.8
76.0
74.7
73.5
74.8
72.8
74.9
73.3
74.1
75.1
74.9
74.6
74.4
73.8
71.6
73.5
73.1
71.8
58.8
68.5
68.0
67.4
68.4
68.2
69.4
68.2
68.2
67.5
69.4
69.5
68.2
68.9
68.8
67.9
66.4
66.1
67.3
67.5
65.8
65.8
65.9
66.9
67.1
66.8
66.9
66.6
65.7
65.1
65.8
65.5
65.0
65.6
65.5
62.8
64.3
63.3
64.4
64.6
65.1
65.9
65.8
66.7
67.1
66.9
69.0
67.4
69.6
69.7
69.3
69.6
70.1
70.7
67.4
70.0
67.5
65.2
52.8
63.7
68.7
71.1
73.7
73.6
71.8
74.1
72.2
66.9
69.0
72.4
71.0
71.9
71.6
66.7
70.9
71.2
72.5
70.9
71.7
72.6
69.6
72.5
72.3
72.7
70.9
70.2
69.3
71.7
71.5
71.6
72.4
72.1
71.9
71.7
72.1
71.9
71.8
72.2
71.6
72.6
73.2
69.8
72.7
74.6
77.3
77.3
76.8
76.5
75.1
75.1
75.1
74.8
73.9
74.1
73.7
73.6
73.4
74.2
73.7
73.9
73.8
74.0
73.9
73.5
72.8
74.8
75.2
75.6
75.1
74.6
73.9
74.2
74.3
73.3
72.9
73.8
63.1
67.2
71.7
72.3
73.6
72.9
72.4
71.1
69.9
71.2
68.0
69.4
70.6
70.9
73.2
69.7
72.5
72.5
70.7
68.0
64.4
68.9
66.4
67.1
168.8
225.0
157.9
88.6
72.3
72.8
70.2
72.1
77.0
74.6
75.2
76.9
75.2
75.0
74.4
75.6
73.1
71.8
72.6
73.6
69.6
69.4
70.0
68.4
70.6
71.0
72.2
73.4
73.5
72.6
72.6
72.9
73.2
73.0
72.6
73.1
72.4
72.6
71.5
72.1
72.1
71.0
70.7
71.2
71.5
71.4
70.4
71.4
64.4
67.9
67.9
67.6
67.4
67.6
66.6
66.8
66.3
65.3
65.8
66.3
66.6
66.8
66.6
67.1
66.8
67.8
65.4
67.0
66.3
67.0
67.3
67.7
68.1
68.8
68.6
62.7
61.0
64.8
64.6
65.4
64.3
60.2
63.9
65.9
59.6
67.3
68.7
66.6
68.2
69.7
68.7
69.6
69.1
68.8
69.1
63.3
71.6
74.3
72.6
73.6
72.1
73.7
70.9
67.5
72.5
70.5
65.9
66.8
69.9
71.3
72.6
72.0
70.1
73.1
71.9
70.8
69.3
69.0
67.8
67.4
67.4
66.4
66.6
67.3
65.9
66.2
62.1
62.6
62.7
63.2
63.9
65.8
67.3
69.5
71.4
71.2
71.5
70.3
70.1
70.7
71.2
70.5
70.4
71.4
72.0
70.2
71.8
71.7
69.8
73.4
70.8
71.5
72.9
69.0
70.9
71.1
71.1
70.0
70.9
69.1
68.6
69.0
69.0
68.8
68.8
68.9
70.0
69.7
70.4
69.6
70.6
71.5
68.3
71.0
67.3
68.8
67.9
73.1
69.8
72.4
71.9
71.1
73.6
72.5
73.3
71.4
71.6
68.4
70.9
71.1
69.0
72.2
71.4
70.8
71.1
69.0
71.0
71.5
71.9
72.2
71.2
70.4
70.4
69.6
69.4
70.2
69.2
65.1
65.7
61.7
64.4
67.8
71.9
60.6
75.3
76.5
77.4
79.1
77.3
77.8
75.6
76.9
71.6
76.9
77.2
76.1
73.8
80.0
92.6
77.0
78.9
77.9
78.2
78.9
79.9
78.3
77.6
72.6
75.5
65.7
66.8
74.1
76.4
76.0
73.1
75.5
76.5
76.9
76.5
65.0
70.1
69.0
71.6
73.1
71.3
67.8
70.2
72.0
65.9
61.0
70.4
71.8
70.3
75.0
68.1
66.1
68.6
70.8
75.2
73.4
74.2
74.1
77.0
72.9
66.9
64.9
68.3
71.1
69.9
69.0
68.9
69.2
72.2
64.7
69.3
66.6
73.4
70.3
70.6
72.3
69.1
67.7
66.4
73.1
71.3
67.6
72.3
72.4
71.0
70.7
71.7
70.6
68.3
65.0
67.5
68.3
68.7
67.9
68.3
68.1
69.3
63.4
65.5
66.0
64.5
67.3
63.9
67.3
72.1
73.4
70.6
78.4
72.7
73.6
71.9
70.3
73.2
72.3
72.8
69.6
72.0
73.6
74.4
75.1
70.6
69.6
69.7
67.5
88.1
80.4
69.4
68.9
68.1
69.8
71.1
72.6
71.9
71.0
71.9
71.7
70.8
73.0
72.6
73.1
73.5
70.5
72.0
73.3
69.5
73.5
71.9
72.8
70.6
69.9
73.9
71.7
74.9
73.2
74.9
75.6
73.9
76.6
75.9
74.8
77.4
73.7
74.4
76.4
81.6
77.9
80.1
77.3
75.8
75.2
75.4
75.6
74.8
74.7
75.8
74.8
75.9
78.1
76.4
78.9
80.7
77.8
81.0
80.2
80.9
84.1
81.9
80.4
82.1
77.6
80.9
79.8
83.3
79.4
78.3
79.6
77.5
79.5
80.5
78.6
80.5
82.9
82.3
80.5
82.8
82.3
83.0
82.3
82.0
85.2
85.4
82.8
83.8
83.4
81.8
83.4
83.9
80.8
81.2
82.3
82.4
82.1
87.5
81.4
79.8
79.3
78.4
75.1
74.5
79.3
78.5
79.7
80.1
80.4
80.4
78.2
79.1
80.7
79.0
75.7
79.6
81.8
78.3
81.6
81.0
78.1
78.8
78.5
81.2
84.1
87.8
82.7
82.7
85.1
87.9
88.6
90.5
89.1
87.4
85.3
84.8
91.1
87.3
86.0
85.3
91.0
88.8
83.3
83.0
80.5
79.6
80.6
79.5
80.4
84.0
82.7
80.9
83.7
82.3
81.3
79.8
79.7
79.7
80.7
81.7
80.8
80.3
80.8
78.1
77.6
77.6
78.2
76.4
78.7
76.5
80.9
81.4
82.1
83.8
86.5
87.6
90.5
87.6
88.0
87.0
85.9
84.4
84.5
80.5
83.4
81.0
82.4
83.1
78.4
77.1
79.5
80.8
80.1
76.8
74.0
80.1
80.6
79.7
79.5
79.8
78.8
78.2
76.5
77.6
81.0
81.0
81.2
84.0
83.6
84.4
84.4
82.5
81.6
83.5
77.8
79.5
77.2
79.9
77.9
80.1
77.7
77.1
79.5
80.1
77.4
78.8
79.2
82.1
81.4
81.5
85.8
79.9
78.2
81.1
79.3
80.6
82.0
79.6
81.2
78.8
81.6
78.4
80.5
81.8
74.1
76.0
82.4
78.7
77.9
78.7
85.9
84.9
82.6
75.7
71.6
74.8
83.2
81.1
70.8
74.7
78.1
79.1
82.7
79.1
79.7
79.6
81.3
84.7
82.1
83.8
82.6
81.6
82.6
82.3
80.5
82.9
83.1
85.6
87.0
88.9
90.6
90.3
88.6
91.4
86.7
82.1
85.6
82.3
81.9
88.3
89.8
86.2
79.9
85.4
82.8
89.1
89.2
88.7
89.4
88.3
88.7
83.1
85.9
83.9
84.3
83.4
84.8
85.0
84.5
88.6
87.1
91.4
93.6
91.1
90.0
86.7
85.4
85.0
88.2
88.2
87.7
89.5
90.3
88.7
89.5
88.8
91.0
88.7
88.2
89.9
82.7
83.2
83.0
81.3
78.4
85.1
83.7
82.4
74.4
74.1
79.3
80.3
80.1
79.2
78.9
79.5
78.4
79.4
80.6
81.2
80.7
80.5
79.5
80.3
81.2
78.3
78.9
81.0
80.0
79.3
79.7
146.4
168.8
145.0
77.5
81.0
81.1
80.6
80.9
80.0
85.9
85.2
82.0
75.0
79.3
77.9
78.1
81.3
78.2
79.8
81.0
79.6
78.4
78.3
78.0
79.6
79.6
76.2
75.6
78.7
80.3
76.1
76.6
76.4
75.0
77.7
79.0
79.1
80.6
71.7
67.0
81.3
85.2
83.1
81.5
76.0
73.4
68.2
66.4
66.0
66.9
64.5
63.8
61.9
63.2
60.0
61.1
58.4
62.0
60.9
59.4
60.1
57.6
57.9
59.5
54.9
58.5
59.2
58.7
57.8
59.4
58.7
56.5
56.7
81.6
70.2
55.4
56.9
57.3
58.0
57.5
56.7
56.6
57.9
58.8
61.4
62.6
63.3
58.9
61.1
61.1
60.1
65.1
65.1
63.8
64.2
64.5
62.9
63.6
62.3
61.7
62.6
62.9
62.9
62.0
64.4
62.9
62.8
67.5
62.4
55.2
61.1
64.0
65.0
66.3
71.0
69.7
72.1
71.4
70.3
71.4
70.2
72.6
69.9
69.9
70.7
71.0
70.4
70.1
70.4
71.4
70.2
71.1
71.0
72.2
71.0
71.0
69.9
70.2
71.4
72.1
70.6
69.4
71.5
71.3
70.2
73.0
72.3
71.8
69.8
68.8
72.0
73.2
72.5
74.3
72.6
73.1
73.0
72.9
72.4
73.6
74.7
72.1
68.3
71.3
72.4
72.0
72.4
72.0
72.4
73.3
74.7
71.8
71.8
69.5
69.5
67.7
69.3
68.4
67.8
67.1
65.6
66.9
65.7
65.6
68.4
66.6
68.9
68.4
69.0
68.8
69.7
69.7
69.6
68.5
69.9
70.7
60.9
65.5
67.4
69.2
68.3
68.4
71.3
71.2
68.8
67.2
67.4
67.6
65.9
68.6
69.5
71.2
68.4
70.7
69.4
69.9
69.8
70.1
69.2
69.9
68.8
68.2
68.1
66.9
71.1
67.2
67.1
67.8
68.4
67.9
67.7
67.0
67.1
69.2
67.2
66.3
65.1
65.5
68.4
68.5
68.1
68.6
67.6
69.3
68.9
68.0
67.2
67.5
67.3
67.4
62.4
49.6
55.7
53.2
58.9
63.5
63.2
65.4
66.0
66.7
68.5
68.4
70.0
74.0
72.0
74.5
73.0
70.7
70.5
73.3
74.5
70.2
75.9
75.6
74.9
75.0
75.9
74.3
78.5
80.9
81.6
83.1
81.9
79.7
80.5
75.1
71.4
80.2
83.2
76.4
76.6
76.4
71.7
74.1
78.7
78.3
86.3
88.2
97.3
90.1
86.6
70.7
76.7
76.1
82.6
86.9
84.8
85.6
76.9
81.6
76.6
79.9
81.9
84.3
79.5
80.7
80.6
78.5
78.0
75.6
74.3
70.0
69.5
71.9
67.8
66.7
69.6
66.1
68.3
68.0
68.7
75.0
79.6
76.8
72.6
68.1
69.2
69.2
66.9
65.4
61.3
64.1
63.5
63.8
65.9
67.0
66.6
72.1
72.3
71.4
71.1
74.3
73.4
71.0
69.5
66.9
67.3
66.2
65.9
63.7
63.4
63.3
64.5
63.7
61.8
62.4
61.9
61.8
60.6
63.8
62.7
60.4
59.9
59.2
58.5
63.6
65.7
64.1
61.5
63.3
62.2
59.9
62.3
61.0
61.6
62.4
62.8
63.3
67.7
67.6
70.0
68.1
66.9
64.8
59.6
63.1
65.9
63.9
61.3
62.9
60.3
61.8
60.4
60.0
60.5
59.1
61.0
59.6
60.3
60.2
61.9
59.2
59.7
58.9
58.9
59.8
60.5
59.6
59.8
60.9
60.6
58.5
60.3
65.3
63.6
64.9
66.0
66.5
65.6
66.3
66.7
66.3
63.1
57.6
63.7
63.9
65.1
67.6
67.1
66.5
69.8
67.0
70.1
69.0
67.2
65.2
65.8
65.9
65.3
65.1
61.7
60.6
64.5
59.7
58.1
61.7
60.2
58.8
63.4
67.3
67.7
65.2
66.5
64.6
61.2
57.0
56.4
57.8
60.7
61.5
64.0
62.7
60.4
61.1
62.7
62.1
62.0
63.0
64.2
62.2
61.8
63.3
63.4
63.8
63.5
64.0
64.4
63.3
64.3
63.7
64.7
61.5
61.4
62.8
64.1
62.1
62.4
63.3
54.7
48.8
51.6
52.4
52.5
50.5
47.5
47.4
48.1
45.3
44.7
57.7
58.1
56.4
56.4
57.8
57.8
59.1
58.3
57.8
56.8
56.0
58.8
57.5
58.7
60.5
58.6
59.8
57.7
58.2
55.8
55.3
56.6
53.5
54.5
54.9
53.9
53.3
54.4
52.4
54.5
51.3
53.8
54.7
54.0
54.7
53.0
53.5
54.5
52.2
55.7
52.5
55.4
53.5
50.1
55.1
55.1
54.3
53.6
53.6
53.0
56.3
57.1
52.0
51.7
55.3
54.8
55.4
57.2
56.6
55.6
54.6
54.2
54.1
55.1
55.7
57.0
55.4
53.7
53.0
54.9
57.0
57.4
57.6
57.3
59.1
61.0
61.0
60.4
58.6
59.8
58.7
58.4
57.1
56.9
56.1
57.1
59.0
60.8
59.4
60.4
61.0
60.4
59.3
58.7
58.9
57.2
58.0
52.8
57.1
58.7
58.6
57.8
58.2
58.8
60.8
61.7
62.6
61.7
62.1
62.2
61.0
61.6
61.4
62.4
61.9
62.0
62.4
62.0
62.8
62.3
62.7
61.5
62.8
64.0
62.5
62.8
63.1
58.3
61.0
61.9
62.6
63.5
62.8
61.3
59.7
61.2
62.9
64.0
62.2
64.6
62.4
60.3
64.4
67.2
66.9
66.8
64.9
67.3
65.8
66.1
64.0
65.4
67.3
67.6
66.9
65.6
66.7
66.7
64.3
65.4
67.9
67.5
66.4
65.7
65.2
64.6
64.3
62.8
64.2
64.9
62.2
66.5
66.0
66.1
65.9
64.8
64.4
64.9
64.7
64.3
64.5
63.5
64.3
64.7
63.4
65.1
65.4
65.6
65.5
65.8
65.9
65.7
67.3
66.2
66.3
66.7
66.8
66.3
66.2
64.6
64.6
63.8
67.2
64.3
66.0
65.3
65.6
67.0
62.4
62.9
62.7
62.8
63.9
63.3
63.5
62.5
60.7
58.5
61.2
62.3
63.3
61.5
62.5
62.3
62.3
61.7
62.6
62.1
59.7
60.2
60.9
59.8
59.3
59.7
59.6
60.7
59.3
60.0
59.6
58.2
58.5
56.6
57.3
58.1
59.7
59.1
59.5
59.3
59.0
59.8
60.6
58.9
59.2
62.2
64.4
64.5
64.4
65.2
63.8
64.2
63.5
62.4
62.1
61.3
60.8
61.4
60.6
58.7
60.2
59.1
62.6
60.3
61.0
60.2
60.6
60.3
60.3
60.4
59.7
60.0
60.4
58.5
60.3
60.8
60.4
62.7
63.6
61.0
63.2
62.6
63.0
64.7
66.3
67.0
65.2
65.1
65.6
64.8
63.7
62.6
65.9
64.4
64.4
64.4
62.8
63.3
61.8
62.0
62.6
61.1
61.9
62.6
62.0
62.4
63.5
65.0
64.9
66.0
64.2
63.6
63.0
63.1
61.6
62.9
61.4
61.3
63.7
59.9
121.2
226.7
139.7
61.9
61.8
61.6
63.5
67.9
67.7
69.6
66.3
66.4
69.8
69.6
69.8
67.2
68.2
68.8
68.1
68.2
63.5
62.7
66.6
65.9
52.1
63.7
62.2
64.4
63.5
63.9
63.2
62.50000000000001
64.1
64.0
63.4
63.5
62.3
63.8
63.8
63.4
61.7
63.8
62.2
63.6
64.3
64.8
67.0
60.8
64.6
64.6
66.3
64.2
65.6
65.1
65.8
64.7
63.3
65.7
64.2
64.1
65.3
64.0
63.8
61.9
64.3
62.5
62.7
65.8
66.1
65.0
63.1
63.1
63.3
62.4
63.4
60.9
62.3
63.1
61.0
60.8
61.0
60.5
59.7
60.8
61.3
59.1
65.2
66.1
68.1
66.9
66.3
66.5
67.1
66.9
68.7
64.0
65.8
67.5
66.7
68.8
68.1
66.7
65.3
67.6
66.2
63.8
66.0
66.8
66.2
64.9
66.0
65.4
67.5
67.7
69.0
68.9
65.7
68.5
66.4
65.9
65.8
64.7
64.7
65.7
66.1
66.5
66.2
60.3
64.5
63.6
61.1
61.1
54.9
60.4
63.3
62.5
62.2
59.3
67.7
67.6
69.6
70.0
71.0
68.7
68.9
69.7
64.0
66.2
71.9
76.2
72.4
75.5
76.3
73.8
70.7
68.2
66.3
64.8
63.6
62.7
63.3
63.9
64.1
64.2
61.5
64.3
65.3
64.5
64.2
63.1
65.8
69.6
68.7
68.3
66.7
66.1
65.3
64.8
63.6
64.6
63.9
64.2
63.9
65.3
60.1
60.1
56.6
65.6
70.2
61.9
62.2
59.9
59.4
62.8
62.0
70.8
69.4
63.7
64.7
67.5
66.6
65.9
64.6
66.3
65.4
66.6
66.8
69.3
68.4
65.5
62.2
54.8
63.4
65.6
65.2
66.2
65.1
64.0
65.0
61.7
58.2
59.2
61.2
63.8
54.0
59.8
64.7
62.6
44.8
54.0
61.6
59.7
56.8
54.1
57.6
58.7
58.0
86.0
79.3
57.8
59.6
59.9
60.0
59.2
62.2
65.8
64.9
60.1
61.4
62.699999999999996
61.13333333333333
61.0
60.86666666666667
60.733333333333334
60.6
60.46666666666667
60.333333333333336
60.2
63.1
60.0
62.0
59.9
59.6
59.2
62.4
61.9
61.4
60.0
61.0
60.9
57.3
57.8
58.8
58.6
58.8
56.9
56.2
58.0
57.7
53.7
53.7
58.8
61.8
59.3
60.3
57.9
56.3
58.8
59.5
61.2
62.5
63.4
62.0
60.7
59.8
59.1
64.6
62.8
64.8
66.6
65.1
63.7
65.9
66.1
64.7
65.4
63.1
64.7
66.1
63.7
65.8
66.2
65.5
68.9
70.9
73.8
68.7
72.0
69.9
72.3
73.9
75.2
74.2
70.1
72.5
73.9
65.8
67.7
66.2
69.2
71.3
69.9
66.0
69.5
67.4
68.2
68.2
68.2
72.1
73.0
67.2
71.5
70.8
71.5
71.0
70.9
74.3
73.9
73.9
73.6
73.7
71.0
72.0
71.5
73.3
72.2
71.8
72.7
73.1
73.9
71.4
72.4
74.3
73.6
76.1
76.2
73.3
73.5
73.0
76.3
74.2
73.6
73.7
75.7
74.1
73.2
72.4
70.4
70.7
71.3
68.6
69.6
72.1
72.1
72.2
71.4
70.7
71.4
73.6
74.3
75.8
79.1
78.0
80.1
80.6
79.3
81.3
83.4
81.1
80.2
80.8
78.9
79.6
79.3
78.0
77.3
80.4
78.6
79.9
78.8
81.9
78.8
78.9
79.4
78.5
79.9
77.6
77.1
73.7
76.5
77.8
78.2
78.0
79.6
78.4
76.6
78.8
79.5
78.8
78.0
78.9
76.4
77.8
76.9
76.7
78.1
79.4
78.4
74.7
76.8
76.4
75.0
73.2
74.6
72.4
73.6
75.1
74.1
75.3
73.4
74.4
73.6
72.4
71.7
72.0
71.4
71.6
73.4
72.2
72.6
71.8
71.0
71.9
73.1
71.1
72.1
72.1
73.1
70.7
68.7
68.3
71.2
71.1
73.8
72.1
71.8
69.8
68.8
69.9
73.6
70.5
71.3
69.0
68.9
70.3
71.3
71.5
72.2
73.2
73.8
74.6
74.8
74.2
73.3
72.7
71.9
72.2
72.0
73.2
72.6
72.1
71.9
70.1
72.4
69.0
73.0
72.9
72.3
71.5
69.4
70.4
69.7
69.9
71.1
72.9
72.6
72.3
74.5
73.4
71.8
73.1
70.4
73.6
74.1
72.5
72.3
72.5
74.6
70.2
69.4
65.2
65.4
66.8
66.3
66.4
62.1
64.5
61.9
64.6
63.1
63.1
68.5
71.3
71.7
68.4
71.2
70.7
69.1
68.3
65.6
55.5
59.9
64.1
64.7
64.4
64.7
64.3
64.9
64.1
62.2
62.1
64.3
64.8
64.2
62.8
60.2
65.2
62.4
64.8
63.7
63.8
63.8
59.1
60.7
57.7
59.2
58.8
59.1
58.7
60.2
59.1
57.6
57.5
57.3
58.1
58.4
61.0
61.0
58.4
60.8
60.1
56.2
58.3
60.3
57.6
54.7
57.0
54.6
55.1
56.8
55.7
56.4
57.9
56.2
60.5
59.3
58.3
58.6
57.4
56.7
55.3
55.3
56.8
58.0
57.9
55.2
59.1
65.8
60.8
60.8
57.0
62.2
60.3
62.8
63.9
61.3
61.4
64.7
58.5
55.7
58.5
57.5
56.6
56.6
56.4
52.6
56.3
53.4
55.8
55.7
58.8
63.2
58.0
59.3
58.5
55.7
56.3
55.0
54.7
57.1
56.2
54.8
56.8
55.7
57.2
58.5
51.1
54.2
55.2
54.5
54.8
56.2
56.7
57.0
57.7
58.3
55.9
54.7
58.5
52.4
52.7
56.3
54.7
55.5
56.4
56.0
55.1
56.0
56.3
56.4
55.1
53.7
56.7
59.8
58.7
56.6
58.1
59.3
57.1
58.5
55.0
57.3
55.4
58.4
57.4
55.9
57.2
55.7
57.7
58.0
56.9
59.6
60.3
58.9
61.1
61.1
60.9
60.2
61.6
61.6
61.2
58.8
61.5
57.4
57.2
60.4
63.1
63.7
65.9
66.7
66.6
66.6
64.7
61.8
61.2
62.2
60.7
58.2
60.6
59.0
57.6
58.9
60.6
63.4
65.5
59.7
62.4
62.9
68.7
67.1
66.9
68.7
67.3
68.1
69.0
65.6
55.4
58.6
65.7
65.4
81.3
80.2
76.6
82.8
94.8
85.5
82.1
80.0
79.5
73.3
71.3
71.7
71.1
69.9
69.4
69.2
68.1
68.5
67.2
66.7
63.7
63.9
65.1
62.4
58.3
60.3
66.7
66.7
69.1
68.4
67.2
66.5
68.2
61.7
61.9
66.2
67.7
68.0
73.5
80.1
76.3
82.6
84.8
83.2
76.8
75.1
72.2
77.2
78.0
72.5
75.1
77.5
76.1
75.3
75.2
78.1
75.4
75.7
75.3
75.6
72.7
70.8
69.8
68.4
69.3
69.1
68.9
67.0
65.7
68.5
66.4
72.7
77.5
78.3
77.4
79.0
77.7
77.4
76.4
71.1
52.9
71.0
71.0
65.4
70.1
73.9
72.1
73.3
72.6
71.1
74.4
74.3
72.5
71.5
72.0
77.8
78.4
77.7
72.4
69.0
70.6
71.0
70.9
71.4
71.1
71.5
69.9
69.0
69.8
72.4
73.6
72.1
73.3
72.5
72.6
71.4
72.5
73.1
71.2
64.2
82.7
70.9
70.5
67.9
69.8
69.2
68.5
64.0
60.1
62.8
64.1
63.6
65.1
65.8
64.0
64.3
65.4
66.6
64.8
70.6
71.4
70.1
68.3
60.1
61.9
60.6
61.1
60.9
61.7
61.7
62.2
67.4
68.4
70.2
66.8
65.6
65.6
65.0
65.2
64.0
64.9
64.6
63.7
63.5
65.5
68.2
72.1
71.5
72.9
73.3
72.6
70.9
66.1
73.6
68.0
69.2
72.2
70.8
71.0
64.8
64.7
64.7
66.1
66.1
67.5
66.4
66.3
66.6
67.9
66.7
66.2
67.6
65.5
66.4
66.3
65.9
66.6
65.3
66.8
65.4
66.3
67.4
55.6
47.2
49.7
59.4
64.0
66.5
68.3
66.8
67.8
63.4
71.8
74.2
75.5
75.5
75.0
74.8
73.2
73.2
73.5
73.5
71.1
73.0
74.0
74.2
70.1
71.4
69.7
70.0
72.7
74.0
73.4
73.4
75.4
74.7
71.9
73.2
73.4
72.5
68.1
66.2
65.5
68.0
66.4
67.1
68.8
68.3
69.2
71.2
68.6
68.7
70.9
69.2
68.2
66.7
66.1
63.6
65.6
64.8
62.2
62.7
66.0
68.3
69.9
69.5
70.1
69.4
74.5
72.8
71.1
71.9
55.0
54.7
57.8
59.0
58.4
61.7
58.9
59.8
61.0
63.8
63.3
66.5
67.0
66.7
66.4
64.5
64.0
63.9
63.5
61.4
61.4
61.4
62.9
62.3
62.2
63.3
64.5
64.1
62.8
62.7
64.3
62.5
61.0
61.8
62.4
58.7
59.5
60.4
61.4
62.2
63.7
64.4
63.0
62.1
63.7
63.6
56.6
60.2
65.2
63.3
63.8
64.1
63.1
61.3
65.5
66.6
66.3
67.0
67.0
66.1
69.0
65.2
65.5
65.1
67.9
69.5
64.1
66.4
65.6
65.2
67.7
71.2
72.4
72.8
72.3
72.0
72.4
71.3
71.4
72.6
72.2
70.9
70.6
71.2
70.8
71.2
71.0
71.9
72.0
72.1
71.7
73.0
72.8
73.5
73.3
73.6
68.6
71.3
71.4
71.4
70.0
70.3
69.4
65.9
68.1
68.6
67.5
68.3
67.4
67.2
65.8
65.7
66.5
66.9
67.4
68.3
68.9
68.2
67.1
68.2
69.0
69.2
69.0
68.0
70.3
69.7
68.8
69.9
69.9
69.9
71.6
76.4
71.4
69.5
70.3
67.9
67.1
71.4
66.8
68.7
70.0
71.4
76.7
77.2
72.7
72.7
74.2
76.6
74.2
71.2
70.9
69.5
69.1
68.1
68.2
66.7
65.9
64.5
65.9
65.1
65.8
64.9
64.5
63.7
64.6
64.0
65.1
64.8
61.6
62.0
62.5
62.6
61.2
60.2
60.7
60.3
60.7
60.6
62.0
60.4
60.5
60.3
60.7
61.5
61.0
61.3
60.0
61.8
61.6
59.9
61.0
60.7
60.5
60.4
60.1
59.1
59.4
58.5
61.5
61.6
61.9
61.6
61.6
62.4
62.4
60.6
60.3
60.3
60.6
59.5
61.1
61.1
60.3
61.2
60.6
62.9
63.2
62.5
62.1
60.8
61.5
61.5
61.1
61.1
59.1
61.0
62.2
61.8
61.9
61.0
62.0
62.0
61.4
61.2
60.8
63.9
67.8
65.3
68.0
66.3
65.5
64.8
67.6
64.3
64.0
62.4
63.6
63.0
65.0
63.5
61.3
60.1
60.3
62.8
60.8
59.6
59.4
59.8
62.2
60.6
62.1
60.4
59.9
59.8
60.3
60.4
61.9
59.9
60.6
61.6
60.4
59.5
59.6
58.7
60.3
63.3
66.8
67.4
67.1
64.6
65.0
62.3
61.3
61.3
61.1
60.5
61.1
62.1
62.3
63.0
63.6
64.6
62.9
62.2
62.3
61.0
62.8
62.3
62.5
62.9
62.0
62.9
62.6
62.1
62.5
63.0
63.4
62.0
63.1
63.8
65.1
65.7
64.8
67.6
68.0
65.9
68.0
68.2
68.4
69.0
69.3
68.6
67.6
53.0
54.9
55.8
56.8
58.0
59.1
59.5
60.1
60.9
61.6
63.4
63.1
63.2
63.4
64.2
64.5
63.8
63.3
64.1
63.0
64.2
63.5
63.1
63.4
64.0
63.6
62.9
65.3
64.5
64.9
64.3
64.9
65.1
65.4
65.3
65.6
65.4
65.1
64.7
64.0
63.3
65.1
191.3
186.3
127.4
65.6
62.6
65.1
65.4
63.1
63.5
65.0
62.7
64.6
62.4
63.5
63.7
64.7
62.8
63.8
64.8
62.7
62.1
65.0
63.1
61.9
60.7
63.0
67.3
66.6
69.1
68.4
70.2
66.6
67.5
67.9
67.4
65.7
65.8
65.2
63.1
64.3
63.1
64.7
64.3
63.9
64.5
63.5
64.7
64.8
65.1
66.1
66.2
66.8
65.5
65.6
66.1
67.8
66.4
67.9
67.8
67.5
66.6
66.7
68.0
72.7
69.9
70.4
70.7
69.5
72.0
70.1
69.8
70.2
69.7
66.8
70.9
68.8
69.7
68.6
71.9
70.6
70.8
70.8
66.1
65.8
64.8
65.9
64.0
65.7
67.0
61.3
72.3
71.6
70.8
71.0
70.3
71.5
64.7
69.8
70.3
70.8
70.6
70.3
67.9
68.1
62.4
63.3
64.9
66.1
67.6
67.3
67.6
67.9
67.7
66.7
65.6
67.8
65.4
68.6
66.9
67.2
69.4
68.5
68.1
68.3
67.3
66.3
67.1
66.8
67.1
65.3
66.5
59.8
61.0
64.0
64.7
62.9
63.1
62.8
62.0
63.4
64.7
65.3
65.6
65.9
66.5
65.6
68.1
64.2
66.3
69.9
70.7
68.6
67.2
69.5
68.1
68.2
66.2
66.7
61.5
63.7
66.1
65.9
66.2
65.8
66.7
66.3
66.6
64.4
64.5
61.7
62.0
65.7
67.0
66.7
65.7
66.9
63.9
66.1
63.4
62.8
66.6
67.0
64.6
67.1
67.1
65.0
68.2
67.5
63.3
64.0
63.5
63.0
67.4
72.9
71.9
69.1
71.6
60.9
61.3
64.1
64.5
65.7
61.7
65.7
64.6
65.3
64.5
62.7
61.6
63.1
62.3
65.6
63.4
64.3
64.3
63.5
63.3
65.0
65.9
71.3
70.7
69.4
69.9
70.4
68.8
67.5
67.9
68.8
69.5
67.7
67.9
67.7
70.7
70.0
71.1
70.4
67.6
69.9
66.0
64.5
68.3
66.4
64.4
65.3
65.7
62.8
61.8
61.0
55.4
60.2
53.2
60.0
55.1
64.5
63.7
61.3
63.8
64.4
64.8
64.7
64.5
63.3
63.7
64.5
66.5
66.7
65.0
70.4
71.6
69.7
69.9
70.1
70.0
68.0
66.9
61.9
62.4
67.4
71.2
61.0
62.8
61.5
65.6
63.1
64.4
58.6
61.7
67.6
58.2
60.2
57.7
62.7
58.2
63.7
65.3
59.5
68.3
78.3
78.2
79.5
74.4
69.8
58.0
66.4
65.5
65.0
66.6
65.3
63.2
60.8
60.8
57.7
61.1
61.0
62.3
62.8
56.2
50.6
57.0
63.6
64.2
66.8
75.9
74.2
71.7
76.4
81.2
73.8
73.6
75.8
75.7
73.6
68.6
68.5
70.1
68.3
66.1
69.2
69.9
66.3
72.0
71.6
68.6
65.9
68.4
69.1
65.0
71.2
67.8
68.0
67.7
68.1
65.4
68.7
70.7
69.4
70.1
68.5
70.0
68.9
67.9
70.2
70.2
68.4
70.1
72.0
68.0
66.6
69.5
67.5
68.7
68.5
68.5
66.8
65.1
67.1
67.3
66.0
65.2
67.0
66.5
67.5
66.9
65.3
66.6
66.6
66.6
68.5
69.7
70.7
72.1
71.8
73.5
66.3
68.6
64.2
69.1
72.1
71.1
69.9
69.3
67.0
65.8
69.4
69.3
64.0
64.0
67.8
65.0
70.7
71.9
69.0
71.3
70.4
71.0
74.3
72.4
72.5
70.4
73.1
70.2
70.3
67.5
67.1
71.2
71.2
73.8
74.4
71.5
63.7
66.4
73.5
76.5
75.6
76.4
76.9
70.7
68.5
71.9
69.0
69.5
68.6
68.6
71.6
71.0
67.9
64.1
63.1
64.8
68.5
64.9
64.9
66.7
69.0
66.3
67.5
65.7
68.1
66.7
68.2
74.7
68.6
73.4
74.8
74.0
74.8
72.5
72.3
74.5
76.8
75.2
74.5
75.2
68.2
68.0
70.8
72.8
73.1
72.1
79.2
73.4
74.1
70.5
72.4
71.3
70.2
68.0
69.8
77.4
74.7
69.7
70.6
71.2
71.5
73.1
71.1
74.3
73.9
71.7
72.6
74.4
73.6
74.8
72.0
69.9
69.1
67.6
69.1
71.1
68.8
70.0
72.4
72.0
71.0
74.1
70.9
68.8
69.6
69.5
71.5
76.3
75.9
73.3
70.3
71.5
69.7
70.3
70.8
73.0
73.3
71.9
70.2
64.7
68.9
69.4
65.6
67.7
67.7
68.4
68.8
70.1
73.4
72.7
69.9
71.3
69.7
69.4
73.6
70.6
70.6
70.6
72.8
77.2
75.6
77.9
78.3
75.9
70.6
67.6
66.0
67.0
67.0
68.1
67.1
65.8
76.4
80.6
69.8
74.6
75.8
79.2
79.9
79.6
79.3
78.1
75.3
76.2
75.4
73.9
72.6
74.8
73.8
73.3
73.7
74.8
71.1
70.6
69.4
71.7
72.8
73.3
63.0
70.6
74.1
78.0
70.5
75.2
72.8
70.6
65.9
71.8
70.9
72.5
74.7
73.9
73.7
75.9
75.4
75.3
76.5
76.5
73.2
74.8
76.3
74.3
79.0
78.2
73.8
73.4
76.4
75.2
72.6
76.8
74.4
74.5
76.0
76.9
76.5
75.9
76.6
76.6
72.5
73.4
72.9
76.0
72.5
70.3
72.6
73.9
73.8
76.5
76.5
78.0
77.5
76.3
77.9
76.1
76.4
75.3
76.6
77.7
76.8
73.8
72.3
74.3
74.2
73.7
74.1
72.2
70.3
73.2
74.8
73.5
75.4
67.7
74.0
74.9
74.6
74.7
74.7
73.9
75.3
74.9
74.2
74.8
72.5
74.2
73.7
74.4
73.9
72.6
71.5
71.5
73.4
72.2
68.3
69.8
73.2
77.6
68.1
74.3
71.9
77.1
75.7
76.4
76.8
73.6
70.2
70.2
66.7
68.8
73.9
69.9
71.1
71.4
71.9
72.2
71.2
70.7
72.3
73.5
75.6
72.8
74.4
74.6
74.1
74.7
71.9
73.9
70.8
72.7
68.2
63.4
56.8
70.3
74.0
76.8
71.2
71.3
70.3
69.5
73.4
74.1
74.5
74.1
76.8
76.3
73.9
77.6
76.9
78.5
77.2
77.4
75.3
75.7
79.9
81.6
79.2
79.2
84.6
82.3
84.0
85.0
84.2
75.1
74.6
66.5
79.8
92.8
79.7
83.7
83.4
82.2
82.4
80.5
79.2
80.9
79.5
80.7
79.7
79.6
77.9
122.3
111.8
77.4
77.1
76.8
79.9
85.1
91.1
91.1
113.0
80.8
80.0
76.7
77.6
80.2
77.7
78.3
80.1
81.3
80.5
81.4
84.1
92.4
90.7
85.8
94.4
107.8
93.1
83.2
81.7
81.4
76.9
73.7
75.4
72.7
75.0
75.7
75.2
74.2
74.4
74.5
75.2
74.3
71.8
72.2
73.8
69.6
68.9
82.8
70.8
71.2
77.1
81.4
83.0
79.3
77.0
70.9
65.1
70.0
72.4
71.0
68.6
70.8
71.0
72.4
71.0
69.8
70.7
72.7
74.5
73.3
73.3
74.4
71.0
63.8
67.0
65.3
72.0
72.9
72.8
60.2
68.9
66.7
68.2
69.9
68.3
67.7
69.0
72.6
71.4
74.7
74.0
74.0
68.8
69.0
69.4
71.6
68.6
67.5
71.2
73.0
72.4
71.8
70.4
73.1
76.0
73.8
72.8
73.9
73.7
69.2
66.3
68.8
69.2
71.1
69.7
69.3
69.5
74.7
75.4
74.6
70.2
72.0
69.8
70.1
73.5
72.9
71.1
73.1
73.0
72.0
71.1
74.5
74.3
70.5
68.1
68.9
71.5
71.7
70.0
70.1
71.9
70.6
70.9
70.7
69.3
67.9
67.6
64.7
69.9
69.6
66.7
70.2
68.4
70.0
66.9
65.9
72.2
66.4
67.3
68.2
69.0
70.4
70.2
70.0
70.6
71.5
71.5
67.7
73.1
75.6
75.6
74.6
73.3
72.7
73.6
69.7
72.8
125.2
68.0
78.8
79.2
80.0
79.8
79.1
78.5
82.0
77.1
0.4
66.0
69.5
69.3
69.8
69.3
69.7
67.4
69.9
69.0
67.5
68.7
68.6
68.2
67.2
66.5
66.9
67.3
67.4
67.50000000000001
