59.8
59.4
59.5
58.3
59.2
58.6
59.5
62.0
64.4
62.2
204.1
88.8
51.3
54.1
51.0
49.3
50.3
50.8
52.9
55.4
57.8
58.5
58.4
57.5
57.0
56.4
56.0
55.8
53.9
54.3
57.6
60.1
70.7
126.0
140.3
139.8
121.2
102.0
97.8
78.1
77.8
74.3
70.0
65.3
62.9
57.7
53.8
57.0
57.0
53.6
54.0
52.7
59.2
63.5
59.8
60.9
66.9
57.4
56.2
58.6
65.1
69.3
73.3
76.5
74.8
70.0
65.5
62.2
64.0
67.4
70.7
71.6
72.0
73.1
69.7
66.5
63.3
59.1
56.3
52.6
53.4
51.4
56.2
61.0
63.2
66.0
66.5
69.2
68.0
68.2
69.8
70.3
72.3
72.5
73.4
73.9
73.9
73.7
73.7
73.0
72.1
70.8
89.2
104.0
66.6
64.2
60.6
53.9
53.8
59.2
68.2
70.7
73.9
77.9
77.9
76.3
75.6
75.7
75.6
74.2
76.5
77.8
81.0
80.2
80.7
78.1
76.8
72.6
70.4
70.0
68.9
73.0
67.9
66.9
66.9
68.6
63.4
61.4
56.5
54.3
54.0
56.3
60.1
64.8
70.2
74.8
74.8
75.9
76.2
76.4
76.6
76.5
75.4
73.7
71.4
70.6
72.5
66.4
63.1
65.8
69.3
72.4
73.2
73.1
69.0
72.9
74.5
76.1
72.8
72.8
71.3
70.3
69.8
71.0
72.1
71.2
72.2
72.0
71.0
69.5
70.7
71.1
72.6
70.5
70.1
68.1
68.7
73.0
73.4
72.6
71.6
72.1
71.9
71.6
70.5
70.4
69.7
69.8
68.4
66.5
64.2
63.4
61.7
56.9
60.4
59.9
62.2
59.1
56.7
55.1
57.9
76.2
67.4
55.9
56.9
58.3
59.5
58.3
57.0
69.2
98.3
100.0
96.1
90.8
84.0
75.3
70.3
68.5
62.9
58.8
57.3
60.9
80.6
79.8
78.0
73.0
66.2
62.9
63.6
61.2
59.1
56.1
55.5
54.7
53.3
53.8
51.4
52.0
53.3
53.5
54.6
53.9
54.4
55.6
62.2
66.5
60.8
64.7
65.4
61.8
62.1
60.6
59.1
56.2
56.9
56.8
55.7
53.5
51.2
51.9
54.6
63.3
56.5
53.4
52.7
54.7
59.9
69.4
74.7
79.4
80.3
80.7
80.8
80.7
80.1
81.5
79.3
79.1
77.7
79.5
78.8
78.4
80.4
77.7
77.0
76.0
71.6
69.1
67.2
67.5
66.0
65.8
68.5
71.2
78.1
78.9
80.9
83.1
81.8
82.5
81.4
78.0
78.5
78.4
73.8
72.4
70.1
68.0
66.1
66.1
65.7
62.7
64.0
62.8
63.1
64.0
63.5
62.4
61.5
61.1
60.3
60.3
58.6
57.4
57.1
58.3
57.6
58.6
56.2
57.5
56.5
60.8
59.4
109.1
104.2
54.1
52.2
55.9
57.7
56.0
55.7
55.3
57.7
58.7
60.2
62.0
64.6
69.5
70.9
70.7
71.3
74.1
74.2
75.7
73.3
71.7
73.4
74.4
73.9
72.9
72.1
71.9
73.3
72.7
73.2
72.3
83.3
78.9
77.4
76.1
73.7
72.5
74.7
74.7
74.4
73.3
74.6
73.9
73.2
73.4
72.8
71.9
71.7
74.2
74.2
71.8
69.4
70.1
70.4
70.6
71.6
71.8
71.0
71.8
74.1
72.8
71.8
71.5
73.1
74.5
73.3
73.2
72.2
56.7
70.5
69.6
70.4
71.4
70.9
70.5
70.4
71.3
70.3
70.9
72.9
73.5
74.5
73.7
71.4
70.0
70.6
70.3
70.5
69.9
71.3
72.1
71.0
71.8
70.1
70.8
68.4
71.7
71.7
69.5
65.5
61.8
60.4
60.3
60.8
62.1
62.3
61.4
58.2
55.8
57.2
57.7
57.7
57.9
59.8
59.4
58.8
58.0
59.2
57.3
57.1
56.0
58.6
56.3
54.1
56.4
57.4
57.7
53.2
56.6
56.6
54.3
53.4
51.8
52.5
55.3
59.1
62.1
64.5
66.2
67.0
63.5
61.3
51.6
46.1
48.2
48.2
49.3
48.6
51.2
51.9
49.1
56.1
68.8
68.6
69.1
64.8
67.0
63.0
62.8
65.8
67.5
71.6
72.2
72.0
72.5
72.0
71.9
71.8
71.5
71.3
73.5
73.7
73.0
91.7
88.9
76.4
73.7
72.8
71.4
68.8
67.5
67.8
68.1
70.7
71.3
71.8
71.0
70.1
68.1
68.3
66.6
67.0
65.2
65.5
64.9
65.4
65.5
65.1
64.8
64.5
64.6
63.6
64.3
64.3
63.2
64.3
65.2
64.7
63.3
63.8
64.9
64.4
63.6
65.0
68.4
68.0
66.0
65.2
66.1
67.4
68.4
68.0
67.0
66.4
66.1
65.1
64.3
64.3
62.6
62.6
63.5
64.2
64.2
65.8
67.1
69.6
67.8
63.8
61.0
59.8
61.6
63.2
60.6
61.4
62.7
60.3
60.7
63.1
65.9
73.9
65.2
55.4
49.6
54.5
61.1
64.8
65.5
66.8
66.9
67.4
67.7
67.6
66.7
66.4
66.9
66.6
67.1
67.3
67.0
68.1
68.2
68.2
66.7
67.0
68.9
69.5
70.8
69.5
60.6
56.7
61.2
63.5
65.4
66.7
66.6
68.0
67.7
62.3
59.5
63.2
65.0
66.7
69.1
70.7
71.7
70.5
68.8
67.6
62.9
53.4
55.4
59.9
63.0
66.1
68.6
69.6
69.6
69.9
70.6
70.3
69.1
68.8
68.9
68.9
68.3
67.6
66.4
70.0
70.5
69.3
69.3
68.2
68.8
68.8
67.6
68.1
69.8
69.4
69.2
69.4
69.8
61.5
57.5
61.1
63.4
65.8
66.1
66.2
67.0
67.4
68.1
68.4
68.5
67.5
67.5
66.8
66.6
65.7
66.7
66.4
66.2
66.6
66.2
67.7
67.3
67.3
68.0
69.9
70.6
73.0
64.3
57.0
62.6
66.8
67.8
67.9
67.5
70.1
70.6
71.6
72.0
73.7
72.9
71.9
69.5
68.8
70.1
72.1
73.0
73.4
72.9
72.3
73.4
71.9
71.2
72.4
72.8
72.1
72.0
71.2
70.9
72.4
71.6
71.6
71.8
71.5
71.7
72.0
71.6
70.5
71.9
71.2
71.3
71.5
71.6
70.4
70.1
71.2
71.8
72.2
72.7
72.5
71.0
69.2
68.6
67.9
67.4
69.2
69.3
68.2
63.5
61.9
61.6
61.5
62.2
62.6
63.1
62.3
62.3
62.3
62.3
63.5
63.5
63.2
64.2
64.2
64.6
65.2
64.8
66.3
65.7
65.6
66.6
66.6
67.9
67.5
65.3
60.7
57.9
57.2
57.1
57.8
58.0
58.7
59.3
59.7
61.0
62.4
60.1
56.4
55.1
55.1
55.6
55.5
56.1
57.3
59.6
62.1
63.2
64.2
66.8
67.5
69.4
72.3
72.2
71.8
71.9
71.9
72.3
70.9
69.5
67.8
65.8
65.3
68.8
69.0
64.8
67.4
72.1
73.0
74.1
74.0
73.8
74.2
73.0
70.1
68.4
67.6
66.2
65.5
65.5
66.0
77.5
123.1
124.0
75.2
58.5
50.5
48.0
43.7
43.0
44.3
49.8
51.2
50.3
49.3
51.5
63.1
63.7
61.0
60.2
61.3
62.1
63.5
64.7
65.6
65.2
66.2
65.8
66.1
65.5
65.2
65.3
66.2
65.0
64.2
66.0
65.4
66.0
64.8
65.5
64.7
65.5
65.0
65.7
65.6
65.8
66.5
65.8
65.4
64.8
64.9
66.1
65.1
65.6
65.6
66.8
67.1
66.6
67.2
65.9
66.5
65.4
67.5
67.4
67.4
67.4
66.6
67.5
66.5
66.7
66.6
67.5
67.3
67.4
66.4
66.5
67.6
68.1
67.0
67.3
67.6
67.1
66.5
68.2
67.4
66.7
67.9
69.3
69.5
69.2
68.2
68.1
67.6
68.5
67.5
66.6
66.8
66.8
66.9
67.3
68.5
69.1
62.5
61.4
60.9
60.5
62.1
64.7
65.5
64.2
63.2
63.1
64.1
63.4
63.4
63.5
63.0
64.0
63.6
63.9
63.3
62.8
62.3
61.6
66.0
78.3
66.2
65.3
65.0
65.5
66.2
70.3
72.1
67.5
70.1
69.5
69.5
67.8
67.1
65.7
64.9
64.3
65.4
64.2
62.8
63.4
63.2
62.1
62.8
63.2
64.3
63.3
63.0
61.9
62.5
62.4
62.0
62.0
61.5
61.5
62.2
62.1
63.0
61.8
63.1
65.0
68.0
68.9
70.3
68.0
67.7
67.5
67.2
65.1
63.3
63.4
65.2
66.6
67.4
67.0
66.2
70.4
66.4
66.2
64.3
63.7
61.4
61.2
63.4
62.5
62.1
65.5
66.7
66.3
67.1
67.5
67.9
69.1
68.7
67.4
67.0
68.1
68.5
70.4
70.9
67.5
64.4
69.1
71.6
68.5
58.4
64.1
84.1
98.4
75.8
70.9
87.8
106.9
115.8
111.7
93.3
82.3
73.9
67.7
64.5
61.5
83.9
122.7
124.4
118.9
103.8
84.0
71.3
62.7
59.7
63.8
68.0
73.0
72.4
68.8
63.9
59.6
53.8
68.3
65.9
64.2
64.8
62.9
62.1
62.6
63.1
61.6
62.2
62.4
70.0
64.3
60.6
61.1
61.4
62.9
60.5
60.8
60.8
61.1
60.7
62.1
63.0
62.7
62.2
61.8
63.3
63.5
62.8
64.7
63.7
62.3
62.8
62.8
63.7
63.3
65.2
64.6
65.0
65.3
64.4
65.8
65.5
64.6
64.4
60.9
65.7
65.0
67.0
66.2
65.8
65.5
64.7
62.8
64.2
63.5
64.8
63.0
64.8
65.2
66.9
66.0
65.0
66.6
66.3
64.9
65.6
65.0
65.9
65.1
65.2
64.8
64.4
63.8
63.2
63.7
64.3
65.2
66.3
66.2
65.3
65.9
64.4
63.9
64.8
65.4
65.2
66.4
67.7
68.4
67.7
64.9
64.4
63.5
63.7
64.3
65.0
65.5
68.7
68.4
68.3
66.9
67.8
68.0
66.5
66.0
66.8
65.8
68.0
69.7
68.4
69.0
68.1
67.8
69.2
69.0
68.8
68.9
70.3
70.0
69.6
70.0
73.8
71.8
66.7
59.4
53.5
46.8
46.3
51.0
56.1
66.0
66.7
64.4
65.4
68.4
69.2
68.4
68.7
70.8
70.4
70.4
70.0
69.0
67.5
68.3
68.7
66.9
68.6
67.0
67.2
67.6
67.4
68.5
67.2
67.0
68.5
70.0
68.5
69.8
67.9
69.3
67.9
67.1
67.7
69.0
68.6
68.3
68.9
68.3
69.9
68.7
69.2
69.1
69.5
69.3
69.8
71.3
72.7
71.6
70.5
70.4
71.5
69.9
68.4
68.3
69.1
69.2
69.5
67.5
67.5
66.9
67.7
67.9
67.3
70.2
69.4
68.8
71.4
74.2
73.4
73.7
74.7
76.0
75.4
77.4
78.0
73.3
73.3
73.5
73.1
71.1
71.2
70.7
70.3
69.7
70.2
70.7
73.0
71.5
69.4
69.6
67.7
69.9
72.5
71.2
71.1
71.5
68.0
69.2
70.2
68.7
68.7
69.6
69.3
68.8
67.5
66.4
66.4
66.1
64.7
64.8
67.4
74.1
73.4
76.5
77.2
73.7
73.8
74.9
75.0
73.9
73.7
74.2
74.6
75.1
74.0
71.3
70.6
67.7
69.5
66.7
67.0
66.6
64.7
65.0
63.1
64.2
63.1
63.9
67.5
59.9
56.2
58.0
56.6
52.4
55.7
71.8
78.5
85.4
76.3
77.6
76.8
77.9
78.0
73.8
74.9
76.3
76.7
77.3
79.2
76.3
75.4
78.8
78.9
81.9
80.6
82.3
81.9
81.3
77.5
74.9
75.0
76.0
75.1
74.2
73.4
74.2
73.9
73.0
72.5
72.8
72.0
71.9
72.3
72.6
76.8
76.2
78.2
76.3
75.1
75.1
73.8
73.8
75.0
75.6
75.3
72.7
72.9
73.1
73.3
74.2
72.6
68.2
62.4
53.6
49.0
48.9
49.5
57.2
60.8
63.2
66.6
67.3
66.8
66.9
67.9
68.9
68.5
68.7
69.2
68.1
65.6
58.0
58.8
67.3
69.8
71.2
71.9
73.0
73.1
72.0
73.3
73.3
73.4
72.9
71.3
71.4
72.3
72.4
73.5
72.8
72.4
73.1
73.3
74.1
73.6
72.1
74.4
73.3
73.2
72.4
71.6
71.0
71.9
74.3
79.5
78.1
86.0
88.7
66.3
65.1
70.3
74.7
73.0
74.0
76.8
71.4
69.8
64.4
68.3
68.9
67.6
67.3
66.7
68.0
66.8
65.8
63.2
60.2
59.0
62.7
61.7
61.9
60.7
61.3
61.4
61.9
61.4
62.5
63.0
63.0
62.8
62.6
63.3
62.2
63.3
62.3
62.2
63.7
60.5
60.8
62.2
63.6
62.3
62.2
63.0
62.7
63.3
62.2
63.2
61.8
61.9
62.9
64.3
62.3
63.8
63.1
62.5
63.3
64.4
65.0
63.9
64.2
63.8
63.5
63.2
64.0
62.9
63.8
63.3
63.6
63.1
63.1
62.6
63.1
64.4
75.9
85.9
74.6
73.4
77.7
78.3
78.6
67.3
83.1
76.5
71.8
70.5
71.0
71.7
71.0
69.7
69.3
69.5
69.3
70.1
69.5
69.0
69.4
69.6
69.4
69.6
69.1
70.0
70.3
69.0
68.7
68.6
67.9
68.1
67.7
67.1
67.0
70.3
71.3
70.8
70.2
69.3
71.3
69.5
69.8
67.2
67.8
66.4
66.0
65.4
65.1
65.2
64.8
65.7
64.3
64.4
65.0
65.9
65.6
64.9
64.7
65.3
66.2
66.7
66.2
65.4
65.6
65.8
66.0
66.6
67.0
67.4
66.2
67.1
67.4
68.8
68.6
69.6
68.7
67.4
68.5
68.6
71.0
72.1
71.5
70.8
67.8
65.4
65.2
65.1
63.4
63.4
62.2
62.7
62.7
61.7
62.6
63.1
63.1
64.1
63.0
63.1
63.6
63.9
64.9
62.7
63.4
63.4
64.6
64.6
63.7
63.2
63.8
65.1
64.1
63.8
63.8
64.7
65.5
65.0
65.6
63.8
63.5
61.8
62.4
62.5
62.0
61.4
61.4
63.0
62.4
62.1
62.4
63.0
62.2
62.0
63.8
64.1
64.4
62.9
63.3
62.7
63.1
63.5
63.4
63.8
63.1
63.4
62.4
63.9
64.2
65.4
64.8
63.8
62.8
64.0
65.2
64.2
66.2
64.3
65.0
65.2
65.0
65.5
65.8
65.1
67.9
67.0
66.1
63.5
64.8
65.8
64.8
64.7
64.0
64.0
63.4
64.4
64.2
63.7
63.7
64.1
65.1
64.8
64.9
66.0
64.8
64.8
64.1
65.6
65.1
63.7
63.1
63.5
61.6
62.6
64.2
64.0
63.3
63.0
62.4
60.8
60.9
62.3
61.6
61.2
61.6
61.2
60.9
59.6
60.8
61.7
67.5
68.1
67.1
68.8
67.4
63.1
60.6
61.7
62.8
62.0
61.8
62.5
61.9
62.3
61.6
61.1
61.0
63.7
63.8
65.7
65.4
65.8
63.8
63.9
62.8
62.5
61.0
60.7
61.1
59.9
59.0
58.5
58.4
58.7
60.3
59.0
59.0
59.2
60.1
60.0
59.9
59.2
57.1
57.8
56.7
57.0
55.3
57.3
56.3
56.6
56.9
56.4
57.1
57.0
56.4
57.0
58.1
57.9
58.4
57.7
58.8
58.5
61.5
61.2
63.1
62.1
61.8
59.8
61.3
62.8
64.4
62.7
60.5
61.5
60.7
59.9
62.1
59.3
57.2
56.5
57.3
58.4
58.0
57.3
57.2
57.1
58.3
58.7
59.2
59.1
59.6
58.0
58.4
59.3
57.4
57.1
55.7
56.9
57.0
56.0
58.1
58.3
57.7
57.9
58.1
57.8
58.6
58.1
57.3
57.3
57.1
56.2
56.3
55.8
56.2
57.2
55.8
56.0
58.3
59.3
58.1
56.4
56.0
56.7
57.1
58.1
58.1
57.5
57.2
56.5
55.6
56.4
56.5
59.8
59.9
57.3
59.0
60.0
61.0
59.6
59.5
59.4
59.3
58.8
59.5
59.7
59.1
58.6
59.2
58.0
58.5
57.8
59.2
59.8
61.5
60.6
60.6
60.2
59.0
60.0
59.6
58.9
55.6
57.4
56.6
57.8
55.7
56.8
55.9
55.1
56.3
55.0
55.5
54.2
54.9
55.6
54.5
56.5
55.9
57.4
56.4
55.6
55.5
57.8
57.6
55.1
57.1
57.7
57.0
58.0
58.2
57.4
56.7
58.3
58.3
58.1
58.2
58.7
58.8
57.6
57.9
57.3
57.8
55.5
55.8
55.5
56.6
56.5
56.6
56.7
57.0
56.4
58.3
58.1
58.0
56.9
57.8
57.2
56.7
58.2
58.5
60.4
59.7
60.3
60.9
59.1
57.6
58.5
56.5
56.7
56.3
57.3
57.2
57.4
55.8
56.9
59.3
58.2
57.0
58.1
57.6
58.6
57.2
56.9
58.7
58.2
57.7
59.7
57.9
58.3
60.6
60.6
62.5
61.9
61.2
60.9
58.7
56.8
59.7
60.4
59.6
58.6
60.1
59.5
60.4
58.0
59.0
58.7
59.8
58.1
60.2
60.4
60.7
59.2
63.0
62.7
62.9
63.6
62.2
61.2
61.0
62.1
62.2
62.2
62.5
62.4
63.2
63.0
62.3
62.3
61.9
60.0
60.0
61.1
60.7
59.9
57.7
58.6
57.8
60.2
61.1
62.5
63.0
60.3
60.3
62.2
63.1
63.4
61.3
62.3
62.7
60.1
63.5
65.4
67.5
70.8
69.3
67.1
67.7
67.3
68.2
67.0
66.0
66.7
68.9
66.4
65.9
65.7
68.4
67.5
68.2
65.4
64.5
64.1
65.9
65.5
60.9
64.9
69.0
66.5
65.6
64.4
63.9
63.9
62.2
60.8
59.3
59.0
59.8
58.6
58.7
58.5
58.9
58.6
57.8
56.1
57.1
55.8
57.5
59.6
60.1
60.5
61.3
60.1
60.5
59.9
59.0
57.0
58.4
59.0
58.5
58.0
57.7
55.8
55.0
55.3
55.4
55.5
54.8
55.6
53.9
54.8
54.1
54.2
53.8
56.0
57.5
55.8
54.8
56.7
54.4
53.7
53.5
59.4
57.7
57.2
59.3
57.9
60.5
60.2
59.0
61.2
60.8
59.3
58.3
56.8
58.2
56.8
55.7
54.8
54.0
54.3
55.0
59.2
62.6
62.7
66.0
65.8
66.0
66.2
64.1
64.2
64.3
64.9
65.8
66.5
66.2
65.3
66.8
67.9
65.4
65.2
67.7
65.2
65.2
65.3
67.8
66.5
66.9
67.1
64.9
66.2
66.7
66.8
66.8
65.0
64.3
65.5
66.1
66.1
65.0
64.0
62.9
62.0
61.4
61.6
65.5
63.8
63.1
64.4
60.1
62.9
64.8
61.9
59.9
58.9
58.6
57.7
57.8
56.0
57.0
57.1
56.3
55.9
55.9
56.2
55.7
55.3
54.8
54.9
55.9
55.3
55.9
55.0
58.5
61.7
59.4
61.4
60.6
62.0
62.6
61.7
63.5
61.1
62.4
62.7
60.1
59.8
61.6
62.1
62.4
61.1
61.3
61.0
60.7
61.0
61.7
62.2
61.4
60.6
61.0
60.9
61.0
61.1
59.9
59.1
62.8
59.9
60.0
59.7
59.5
57.5
56.9
57.6
58.2
59.8
59.1
62.0
61.0
61.8
62.3
62.7
62.9
62.5
63.9
62.8
62.9
61.7
63.5
61.2
60.2
58.3
58.6
61.9
62.0
63.3
62.4
62.2
61.8
63.0
62.9
64.1
64.0
64.6
64.3
64.0
64.5
64.4
64.6
63.7
61.9
63.2
64.4
64.2
63.3
64.5
64.7
64.1
64.7
60.3
61.7
62.9
63.8
62.9
63.8
62.3
62.5
61.8
61.5
61.3
61.2
63.0
61.0
63.2
62.4
61.7
62.1
62.4
63.6
63.5
63.3
63.9
64.7
61.8
63.6
63.0
80.4
76.3
65.2
65.0
65.4
64.7
65.5
66.4
66.0
66.0
66.0
65.1
65.5
63.9
62.4
65.3
65.6
63.5
64.9
66.9
66.7
65.7
65.6
64.9
66.1
66.0
64.1
66.8
66.5
66.0
67.4
66.3
65.1
67.1
66.4
66.8
66.9
65.5
66.2
67.7
66.2
67.1
66.8
67.1
66.6
67.9
65.5
67.9
67.3
66.4
67.5
66.4
67.3
67.2
68.1
67.9
70.5
69.7
68.1
67.3
68.6
67.8
68.9
68.8
68.9
67.8
69.4
68.2
68.2
68.3
68.7
69.1
65.1
65.3
69.7
67.9
71.2
67.9
72.8
72.3
73.1
72.5
69.4
70.3
72.0
72.7
71.3
69.6
72.4
73.4
75.4
74.0
72.5
74.0
75.2
75.3
74.5
74.8
72.0
71.0
68.5
73.8
73.6
73.3
74.6
73.3
74.7
72.8
69.0
69.4
75.4
75.1
77.0
78.0
79.5
74.6
74.4
75.6
74.5
76.4
74.0
69.9
70.5
72.6
72.0
72.1
73.1
74.1
70.7
72.1
73.9
74.1
72.8
73.6
72.6
74.5
75.9
74.6
74.0
75.6
76.3
78.0
77.4
77.0
77.1
77.2
78.5
78.8
80.5
78.6
78.3
78.0
78.6
78.7
78.4
73.1
77.7
76.4
77.5
77.3
79.5
76.6
79.6
79.2
80.8
78.7
78.4
79.2
78.9
78.0
79.1
78.2
78.5
76.4
76.9
76.5
76.7
76.5
76.6
76.3
76.8
74.6
73.0
74.4
74.3
74.1
74.2
72.0
73.5
71.8
70.4
72.6
74.1
72.4
72.3
73.7
71.0
72.3
72.4
70.9
70.6
71.5
70.4
70.9
70.3
69.1
71.8
71.3
69.7
69.4
69.7
72.6
71.1
70.3
68.9
69.8
71.6
70.9
68.2
66.5
68.9
69.9
69.0
68.2
71.5
69.1
70.9
71.8
69.2
70.6
70.2
72.1
73.8
72.2
72.2
72.8
73.2
74.7
72.9
71.9
71.0
72.1
73.2
72.6
70.9
70.5
63.2
63.7
67.7
71.4
79.1
76.7
77.1
75.1
75.8
80.0
77.3
77.0
77.4
76.1
76.6
76.6
78.6
79.4
78.2
81.1
80.1
80.4
78.8
81.3
77.6
78.1
80.0
77.6
77.4
80.3
78.4
81.0
79.9
76.9
81.9
84.2
85.1
81.9
83.9
83.1
82.3
83.3
81.7
80.4
79.2
76.3
74.9
75.7
76.3
75.1
74.7
76.6
75.4
75.0
75.5
75.3
76.9
72.8
70.0
71.6
73.8
73.8
74.3
73.2
73.5
70.7
71.8
69.7
71.3
71.7
70.8
69.1
70.6
71.0
66.2
67.2
67.1
66.2
67.6
68.0
72.0
72.9
71.5
71.0
67.0
67.1
70.8
72.2
73.7
72.0
72.2
70.6
72.3
73.0
71.9
72.8
72.1
74.0
74.0
73.9
74.1
74.6
74.6
75.0
76.8
76.6
76.8
76.5
76.5
77.9
76.3
77.3
76.7
76.3
74.9
74.8
75.5
75.5
76.0
73.5
64.3
76.4
76.2
75.6
75.2
75.3
75.8
75.8
76.5
75.5
75.6
76.5
73.2
74.1
73.8
74.2
74.2
75.6
74.7
73.9
73.10000000000001
