64.6
59.6
62.6
63.9
63.3
65.0
64.6
65.1
65.8
67.3
66.0
66.4
65.9
71.4
74.0
69.8
141.7
73.3
71.0
70.6
71.8
71.6
71.4
62.4
61.5
62.7
62.6
63.6
66.1
62.6
62.1
66.6
68.7
68.1
67.5
64.8
64.1
63.0
63.4
73.2
77.5
78.6
78.0
77.2
76.5
76.0
76.1
77.1
76.4
78.5
76.2
67.7
75.7
73.5
70.7
69.9
73.4
82.4
79.8
76.6
75.1
77.2
80.1
81.4
81.0
81.4
72.2
74.4
74.6
75.3
77.3
76.8
71.2
76.3
78.5
81.0
81.0
80.4
79.5
80.1
80.9
78.4
76.8
74.8
73.0
72.1
72.7
73.2
75.4
75.4
78.6
75.9
75.6
74.3
73.5
75.2
75.5
75.8
75.6
74.7
75.6
74.3
70.6
70.5
66.8
70.5
69.5
69.4
68.6
61.9
61.6
71.0
68.1
66.5
69.0
63.5
61.1
65.7
67.5
75.1
60.7
99.0
78.9
79.8
78.1
77.5
78.5
77.0
77.1
78.4
76.8
81.0
84.1
86.6
83.7
81.0
80.5
80.2
80.6
79.0
80.1
80.9
80.8
80.6
80.4
79.2
80.3
80.4
79.2
79.3
78.5
78.7
78.3
77.2
77.6
74.9
76.9
75.9
78.0
77.4
76.0
76.5
75.7
72.1
69.6
77.8
79.4
79.4
77.3
77.6
75.3
75.1
74.5
71.2
68.2
69.8
69.2
68.3
68.3
68.9
67.0
65.9
68.0
67.9
69.3
70.6
71.2
68.8
68.1
68.9
67.5
65.6
67.3
67.9
66.4
67.1
68.0
65.5
96.4
82.7
67.8
67.1
68.1
66.5
67.9
67.7
68.0
67.9
69.0
65.8
65.6
68.1
67.8
67.6
63.9
60.8
63.8
65.2
64.0
59.4
57.6
62.1
62.6
59.0
59.8
61.7
61.3
59.8
61.6
63.8
60.4
63.6
62.1
62.9
63.2
63.5
59.6
56.2
56.8
58.1
60.5
57.3
58.4
56.9
60.4
59.6
61.5
60.6
62.2
63.1
63.4
65.3
63.4
65.1
66.0
65.0
64.8
65.0
64.6
64.8
65.1
64.3
65.2
66.3
63.4
64.7
64.7
64.7
65.4
65.0
73.8
74.7
74.8
69.1
68.3
66.9
64.9
64.9
64.1
65.7
66.3
63.5
66.1
64.0
65.4
64.9
65.2
67.3
65.9
65.0
65.8
63.0
65.1
64.9
65.2
66.0
65.4
64.4
66.5
62.8
65.8
64.4
65.6
66.2
63.9
67.2
63.0
62.3
64.3
62.7
63.9
64.3
70.2
67.9
68.3
67.2
67.8
65.7
64.1
62.9
60.7
64.3
66.9
67.7
63.6
64.8
66.5
65.8
62.0
61.6
60.9
60.3
61.3
62.4
63.4
66.0
62.4
66.0
66.8
67.0
65.7
66.3
67.5
69.2
67.6
70.7
71.7
69.2
69.8
68.5
69.3
71.3
75.0
68.8
66.9
67.9
63.8
66.0
71.9
73.2
70.9
71.5
70.5
70.1
162.7
121.5
68.1
67.4
67.2
68.1
69.4
73.4
75.8
76.3
74.4
70.8
70.6
69.6
69.3
68.7
69.1
67.9
68.1
67.4
66.5
65.5
64.1
65.0
65.8
66.6
65.0
66.1
65.7
67.4
66.7
66.6
66.9
68.1
67.2
69.9
74.3
79.1
78.1
75.4
71.4
73.2
73.5
74.3
71.3
70.8
69.9
71.5
72.2
69.1
66.5
69.1
69.5
70.3
70.0
68.4
68.6
68.2
68.5
68.5
68.0
69.6
71.0
71.9
68.5
70.6
70.7
70.3
69.1
69.3
69.3
70.8
72.9
68.4
70.8
64.0
66.0
71.1
69.6
67.7
66.0
67.0
66.0
65.0
66.3
65.0
65.1
65.7
65.0
63.6
64.8
64.1
65.9
65.2
66.1
64.5
65.5
66.8
65.3
67.2
66.8
65.8
67.7
69.2
69.0
69.4
70.2
71.7
70.6
70.0
68.7
67.7
65.6
64.1
63.8
63.3
63.3
63.4
64.5
62.4
64.4
66.6
65.8
66.6
65.6
66.3
66.5
67.5
65.0
59.5
58.4
58.4
59.6
58.2
61.0
63.7
61.0
58.5
59.1
61.0
59.4
58.7
60.4
64.4
68.5
66.4
70.7
70.0
69.1
66.8
66.9
68.4
67.8
63.3
69.0
68.1
68.6
68.4
69.2
69.4
68.0
68.5
67.8
68.6
69.0
69.4
68.2
67.4
65.6
66.5
65.4
66.4
64.1
65.6
67.1
65.0
65.0
65.5
65.3
64.0
65.6
63.7
65.2
66.3
66.4
66.3
65.6
66.8
66.0
66.3
66.3
65.1
63.4
64.9
65.7
73.7
72.9
68.7
69.7
73.7
71.3
70.0
68.2
65.0
64.7
67.2
67.7
64.4
65.1
63.7
65.9
65.5
66.9
64.4
66.8
66.3
65.2
60.7
61.0
62.7
64.9
65.8
66.5
65.9
65.1
64.1
64.4
64.7
64.8
63.3
63.7
64.7
64.7
65.5
66.0
66.2
65.7
65.2
64.5
64.4
64.4
65.3
65.4
64.6
64.9
64.9
65.1
65.4
65.8
64.7
65.9
66.1
65.8
64.9
65.5
66.1
66.0
66.1
64.6
65.8
64.7
64.9
63.1
63.4
62.6
63.8
64.4
64.1
65.1
62.5
58.3
54.4
56.5
60.8
63.8
61.7
60.9
65.1
65.6
64.2
63.8
63.5
61.0
60.6
62.1
65.2
64.0
61.3
60.3
58.5
57.2
59.0
64.6
63.1
63.1
63.0
61.5
62.5
62.3
61.6
58.4
60.4
60.4
86.4
64.6
57.2
58.7
59.3
59.8
59.7
61.0
58.9
58.4
59.9
57.6
58.6
59.0
59.3
62.6
59.8
59.0
58.9
58.9
56.8
61.7
61.8
56.9
56.4
56.2
57.5
58.1
58.4
58.0
57.4
59.5
59.2
60.7
59.0
61.8
61.7
62.4
61.9
61.6
65.0
66.1
62.7
65.9
64.1
63.0
62.9
62.4
62.1
58.4
62.9
64.2
62.4
64.2
65.7
58.9
60.9
60.5
60.9
62.2
62.0
60.9
62.4
60.5
133.1
67.8
60.4
60.2
61.4
58.6
63.4
65.0
62.4
62.6
64.9
67.4
62.6
66.7
63.5
60.9
61.7
58.2
63.6
64.3
62.7
64.6
65.4
63.7
61.7
62.2
59.6
60.0
59.5
60.1
58.3
58.3
60.1
60.5
58.6
59.7
59.7
60.1
61.1
61.6
62.1
62.1
62.4
64.7
65.5
62.9
62.2
60.0
63.6
64.1
63.0
63.5
65.2
57.9
57.9
59.7
62.2
62.4
59.4
59.2
65.1
62.4
64.3
64.3
63.8
67.8
67.2
69.8
71.6
72.4
70.7
66.2
64.6
65.9
95.3
68.2
66.5
66.1
64.3
64.2
63.4
63.8
67.5
70.0
70.5
65.5
65.7
66.3
63.5
64.9
62.5
66.4
59.1
54.4
56.8
58.1
57.8
58.7
61.1
56.9
58.9
60.2
58.2
56.2
55.6
57.2
57.2
56.6
57.5
56.0
56.8
58.4
57.2
57.6
58.7
57.9
59.9
58.0
61.8
71.9
75.1
73.7
70.1
61.4
60.2
57.5
58.0
58.5
55.9
58.3
59.9
56.1
57.9
56.3
56.9
55.3
58.3
57.4
58.9
55.1
58.1
58.3
56.7
58.0
57.6
59.4
59.8
63.1
59.0
55.3
59.8
58.0
56.6
54.6
55.6
56.2
58.4
54.0
54.0
55.0
54.4
56.5
58.5
60.4
60.1
60.4
61.0
63.0
79.5
99.3
66.1
67.7
64.6
64.4
62.8
61.8
63.1
64.2
65.0
61.9
65.6
64.1
61.6
60.6
60.0
62.0
58.8
59.1
57.9
55.8
59.3
59.7
60.1
60.7
60.5
59.6
59.6
58.6
59.7
56.6
55.8
56.2
58.7
59.1
58.9
59.2
56.2
133.5
58.6
57.5
59.7
58.6
59.3
59.7
62.5
57.3
58.2
56.5
56.3
53.8
53.6
54.2
56.0
56.6
55.7
55.9
58.0
61.6
58.9
59.7
57.2
56.9
55.8
56.6
54.9
57.1
59.1
60.4
55.8
56.5
60.3
59.6
58.3
57.2
53.2
55.3
52.6
57.6
57.2
57.7
56.6
55.4
55.8
53.9
55.1
52.8
54.7
56.0
57.3
55.5
58.2
58.1
57.6
58.2
59.4
60.1
58.0
59.7
50.2
60.0
59.7
56.9
57.5
61.2
61.7
55.7
64.8
70.2
67.2
65.7
62.3
61.0
62.0
65.4
62.7
62.3
59.2
59.0
60.7
56.9
62.0
65.4
61.3
63.0
60.3
61.9
62.3
63.5
61.0
61.9
61.2
55.4
57.1
59.9
57.8
60.9
62.7
62.8
59.3
66.2
64.8
64.9
66.4
67.0
67.2
65.9
63.1
63.7
66.2
63.6
63.9
62.6
63.8
64.1
63.1
66.8
66.3
62.2
58.1
60.8
61.7
64.6
63.5
62.1
61.3
64.4
61.1
64.0
65.5
62.0
63.8
62.3
63.1
64.7
62.9
62.8
61.6
64.0
62.7
63.2
64.8
66.6
64.9
64.7
64.8
63.7
65.3
63.4
64.3
62.6
64.1
65.2
65.0
67.8
66.5
67.7
64.1
63.8
63.6
66.2
66.1
65.1
65.2
66.6
63.1
66.6
66.3
60.8
58.5
65.6
64.3
64.9
65.7
66.9
62.3
53.9
66.7
64.2
64.3
65.4
67.4
69.7
68.2
66.4
66.2
68.1
63.7
66.2
64.8
64.4
65.8
65.6
65.2
64.5
63.3
66.1
62.1
63.7
63.8
65.5
63.0
65.0
64.2
65.0
66.4
69.4
70.7
68.0
65.5
66.1
66.2
129.8
109.8
73.7
72.8
74.8
75.3
74.2
77.0
75.5
76.7
73.0
73.1
71.4
79.2
74.3
73.6
71.4
67.4
69.8
68.0
61.6
61.7
66.6
64.3
65.8
65.4
61.0
59.3
64.5
62.1
65.3
62.0
63.7
68.0
67.1
66.7
65.9
65.4
70.2
78.5
85.1
82.6
84.4
87.9
90.5
88.6
87.2
84.6
81.9
79.5
79.2
80.5
79.4
77.4
74.9
75.3
75.0
76.3
73.8
75.3
74.8
72.7
69.9
70.6
67.6
68.6
72.0
74.1
74.4
65.5
62.1
62.8
64.4
64.0
64.9
66.5
66.4
64.5
66.1
64.7
66.0
67.0
66.9
66.8
68.0
61.7
63.6
68.6
70.3
67.7
68.3
67.6
65.5
65.6
65.7
66.2
65.4
63.1
66.2
59.7
51.6
57.4
61.6
63.1
63.9
64.5
67.4
67.4
64.1
63.9
61.4
55.2
61.3
68.2
61.4
60.3
56.8
57.6
60.9
62.8
63.6
62.7
61.3
58.3
57.0
54.7
57.2
60.2
62.2
61.8
61.9
62.0
61.2
61.3
59.9
58.8
60.5
62.0
60.8
63.5
61.6
63.9
62.0
63.1
64.6
66.5
68.0
65.9
66.2
107.8
86.1
64.39999999999999
65.7
64.7
63.0
62.6
63.9
65.7
67.5
66.8
66.7
67.5
66.3
62.2
67.5
68.3
62.9
68.4
66.5
64.2
63.1
60.0
59.7
63.7
65.8
67.8
67.9
67.7
68.3
67.7
65.4
67.7
67.9
69.0
72.9
68.6
69.7
71.3
71.4
71.0
70.9
72.5
71.8
69.4
71.1
65.4
70.1
69.7
70.2
68.9
68.6
73.0
67.7
69.9
71.3
72.3
70.5
71.7
71.4
70.4
70.7
71.8
71.8
72.7
72.6
71.1
68.7
67.7
66.8
73.6
63.9
67.4
62.7
65.6
67.6
69.7
76.0
70.0
69.9
68.2
66.4
66.8
62.0
63.9
68.6
71.3
72.0
68.6
71.4
71.8
71.6
68.9
68.9
67.1
67.2
69.0
69.8
68.6
68.8
73.5
74.5
75.1
77.0
74.2
73.0
71.1
101.8
91.6
74.7
76.4
73.8
74.1
74.8
74.6
70.9
72.2
74.8
68.4
68.7
65.3
68.7
67.4
69.8
67.3
65.8
65.7
65.7
66.6
64.6
66.8
65.4
66.5
68.3
69.9
66.9
68.5
70.7
72.1
73.1
80.3
77.2
76.4
76.1
75.4
78.5
76.4
73.6
73.2
72.5
70.8
71.3
66.7
69.1
66.9
63.9
61.8
58.3
59.3
61.0
62.7
62.9
60.8
60.0
61.5
59.3
59.0
58.2
61.3
64.4
67.6
69.3
68.4
68.1
68.6
69.9
67.6
67.6
69.0
68.7
67.7
66.9
64.8
64.3
65.0
65.5
66.6
67.0
68.3
68.5
68.2
67.8
67.2
69.2
66.1
66.4
69.2
67.8
65.6
65.2
66.7
68.3
67.5
66.2
66.0
64.9
60.4
62.8
64.1
65.2
70.3
66.8
66.5
65.6
70.5
66.9
65.2
67.1
73.8
73.5
74.8
73.8
73.6
69.6
69.5
70.1
70.6
69.5
67.7
68.6
66.6
69.8
70.4
68.9
70.7
69.2
68.3
69.0
67.4
66.9
68.4
70.8
71.5
69.0
69.6
70.0
72.1
69.0
68.3
69.0
67.8
67.9
66.1
64.5
68.8
68.7
67.7
65.9
68.7
68.0
66.0
66.1
67.2
68.2
68.7
66.6
65.6
71.1
70.1
69.0
66.1
65.1
68.2
69.0
68.7
68.4
67.9
66.2
62.6
60.9
59.3
58.5
60.9
60.0
64.1
63.6
63.2
63.8
62.8
63.6
62.7
61.8
61.2
63.5
64.9
64.7
62.8
64.1
62.6
62.2
59.5
63.3
61.8
60.2
58.9
57.6
60.4
59.8
60.4
59.9
62.0
98.2
76.1
64.6
65.1
66.1
66.7
65.8
66.0
67.5
65.3
65.3
65.6
60.2
65.8
63.2
65.4
64.4
65.5
64.8
61.3
63.3
62.5
67.4
63.3
63.1
64.3
64.9
65.0
63.3
63.6
61.6
62.4
61.3
62.7
62.5
63.4
62.9
64.7
64.5
61.6
58.6
61.1
61.1
59.1
61.4
63.3
65.8
65.4
64.3
64.2
61.9
63.1
63.4
64.9
63.2
66.8
68.8
65.9
67.1
68.6
64.3
65.9
69.1
63.4
64.9
65.7
65.2
64.0
63.5
63.7
64.6
66.7
65.2
64.1
60.3
61.3
62.2
62.8
64.1
63.6
69.6
66.6
61.3
63.6
64.0
64.9
63.5
62.2
63.3
63.1
62.2
61.6
62.8
121.8
91.1
68.0
70.2
68.8
68.4
73.0
72.1
69.8
66.4
67.6
70.9
70.2
73.7
71.2
70.4
72.8
70.1
69.8
72.7
72.8
73.8
72.4
69.5
79.1
75.4
81.7
71.4
70.4
70.9
64.6
65.5
64.6
64.3
63.6
62.5
65.1
63.7
62.6
64.2
64.9
61.4
61.4
61.7
61.0
60.9
58.5
60.8
61.6
62.3
64.7
64.1
62.4
63.3
61.8
61.4
65.2
66.5
68.0
68.7
66.9
65.7
64.7
65.2
65.7
68.2
69.4
66.3
66.2
64.6
64.3
62.4
62.6
63.1
62.2
61.0
62.8
63.7
64.4
62.7
62.9
62.5
62.4
59.7
62.2
61.8
59.2
58.9
57.8
58.7
61.6
61.2
59.3
62.4
61.4
60.7
61.7
62.0
61.3
60.7
62.5
62.6
63.1
61.0
64.3
61.7
58.2
62.2
60.4
61.2
60.5
63.0
63.7
63.6
65.3
66.0
65.8
62.0
61.1
63.4
62.8
61.7
63.8
65.4
66.2
64.2
61.5
61.7
61.7
63.2
63.1
60.9
62.2
62.5
60.8
62.4
61.4
62.5
62.0
63.4
64.2
64.5
66.4
64.5
64.1
65.5
63.0
61.7
63.1
64.5
63.8
63.8
65.2
62.7
64.0
64.1
65.0
64.4
65.4
67.2
67.8
67.9
70.0
68.2
69.3
69.8
69.5
67.6
67.7
69.4
69.9
68.5
65.6
60.9
66.7
68.3
68.0
68.9
67.1
63.9
65.8
67.4
74.8
66.8
62.3
67.3
58.9
52.7
178.3
230.2
226.0
225.8
225.60000000000002
227.06666666666666
227.7
228.33333333333334
228.96666666666667
229.6
218.5
226.0
149.2
83.1
81.1
76.4
75.6
76.4
75.0
73.8
70.6
73.9
70.6
72.2
71.8
71.3
75.3
79.8
78.8
77.6
72.9
71.8
70.3
70.4
72.7
72.2
69.9
70.4
70.5
71.7
71.0
72.1
68.1
68.8
68.0
68.0
69.5
70.4
68.1
67.8
68.9
67.7
67.7
67.3
67.0
67.0
66.6
65.8
67.1
67.2
68.4
70.3
69.1
70.2
70.3
70.3
69.6
67.6
71.2
72.2
68.3
70.0
70.8
74.8
73.3
70.4
72.7
70.8
71.0
69.6
69.2
69.7
72.2
71.0
68.1
68.4
68.0
66.4
67.9
67.9
66.0
64.7
64.3
66.8
96.4
99.9
71.4
65.3
63.7
62.5
63.2
62.9
62.0
60.1
57.4
59.5
62.1
60.7
61.6
69.7
71.2
71.6
67.3
67.9
67.2
67.4
68.2
66.5
66.0
65.6
65.0
66.9
65.0
65.2
63.6
62.4
62.9
63.7
63.4
65.0
65.4
65.5
65.9
65.9
66.3
67.9
65.6
66.4
66.1
67.1
67.6
68.2
66.4
65.5
64.6
64.6
66.6
65.5
64.3
64.9
63.5
64.0
65.3
64.2
66.7
65.9
64.6
65.0
65.3
66.0
67.4
66.4
63.8
62.9
64.0
62.5
61.2
62.6
62.1
61.6
61.4
64.7
64.5
63.6
63.0
65.5
66.7
68.0
66.1
66.9
69.1
67.2
68.2
67.9
67.8
68.5
71.4
76.8
77.3
78.8
72.7
71.7
74.0
73.8
69.6
68.7
67.2
68.1
68.8
67.0
64.6
64.5
62.4
61.3
62.8
62.1
63.1
64.3
65.4
65.0
66.7
64.5
64.8
65.2
67.3
66.9
64.1
65.8
64.1
65.0
65.0
64.4
64.9
65.2
63.0
63.4
63.5
64.7
65.4
66.4
63.6
62.5
64.9
61.6
63.6
63.6
63.9
64.9
65.2
64.2
64.6
65.0
62.4
65.0
64.7
63.5
63.7
65.5
65.0
65.5
64.8
64.2
65.5
67.7
67.2
68.9
69.1
68.4
68.7
65.5
64.1
65.1
65.1
66.1
65.2
65.0
67.0
66.2
65.3
66.2
66.5
65.8
63.4
64.9
66.5
66.4
67.6
65.8
67.1
66.3
67.1
67.8
69.3
69.2
66.2
67.2
68.7
66.4
67.1
66.8
65.9
66.8
66.7
67.0
65.9
66.5
67.9
66.3
68.7
68.8
68.8
67.5
68.1
69.4
70.9
71.1
70.3
70.4
72.3
70.3
70.9
69.5
71.2
68.8
69.4
70.1
69.8
72.2
68.6
67.3
66.6
67.4
69.6
66.0
67.0
68.0
69.7
68.9
68.4
66.4
67.8
70.1
69.5
69.6
69.2
68.8
69.3
69.8
71.9
70.4
68.7
67.7
69.6
68.8
67.2
63.6
65.4
64.9
65.3
65.3
64.4
66.6
68.7
69.6
67.8
68.6
70.1
72.7
70.5
70.3
70.4
69.2
72.0
72.2
71.9
71.7
63.0
69.1
67.9
63.9
66.4
67.7
67.9
69.3
69.3
68.1
67.9
68.4
67.8
69.6
66.3
66.6
67.0
66.1
64.3
188.1
92.6
69.0
69.6
68.7
69.2
69.7
69.8
67.2
68.0
69.1
66.9
70.8
66.7
66.0
67.3
65.2
65.5
66.4
64.2
64.4
68.4
65.0
61.7
61.2
62.6
63.1
63.2
63.5
65.7
65.8
65.7
66.1
64.4
65.5
67.9
66.4
67.5
66.5
66.6
67.7
67.1
64.8
64.7
64.8
69.5
70.7
65.9
65.9
65.4
67.0
67.9
68.1
67.6
66.6
67.0
65.5
65.4
65.3
67.3
66.9
69.8
68.2
70.2
70.0
68.4
69.0
68.2
67.4
64.1
65.2
67.1
68.6
68.9
72.6
68.1
70.1
71.5
74.2
72.8
70.6
72.7
67.9
72.3
71.7
70.2
70.3
68.2
69.8
70.5
72.1
69.6
70.5
68.3
68.1
69.6
71.2
66.4
67.9
69.2
65.6
67.7
64.0
68.0
67.8
66.3
68.1
68.2
68.4
67.4
67.0
66.2
66.0
66.5
65.9
68.2
67.5
67.7
68.0
66.6
67.9
69.5
70.0
68.3
65.5
66.3
68.0
69.6
66.6
64.1
65.9
66.7
65.5
69.8
70.7
66.6
64.8
64.7
63.7
63.8
62.2
62.2
63.2
63.3
65.0
64.3
65.3
64.3
64.3
64.9
66.9
68.9
66.5
66.0
65.4
69.9
65.7
64.7
63.9
65.5
63.7
64.9
65.1
65.3
66.9
67.2
62.8
65.7
67.3
68.0
68.5
67.7
65.2
66.8
66.4
66.9
64.4
64.8
66.3
67.3
55.5
43.7
