68.5
68.9
67.8
67.0
65.2
65.0
62.5
62.7
61.3
60.2
60.3
59.4
59.7
59.9
60.0
59.1
59.2
58.8
58.8
59.4
58.3
58.4
58.4
57.8
57.6
57.3
48.1
58.6
57.0
57.8
57.5
57.6
57.2
57.1
57.6
57.6
57.2
57.0
57.6
56.9
57.1
57.0
55.8
56.1
56.3
56.1
55.7
54.5
49.1
50.8
57.6
57.7
59.0
58.8
58.7
59.5
60.3
59.7
59.2
59.2
58.5
58.4
58.4
59.3
58.4
59.4
59.9
57.7
53.0
61.0
60.8
61.6
62.2
60.1
59.6
59.7
60.1
61.8
56.8
57.3
60.4
59.9
61.0
59.2
59.3
59.5
58.9
58.5
58.3
59.0
59.1
60.2
59.7
59.5
59.5
59.3
59.3
59.9
59.0
60.6
59.4
59.7
59.8
61.2
60.0
60.8
61.0
60.5
61.8
62.0
62.0
61.9
62.6
62.7
62.4
61.8
63.4
61.2
59.1
60.2
63.4
62.2
60.7
59.7
60.8
61.6
61.1
61.8
61.2
61.0
61.5
61.3
62.4
64.2
60.6
60.7
61.1
62.2
62.3
61.5
62.2
61.5
61.5
61.0
61.2
61.3
62.1
61.5
62.5
62.3
63.6
61.1
62.7
62.2
62.0
62.4
61.9
62.2
62.2
62.5
62.2
62.6
63.4
63.0
62.9
63.3
62.7
63.1
63.6
62.9
64.0
63.4
64.1
63.3
64.6
64.3
64.0
64.8
64.4
64.3
64.5
64.4
64.5
65.4
64.1
63.3
64.4
65.6
66.0
66.1
66.0
65.6
66.0
64.5
65.4
65.6
65.0
65.0
65.0
65.4
65.6
65.7
66.3
64.4
65.7
66.7
64.9
66.1
66.9
65.9
65.8
65.7
65.6
65.1
65.8
65.1
65.1
64.3
65.8
65.6
65.2
63.0
62.3
62.4
63.8
64.9
64.6
66.8
66.9
67.7
67.4
68.4
67.2
68.1
67.1
67.6
67.8
67.2
68.0
66.8
67.9
66.4
67.8
67.4
67.3
66.9
66.9
68.6
70.3
69.0
69.6
69.5
68.7
67.3
69.0
69.6
70.0
71.9
72.6
71.7
72.4
74.4
74.5
75.7
75.3
75.4
75.2
74.8
74.3
74.7
75.9
75.6
75.2
74.5
74.5
75.7
75.8
76.1
75.5
72.8
73.0
73.6
73.3
71.9
72.0
72.5
72.1
73.1
72.7
71.3
69.6
67.8
66.5
65.0
64.8
65.0
65.9
66.9
68.0
68.2
69.6
69.5
69.7
68.8
70.8
68.3
70.1
70.3
72.6
71.4
73.4
72.0
70.6
70.5
71.8
72.2
72.2
72.4
72.2
71.8
71.9
71.6
71.8
70.6
70.4
71.0
71.0
70.5
70.7
70.1
69.0
68.1
67.5
67.7
66.3
65.8
67.7
66.3
67.5
66.1
66.5
65.7
65.7
65.3
65.1
67.0
66.4
68.0
70.1
69.0
68.6
68.1
67.7
67.0
67.2
66.0
66.1
65.3
66.4
68.1
69.9
68.4
67.5
68.4
68.2
67.8
67.2
67.9
70.9
69.6
68.2
67.6
68.0
68.5
68.0
68.6
68.9
68.2
69.3
69.3
68.9
68.8
68.1
68.7
68.2
68.4
69.2
69.2
70.0
70.3
70.4
70.9
71.0
69.9
70.6
70.1
70.5
69.9
70.6
70.8
71.1
70.1
70.9
70.8
71.0
70.5
69.9
71.6
69.9
70.6
70.0
69.2
69.3
70.0
69.0
69.2
70.2
70.4
69.8
69.9
69.7
69.6
68.8
69.4
70.5
70.6
70.3
71.2
71.3
71.8
70.2
69.7
71.0
71.8
71.9
70.8
70.8
70.9
70.2
71.1
71.5
70.7
71.4
70.2
71.2
71.6
72.3
71.8
71.9
72.1
72.3
72.3
73.5
72.2
71.7
71.8
71.5
72.1
71.6
71.9
72.0
73.3
71.8
73.0
69.8
70.7
71.6
71.3
72.1
72.6
72.9
73.2
73.7
75.0
74.5
75.4
75.3
75.7
74.5
74.1
73.0
72.8
72.8
73.2
73.1
73.2
72.6
72.7
73.6
71.9
74.1
73.6
74.4
73.9
76.1
74.5
74.2
74.6
91.3
73.1
72.2
73.2
72.4
72.5
72.7
74.7
56.7
63.8
72.5
72.1
74.1
71.7
72.3
71.5
73.1
79.3
78.2
73.9
74.5
72.9
74.8
72.8
75.4
75.5
74.7
78.7
75.2
75.7
73.8
74.0
75.1
74.3
74.2
74.6
73.5
74.2
73.8
73.9
74.6
74.3
76.4
75.5
75.7
76.6
75.4
74.4
77.0
76.9
75.0
76.4
77.4
76.7
75.5
76.7
78.5
78.0
77.4
78.2
78.0
79.5
79.2
77.3
80.2
82.8
79.1
81.1
79.6
80.9
81.9
81.4
81.1
81.9
79.5
79.3
81.4
86.0
81.6
79.2
79.1
81.3
80.6
81.5
80.8
83.9
81.8
82.2
81.0
80.6
78.8
80.3
79.5
80.8
80.7
80.8
79.9
80.6
80.1
80.4
79.1
78.4
78.0
77.6
75.4
75.7
75.1
75.3
73.5
73.5
73.9
72.9
74.0
72.9
73.3
72.2
72.2
71.4
70.9
70.1
69.9
67.5
68.5
67.4
66.7
67.4
67.0
68.5
68.6
70.6
69.8
69.8
69.2
69.4
66.7
65.1
65.6
65.8
66.9
65.3
65.1
65.6
65.3
65.2
65.4
66.4
67.2
66.5
66.5
66.2
65.5
65.6
65.4
68.3
69.7
70.5
67.4
66.9
67.0
66.0
66.3
66.5
67.3
67.2
66.6
67.5
66.9
67.7
67.2
67.6
67.6
67.3
67.7
68.3
67.3
67.1
66.9
67.0
66.9
67.2
68.8
68.0
68.7
68.2
68.0
70.5
69.3
69.3
67.3
67.0
66.4
65.6
65.8
65.5
65.4
65.6
65.5
65.1
64.6
64.6
64.6
64.7
66.4
66.1
66.9
66.4
67.6
68.4
67.8
67.1
68.4
68.1
68.4
68.2
72.7
71.9
72.0
70.7
72.1
69.7
70.2
69.1
67.8
66.9
67.0
65.4
64.8
63.9
65.0
64.9
64.6
64.6
64.0
63.5
63.5
62.8
63.7
62.8
63.3
63.7
64.3
64.8
65.7
63.6
65.2
65.3
64.8
63.9
64.5
64.3
63.2
63.3
63.7
63.4
62.6
62.5
63.2
63.5
64.4
64.7
63.6
64.2
63.3
62.9
63.8
62.8
64.8
65.6
64.9
64.7
65.5
64.5
65.4
68.4
70.9
67.4
66.1
65.5
64.9
65.2
64.7
63.6
63.3
62.5
62.5
63.8
63.1
63.3
63.8
61.9
62.9
63.1
62.6
63.5
65.8
65.8
66.6
65.5
65.0
64.4
65.2
63.4
62.4
62.2
60.5
61.1
62.0
61.0
60.6
60.4
60.4
59.9
59.2
60.2
60.4
60.3
60.2
65.7
65.3
65.8
68.6
69.7
67.8
67.6
66.2
66.2
67.3
66.1
65.8
65.0
64.1
62.5
61.1
61.4
60.4
60.5
60.0
59.8
60.1
60.5
59.7
59.1
59.3
59.2
59.5
59.7
60.7
61.1
60.2
61.0
63.0
61.8
62.4
61.8
61.4
61.0
60.7
60.2
60.6
60.3
59.3
60.3
60.2
60.3
60.8
61.0
60.8
61.8
61.1
62.6
61.3
63.1
62.7
63.5
61.7
60.7
62.2
59.4
61.2
61.2
60.7
61.5
61.2
61.4
61.9
60.7
62.1
62.3
62.0
62.0
61.5
61.4
60.7
60.7
60.4
61.3
62.1
61.9
61.9
60.9
61.6
62.5
61.5
61.3
61.2
60.8
59.9
60.9
61.2
61.0
61.6
61.1
61.9
62.6
63.1
62.8
63.3
62.7
63.0
65.7
65.4
64.6
64.9
64.8
65.5
68.0
68.9
72.0
75.7
73.1
69.2
68.6
68.8
66.6
69.7
71.9
72.1
71.4
72.6
72.8
73.2
70.5
72.3
71.7
90.1
74.8
70.4
67.9
68.7
68.4
71.8
69.1
68.5
65.2
63.9
63.3
62.7
61.9
61.9
61.7
61.9
61.9
61.2
60.6
61.1
60.4
60.9
61.2
61.4
60.7
61.1
61.3
62.2
60.9
60.7
59.7
60.3
61.2
61.2
62.4
62.4
62.3
62.6
63.2
63.2
63.6
62.7
63.3
63.0
63.4
63.3
63.5
62.8
62.4
62.0
62.0
63.1
62.4
64.4
64.6
65.4
64.7
65.0
65.4
66.5
65.1
66.0
68.2
66.3
65.9
65.6
64.2
65.6
66.6
65.6
64.7
65.6
64.4
64.0
63.0
61.6
62.3
62.4
61.4
62.5
62.3
62.2
62.5
62.0
62.3
62.3
64.0
63.6
63.9
66.1
63.8
63.9
63.9
64.4
63.9
63.7
63.1
64.0
62.6
63.7
63.2
62.7
60.9
62.0
61.8
61.6
61.7
61.8
60.9
61.3
62.3
61.5
62.9
63.1
62.9
63.8
64.69999999999999
63.599999999999994
63.5
63.4
62.4
64.2
66.3
66.6
66.0
66.0
66.9
68.8
66.0
65.2
64.7
64.1
62.8
62.7
68.1
73.2
68.3
66.5
65.7
65.5
63.6
63.4
62.7
62.5
61.6
61.3
60.3
59.6
59.1
58.8
58.9
60.7
61.2
60.4
60.1
60.1
61.1
59.3
60.0
60.1
60.4
59.8
60.3
59.9
59.1
60.4
59.7
60.1
60.0
60.1
59.9
59.9
60.6
62.1
61.7
61.2
60.4
60.1
60.9
60.6
62.6
60.9
61.8
61.9
62.4
62.6
65.3
66.7
65.6
64.6
64.4
63.7
64.0
63.2
62.8
62.7
62.2
64.7
67.3
66.4
65.9
66.7
67.4
67.2
66.7
66.5
66.4
64.3
63.3
64.0
63.3
64.0
63.4
64.9
70.2
67.8
68.5
70.0
69.7
69.9
70.8
70.3
70.0
68.2
67.8
67.4
67.1
67.0
65.9
65.3
65.4
69.6
66.7
64.2
65.4
69.5
68.4
65.4
65.0
64.2
63.4
64.5
71.9
72.4
73.7
71.8
72.6
74.1
73.9
73.6
74.2
75.1
75.4
76.6
76.1
75.3
72.8
74.4
74.1
74.6
73.3
72.5
72.9
73.8
73.9
74.3
73.4
75.8
77.6
72.7
74.4
75.1
73.4
73.1
77.2
76.2
74.0
71.3
71.0
71.2
72.8
72.9
72.9
73.1
73.6
70.5
75.8
77.5
76.2
72.9
66.6
66.1
75.1
76.8
76.0
75.2
73.3
72.3
70.5
68.4
67.6
68.5
67.2
70.6
68.3
67.2
66.8
66.3
65.1
65.9
65.5
65.9
65.5
66.2
66.5
66.9
67.8
66.9
66.8
68.0
68.5
68.8
74.6
77.4
76.3
74.2
75.7
73.6
73.7
74.4
74.8
76.0
74.9
75.0
72.6
73.7
74.5
73.1
74.3
73.0
74.7
78.6
76.7
79.7
77.5
75.7
76.0
76.5
77.6
79.7
80.0
80.8
81.1
82.0
85.2
85.1
87.1
89.8
89.6
88.7
92.3
102.8
99.9
98.7
100.3
87.5
93.6
87.1
93.3
95.8
98.9
101.3
100.9
99.8
101.0
99.2
98.6
98.8
95.4
94.7
88.5
79.0
79.6
80.0
79.9
81.5
87.0
86.0
87.6
82.8
84.5
88.6
87.0
81.5
76.0
80.0
80.1
74.2
69.0
68.2
66.5
65.7
66.4
66.6
65.6
70.9
81.5
81.0
81.7
74.9
70.2
71.0
72.6
71.2
68.7
71.5
70.4
69.9
74.4
77.2
80.1
84.4
75.9
69.1
68.3
66.6
63.1
56.7
58.8
57.5
54.5
57.2
56.8
57.6
56.8
56.7
57.4
57.3
55.0
56.1
56.5
58.1
60.1
60.2
58.3
55.1
53.4
54.0
53.1
53.1
53.1
51.9
53.4
52.7
54.0
53.6
53.5
54.5
55.5
55.0
53.1
52.4
53.6
54.5
54.4
55.0
54.5
54.9
52.7
52.4
53.1
52.0
51.5
53.6
52.9
54.2
54.2
53.1
51.2
51.6
50.8
50.0
49.1
49.0
49.4
49.8
49.9
50.2
50.4
51.1
50.7
50.1
50.7
50.8
50.8
50.0
50.5
50.2
50.6
50.5
52.7
55.4
56.4
54.1
52.6
54.5
53.2
53.0
52.6
50.7
51.1
50.8
50.1
49.1
49.0
49.7
48.8
49.3
49.1
51.5
50.2
49.8
50.0
49.4
49.0
49.4
49.1
49.0
49.1
48.7
48.6
47.9
48.2
48.2
48.7
48.9
49.4
54.2
53.1
52.6
54.1
58.7
57.8
56.0
55.7
54.7
54.0
54.1
54.0
52.9
53.0
52.9
53.2
52.7
53.3
52.0
52.6
51.8
51.1
51.0
51.7
50.9
51.0
51.5
51.4
51.5
51.4
51.8
55.4
57.3
58.4
58.1
57.2
56.8
56.6
55.6
57.1
60.0
57.5
56.8
57.6
57.4
57.8
57.6
57.2
56.6
56.4
56.4
56.2
55.2
57.6
58.4
59.4
63.3
61.2
60.5
76.8
72.1
44.4
57.8
57.4
58.1
57.3
58.3
58.5
58.4
58.1
57.6
57.8
58.0
57.6
57.8
57.7
57.9
58.8
58.3
58.3
57.4
56.5
58.1
57.2
56.6
56.7
56.0
57.1
57.6
57.7
57.1
56.9
57.1
57.1
57.0
56.6
56.4
57.3
57.2
56.7
56.1
55.5
55.0
55.6
55.6
55.7
56.0
55.4
56.0
56.3
55.1
55.1
54.7
54.5
55.4
55.1
56.1
56.2
57.8
58.0
59.5
59.0
57.3
56.6
56.1
56.6
51.9
49.6
48.9
48.8
48.1
49.2
49.3
50.5
51.5
53.4
54.5
55.9
57.0
56.8
58.8
61.0
60.8
60.8
60.9
60.3
60.6
59.7
58.3
59.1
58.9
60.1
58.9
58.8
56.3
58.6
57.8
57.6
58.4
57.7
59.1
58.5
57.6
59.4
59.6
59.4
61.6
60.1
58.5
57.9
61.0
60.9
61.0
59.9
58.0
59.0
63.0
63.5
61.3
60.3
59.5
60.4
63.8
58.7
57.6
57.2
56.9
56.6
56.3
55.7
55.2
55.0
55.3
60.1
77.1
72.0
60.5
55.4
54.9
53.7
53.6
53.1
53.6
52.7
51.0
50.3
50.2
49.4
48.9
48.3
49.6
48.7
49.1
48.8
48.4
48.6
50.0
50.4
48.2
47.7
48.4
47.8
48.0
47.8
48.0
47.7
47.5
48.0
47.2
47.4
47.6
47.6
47.8
47.4
46.8
46.1
45.8
44.6
43.9
44.9
44.8
42.9
43.4
43.1
44.9
48.7
56.0
61.5
64.3
65.9
61.2
55.0
53.2
52.1
53.5
55.8
56.2
55.8
55.9
56.8
56.7
57.9
61.7
60.3
61.1
63.6
65.7
65.6
66.0
66.5
65.6
65.9
65.8
65.1
64.8
68.6
65.9
62.0
61.4
62.2
60.8
59.6
59.7
59.3
57.0
55.9
54.9
54.7
55.5
59.0
62.3
60.1
57.4
56.9
55.2
54.8
56.8
56.2
55.2
53.6
51.2
51.3
51.0
51.6
51.2
52.2
54.3
52.7
59.4
60.6
61.6
60.5
64.0
62.5
61.1
60.0
59.2
58.2
57.1
56.4
55.5
55.3
54.7
53.7
53.5
52.7
53.1
52.6
52.4
50.9
51.0
50.8
53.5
51.9
50.6
49.8
49.1
49.1
48.2
48.0
49.7
49.8
50.3
47.8
47.8
47.8
48.9
48.4
49.1
52.7
53.5
57.0
61.7
60.6
58.4
57.8
56.4
56.3
54.1
55.3
53.8
53.3
52.1
54.4
54.4
55.3
54.4
54.8
54.1
55.0
55.1
54.6
54.3
55.4
55.1
55.8
55.0
56.5
56.8
55.0
56.6
55.9
55.3
55.9
54.1
54.0
53.9
55.0
54.3
54.3
54.9
54.7
54.4
52.6
52.5
55.6
55.2
53.0
53.6
52.8
53.2
54.1
52.7
54.3
55.8
56.1
53.7
54.9
54.1
55.1
55.2
54.9
54.5
54.6
57.5
54.7
55.3
57.2
55.4
53.4
52.7
53.4
54.8
53.8
54.7
54.3
54.0
53.4
52.7
52.0
53.4
52.7
52.8
53.7
53.4
55.1
53.1
53.3
53.5
53.2
51.5
51.8
54.9
54.9
54.2
57.6
59.0
56.1
57.6
58.3
57.5
56.2
55.0
53.5
53.2
52.5
52.8
54.9
54.7
54.6
55.3
55.5
59.9
59.5
58.1
55.5
54.8
52.3
51.7
53.1
53.0
50.8
51.1
50.6
52.1
58.9
58.8
61.0
57.5
57.4
57.7
56.9
55.5
56.9
58.7
60.6
59.0
55.4
54.7
53.7
53.1
55.1
55.0
53.4
54.1
52.7
51.0
50.9
50.4
52.3
53.4
52.0
52.1
52.0
51.1
52.0
52.9
52.3
51.5
50.9
50.8
53.0
61.2
55.1
53.6
52.7
51.3
52.6
51.2
50.6
50.4
49.7
49.4
48.5
49.4
49.1
48.4
47.7
47.2
48.7
47.1
47.7
45.9
47.0
50.7
50.4
49.9
49.4
48.8
48.5
48.8
49.5
53.8
52.6
72.6
73.5
68.9
69.4
66.0
61.1
65.1
65.9
66.2
70.0
68.7
66.8
64.7
62.6
60.9
59.4
57.7
56.0
54.5
53.5
52.5
52.3
52.2
51.2
51.0
52.3
53.6
52.5
52.4
52.7
53.7
53.1
52.9
52.2
53.2
52.7
52.9
54.3
54.8
54.3
55.1
54.8
54.5
53.5
54.1
53.3
54.9
55.0
55.1
55.4
54.6
54.5
55.5
55.5
55.1
55.9
57.3
55.7
55.0
54.9
55.2
54.9
56.7
57.2
61.0
66.0
64.4
66.5
75.4
71.1
67.1
64.0
64.3
65.7
63.0
61.8
61.8
61.2
61.1
60.7
60.3
60.0
58.8
56.8
55.7
50.9
48.4
46.8
44.9
44.3
43.4
45.3
45.9
45.4
46.8
47.6
48.0
48.7
50.4
50.0
52.3
52.2
52.7
51.4
51.7
51.7
51.6
52.2
53.0
54.0
54.1
54.5
54.3
55.0
58.9
60.2
60.0
76.3
79.2
61.3
59.8
60.8
62.7
64.5
62.4
62.3
61.6
60.3
60.4
59.6
59.0
57.3
59.3
58.9
59.0
58.5
58.0
57.8
58.9
59.1
58.2
58.8
58.8
59.6
60.2
60.7
60.1
60.4
60.7
60.8
61.4
62.8
63.5
63.7
63.2
64.2
62.0
61.5
61.6
61.8
61.7
63.2
63.4
62.7
63.0
61.6
61.7
61.5
61.4
60.7
60.8
61.7
62.4
61.1
60.4
62.4
64.6
65.2
68.7
65.6
63.7
63.2
64.6
70.6
66.5
66.3
64.2
62.4
63.4
63.1
63.7
62.3
61.2
61.1
61.7
61.0
61.4
63.2
62.2
60.9
61.8
60.9
61.6
62.4
61.3
62.4
60.8
59.3
60.4
59.1
61.2
60.2
60.2
61.4
67.1
70.9
66.9
64.7
63.6
63.1
60.8
59.4
58.8
59.3
57.7
58.1
57.5
57.5
58.0
58.1
58.1
60.9
59.8
56.9
57.5
57.2
56.6
57.2
56.7
57.2
56.1
55.2
55.4
55.1
55.9
53.7
55.5
56.2
60.2
60.7
60.5
62.0
63.2
62.2
63.0
64.2
64.7
66.8
63.6
61.4
60.3
58.3
57.5
56.7
55.6
55.5
55.7
55.8
55.0
55.8
55.2
56.3
56.4
54.7
55.3
55.2
54.8
54.6
56.0
54.0
53.6
53.4
52.6
51.8
52.4
53.1
53.5
52.7
55.1
62.6
61.9
61.2
61.7
62.2
62.5
61.4
61.7
60.7
60.5
60.1
60.6
60.8
60.6
60.5
60.5
60.6
60.3
65.2
67.1
66.3
66.0
66.9
68.2
66.7
67.6
69.0
70.3
66.0
64.7
66.1
66.3
66.3
66.1
64.4
63.4
62.2
61.5
62.0
61.7
60.6
60.4
59.6
60.1
59.2
59.3
58.2
58.8
59.2
58.5
58.2
58.7
58.0
59.4
59.4
58.8
59.6
60.5
60.4
60.7
60.4
60.7
61.4
61.2
60.9
60.6
61.4
61.7
63.0
62.2
61.7
61.6
62.0
64.7
62.4
61.7
60.5
59.3
59.6
58.4
58.6
58.2
57.8
57.7
58.1
58.4
58.7
59.3
59.5
59.6
58.2
57.4
58.8
58.9
59.8
59.4
60.5
61.5
62.3
62.3
60.7
62.1
62.2
62.8
64.4
62.7
63.1
63.2
64.1
64.7
65.3
65.1
66.6
68.6
100.2
107.6
59.8
68.6
69.0
71.4
69.1
70.6
69.1
67.7
68.7
65.3
62.1
60.5
59.8
58.8
58.3
58.2
57.6
58.1
66.7
70.5
68.6
63.7
62.1
60.1
60.3
60.8
60.9
58.5
58.2
57.8
57.0
57.6
57.4
57.8
58.8
57.2
57.4
57.3
56.3
56.7
56.3
56.2
57.3
56.0
56.3
56.8
56.9
56.7
56.9
58.2
58.3
58.4
58.7
58.6
58.8
58.6
58.8
60.0
60.2
61.5
59.8
59.4
61.0
59.5
58.8
58.8
59.7
58.3
59.3
58.3
58.3
58.0
57.6
57.9
58.7
58.6
58.3
59.6
59.3
60.1
61.1
62.9
64.9
64.8
65.1
64.7
66.1
64.2
61.7
64.4
64.0
65.1
70.1
68.0
67.5
68.9
67.6
69.5
69.9
71.5
71.7
70.4
71.3
73.0
71.0
68.7
66.1
66.9
67.8
68.9
69.1
67.2
68.1
66.7
70.2
69.2
67.8
69.2
70.4
65.0
64.3
64.9
65.9
65.4
66.4
66.2
66.5
67.8
68.2
68.7
68.2
68.0
70.5
70.9
70.8
67.2
67.2
68.0
68.0
65.9
68.3
67.8
64.9
63.1
63.7
65.3
66.6
64.3
63.3
62.8
62.1
62.2
62.6
63.3
64.2
66.9
65.9
67.5
66.0
65.9
65.9
67.4
67.8
69.2
69.7
70.3
71.7
110.7
90.1
70.1
70.4
69.6
68.5
70.4
70.6
70.5
71.0
69.8
71.0
70.0
65.9
68.1
67.1
67.5
69.2
69.6
68.9
70.9
72.5
76.2
74.2
72.2
72.8
72.4
72.7
74.4
76.2
75.2
76.4
77.0
78.5
77.8
78.3
79.8
78.1
78.1
77.7
77.7
77.1
80.8
85.1
83.0
80.0
80.2
78.3
77.7
76.4
76.3
76.1
76.3
72.5
74.0
74.6
83.6
78.8
78.4
75.4
73.4
73.3
73.0
73.4
71.0
69.4
69.0
70.7
70.8
70.0
71.2
72.1
72.7
72.4
73.3
74.5
76.0
77.0
77.2
76.0
75.3
76.1
73.8
73.9
77.3
80.9
80.1
82.2
74.4
75.4
69.0
62.7
69.0
65.6
66.8
63.6
62.5
60.8
53.4
58.3
63.3
59.8
63.0
70.2
69.9
71.2
70.4
69.1
67.7
69.4
71.3
69.2
64.5
62.9
61.9
61.1
60.6
61.3
60.7
60.5
61.2
62.4
63.1
63.8
63.1
63.4
64.3
64.5
64.9
65.5
64.9
65.4
65.3
64.6
64.5
64.6
63.8
63.8
62.5
61.7
62.1
61.7
60.8
59.9
59.3
60.0
59.8
60.0
59.8
58.6
58.5
57.9
58.0
58.6
58.5
57.8
57.7
57.6
58.2
57.2
57.1
57.6
57.7
58.4
59.1
58.1
62.6
64.4
61.5
60.5
59.5
62.2
61.1
58.9
57.5
58.0
59.9
58.7
58.8
59.8
58.2
57.0
57.5
56.6
61.3
59.9
56.5
57.2
57.0
55.9
56.1
55.5
55.5
56.1
55.6
55.5
55.0
56.9
58.5
57.5
55.3
52.2
51.7
55.4
53.1
49.6
47.7
46.3
44.3
48.5
67.4
73.1
63.2
53.4
53.6
56.9
58.5
59.1
58.7
57.5
57.0
56.6
54.9
53.9
53.2
60.0
59.6
56.3
54.7
54.5
54.0
54.9
55.0
55.0
54.6
54.6
54.4
54.8
54.8
54.3
55.1
55.1
55.8
56.4
56.3
56.2
56.1
56.4
56.1
56.4
56.7
56.8
57.0
56.9
57.0
57.1
57.0
57.0
57.0
57.3
57.2
57.0
57.3
57.0
57.5
57.6
57.4
58.0
58.0
58.2
58.2
58.3
58.6
58.5
58.7
58.2
58.6
58.8
58.8
59.0
58.8
59.0
58.9
58.5
54.5
62.1
66.5
63.1
62.0
61.2
61.2
61.1
60.6
60.4
60.2
60.3
60.0
59.7
60.2
59.5
59.3
59.0
59.0
58.8
58.7
58.9
59.0
59.3
58.7
58.6
58.9
59.0
59.3
59.0
59.0
59.5
59.2
59.2
60.0
59.5
59.2
59.6
59.2
59.2
59.0
59.1
59.2
58.8
59.0
58.9
58.7
58.4
58.6
58.3
58.3
58.3
58.3
58.4
58.3
58.3
58.0
58.0
58.0
58.1
58.1
58.3
58.0
58.0
58.3
58.1
58.3
62.4
61.5
60.7
60.8
61.5
61.3
60.9
60.9
60.8
63.1
63.0
62.8
64.8
65.3
65.0
64.4
69.6
71.1
72.6
70.78
70.61999999999999
70.46
70.3
70.14
69.97999999999999
69.82
69.66
69.5
69.33999999999999
69.17999999999999
69.02
68.86
68.69999999999999
68.53999999999999
68.38
68.22
68.05999999999999
67.89999999999999
67.74
67.58
67.42
67.25999999999999
67.1
66.94
66.78
66.61999999999999
66.46
66.3
66.14
65.97999999999999
65.82
65.66
65.5
65.33999999999999
65.17999999999999
65.02
64.86
64.69999999999999
64.53999999999999
64.38
64.22
64.06
63.89999999999999
63.739999999999995
63.58
63.419999999999995
63.26
63.099999999999994
62.94
62.779999999999994
62.62
62.459999999999994
62.3
62.13999999999999
61.98
61.81999999999999
61.66
61.5
61.339999999999996
61.17999999999999
61.019999999999996
60.86
60.699999999999996
60.53999999999999
60.379999999999995
60.22
60.059999999999995
59.9
59.739999999999995
59.58
59.419999999999995
59.26
59.099999999999994
58.94
58.779999999999994
58.62
58.459999999999994
58.3
58.14
57.98
57.81999999999999
57.66
57.5
57.339999999999996
57.17999999999999
57.019999999999996
56.86
56.699999999999996
56.54
56.379999999999995
56.22
56.059999999999995
55.9
55.739999999999995
55.58
55.419999999999995
55.26
55.099999999999994
54.94
54.78
54.62
54.459999999999994
54.3
54.14
53.98
53.81999999999999
53.66
53.5
53.339999999999996
53.17999999999999
53.019999999999996
52.86
52.699999999999996
52.53999999999999
52.379999999999995
52.22
52.06
51.9
51.739999999999995
51.58
51.42
51.26
51.099999999999994
50.94
50.78
50.62
50.459999999999994
50.3
50.14
49.98
49.81999999999999
49.66
49.5
49.339999999999996
49.17999999999999
49.019999999999996
48.86
48.7
48.54
48.379999999999995
48.22
48.06
47.9
47.739999999999995
47.58
47.42
47.26
47.099999999999994
46.94
46.78
46.62
46.459999999999994
46.3
46.14
45.98
45.81999999999999
45.66
45.5
45.34
45.18
45.019999999999996
44.86
44.7
44.54
44.379999999999995
44.22
44.06
43.9
43.739999999999995
43.58
43.42
43.26
43.099999999999994
42.94
42.78
42.62
42.459999999999994
42.3
42.14
41.980000000000004
41.82
41.66
41.5
60.8
78.8
69.4
69.8
69.5
71.8
71.5
74.5
70.7
72.0
74.6
75.7
62.4
73.1
76.1
78.4
83.0
77.3
71.8
76.2
77.5
80.2
79.7
80.9
82.8
86.8
90.5
90.1
93.4
94.8
94.3
85.2
87.0
85.1
87.3
87.6
88.0
88.3
87.8
88.4
90.7
90.2
89.6
89.0
90.1
87.8
90.2
91.1
91.3
91.6
91.7
90.9
91.5
90.3
90.4
90.8
90.7
91.8
91.8
92.2
91.2
91.4
91.3
90.9
91.5
91.2
91.3
91.4
90.9
91.6
91.6
91.7
92.0
91.9
91.8
91.0
90.2
89.7
89.4
89.2
88.7
88.2
87.3
87.5
87.1
85.7
85.2
83.9
82.6
82.0
80.7
80.1
79.5
79.8
79.5
80.0
80.6
80.9
79.9
79.0
77.5
76.4
75.6
75.0
73.4
73.0
72.3
71.5
70.1
69.8
69.0
68.2
67.3
66.5
66.3
67.2
65.3
64.2
64.0
64.6
63.2
63.5
64.6
65.3
65.7
65.4
65.5
67.3
66.7
67.0
67.4
66.3
67.2
68.0
68.4
67.4
66.8
67.7
67.6
65.0
68.1
67.4
67.0
64.2
68.2
67.1
67.4
66.8
68.5
68.0
68.0
67.9
65.7
67.4
68.0
68.3
68.5
69.5
68.8
70.2
69.4
69.1
69.5
69.0
68.3
69.2
69.3
67.8
67.4
70.1
70.7
67.6
70.0
69.7
69.1
69.4
68.3
69.3
70.0
68.7
68.3
68.2
66.7
67.9
66.8
66.8
66.5
66.1
65.9
65.9
66.1
66.4
66.9
66.4
65.8
67.0
66.9
67.1
66.5
67.1
67.0
67.4
66.6
67.7
66.7
64.0
68.0
68.1
67.6
68.0
68.2
67.8
67.8
67.6
68.0
68.2
68.6
68.4
68.4
69.0
69.2
67.7
68.7
67.9
69.0
68.2
68.1
68.2
69.4
69.9
68.8
67.7
66.0
68.3
64.8
67.4
68.7
68.7
66.8
68.4
67.6
67.8
67.5
67.1
67.8
68.4
69.0
69.8
68.8
69.1
71.4
70.8
70.0
72.1
71.8
73.3
72.4
72.0
72.7
70.8
72.5
72.8
74.9
74.1
75.7
77.2
76.9
76.9
77.3
76.6
77.0
76.7
76.2
74.2
77.8
73.8
73.9
78.0
74.4
75.1
74.2
73.1
73.4
71.8
71.1
71.1
73.4
74.0
73.9
74.6
71.9
71.9
73.1
72.8
71.1
69.5
68.6
68.5
68.6
67.4
64.6
67.4
67.7
65.2
63.9
62.6
62.1
58.7
59.7
52.8
57.6
56.2
53.7
51.7
57.8
53.2
49.5
51.5
57.6
62.5
61.9
68.0
70.9
73.6
69.3
78.4
84.0
76.1
82.5
80.4
79.7
85.2
80.9
79.9
80.4
73.9
70.1
73.3
72.8
71.7
69.9
68.7
69.6
69.3
67.7
67.7
67.9
67.2
64.9
67.5
68.4
67.3
68.5
69.5
69.0
68.9
67.0
66.7
66.5
66.6
65.8
66.0
65.5
65.5
64.7
65.0
66.5
65.2
65.7
67.6
66.5
66.1
66.2
64.9
65.6
64.4
64.5
65.0
65.2
64.9
64.3
63.5
63.9
64.0
63.3
63.7
63.8
64.3
64.9
63.8
63.8
66.2
63.8
64.0
65.8
65.1
64.0
65.1
63.8
62.5
62.6
62.4
64.4
62.4
62.9
62.3
62.7
62.4
61.2
58.7
57.0
59.1
60.4
63.4
66.4
60.9
62.0
60.2
58.6
61.6
60.7
60.9
61.1
60.6
60.7
59.8
60.8
61.2
59.3
60.6
58.2
59.6
59.8
59.7
60.2
59.2
57.9
57.4
58.8
58.7
59.1
59.1
58.9
59.0
59.1
58.7
58.4
58.7
59.0
58.8
58.9
59.1
61.7
61.8
60.6
60.5
59.3
59.2
60.4
58.3
59.4
59.7
61.0
60.4
58.7
60.1
58.8
59.8
59.4
61.5
60.4
59.6
58.5
59.3
57.7
58.8
57.6
59.6
58.9
57.9
60.2
58.2
59.4
58.2
58.1
58.3
59.3
59.4
58.5
57.7
58.7
58.4
58.2
58.6
59.3
59.1
58.6
58.6
57.6
61.0
61.5
62.1
63.3
66.8
67.2
68.8
69.5
68.7
68.6
68.0
65.8
64.8
66.3
66.5
66.5
64.1
64.3
64.2
63.7
63.0
61.2
60.9
58.6
56.7
53.7
53.1
53.2
57.1
59.2
60.9
61.0
62.8
61.9
62.5
61.9
62.0
62.1
62.4
61.2
62.0
60.4
59.8
61.0
60.7
59.7
59.5
59.3
58.5
57.3
59.3
59.8
59.3
57.2
58.3
59.3
58.0
57.4
57.2
56.8
57.3
56.2
58.8
59.4
60.3
60.7
58.7
58.0
58.6
59.1
57.6
56.7
54.9
57.5
57.5
56.8
55.7
58.9
57.9
58.7
61.0
58.9
58.0
61.2
63.3
59.8
65.6
66.8
63.8
62.3
61.3
60.9
61.1
60.8
62.3
61.4
61.0
60.2
60.7
59.7
61.2
59.2
58.5
58.4
57.3
59.4
61.3
61.1
62.9
62.8
64.9
63.7
63.9
63.0
62.5
63.8
62.7
62.3
62.1
64.3
62.7
63.5
63.7
62.7
63.3
55.1
63.5
63.2
65.4
63.8
64.8
62.1
65.6
64.2
65.1
63.6
64.1
64.2
64.5
64.4
64.6
64.9
63.6
64.3
64.1
64.4
64.0
64.5
64.5
63.9
63.5
64.7
63.9
64.5
64.5
65.2
65.4
65.2
63.4
61.9
64.8
65.0
64.4
65.5
65.5
65.3
65.6
66.0
66.2
66.0
65.0
63.7
65.1
66.2
64.6
64.7
64.6
65.8
64.3
64.9
64.5
65.4
64.9
64.5
61.6
48.9
65.7
68.7
69.2
65.4
63.9
67.0
67.0
65.4
67.2
73.5
79.2
81.6
83.7
93.4
98.3
104.0
105.9
107.3
106.6
106.6
105.8
101.5
105.5
103.9
103.1
101.9
100.5
98.6
97.5
97.4
96.8
96.7
95.7
93.6
92.9
90.8
89.6
88.2
88.7
86.0
84.4
84.7
83.9
83.2
83.9
83.3
82.2
83.2
84.5
85.0
86.5
85.5
85.4
84.3
83.1
82.2
84.7
84.1
84.9
81.9
83.9
83.1
83.3
83.3
82.2
84.0
81.5
83.6
83.2
83.4
80.9
79.8
81.2
81.9
84.6
81.5
82.0
82.2
81.6
81.6
82.5
81.8
76.9
78.5
78.5
79.3
82.7
80.5
79.7
82.0
81.8
82.9
82.1
82.1
80.7
79.9
80.2
78.1
79.7
80.5
78.1
78.9
82.4
80.0
77.6
78.5
80.0
81.5
81.53333333333333
82.3
80.2
79.4
77.8
80.3
81.4
79.0
80.4
80.2
77.8
77.9
80.6
81.1
81.7
79.8
78.4
81.2
81.1
79.9
79.6
79.4
80.8
77.6
79.3
81.9
81.9
82.3
79.7
78.9
79.6
80.6
78.7
79.1
79.8
82.6
84.2
83.2
82.3
75.5
72.2
71.3
66.1
62.1
59.4
56.5
55.8
56.6
61.4
63.9
65.0
60.9
62.9
66.2
67.4
64.1
67.3
72.8
75.7
75.9
80.1
79.7
82.8
84.9
86.4
86.3
84.5
84.0
80.3
82.1
81.5
82.9
82.2
81.7
82.0
79.7
79.5
82.2
77.6
79.1
78.0
77.2
81.6
76.1
73.0
73.2
75.5
75.6
80.2
79.8
75.9
72.8
73.5
74.0
72.3
71.7
69.3
67.8
69.3
69.5
71.8
71.8
74.2
77.4
75.5
74.7
75.0
79.1
76.9
79.3
76.4
73.9
74.9
73.9
76.0
76.3
77.2
79.5
78.5
77.9
78.8
75.7
77.8
77.3
80.1
80.4
81.8
80.3
79.0
75.5
78.1
82.8
83.8
83.7
82.5
80.7
76.9
78.2
78.2
76.9
77.2
77.5
77.1
76.3
72.8
68.3
69.8
70.4
76.1
78.9
86.2
83.1
86.7
95.7
85.5
78.1
74.4
72.3
73.5
75.4
74.3
74.7
76.4
75.7
73.9
72.9
68.4
63.2
62.8
60.9
72.6
88.0
88.6
96.0
98.1
100.2
101.2
103.1
103.9
102.7
102.1
100.4
100.2
98.1
95.1
93.7
95.2
92.9
90.8
89.6
87.2
82.5
80.8
80.0
79.3
73.4
73.6
71.3
68.1
66.5
67.0
65.4
67.0
65.9
69.1
66.8
67.5
67.9
67.8
67.7
69.6
69.6
69.0
69.8
68.1
66.0
66.8
62.7
64.2
66.9
64.7
65.4
65.5
66.6
69.9
75.0
72.9
75.2
77.4
79.5
79.9
80.9
81.2
79.1
79.1
77.4
80.0
77.7
76.3
76.7
77.6
77.9
79.2
83.0
84.5
83.1
80.9
77.8
76.6
77.2
77.5
78.7
77.9
78.8
78.1
74.6
77.0
77.3
77.9
87.2
90.2
89.5
81.0
81.1
80.3
83.5
81.5
74.9
77.9
72.8
70.8
70.1
68.5
68.6
71.3
70.5
71.8
70.3
71.8
73.2
71.9
73.7
76.9
77.9
79.9
82.4
85.0
87.5
83.8
88.6
91.5
89.7
93.1
94.0
92.9
94.7
94.8
90.4
92.2
88.9
86.4
86.7
87.2
86.1
87.2
87.4
89.0
86.1
87.7
86.4
84.9
84.7
86.2
85.4
86.2
86.2
85.2
83.7
84.8
84.7
84.0
84.0
85.0
87.4
84.8
84.6
84.4
83.3
84.2
82.1
81.9
80.2
80.6
81.4
80.9
77.5
82.8
84.4
80.5
82.9
84.6
83.0
86.7
88.4
87.8
87.6
86.5
83.1
87.5
93.3
100.9
91.1
81.6
77.6
76.4
75.2
76.2
72.4
69.0
73.2
71.3
73.3
73.4
73.8
69.5
71.8
71.9
72.3
75.6
75.1
75.3
76.1
71.8
73.4
75.5
72.4
76.0
96.1
91.9
84.4
76.8
73.2
71.3
70.0
69.7
70.9
69.5
69.3
71.4
72.1
70.9
71.3
72.4
71.6
74.2
74.2
74.6
75.6
76.7
80.9
76.1
77.0
77.7
76.4
79.1
82.9
84.5
81.6
79.2
78.6
78.8
81.3
81.4
78.5
78.5
77.9
79.6
78.6
82.2
83.2
77.0
77.7
80.9
80.0
80.3
80.7
78.1
79.0
80.9
78.2
79.4
77.6
77.8
81.6
81.6
82.6
85.9
81.5
80.9
79.6
80.3
83.0
79.9
76.7
78.3
78.3
78.5
77.1
77.9
77.5
77.1
77.1
78.4
77.5
84.5
83.7
86.7
84.6
81.4
80.2
78.7
80.4
77.3
74.3
74.4
73.2
74.7
73.0
72.9
71.5
74.3
72.1
72.3
72.0
70.3
72.3
71.8
74.6
75.7
72.0
75.5
79.6
85.1
79.1
85.4
91.2
82.5
73.5
72.2
69.5
68.5
65.0
58.9
60.6
58.7
60.1
59.8
61.6
63.0
62.0
62.1
63.0
63.0
63.9
69.8
68.7
72.9
68.5
69.6
69.5
74.5
74.2
74.9
82.3
93.3
86.5
81.8
78.3
77.6
77.5
74.1
70.4
71.4
70.6
69.9
70.6
71.2
68.0
68.0
68.4
70.5
69.6
74.3
72.1
73.6
76.0
76.8
83.8
79.8
80.3
78.5
79.4
79.1
76.1
74.6
72.7
72.4
69.9
69.2
68.5
67.2
70.0
85.7
98.7
92.4
82.8
85.2
83.8
72.4
57.8
50.0
47.7
52.2
50.2
49.8
52.8
53.5
55.4
56.0
58.3
61.3
60.9
57.9
58.8
61.0
69.0
75.4
77.9
79.7
81.2
83.9
83.2
86.0
86.4
87.4
88.0
88.4
88.6
88.3
87.7
87.9
87.5
87.1
87.6
81.8
76.1
84.4
87.9
86.7
86.3
86.0
87.4
85.2
85.5
85.9
87.3
86.9
85.5
85.8
89.6
88.5
85.8
83.3
82.5
81.5
82.8
81.6
79.2
78.5
79.8
80.2
77.8
76.8
76.6
76.5
77.2
76.3
74.2
73.2
72.4
73.0
71.4
73.4
69.7
71.9
69.8
67.2
69.8
68.3
70.6
75.8
84.3
85.1
82.3
82.1
81.4
84.2
83.2
83.9
86.4
93.5
94.3
87.6
86.6
80.4
80.7
100.5
89.4
78.2
68.2
63.7
67.5
69.7
69.5
62.8
58.0
61.7
60.8
60.8
59.9
59.8
60.5
61.6
66.2
65.9
66.0
67.6
72.6
73.8
69.6
69.0
68.4
71.8
69.9
68.9
71.7
70.9
69.1
71.4
70.6
70.7
72.4
74.5
69.7
70.2
74.1
72.5
76.3
76.4
76.7
74.4
74.4
73.7
75.1
73.9
76.7
74.0
72.3
75.6
76.5
76.6
82.0
87.4
87.9
89.9
84.9
85.7
82.0
81.9
79.5
80.3
82.1
82.4
82.9
79.2
81.5
82.7
82.4
78.8
76.7
76.3
77.5
77.0
78.1
75.6
76.6
75.1
76.5
76.3
84.0
88.8
94.0
100.3
102.2
95.2
103.4
89.6
81.8
77.4
74.8
77.5
76.2
76.3
75.1
77.7
76.3
79.1
79.9
74.6
77.6
78.6
86.6
86.1
88.6
87.5
89.7
89.0
85.8
87.0
88.0
83.2
86.4
90.9
105.5
100.1
91.3
85.3
85.2
83.8
82.9
83.0
81.4
78.4
77.2
75.3
71.1
73.7
69.9
73.0
75.9
79.6
80.4
82.2
80.9
80.7
80.3
77.1
78.4
77.8
78.8
79.3
78.0
79.3
80.1
84.5
86.0
86.5
98.5
100.7
100.7
100.8
94.1
86.8
86.6
84.8
85.6
84.8
86.7
88.0
86.5
86.8
88.4
87.5
87.7
86.4
87.7
88.1
86.8
86.2
83.5
80.2
77.5
77.4
73.4
75.1
74.7
72.8
75.3
76.2
71.6
72.0
73.0
77.3
75.2
74.5
72.2
74.1
73.7
71.8
72.2
73.4
71.7
73.4
73.1
74.3
73.5
68.5
73.8
75.2
74.9
77.5
78.5
78.1
77.7
76.8
75.5
74.6
73.4
77.2
76.8
75.6
76.3
76.4
77.4
76.9
76.2
75.9
77.2
79.3
76.7
74.9
77.1
77.0
75.7
78.7
84.2
85.0
81.9
81.9
84.2
85.0
83.9
83.0
87.4
87.7
82.6
82.5
85.2
86.3
86.4
84.2
84.6
82.4
82.2
78.4
79.0
78.2
75.6
77.8
76.0
77.4
76.3
79.1
75.5
76.6
77.3
76.3
77.4
79.5
77.2
78.9
78.4
77.8
76.2
75.4
74.6
74.3
75.8
73.6
77.2
76.3
76.9
77.0
76.0
76.2
77.1
77.3
78.2
78.6
76.4
76.7
77.7
77.5
76.5
76.4
78.8
77.8
79.6
78.4
80.0
79.7
74.5
76.0
76.7
75.8
76.9
74.7
76.5
77.5
75.0
76.1
77.3
75.3
76.2
77.3
78.9
79.0
78.7
77.7
79.2
79.6
78.2
78.9
76.7
75.9
76.6
74.9
74.7
76.0
77.1
77.2
75.4
74.8
75.4
78.4
78.2
78.9
78.7
76.8
76.4
73.7
74.1
77.8
79.3
79.6
80.4
77.1
81.1
79.8
80.4
74.8
75.7
76.5
79.1
78.1
77.2
75.1
78.5
76.7
74.9
74.6
74.6
73.8
74.8
76.9
74.9
73.4
76.7
75.3
73.9
73.4
77.0
76.8
76.7
76.8
76.1
75.6
74.1
73.7
76.3
75.0
74.0
74.0
73.9
72.3
74.9
72.5
75.6
73.6
76.7
76.9
74.3
73.0
74.0
73.0
70.8
78.3
81.5
78.5
76.4
73.2
75.9
70.0
67.5
67.0
70.7
70.5
74.1
71.3
70.4
73.8
71.2
73.0
70.9
69.5
72.8
74.3
72.9
71.7
73.3
69.2
76.4
71.6
71.9
69.4
71.9
74.4
77.5
74.9
73.5
71.5
70.2
68.6
72.1
70.3
71.5
70.8
71.8
73.2
73.6
77.4
74.4
71.2
71.0
69.3
75.3
72.1
71.1
73.6
73.1
69.2
70.1
67.4
68.7
70.4
70.9
72.6
74.1
73.2
77.9
73.8
73.9
71.3
66.5
69.0
67.1
69.2
71.6
71.4
72.0
69.2
70.9
75.7
78.1
75.4
74.2
70.5
71.5
74.6
75.0
75.0
71.8
69.4
70.9
69.0
70.3
70.7
73.2
72.8
74.0
72.4
73.9
73.8
73.0
68.8
67.6
71.0
72.0
71.4
69.8
71.8
67.1
69.4
68.6
69.8
69.8
69.5
67.4
65.6
65.0
69.1
71.1
69.8
71.0
69.5
65.4
66.0
62.1
58.5
62.0
62.9
59.8
60.6
59.2
57.2
58.4
59.0
58.7
60.6
60.8
57.5
58.9
62.5
58.9
60.2
57.6
61.3
60.3
57.0
58.7
62.2
61.4
63.2
61.1
63.1
63.7
60.7
61.7
60.5
59.5
63.3
60.8
56.6
60.2
59.0
61.5
60.6
56.5
60.1
60.2
59.8
59.9
60.6
58.0
61.3
63.3
61.5
58.6
58.3
60.6
60.2
61.2
59.1
58.6
58.4
61.2
60.2
59.4
59.3
60.1
58.2
62.6
59.7
62.7
60.8
58.7
60.6
61.9
61.2
61.7
60.5
62.3
61.8
66.6
64.4
65.3
59.7
59.5
60.6
56.9
63.4
59.5
63.3
61.8
64.2
57.4
58.1
61.5
62.6
63.1
62.5
65.9
62.1
62.7
62.3
64.6
66.2
62.9
60.1
61.3
58.1
61.3
59.5
58.2
59.8
60.5
60.5
60.1
74.0
75.3
77.8
76.6
74.2
67.1
75.4
74.2
72.7
67.4
66.6
64.5
63.8
64.4
63.2
59.6
63.6
62.2
61.7
63.0
69.6
62.8
64.9
60.2
59.4
59.4
63.1
63.4
64.8
65.5
68.4
66.4
60.4
62.4
60.7
60.0
61.5
59.3
58.9
59.8
57.8
63.4
60.4
60.0
61.3
59.0
59.7
62.0
53.9
51.5
52.2
53.8
62.7
69.7
69.7
71.9
72.3
73.0
73.9
63.9
63.3
61.4
61.9
78.4
79.4
80.5
80.1
78.6
79.0
77.7
75.9
75.8
70.9
62.6
58.3
55.7
54.9
53.7
58.3
58.0
59.7
59.6
59.9
61.1
58.3
61.6
62.6
63.7
62.3
60.4
59.0
63.3
60.5
62.4
62.0
63.4
60.8
62.7
62.2
62.7
57.2
56.9
65.1
67.3
66.7
63.3
60.9
63.0
64.0
64.3
64.4
61.9
59.7
60.3
61.3
61.0
61.1
64.6
64.0
63.7
65.1
60.2
60.5
56.7
59.9
63.5
65.3
62.5
62.5
60.3
62.0
63.9
67.2
63.9
66.1
67.5
67.6
64.8
63.9
62.3
59.7
65.0
62.2
68.0
66.3
67.3
64.4
65.2
67.3
64.8
65.1
63.2
63.7
64.9
65.7
62.7
61.3
58.1
64.6
63.9
63.9
65.7
63.2
60.1
60.9
63.3
65.0
62.9
61.7
65.1
79.7
87.7
102.4
103.4
99.1
91.3
90.0
85.0
81.7
82.4
80.5
79.4
79.4
76.2
76.6
77.6
79.7
81.0
81.6
77.3
76.6
77.6
77.6
79.6
81.8
77.1
73.1
73.9
67.1
75.1
70.5
66.6
67.9
63.6
63.5
77.2
76.2
76.0
74.0
70.2
63.7
57.7
57.7
57.6
66.0
64.1
70.4
70.9
72.9
74.0
77.0
74.4
69.8
68.3
66.9
63.9
57.4
57.4
62.2
68.9
69.3
75.9
79.0
81.2
88.7
87.9
86.2
84.4
82.1
81.0
81.3
79.8
80.7
76.1
71.4
67.9
70.1
68.6
70.7
71.2
68.2
71.2
70.3
68.9
71.3
69.8
73.7
75.1
77.3
81.8
79.9
82.5
79.9
80.6
84.2
84.0
84.9
86.0
85.9
85.2
82.5
83.3
84.2
80.2
80.2
78.8
82.1
81.3
81.2
83.4
80.7
81.0
80.6
79.2
78.4
76.9
76.2
74.4
75.5
74.5
73.2
69.5
70.4
65.0
66.4
69.4
69.3
69.0
69.0
62.9
56.2
53.2
57.0
63.7
66.0
63.6
75.4
79.2
77.8
77.3
76.7
75.1
72.7
67.4
65.8
63.3
61.4
59.5
55.0
61.8
60.7
60.0
61.8
59.1
62.9
67.7
66.8
66.0
66.7
64.7
63.0
65.5
63.3
62.3
62.3
58.6
61.8
63.2
64.2
68.6
70.5
71.6
71.2
71.8
74.4
70.8
71.5
73.2
70.4
67.3
67.4
63.0
56.9
58.5
58.2
62.5
65.9
66.6
73.7
76.3
77.4
78.4
78.8
78.6
78.1
77.3
77.8
77.4
77.8
78.2
78.5
78.2
72.3
67.1
69.7
69.6
65.1
62.3
65.7
62.1
61.1
60.9
65.0
72.0
73.4
78.4
78.3
77.9
78.9
73.8
73.1
67.6
89.0
93.8
88.4
83.7
79.1
81.3
81.0
82.8
81.6
81.5
81.9
78.9
77.9
78.1
77.8
77.4
80.5
84.6
82.1
80.6
79.4
77.5
81.0
75.6
80.9
81.2
81.6
80.2
83.7
85.0
85.5
87.2
90.3
91.7
90.5
85.3
83.8
78.1
76.2
90.4
87.3
79.3
73.1
64.3
59.0
60.3
61.7
63.0
59.1
58.0
56.2
57.1
58.8
62.0
55.2
55.3
59.8
63.6
64.9
72.9
76.0
78.2
81.5
83.8
84.2
83.9
82.8
89.4
90.3
91.7
91.6
91.7
92.1
91.2
92.2
91.9
89.9
85.3
79.3
76.2
76.6
82.6
86.1
81.2
82.5
89.0
89.5
91.1
91.2
91.5
90.9
91.2
90.7
92.5
91.8
91.2
88.0
80.5
78.5
80.0
80.0
79.4
83.3
82.6
84.6
88.8
89.7
90.2
91.5
88.7
81.8
77.1
77.5
82.0
86.2
80.4
86.8
91.2
92.1
92.4
90.7
89.9
81.5
77.7
79.8
95.2
102.9
96.7
93.3
87.0
86.6
83.1
74.6
73.9
73.4
69.9
71.5
75.3
74.4
72.7
76.8
77.4
82.0
80.7
78.9
74.8
70.4
68.8
69.6
71.2
68.7
76.3
75.0
74.0
68.8
66.3
68.3
70.5
67.9
68.9
66.7
67.2
68.2
67.3
70.6
66.9
70.1
66.9
70.2
71.5
72.2
69.2
71.0
71.6
74.4
70.0
67.8
68.7
68.1
71.7
70.2
73.7
70.7
69.2
68.5
73.4
69.2
69.7
75.0
76.7
80.3
88.1
84.4
81.0
80.4
79.2
76.7
73.3
68.3
67.2
69.7
67.0
68.4
70.2
70.5
70.7
69.8
74.6
71.8
73.1
70.6
67.4
73.9
69.3
71.9
71.6
73.7
78.2
70.9
76.9
83.7
86.5
84.3
83.1
82.4
82.3
80.7
74.1
70.2
77.1
80.3
79.2
76.1
69.9
75.3
73.5
79.2
77.1
77.8
76.4
72.9
77.1
74.0
79.0
75.8
75.3
72.5
72.9
79.0
82.3
108.7
102.1
94.3
88.0
88.7
86.0
79.6
75.2
71.9
77.0
77.0
84.2
84.7
81.3
80.7
83.0
78.4
78.5
79.7
80.3
75.1
74.9
78.6
85.4
84.2
81.3
78.4
75.9
76.5
83.6
98.0
107.4
101.2
91.6
85.0
81.8
80.6
77.5
66.2
65.6
67.0
68.2
69.4
68.5
69.1
70.5
69.5
71.2
71.8
68.8
71.3
70.5
70.2
69.6
71.0
70.9
74.2
71.5
70.8
74.2
71.6
84.3
97.4
95.0
94.7
108.1
103.9
105.0
91.6
81.8
68.4
61.3
56.3
53.1
62.4
100.9
105.5
107.7
107.1
108.1
107.6
107.2
107.4
103.4
97.8
89.4
89.7
83.5
81.5
82.1
78.7
76.4
75.5
72.4
68.6
64.8
62.4
59.7
59.5
57.8
58.9
58.6
57.9
59.5
59.9
61.9
61.2
63.6
61.2
61.8
60.9
61.4
61.9
62.5
63.1
63.9
64.2
65.2
69.2
67.1
72.9
69.2
77.0
84.5
88.9
89.3
88.3
86.1
85.2
85.6
88.7
85.7
89.8
87.2
86.1
85.6
76.5
72.3
73.9
74.4
78.4
79.1
77.6
85.1
87.9
87.7
87.4
90.5
90.4
89.4
91.6
92.9
92.7
93.1
91.0
89.6
91.3
88.9
91.2
90.2
91.4
92.7
92.7
89.9
88.2
88.8
89.6
89.9
90.6
89.0
92.4
88.9
86.3
79.9
70.6
68.5
68.5
67.1
65.8
64.7
65.4
65.4
65.7
64.3
65.7
64.1
65.9
65.9
66.9
71.4
79.1
75.8
76.6
76.3
74.2
71.1
72.3
69.7
80.0
85.8
83.1
80.5
74.0
70.8
78.6
73.7
74.1
75.2
78.4
73.8
75.2
72.4
70.2
76.7
84.3
83.1
83.6
85.8
83.5
78.3
76.7
81.3
76.3
73.0
80.5
80.9
76.7
72.7
86.9
94.3
92.3
94.6
92.4
88.7
86.5
83.5
84.0
83.3
81.3
83.0
84.9
86.1
83.6
81.6
80.0
78.7
78.7
78.7
80.5
78.2
79.8
79.3
81.2
84.1
79.5
77.1
80.3
79.5
81.1
80.8
78.8
80.9
82.2
79.6
78.6
79.5
77.3
75.3
74.2
74.4
73.8
74.5
74.5
71.1
73.1
72.9
74.6
74.0
75.0
75.4
75.1
73.1
75.1
75.2
75.2
73.6
74.4
74.8
73.1
69.9
74.0
71.7
71.3
72.1
74.6
73.4
75.5
75.9
75.9
74.8
75.2
75.2
77.3
77.9
76.0
74.6
75.4
75.7
76.2
75.8
75.3
77.2
75.9
75.4
72.5
76.7
75.4
75.5
75.8
75.7
76.0
76.5
75.1
76.7
76.3
74.5
74.5
74.8
75.9
75.0
77.6
79.1
79.9
78.9
79.6
79.3
80.2
79.7
79.7
79.8
80.5
79.9
80.4
74.0
80.3
81.7
82.7
82.2
83.4
83.7
83.7
84.5
84.2
82.5
82.6
85.9
83.9
84.8
85.9
86.7
86.5
82.4
83.4
88.0
88.1
86.8
87.2
83.5
87.9
86.9
88.9
88.6
89.2
91.6
91.4
92.7
92.7
93.7
95.4
93.9
92.9
92.8
92.9
91.5
91.4
92.4
92.4
91.8
92.8
93.6
91.9
93.4
92.5
91.1
91.0
93.2
91.7
92.7
92.7
91.9
91.7
91.3
90.4
92.0
90.8
91.5
90.9
92.6
90.5
93.4
92.8
91.5
90.6
90.5
89.9
90.3
89.9
90.7
89.8
91.2
93.4
97.4
110.9
110.8
106.0
106.6
99.0
93.0
88.5
86.4
86.3
86.6
89.5
85.9
83.6
83.4
84.2
85.1
84.7
84.0
83.3
84.5
84.5
82.8
82.7
83.0
84.3
83.6
83.4
82.4
81.8
82.3
77.6
80.0
80.8
79.7
77.6
76.0
79.0
79.4
77.3
76.2
77.4
76.9
79.3
77.6
77.0
79.1
75.0
79.5
80.5
77.4
79.7
80.3
78.1
79.4
80.3
81.3
81.8
82.5
81.7
80.0
82.1
81.8
82.6
82.2
82.7
80.4
82.4
82.2
81.2
81.2
80.8
80.3
80.5
80.5
80.2
81.5
81.5
80.4
82.2
81.8
79.9
81.2
82.1
83.0
83.6
82.6
80.3
80.5
82.6
83.2
83.5
83.9
84.5
84.2
83.5
82.1
84.4
82.9
83.4
82.8
82.9
81.1
81.9
81.8
82.6
79.6
80.4
82.7
83.4
85.4
83.8
83.1
84.4
84.9
85.3
84.3
81.7
84.1
85.6
84.3
81.0
84.0
84.3
84.5
84.4
84.5
82.7
85.0
83.9
85.0
83.3
84.3
84.8
83.9
83.8
83.9
84.5
83.8
84.5
84.8
84.3
84.2
83.5
84.1
83.4
85.5
85.2
84.1
84.0
82.4
82.3
81.5
83.2
81.7
82.7
84.1
82.9
84.7
83.7
83.5
83.9
83.9
82.8
80.9
81.3
82.6
83.0
81.8
77.3
75.0
74.5
73.0
73.0
74.6
74.8
75.3
74.6
74.6
74.6
75.2
76.5
75.0
75.4
75.2
82.5
84.1
83.7
88.2
89.2
90.3
89.9
89.1
85.6
80.9
78.7
82.4
88.0
89.1
90.3
89.1
90.2
89.4
89.3
90.1
89.4
89.0
89.0
88.5
87.7
87.8
88.8
87.3
84.5
85.3
78.4
74.0
71.4
71.0
73.3
74.2
73.4
71.8
72.7
71.4
71.4
71.9
73.7
75.5
77.4
74.9
72.6
77.8
74.2
71.3
71.2
71.9
76.4
86.2
89.3
88.7
88.5
88.4
84.9
86.9
85.2
83.4
83.9
83.2
83.3
82.8
82.7
81.2
80.6
80.8
80.9
80.3
79.9
81.2
79.1
78.1
78.1
79.9
80.4
80.0
81.5
81.5
82.9
81.6
80.8
81.6
80.5
81.4
80.6
81.0
79.7
79.6
79.7
80.5
82.4
80.1
79.6
81.8
94.7
90.9
86.3
88.9
88.2
85.4
84.0
83.0
79.9
77.8
75.7
78.1
80.1
79.0
79.4
81.1
77.0
79.3
77.1
77.9
74.6
75.9
74.8
72.9
72.4
72.2
71.8
70.9
69.5
69.7
69.4
69.6
67.1
67.6
66.5
66.2
65.6
65.3
64.8
66.6
65.3
60.5
67.0
67.5
68.5
65.3
67.1
70.1
67.0
63.0
61.9
65.8
63.4
66.7
70.1
69.6
63.0
61.9
66.9
65.6
68.7
60.9
61.3
63.0
65.1
65.5
65.8
64.2
67.0
68.7
70.8
69.0
62.3
65.2
66.8
67.3
66.8
68.6
66.0
66.6
69.7
69.2
66.5
67.4
68.4
65.6
69.2
73.8
72.8
74.0
70.5
70.8
71.5
70.8
72.0
73.4
74.5
74.9
74.0
72.0
72.7
75.1
77.5
78.2
84.7
86.8
85.8
83.9
85.0
85.1
85.0
83.5
80.3
82.2
81.1
81.9
80.9
81.9
80.4
82.5
77.5
76.1
77.4
78.0
79.8
80.9
78.0
77.7
77.1
79.1
79.9
79.3
78.8
77.4
79.7
79.5
77.6
78.2
78.6
79.6
79.5
78.5
79.3
79.6
79.2
80.9
79.7
81.4
78.9
80.5
86.5
82.0
83.8
83.2
82.7
82.5
81.6
81.5
81.6
78.8
79.4
79.7
78.3
78.0
77.7
80.0
80.4
82.7
81.1
82.1
81.0
81.1
81.3
81.0
80.5
81.1
81.2
80.6
80.1
80.0
80.2
80.3
81.7
81.5
80.7
80.6
82.5
86.8
81.6
81.8
82.1
80.7
79.7
83.0
85.9
85.7
83.5
84.7
83.2
90.4
92.3
91.4
92.0
92.0
93.2
93.7
93.7
92.9
90.9
93.3
92.8
92.2
90.1
92.4
91.7
92.4
91.2
88.4
89.8
90.7
93.2
92.3
92.2
92.0
90.9
91.7
92.2
91.0
90.7
90.4
90.4
91.2
89.6
87.5
85.4
86.7
86.2
88.6
89.5
90.6
92.1
92.8
96.8
100.8
99.5
102.3
102.7
100.7
98.2
102.8
96.1
92.6
91.4
88.5
87.8
85.9
84.00000000000001
84.8
84.7
84.9
83.3
80.9
81.6
79.1
79.2
79.0
79.3
80.1
77.3
78.8
79.7
78.9
81.9
79.7
80.1
78.8
76.8
75.3
76.7
74.7
74.0
75.1
73.8
72.5
69.9
72.5
72.1
68.8
68.2
69.2
69.0
71.2
66.7
63.9
68.4
73.7
72.5
70.8
69.5
69.9
71.1
70.9
69.7
69.5
70.6
69.8
69.0
72.7
72.0
70.4
72.1
71.0
71.9
80.7
75.3
74.9
77.7
77.2
76.9
76.4
75.6
74.2
73.8
74.0
72.6
73.8
74.3
75.3
74.4
74.5
74.5
75.5
73.9
73.8
74.4
73.7
74.4
73.1
73.8
76.0
75.9
77.5
76.1
75.5
75.1
73.3
72.1
78.4
79.7
77.5
79.8
79.0
78.8
78.7
79.7
78.4
78.0
78.4
78.4
78.6
78.8
81.5
81.8
83.2
83.0
85.0
84.8
81.1
82.6
86.5
89.2
88.3
87.3
86.7
86.8
86.3
85.9
89.4
90.3
90.4
92.9
93.6
93.0
91.5
91.6
91.3
90.6
89.4
88.6
88.1
85.8
86.1
86.4
84.9
84.7
82.5
83.0
82.3
83.6
83.4
80.8
81.2
81.1
82.4
80.8
80.7
81.3
82.8
80.5
80.5
82.1
81.6
79.9
79.7
80.2
79.1
77.1
78.1
78.1
74.7
77.1
78.6
78.5
80.8
85.7
85.5
84.5
83.2
82.6
82.6
81.0
80.7
79.6
78.1
77.6
76.7
76.2
75.3
76.3
76.3
73.7
74.9
73.6
72.9
73.1
74.2
74.7
73.1
74.1
74.2
75.0
75.0
75.2
74.4
75.9
77.0
78.9
84.1
85.7
92.5
89.9
85.9
85.5
85.8
84.7
85.1
85.2
84.0
81.2
82.8
85.9
82.5
82.2
82.7
84.5
83.4
82.9
79.0
79.0
80.8
84.9
93.2
92.9
90.5
85.5
84.8
85.1
83.9
77.9
80.5
80.5
80.6
79.5
79.8
79.9
78.0
78.6
78.5
76.8
78.0
79.8
80.8
80.2
80.2
81.9
80.7
77.7
74.9
76.7
75.8
78.0
77.9
77.7
78.0
78.2
79.4
79.4
81.4
83.7
84.3
82.4
83.0
83.8
83.9
84.0
86.7
86.7
86.1
86.0
86.4
86.3
87.2
87.4
87.3
86.3
85.0
84.9
84.5
81.0
83.9
86.2
87.4
87.1
86.9
86.4
86.7
86.0
86.3
87.9
87.6
87.6
87.2
87.6
87.8
88.0
87.1
87.9
88.5
89.5
90.5
91.0
90.8
90.4
91.4
90.0
89.4
91.1
93.2
93.7
92.7
92.4
91.1
90.7
92.0
92.4
93.1
92.1
92.2
93.2
92.4
92.1
91.9
93.2
91.4
89.9
88.2
87.8
86.6
86.2
85.9
85.3
86.0
86.7
88.5
88.6
85.3
85.0
75.3
75.9
76.7
77.2
77.9
76.7
76.9
77.6
79.3
79.8
79.6
80.2
80.6
79.8
80.3
79.4
79.5
80.7
81.1
80.4
80.3
79.3
79.7
80.1
80.1
78.8
79.2
89.6
101.8
114.0
101.63225806451612
101.54838709677419
101.46451612903226
101.38064516129032
101.29677419354839
101.21290322580644
101.12903225806451
101.04516129032258
100.96129032258064
100.87741935483871
100.79354838709678
100.70967741935483
100.6258064516129
100.54193548387097
100.45806451612903
100.3741935483871
100.29032258064515
100.20645161290322
100.12258064516129
100.03870967741935
99.95483870967742
99.87096774193549
99.78709677419354
99.70322580645161
99.61935483870968
99.53548387096774
99.45161290322581
99.36774193548386
99.28387096774193
99.2
99.11612903225806
99.03225806451613
98.9483870967742
98.86451612903225
98.78064516129032
98.69677419354838
98.61290322580645
98.52903225806452
98.44516129032257
98.36129032258064
98.27741935483871
98.19354838709677
98.10967741935484
98.02580645161291
97.94193548387096
97.85806451612903
97.7741935483871
97.69032258064516
97.60645161290323
97.52258064516128
97.43870967741935
97.35483870967742
97.27096774193548
97.18709677419355
97.10322580645162
97.01935483870967
96.93548387096774
96.8516129032258
96.76774193548387
96.68387096774194
96.6
96.51612903225806
96.43225806451613
96.34838709677419
96.26451612903226
96.18064516129033
96.09677419354838
96.01290322580645
95.92903225806451
95.84516129032258
95.76129032258065
95.6774193548387
95.59354838709677
95.50967741935484
95.4258064516129
95.34193548387097
95.25806451612902
95.1741935483871
95.09032258064516
95.00645161290322
94.92258064516129
94.83870967741936
94.75483870967741
94.67096774193548
94.58709677419355
94.50322580645161
94.41935483870968
94.33548387096775
94.2516129032258
94.16774193548387
94.08387096774193
94.0
93.91612903225807
93.83225806451613
93.7483870967742
93.66451612903226
93.58064516129032
93.49677419354839
93.41290322580645
93.32903225806452
93.24516129032259
93.16129032258064
93.07741935483871
92.99354838709678
92.90967741935484
92.8258064516129
92.74193548387098
92.65806451612903
92.5741935483871
92.49032258064517
92.40645161290323
92.3225806451613
92.23870967741935
92.15483870967742
92.07096774193549
91.98709677419355
91.90322580645162
91.81935483870967
91.73548387096774
91.65161290322581
91.56774193548387
91.48387096774194
91.4
91.31612903225806
91.23225806451613
91.1483870967742
91.06451612903226
90.98064516129033
90.8967741935484
90.81290322580645
90.72903225806452
90.64516129032258
90.56129032258065
90.47741935483872
90.39354838709677
90.30967741935484
90.22580645161291
90.14193548387097
90.05806451612904
89.97419354838709
89.89032258064516
89.80645161290323
89.72258064516129
89.63870967741936
89.55483870967743
89.47096774193548
89.38709677419355
89.30322580645162
89.21935483870968
89.13548387096775
89.05161290322582
88.96774193548387
88.88387096774194
88.8
88.71612903225807
88.63225806451614
88.54838709677419
88.46451612903226
88.38064516129032
88.29677419354839
88.21290322580646
88.12903225806451
88.04516129032258
87.96129032258065
87.87741935483871
87.79354838709678
87.70967741935485
87.6258064516129
87.54193548387097
87.45806451612904
87.3741935483871
87.29032258064517
87.20645161290324
87.12258064516129
87.03870967741936
86.95483870967742
86.87096774193549
86.78709677419356
86.70322580645161
86.61935483870968
86.53548387096774
86.45161290322581
86.36774193548388
86.28387096774193
86.2
86.11612903225807
86.03225806451613
85.9483870967742
85.86451612903227
85.78064516129032
85.69677419354839
85.61290322580646
85.52903225806452
85.44516129032259
85.36129032258066
85.27741935483871
85.19354838709678
85.10967741935484
85.02580645161291
84.94193548387096
84.85806451612903
84.7741935483871
84.69032258064516
84.60645161290323
84.5225806451613
84.43870967741935
84.35483870967742
84.2709677419355
84.18709677419355
84.10322580645162
84.01935483870969
83.93548387096774
83.85161290322581
83.76774193548388
83.68387096774194
83.60000000000001
83.51612903225808
83.43225806451613
83.3483870967742
83.26451612903226
83.18064516129033
83.09677419354838
83.01290322580645
82.92903225806452
82.84516129032258
82.76129032258065
82.67741935483872
82.59354838709677
82.50967741935484
82.42580645161291
82.34193548387097
82.25806451612904
82.17419354838711
82.09032258064516
82.00645161290323
81.9225806451613
81.83870967741936
81.75483870967743
81.67096774193548
81.58709677419355
81.50322580645161
81.41935483870968
81.33548387096775
81.2516129032258
81.16774193548387
81.08387096774194
81.0
80.91612903225807
80.83225806451614
80.7483870967742
80.66451612903226
80.58064516129033
80.49677419354839
80.41290322580646
80.32903225806453
80.24516129032259
80.16129032258065
80.07741935483872
79.99354838709678
79.90967741935485
79.8258064516129
79.74193548387098
79.65806451612903
79.5741935483871
79.49032258064517
79.40645161290323
79.3225806451613
79.23870967741937
79.15483870967742
79.07096774193549
78.98709677419356
78.90322580645162
78.81935483870969
78.73548387096776
78.65161290322581
78.56774193548388
78.48387096774195
78.4
78.6
78.9
80.9
83.3
84.1
85.3
103.8
108.1
102.6
97.3
91.9
90.6
89.3
89.3
91.0
89.4
90.3
89.4
88.1
88.1
86.4
86.1
85.4
85.3
84.9
85.0
83.9
83.2
82.3
83.3
82.1
81.7
81.6
80.9
80.2
80.7
78.2
78.7
79.2
80.4
79.8
79.7
78.9
77.7
77.5
77.7
77.2
77.2
78.0
75.1
78.0
77.8
77.7
77.9
77.8
78.2
77.4
76.9
77.6
77.3
77.4
77.7
78.2
79.5
79.2
79.4
79.9
79.1
78.5
78.5
78.6
78.7
78.2
79.1
79.8
80.6
85.0
89.0
89.5
87.9
84.2
84.6
84.9
84.8
84.8
84.7
83.3
82.8
82.7
82.9
88.3
93.2
91.6
88.6
86.9
85.0
84.4
83.8
83.7
82.9
82.5
82.4
81.6
80.6
80.8
80.3
80.2
80.4
80.5
80.0
80.0
80.4
80.3
80.2
80.1
79.4
79.7
79.3
79.0
80.3
81.1
81.0
80.5
80.1
79.8
79.8
79.6
80.0
80.5
79.9
80.0
79.9
80.0
80.9
81.7
80.3
79.8
80.0
80.1
80.5
80.6
80.7
80.3
80.2
82.4
84.4
85.9
86.9
87.6
87.0
86.2
85.2
84.8
84.3
83.8
84.3
83.3
83.1
83.3
85.8
92.4
100.8
89.8
87.9
83.1
85.5
85.4
84.6
84.5
84.0
84.1
83.3
83.5
82.7
81.8
81.5
81.0
80.4
81.5
80.9
80.8
81.2
81.0
80.8
80.5
80.9
81.2
81.6
81.5
82.1
81.6
80.5
79.7
79.2
78.8
78.9
79.8
79.2
79.3
78.4
77.7
78.1
77.7
77.8
77.9
77.6
77.8
77.7
78.5
78.0
78.2
77.9
77.6
77.6
77.5
76.7
77.0
76.9
76.0
76.1
75.5
75.5
75.8
76.0
76.4
75.8
75.2
75.5
76.3
76.3
77.5
77.5
76.8
77.3
77.0
77.5
77.6
78.2
78.5
77.8
78.0
78.5
79.5
79.4
80.1
79.7
80.0
81.7
84.2
88.8
92.9
95.9
97.8
97.3
95.8
93.9
95.4
98.0
97.2
94.3
94.0
96.0
96.9
90.3
89.0
94.3
115.0
112.0
116.6
99.6
102.0
104.6
105.4
103.6
99.5
98.1
97.5
97.4
96.6
96.1
94.6
94.9
94.3
92.6
92.4
91.8
91.7
93.6
96.1
94.0
90.0
90.5
90.0
90.0
90.1
90.0
93.4
100.3
98.4
97.0
95.0
93.1
92.0
90.1
88.7
87.9
87.4
86.7
86.9
87.4
87.7
87.5
86.7
86.4
84.8
84.6
85.1
85.5
85.3
84.1
84.7
84.4
83.8
83.8
82.7
83.3
82.4
83.6
83.5
82.4
83.2
84.1
82.8
83.0
82.2
80.5
81.4
80.0
80.0
79.2
79.7
79.8
79.8
80.3
79.9
79.6
79.0
79.4
79.1
80.2
81.1
81.5
79.3
78.8
78.5
77.3
79.6
84.9
87.0
88.0
86.9
85.7
84.9
84.6
85.0
84.1
84.0
81.3
82.4
82.2
81.8
81.8
82.4
81.9
81.6
80.9
80.3
81.6
81.4
82.1
81.6
81.8
81.9
81.9
81.7
82.3
82.8
83.0
82.9
82.9
83.2
83.1
83.9
83.7
83.8
83.5
83.7
84.2
83.9
83.9
84.7
84.1
84.3
85.2
85.8
86.2
85.3
84.9
84.6
83.5
91.0
94.4
96.3
97.5
96.9
98.0
97.6
97.4
95.8
96.3
96.5
96.0
97.4
93.7
91.7
93.9
92.7
91.0
90.3
85.5
88.0
86.6
86.0
86.8
86.6
86.0
85.7
85.1
84.1
83.0
81.6
81.0
80.5
80.2
79.7
79.9
79.2
80.4
80.9
84.0
86.0
86.7
86.2
87.2
87.9
86.5
87.1
86.5
85.9
84.8
84.1
83.8
83.0
82.8
81.4
80.9
80.7
81.1
80.7
79.7
79.8
80.1
80.2
79.6
80.6
79.8
79.4
79.3
79.3
79.7
79.8
79.9
78.2
78.3
78.6
78.5
78.8
79.0
79.2
78.8
79.2
79.5
79.4
78.5
78.9
78.5
78.6
78.8
79.6
78.6
77.4
76.2
75.9
75.7
75.5
75.9
75.0
75.0
74.5
75.9
76.6
77.1
75.8
79.1
78.9
78.5
79.3
79.1
79.2
79.2
78.7
77.8
78.2
78.7
78.7
79.1
78.3
78.0
77.6
77.5
78.1
77.4
78.0
78.1
78.1
78.5
77.9
77.5
77.6
78.1
79.0
78.9
79.0
77.7
77.4
77.9
77.0
77.1
77.0
77.8
77.9
78.4
78.1
77.7
77.5
77.9
77.6
77.7
77.7
77.5
77.3
77.4
77.4
77.2
77.0
74.7
78.1
78.4
78.1
78.6
77.6
77.9
78.4
78.3
79.0
77.9
77.7
77.0
77.0
77.2
77.3
77.0
77.0
77.0
77.4
76.4
77.2
77.2
78.0
78.1
77.2
77.3
77.0
77.3
77.0
77.0
77.1
77.6
77.2
77.1
77.0
76.4
76.2
76.1
77.3
77.6
77.3
77.4
77.6
77.6
77.2
77.0
78.7
83.6
83.1
82.0
81.4
80.7
79.9
79.6
79.4
78.5
79.7
79.7
79.9
79.9
80.3
79.8
80.1
79.6
79.8
79.0
78.0
78.6
78.3
78.1
78.4
78.3
78.7
78.1
78.3
77.8
76.2
76.0
77.1
77.8
77.0
77.2
77.4
76.9
77.0
76.5
76.6
76.5
77.3
78.0
79.0
79.0
79.0
79.2
79.8
79.1
78.9
79.0
78.1
77.1
76.8
76.0
77.0
79.9
89.8
93.9
88.5
85.5
94.4
98.7
96.5
96.1
94.9
93.4
93.9
94.9
93.4
94.7
96.5
95.4
96.0
95.1
96.1
95.5
94.0
94.1
95.4
96.0
94.4
92.9
92.3
92.8
93.7
93.2
94.0
93.5
91.8
93.7
93.0
91.3
92.6
91.3
89.9
90.5
91.2
90.1
89.3
90.6
91.3
91.6
90.1
92.2
92.9
92.8
93.1
92.4
92.6
92.1
91.0
90.5
90.9
92.7
92.8
92.5
92.7
92.2
92.2
92.2
92.1
91.2
89.9
88.3
87.6
89.2
88.7
88.5
87.7
89.2
88.1
86.9
87.6
87.9
86.4
86.7
87.1
85.7
85.4
89.1
88.8
86.8
86.2
85.4
85.0
84.4
83.9
82.7
82.0
83.3
82.3
82.5
83.0
82.6
81.8
80.4
80.7
80.0
82.2
85.6
85.5
85.1
84.7
83.2
80.6
80.0
79.5
79.7
79.6
79.2
78.8
78.3
78.5
78.8
78.9
79.1
79.0
79.6
82.2
85.7
83.5
82.8
81.9
80.5
79.2
78.6
77.7
78.4
78.8
78.8
79.3
79.3
79.1
77.3
77.7
77.2
77.7
77.1
77.2
77.4
76.7
75.8
76.0
77.2
78.0
77.9
77.1
77.1
76.4
75.9
75.2
74.4
74.2
75.1
75.1
75.1
75.2
75.6
75.2
75.8
76.0
75.4
75.8
75.7
75.1
75.6
75.6
74.7
75.0
75.0
74.4
74.8
75.7
75.2
73.8
73.4
72.5
72.7
73.5
72.4
71.4
71.0
72.0
73.1
72.3
72.4
74.3
76.3
76.2
76.0
75.0
74.6
75.9
74.7
72.4
70.6
72.6
75.3
74.0
74.1
73.5
73.7
73.4
74.0
74.3
74.6
74.4
73.9
74.2
74.5
74.0
74.0
74.0
73.0
73.2
73.0
77.1
80.6
79.1
78.8
78.9
82.3
85.7
87.0
90.3
90.4
92.6
95.2
93.1
90.99999999999999
93.3
91.3
90.0
90.4
89.5
90.3
89.7
92.4
36.2
65.0
92.5
91.9
92.7
95.3
95.1
93.6
93.4
93.1
89.7
86.8
86.9
85.8
84.8
84.4
90.9
91.4
95.1
94.1
87.3
92.0
94.0
92.4
91.6
90.0
89.0
89.6
90.8
89.2
88.7
92.9
93.1
94.4
92.1
91.0
90.0
91.9
90.2
89.3
90.0
90.5
93.3
93.6
94.5
96.2
95.7
94.9
93.9
93.9
94.6
93.7
93.5
93.9
94.6
95.4
98.3
95.6
93.4
92.1
91.7
91.2
91.1
92.1
92.6
93.1
92.8
92.1
91.4
91.7
91.6
90.8
89.6
89.8
88.6
89.3
88.7
91.1
93.3
94.0
92.3
91.9
91.4
89.1
88.1
87.9
89.0
89.7
88.8
87.8
88.4
86.3
85.5
85.0
83.9
82.9
84.4
84.3
84.4
84.1
88.6
87.1
86.8
86.3
86.1
84.6
85.7
85.9
86.8
84.8
85.2
85.6
84.5
82.7
82.0
83.0
84.8
86.0
85.7
85.5
85.5
85.8
85.5
85.8
83.7
84.1
83.8
79.4
81.8
80.2
80.5
81.4
82.2
81.7
81.0
80.2
80.5
81.9
81.3
81.4
80.3
79.0
77.3
75.1
73.1
71.7
75.3
81.3
87.9
88.4
84.9
88.9
89.2
86.3
88.5
90.0
88.9
88.3
84.7
82.7
87.5
89.1
85.3
84.4
85.5
85.7
97.0
95.3
92.0
89.6
87.4
84.8
82.1
80.3
84.3
79.8
77.2
75.8
75.3
74.6
72.5
71.3
72.5
72.7
71.8
71.8
72.6
74.5
74.8
80.8
81.6
77.7
76.2
75.4
75.9
77.3
76.0
76.7
77.5
76.2
76.2
76.5
76.8
78.3
78.5
81.4
83.1
82.3
81.8
82.7
85.3
80.3
78.5
77.4
76.2
78.8
78.5
79.2
78.5
77.3
77.4
75.8
77.7
76.9
76.0
76.5
75.8
76.0
76.4
75.4
73.6
73.3
73.7
73.9
73.3
73.7
73.5
72.3
73.1
72.8
75.1
74.8
73.3
72.7
72.6
72.6
72.7
72.9
72.5
72.5
73.7
73.1
72.9
72.9
73.2
72.5
76.0
76.9
75.6
76.6
76.1
74.7
75.0
75.7
73.5
73.4
73.9
73.1
72.4
72.4
73.8
74.4
73.9
73.6
75.3
74.0
73.6
74.1
74.0
74.4
75.6
76.0
76.2
75.9
75.2
75.4
73.9
73.6
73.4
73.8
73.0
72.6
71.1
73.2
71.7
74.5
73.7
72.6
71.9
72.8
73.3
74.3
73.9
75.2
75.7
74.2
74.0
74.1
74.1
73.5
73.6
73.2
72.7
74.0
74.0
72.4
72.4
72.1
71.8
72.8
72.6
80.4
77.5
75.1
73.9
73.2
72.9
73.7
72.8
72.3
72.7
72.4
73.0
72.5
72.8
74.1
74.1
73.7
74.5
74.8
75.3
74.1
81.0
77.7
81.0
88.1
89.8
90.1
89.9
88.0
88.6
88.8
86.9
88.0
90.0
89.5
90.6
90.5
91.6
90.3
91.4
89.7
88.8
88.6
87.9
87.9
86.4
85.7
85.4
85.6
84.9
84.5
85.4
84.8
85.7
86.2
86.2
85.5
84.5
84.8
84.5
85.4
84.8
83.8
84.0
87.0
89.4
88.3
90.9
90.0
88.9
88.0
86.7
85.8
85.6
87.2
86.8
92.2
96.0
96.0
95.5
95.4
52.8
6.6
8.4
7.1
5.9
5.6
5.3
5.0
5.6
5.1
4.6
6.957142857142857
7.885714285714285
8.814285714285713
9.742857142857144
10.67142857142857
11.6
12.528571428571428
13.457142857142857
14.385714285714286
15.314285714285715
16.24285714285714
17.17142857142857
18.1
19.02857142857143
19.957142857142856
20.885714285714286
21.814285714285717
22.74285714285714
23.67142857142857
24.6
25.528571428571432
26.457142857142856
27.385714285714286
28.314285714285717
29.24285714285714
30.17142857142857
31.1
32.02857142857143
32.957142857142856
33.885714285714286
34.81428571428572
35.74285714285714
36.67142857142857
37.6
38.52857142857143
39.45714285714286
40.385714285714286
41.31428571428572
42.24285714285715
43.17142857142857
44.1
45.02857142857143
45.95714285714286
46.885714285714286
47.81428571428572
48.74285714285715
49.67142857142857
50.6
51.52857142857143
52.45714285714286
53.385714285714286
54.31428571428572
55.24285714285715
56.17142857142858
57.1
58.02857142857143
58.95714285714286
59.885714285714286
60.81428571428572
61.74285714285715
62.67142857142858
63.6
70.0
71.0
70.5
70.0
72.3
72.6
73.1
74.5
72.8
72.4
72.0
72.3
71.4
69.5
69.4
69.8
69.9
70.2
70.9
70.3
77.1
74.2
72.3
71.0
70.6
70.4
70.9
70.1
70.3
70.4
75.8
74.2
74.5
72.7
74.0
73.8
75.2
75.5
75.3
74.6
75.1
75.1
74.8
75.7
84.1
77.6
75.9
76.9
81.4
81.7
76.7
77.1
76.4
76.4
76.1
74.7
74.3
73.4
73.7
76.4
77.8
75.4
74.2
78.5
80.6
82.0
77.7
77.5
77.5
76.1
75.0
74.3
74.5
74.1
75.8
74.2
73.2
73.5
75.3
77.0
75.3
89.1
83.8
79.1
76.6
76.7
75.0
74.8
74.3
74.2
73.5
72.7
73.5
71.8
71.6
71.4
71.4
72.1
73.0
70.9
75.8
74.7
73.8
73.8
72.6
72.4
72.5
71.9
71.6
71.4
70.5
70.2
70.1
73.8
74.0
72.3
73.9
73.6
73.8
74.5
73.3
72.3
71.4
72.7
72.2
71.2
72.9
72.8
75.7
74.6
74.2
73.0
72.3
72.7
73.0
71.2
72.0
71.5
72.5
73.4
73.8
72.2
73.3
74.9
72.3
71.6
112.3
209.0
82.8
68.9
69.5
70.7
70.0
69.9
69.4
69.1
69.6
69.5
74.7
76.3
75.1
74.4
74.2
75.3
80.1
83.1
82.7
83.2
80.7
79.7
82.7
82.2
87.6
88.0
84.3
83.0
83.5
80.6
76.2
74.9
78.4
77.6
75.9
72.7
72.0
72.8
70.3
68.7
70.0
68.1
67.4
66.9
68.2
70.3
69.5
69.5
68.0
68.1
68.0
69.0
69.2
67.8
67.6
67.3
66.9
67.0
66.1
66.4
67.0
69.0
68.3
67.5
73.8
73.7
71.7
73.0
71.8
71.0
70.8
70.5
69.8
71.6
69.8
71.8
70.8
70.5
70.5
71.0
70.7
70.6
70.0
71.4
71.2
70.6
70.9
71.4
71.9
71.2
71.7
71.1
69.4
72.3
71.4
70.7
69.8
70.3
74.2
75.8
74.8
73.3
72.8
73.8
73.3
71.6
71.1
70.9
70.9
70.4
69.4
71.3
70.5
71.0
74.3
74.6
76.1
74.2
73.3
72.9
73.7
72.7
71.8
71.2
73.1
72.2
72.2
74.9
79.4
85.7
84.8
79.0
83.0
85.4
103.5
91.7
91.5
83.7
74.8
69.9
69.3
67.4
66.6
66.7
70.9
71.0
70.4
70.2
69.3
68.5
69.4
69.8
71.7
71.4
71.0
70.3
74.4
76.8
84.1
87.5
87.8
85.0
88.4
92.1
87.0
79.6
82.6
79.7
77.5
80.5
81.5
78.7
75.7
72.0
70.3
67.6
68.4
68.2
68.2
66.8
67.4
67.1
66.5
66.3
65.3
65.0
65.8
64.5
63.2
65.2
64.5
62.5
61.7
61.5
60.5
60.4
60.5
59.3
58.8
58.6
57.8
58.3
58.2
59.2
57.8
58.7
58.0
57.5
57.5
57.1
56.7
56.4
56.2
56.3
55.7
57.4
64.2
65.1
64.6
65.0
74.6
76.4
71.6
67.0
66.5
66.0
63.8
63.3
63.1
62.5
62.6
63.4
61.2
62.9
62.8
61.3
60.8
60.8
60.8
62.3
62.9
62.0
61.4
59.7
59.5
59.9
59.2
59.5
57.6
56.9
63.6
71.9
76.4
73.1
69.8
70.4
69.6
69.1
68.7
67.4
67.3
66.6
67.7
67.1
66.7
67.0
67.1
67.7
66.4
67.3
67.1
66.6
66.5
68.1
65.6
66.3
65.9
66.1
65.5
67.1
64.1
64.9
66.0
63.8
62.4
62.5
63.1
63.1
65.8
63.9
62.5
61.4
59.9
64.8
63.3
62.4
62.2
61.3
62.2
60.6
59.7
58.7
57.5
58.7
58.9
61.5
61.3
63.0
62.1
62.3
62.0
61.2
61.0
62.8
63.2
63.0
62.6
62.5
65.6
67.0
79.4
85.6
86.5
87.7
88.5
80.2
78.9
77.1
81.3
85.4
82.2
82.8
80.1
74.5
70.8
70.8
69.5
69.0
67.1
66.8
65.5
64.4
63.6
62.5
63.5
63.2
62.0
61.0
62.9
63.2
64.4
62.7
61.2
60.9
62.2
62.0
61.9
62.3
60.8
61.1
65.1
105.6
172.9
131.7
72.8
71.0
69.7
68.2
68.1
67.0
65.6
63.9
63.2
64.1
64.5
62.9
62.2
62.5
65.3
64.9
64.8
62.9
63.2
64.8
65.7
63.0
62.1
61.2
60.9
60.3
59.2
57.3
56.8
56.0
55.7
55.6
54.7
54.5
55.0
54.3
54.3
54.4
54.9
54.6
54.9
56.4
56.6
58.1
57.6
58.3
59.0
59.0
59.5
59.8
59.4
60.7
61.5
61.8
67.1
70.9
73.0
73.5
75.2
74.9
75.6
76.0
75.7
75.3
74.2
77.8
75.7
76.8
75.9
76.1
78.4
78.2
76.2
78.7
77.3
75.8
76.1
76.8
77.3
78.6
77.6
78.0
76.8
77.5
77.2
76.3
76.2
77.7
76.8
74.9
73.8
74.0
74.1
74.5
73.2
73.6
71.7
71.2
71.4
72.6
71.7
75.2
86.7
90.2
80.5
80.3
80.0
79.4
77.4
77.1
77.5
78.2
77.4
78.3
78.3
77.8
76.4
77.6
76.5
77.9
77.3
79.9
83.5
85.2
83.6
83.7
80.2
79.0
77.2
77.6
79.7
77.8
78.5
78.1
77.5
77.6
77.1
76.4
74.5
73.1
71.6
69.7
70.4
70.2
69.4
68.9
68.2
67.1
67.7
68.6
66.5
66.6
67.6
66.5
64.3
65.2
65.1
64.0
62.5
62.9
62.9
63.5
64.3
63.1
61.5
61.6
59.6
59.3
59.1
58.3
58.6
59.1
58.6
58.9
58.9
58.7
59.3
58.8
58.6
58.3
57.9
57.2
57.7
57.2
57.9
57.2
56.9
57.0
56.9
57.2
57.6
57.3
56.8
57.3
57.5
57.7
57.8
57.3
62.0
85.2
85.4
80.5
78.1
77.6
76.1
76.2
77.0
77.5
78.4
76.0
76.2
77.2
77.3
77.5
76.2
76.7
77.1
74.8
75.2
77.1
79.0
76.5
79.7
78.0
77.9
76.6
75.7
74.4
73.6
74.2
73.2
74.8
75.6
75.6
73.6
72.8
73.0
71.7
74.4
74.0
74.3
76.2
78.3
96.8
97.2
93.8
96.3
93.7
96.9
98.3
94.0
90.0
89.9
89.1
86.4
84.6
83.3
80.9
78.7
76.6
73.8
72.3
70.9
70.3
70.4
69.8
68.1
69.2
68.2
66.2
66.6
66.1
64.7
63.9
64.4
63.1
62.4
62.5
62.7
62.6
62.3
62.5
62.4
61.5
61.1
60.6
61.1
61.8
61.8
62.1
61.0
60.5
60.9
77.1
125.2
178.8
174.5
105.2
71.2
68.9
68.5
69.9
68.7
69.2
69.1
68.0
66.9
65.6
64.5
63.7
62.5
64.7
63.8
63.8
62.4
62.2
61.6
62.2
60.5
60.1
62.4
63.3
62.2
60.2
62.8
61.9
61.1
60.6
61.5
60.5
61.3
60.8
59.9
60.0
59.0
58.3
58.4
59.2
58.8
58.0
58.1
58.3
58.2
58.6
58.0
58.2
59.2
63.6
66.6
68.6
69.3
68.1
65.9
66.7
68.5
71.1
70.5
72.7
70.1
71.3
73.1
72.0
71.3
71.1
72.3
72.8
74.2
74.0
73.3
72.8
72.9
76.6
73.2
77.3
80.7
77.4
78.0
73.9
72.7
72.6
72.6
71.9
72.5
71.8
73.0
73.1
73.5
72.0
72.9
72.6
72.2
71.9
72.0
72.3
71.9
71.3
71.5
74.5
74.7
72.1
71.8
72.6
72.2
72.0
72.7
74.4
73.4
78.1
77.3
75.4
75.5
74.6
74.1
74.4
74.8
73.8
72.8
75.2
78.0
78.8
79.7
78.2
76.7
75.8
76.2
76.0
75.8
74.5
80.6
90.7
82.7
81.8
78.1
78.4
76.6
75.4
76.6
75.6
75.5
74.7
73.1
73.4
72.9
72.2
72.6
72.1
72.2
73.1
73.6
73.2
72.2
72.3
71.5
71.8
71.8
72.8
71.3
70.4
70.2
69.6
69.2
68.1
69.4
67.6
67.2
66.2
67.0
67.6
69.4
69.1
70.4
68.5
67.1
68.7
69.0
69.8
69.4
67.7
66.0
68.8
76.0
76.7
75.0
74.9
73.1
74.1
72.7
72.0
70.6
71.0
71.3
70.9
71.9
70.5
70.8
70.7
70.1
68.8
70.0
69.0
68.4
67.5
70.5
69.0
69.6
70.5
70.6
70.5
69.9
70.0
69.8
70.3
69.5
70.1
69.6
69.9
71.0
70.5
71.3
71.7
73.4
72.0
72.4
73.1
73.1
71.9
72.4
70.7
73.2
81.0
79.9
80.0
78.7
75.7
74.3
73.6
74.9
75.0
77.7
87.1
84.8
86.6
90.0
88.9
87.0
86.5
94.0
93.0
90.9
88.4
88.1
88.6
88.6
88.4
86.9
88.4
88.2
89.2
90.3
88.9
86.2
86.5
85.9
89.5
88.6
86.4
89.4
93.9
92.2
91.5
89.4
89.0
90.0
88.2
87.0
87.3
88.7
90.7
90.7
91.2
93.8
94.6
97.3
97.3
98.2
100.9
99.8
98.9
96.8
102.3
106.2
102.4
99.8
102.8
99.7
102.0
100.7
100.1
89.1
88.0
86.0
73.4
62.1
67.6
70.6
69.7
69.3
64.8
59.8
58.4
58.2
58.4
59.5
60.2
60.5
61.7
67.3
69.8
70.0
70.4
71.3
72.1
77.7
80.6
78.7
73.0
67.3
64.9
62.0
58.7
53.4
54.3
52.7
52.2
51.0
49.7
49.0
48.7
47.7
47.0
47.3
55.8
60.4
55.5
54.5
54.7
51.4
48.7
48.5
47.6
46.1
46.6
46.5
46.4
46.1
47.5
46.9
51.6
49.5
47.9
46.5
45.5
44.9
44.6
44.5
44.0
43.6
47.7
59.6
63.0
59.8
58.8
56.7
56.5
53.4
50.2
53.4
54.0
53.3
50.8
48.4
52.9
56.0
54.6
56.1
58.0
63.8
65.9
69.8
68.3
72.1
81.3
76.6
75.6
79.4
80.7
79.8
82.1
84.1
91.7
94.1
90.6
86.8
87.2
91.6
87.4
83.2
80.6
79.0
80.0
77.4
77.7
78.8
78.7
77.9
77.4
74.4
72.9
70.2
68.0
66.6
65.0
65.2
65.0
63.4
63.2
62.9
65.2
65.7
64.6
66.5
65.6
64.9
62.9
64.4
63.9
63.4
63.0
61.5
63.3
62.2
62.8
63.0
63.2
62.6
62.7
62.7
64.0
64.5
63.9
63.1
63.3
63.3
63.5
64.0
64.3
63.7
64.7
63.9
64.7
63.8
63.6
64.0
65.4
66.0
66.1
66.0
66.6
67.6
67.0
68.2
79.4
81.2
89.5
88.2
83.7
84.6
84.6
83.9
83.4
85.0
84.1
84.3
84.6
85.6
83.8
83.7
83.5
83.8
84.4
83.7
84.5
85.1
84.7
83.1
83.7
83.3
83.6
84.3
84.0
83.9
83.4
83.5
83.9
83.4
83.9
82.5
83.2
84.3
83.7
85.4
86.1
95.7
96.7
86.9
84.9
84.7
85.4
85.2
83.9
84.6
85.5
88.2
83.6
84.3
84.6
85.9
84.7
83.7
83.6
83.4
82.4
82.5
82.3
83.2
83.2
83.1
82.9
84.7
84.3
84.0
83.6
83.6
83.6
82.9
82.8
82.0
82.1
89.1
84.6
85.4
85.2
82.8
81.0
81.3
81.3
81.6
80.3
79.8
79.9
80.9
81.4
81.1
86.0
82.5
80.3
80.1
80.8
82.2
94.4
74.6
80.2
79.2
78.6
83.6
93.3
87.3
85.8
85.8
84.7
83.7
82.8
90.2
85.1
84.0
83.2
81.5
82.7
84.5
83.8
83.1
81.9
81.3
81.5
80.6
81.4
80.7
81.5
80.2
79.7
81.3
80.3
79.1
78.6
80.2
79.9
80.3
82.5
86.4
84.5
83.1
82.5
82.8
82.0
82.8
82.4
84.5
83.2
82.4
79.7
78.5
78.9
78.6
78.5
77.6
78.7
77.8
78.9
81.5
81.2
78.6
78.2
79.1
77.0
84.3
84.7
80.4
78.3
79.1
85.3
85.1
95.3
92.3
90.9
86.8
85.1
83.8
81.2
78.6
77.9
76.8
76.4
76.5
76.9
76.0
76.8
76.7
73.7
72.3
72.4
71.6
70.7
71.4
70.5
69.9
69.0
71.9
71.8
70.0
68.7
67.0
66.7
67.5
69.2
71.3
59.0
62.1
65.2
61.79090909090909
61.63636363636364
61.481818181818184
61.32727272727273
61.17272727272727
61.018181818181816
60.86363636363636
60.70909090909091
60.554545454545455
60.4
71.3
75.8
78.3
79.7
76.0
77.4
73.6
71.5
71.0
69.3
68.1
67.3
66.4
66.8
66.3
73.5
77.2
77.4
75.7
76.9
76.1
73.2
72.4
71.4
70.7
72.7
74.4
72.9
71.2
70.8
70.5
70.4
69.3
69.2
69.1
68.6
68.0
68.2
66.5
63.2
63.1
65.4
77.8
92.6
91.7
81.7
77.8
69.9
64.6
60.1
57.1
54.7
53.4
53.3
52.2
49.3
50.9
50.6
54.7
53.1
52.2
54.0
55.7
55.3
55.3
55.7
57.4
63.0
68.5
67.8
69.2
69.2
70.1
67.2
65.2
60.4
61.3
61.1
61.2
60.6
62.1
61.3
62.5
62.2
61.5
61.4
62.5
62.5
62.0
62.2
62.8
62.4
62.5
63.6
70.3
66.6
65.5
66.0
64.7
64.6
64.2
64.3
63.9
63.5
64.2
63.7
64.4
64.0
64.1
64.4
64.0
64.1
64.0
64.7
74.9
85.5
83.6
79.3
77.1
75.8
75.6
75.9
75.0
74.1
74.9
74.6
74.7
73.9
74.8
74.3
75.4
75.8
76.5
76.2
75.8
75.7
76.6
77.9
77.6
76.5
76.7
76.7
76.5
76.4
76.3
75.7
75.8
75.2
75.3
80.7
77.3
76.7
76.8
76.4
77.5
76.7
77.2
78.1
82.5
77.1
76.7
74.9
79.2
76.8
73.2
71.0
75.0
82.1
78.5
74.5
71.9
68.1
66.5
153.0
182.7
145.7
62.8
62.6
62.5
61.9
62.2
64.3
62.6
60.7
59.4
58.5
56.8
56.5
55.8
54.8
55.2
57.3
55.6
55.7
56.4
56.1
58.4
57.0
56.7
58.6
59.1
58.0
57.4
59.2
57.8
58.1
58.4
58.2
56.3
53.7
51.4
52.7
51.7
51.7
52.3
51.4
50.4
49.2
48.9
50.6
50.2
49.4
49.4
49.9
49.4
49.9
49.4
49.8
48.7
48.0
47.7
47.3
47.6
47.9
47.9
47.1
46.3
47.2
47.3
47.1
46.1
46.5
47.4
46.8
46.7
46.5
47.2
47.2
47.0
48.1
46.4
47.4
47.0
45.9
48.9
51.8
52.9
54.1
55.1
55.9
61.1
62.8
65.1
68.6
69.3
69.0
68.7
67.9
65.6
66.3
63.3
63.1
64.2
65.0
64.4
64.8
64.2
64.4
64.3
64.9
66.3
66.2
65.9
65.0
65.5
64.8
65.1
66.2
65.0
66.5
66.3
68.0
68.8
67.5
68.3
67.8
69.1
69.0
71.6
77.6
79.2
73.8
71.5
71.7
71.4
70.5
70.3
69.9
70.4
71.3
70.2
70.4
69.4
69.2
68.7
68.6
69.4
68.9
70.7
72.6
70.1
67.6
64.3
65.0
63.6
61.3
63.3
64.6
64.4
62.9
66.8
64.6
63.1
63.7
65.2
66.1
65.8
66.2
67.0
67.2
68.2
68.3
67.4
69.4
69.7
71.7
70.3
70.3
70.8
70.2
70.6
70.3
71.1
72.5
72.8
72.9
72.5
72.3
74.6
73.7
74.2
72.4
73.0
74.7
73.6
70.0
63.0
60.3
58.3
56.3
55.7
54.3
53.4
53.3
52.6
53.4
52.6
51.7
51.5
50.8
51.5
51.4
51.4
51.8
51.7
53.3
51.6
52.3
53.0
53.1
53.2
52.6
54.0
54.6
54.9
54.6
54.9
55.0
54.0
54.5
55.0
53.7
54.3
54.1
55.5
54.8
54.0
54.4
53.9
54.4
53.7
53.5
53.9
54.0
54.1
53.9
54.2
53.8
53.5
54.0
53.9
54.4
54.4
53.9
54.5
55.0
54.6
54.5
54.6
55.0
54.2
54.5
54.6
54.7
55.9
54.4
60.6
64.7
65.5
65.4
63.3
62.3
62.5
61.9
62.3
61.8
61.7
64.3
62.9
63.2
64.4
66.7
68.1
66.4
68.3
67.7
68.5
69.4
69.5
70.4
69.5
70.0
68.6
68.9
69.4
68.5
69.6
70.0
69.3
69.4
69.6
67.9
66.5
67.6
67.5
67.8
68.8
68.3
69.8
69.5
69.7
69.5
69.9
70.3
69.8
69.1
68.8
68.3
68.2
68.9
68.7
68.3
67.7
67.8
67.6
67.5
68.0
67.7
67.9
67.6
67.6
68.0
68.0
68.5
67.4
68.0
66.9
67.4
66.8
66.1
66.1
65.4
64.9
65.1
63.6
64.4
67.2
67.5
66.2
64.3
64.4
63.4
63.0
62.6
61.5
62.9
62.2
62.2
63.2
61.6
61.4
61.3
62.1
61.3
59.9
60.3
59.5
60.6
60.5
59.0
59.7
59.3
59.7
59.5
59.0
58.9
58.7
60.2
65.6
71.3
70.0
68.4
67.1
67.7
66.0
66.2
65.6
66.9
66.9
65.5
64.1
64.7
68.5
68.5
67.3
67.1
66.9
65.9
63.3
62.1
62.1
60.8
61.5
61.6
60.9
60.6
61.9
62.6
60.8
61.4
62.5
62.8
62.6
62.0
62.0
64.5
64.7
65.8
66.8
67.8
69.5
70.0
70.4
70.3
72.1
72.2
71.8
70.8
69.6
70.8
70.3
70.2
70.4
71.2
71.3
70.4
69.9
70.1
70.0
70.8
69.5
68.7
68.1
67.3
67.6
68.3
67.1
66.5
66.9
66.9
66.7
66.9
67.0
67.5
67.5
66.0
65.7
64.2
67.0
72.3
70.4
68.3
66.8
65.3
64.2
63.6
63.6
63.6
63.2
61.4
61.4
61.7
61.1
61.4
61.6
61.2
62.9
61.2
62.2
62.7
62.7
62.3
60.4
60.5
59.9
61.0
61.1
60.6
58.8
58.5
58.0
57.6
56.8
57.7
57.4
61.7
66.5
69.6
69.7
69.2
70.0
70.2
72.9
73.5
72.1
72.1
74.0
73.5
74.5
83.2
99.0
81.3
85.3
75.9
75.2
70.9
68.1
66.2
65.4
65.5
65.1
66.2
65.6
63.7
63.4
64.5
64.9
65.0
63.5
64.7
65.1
64.3
65.3
66.0
67.6
67.0
65.1
65.4
65.1
64.6
64.6
62.7
62.1
62.0
63.3
62.5
63.4
62.6
61.3
63.2
61.6
61.6
61.6
61.3
61.0
59.1
58.6
59.0
58.8
58.9
58.9
58.2
58.5
57.9
58.2
57.5
57.3
57.3
57.8
57.6
56.8
57.0
58.3
58.9
58.4
58.3
57.7
55.9
55.9
58.0
54.6
57.1
57.7
57.3
60.7
58.4
57.1
54.9
55.1
55.8
54.1
53.7
52.6
52.7
104.3
150.4
168.6
102.7
76.2
64.7
64.4
64.5
65.6
67.3
65.5
65.0
65.3
65.1
66.2
66.1
66.6
66.3
65.6
64.8
64.2
62.9
64.2
63.8
65.8
65.7
63.7
63.8
63.3
64.4
65.7
64.3
64.3
63.3
65.2
65.0
65.4
65.0
66.3
65.7
65.5
66.7
66.1
65.6
66.3
65.4
65.9
65.8
66.0
65.6
63.9
64.7
65.7
65.5
66.3
64.9
66.1
65.7
65.3
65.5
65.5
65.8
66.0
67.5
67.2
67.3
68.4
67.1
66.9
67.1
69.3
68.5
68.9
67.8
67.4
68.4
68.6
68.9
68.1
67.3
67.5
66.6
66.4
68.7
67.4
66.2
66.2
66.1
64.2
67.1
66.1
65.2
66.5
67.3
66.7
64.7
64.3
63.6
65.6
65.1
65.1
65.3
68.0
76.5
72.7
73.7
71.0
70.4
72.6
72.9
70.9
69.5
55.7
68.9
69.0
67.8
67.6
68.2
67.0
66.0
66.9
73.6
79.5
73.3
70.3
70.2
69.0
67.3
66.5
65.8
64.0
63.7
63.9
63.0
62.1
62.1
62.0
61.2
61.4
61.9
62.7
63.2
61.3
62.0
69.3
90.2
86.1
75.7
81.4
72.8
70.6
70.6
70.0
72.9
69.8
69.7
68.1
67.5
66.5
67.0
66.0
64.5
64.8
63.5
63.4
61.5
60.1
61.3
61.2
60.1
62.7
63.1
62.1
62.5
64.9
64.8
68.6
69.4
68.1
64.2
63.1
61.9
64.8
67.7
66.0
67.5
67.2
71.0
70.9
72.2
71.3
70.5
75.9
71.1
70.4
70.6
69.7
71.5
77.8
71.5
71.4
68.6
67.4
68.9
68.4
65.4
64.9
65.6
67.7
67.3
67.0
66.3
69.2
69.5
69.3
69.1
67.5
67.2
64.6
79.6
95.3
94.7
94.5
83.2
79.0
80.2
74.3
74.2
71.0
67.8
68.1
64.9
64.4
60.8
68.6
67.6
68.0
61.6
56.9
54.4
53.8
53.5
53.6
52.1
52.0
53.5
53.2
55.8
57.8
55.3
57.3
59.3
57.4
57.7
57.7
55.7
54.3
58.4
63.8
61.7
59.6
59.7
59.1
58.3
57.7
57.7
57.6
58.7
57.7
61.9
57.7
56.8
57.9
58.6
57.7
59.1
58.1
58.2
58.5
57.6
56.6
57.7
57.5
54.0
54.7
52.6
54.1
65.0
61.0
61.8
60.1
60.3
59.1
57.9
59.3
57.3
55.8
59.4
59.1
59.4
59.2
60.9
62.7
60.6
59.0
56.6
55.3
57.3
56.3
58.0
62.2
64.8
63.9
63.4
61.2
59.2
57.9
62.0
59.0
58.4
57.4
56.4
57.0
56.1
61.1
62.1
67.4
69.0
64.8
64.0
62.7
64.7
64.9
62.4
61.6
64.8
63.1
64.9
66.3
65.9
67.4
66.1
65.7
71.0
73.0
69.5
76.1
73.6
79.6
85.8
78.3
75.9
74.1
73.3
73.9
73.3
71.9
73.5
75.8
73.6
68.9
67.1
64.9
63.8
62.3
62.4
61.9
61.2
62.2
62.1
60.9
60.0
60.9
61.0
60.5
61.2
60.5
60.3
60.5
62.7
61.0
61.5
64.8
64.3
66.1
66.8
64.8
64.0
62.6
62.2
62.6
60.7
61.0
59.0
58.1
57.7
58.2
57.5
58.4
59.2
63.0
62.4
61.1
61.5
60.9
60.4
58.4
57.2
62.7
61.3
61.0
57.9
56.6
55.4
56.6
55.6
64.5
69.1
65.7
62.6
62.6
60.9
61.7
63.4
62.0
62.0
62.8
62.8
62.9
62.0
60.8
61.6
61.7
65.4
65.5
64.6
65.3
63.0
63.7
65.8
70.7
69.0
68.4
67.4
66.9
65.2
66.3
66.3
66.2
66.9
67.6
68.4
70.2
71.2
70.4
69.9
73.2
72.4
70.1
69.3
69.8
68.5
82.4
83.3
75.2
79.1
87.1
82.6
84.0
77.8
78.1
78.5
76.4
76.6
74.4
72.6
69.7
68.3
67.7
65.1
64.7
64.7
63.3
63.2
60.5
62.0
64.0
61.4
59.8
58.6
56.5
56.5
56.7
57.8
57.6
59.4
59.3
59.4
68.6
69.4
67.1
64.4
64.2
63.8
63.2
63.2
68.0
71.4
73.9
85.2
107.9
96.9
89.0
78.4
73.4
70.4
68.8
66.3
65.6
64.3
63.2
62.5
63.4
62.3
64.0
63.5
64.2
65.1
66.2
64.9
66.1
63.6
60.9
59.4
58.0
57.8
57.2
56.8
57.3
57.3
60.9
59.7
60.6
61.1
58.0
57.4
57.1
57.1
52.9
55.6
57.7
58.1
59.4
58.1
56.9
57.3
57.0
57.4
57.0
57.7
58.0
63.6
62.2
60.8
59.1
58.6
59.1
58.2
57.6
58.8
58.0
59.6
61.8
66.5
65.3
65.2
66.3
68.2
66.3
64.3
62.4
61.0
61.8
61.8
63.4
65.6
63.2
62.9
62.1
65.9
64.8
64.3
66.5
64.7
63.4
65.9
65.6
66.7
70.5
68.0
66.4
68.4
65.3
67.4
71.8
72.9
76.8
75.8
74.3
75.5
73.3
73.6
79.4
77.1
75.0
76.9
75.8
74.8
75.5
78.8
81.0
81.8
74.1
73.8
73.6
72.5
73.2
70.8
70.2
68.2
64.2
62.7
68.0
67.7
67.9
65.9
68.2
68.8
69.2
67.9
66.8
64.3
65.4
64.1
62.3
62.4
61.6
61.3
58.9
57.0
57.4
57.5
57.2
57.4
58.2
58.1
58.6
57.4
57.1
59.4
59.7
60.5
58.7
58.7
60.0
61.5
60.5
62.6
61.9
60.7
62.0
63.0
62.9
61.9
62.8
69.7
73.2
68.3
67.3
65.4
67.2
66.2
63.6
61.6
60.9
61.0
62.2
63.0
63.9
65.4
66.4
66.1
67.8
68.1
69.6
71.0
69.8
67.6
67.2
66.9
66.4
64.2
62.8
62.7
63.0
61.9
60.7
60.7
68.2
72.4
70.6
71.3
73.7
73.6
72.1
71.9
72.3
71.3
71.3
76.3
76.3
76.2
78.0
77.3
79.7
79.3
82.6
81.1
77.2
78.2
77.0
76.0
76.0
75.5
75.7
75.4
76.3
74.4
79.7
80.3
78.8
79.5
76.4
78.0
78.9
74.1
74.7
75.2
73.5
76.5
73.2
72.4
72.4
71.2
72.4
70.2
70.3
73.3
72.6
69.3
69.6
68.9
71.6
73.3
73.8
72.4
74.0
75.9
70.0
68.6
67.9
65.4
64.5
63.7
66.1
65.5
66.0
66.8
68.2
68.5
69.3
67.9
74.6
72.4
70.6
67.1
69.7
70.7
66.9
68.2
69.2
70.1
70.8
65.8
67.0
63.3
65.0
64.3
62.2
63.5
63.4
62.1
62.6
62.1
60.0
62.6
65.0
66.5
65.7
62.8
61.2
58.2
59.3
58.4
57.4
57.6
57.6
60.3
64.5
61.8
58.7
57.8
58.7
55.3
54.0
52.3
53.0
54.5
56.1
57.1
58.8
64.3
64.8
62.5
64.6
65.0
63.0
61.1
60.2
57.7
57.1
58.6
64.1
67.8
64.8
61.6
60.1
60.4
60.8
61.7
62.2
62.5
61.3
62.3
64.9
64.5
64.0
63.6
62.7
60.9
60.5
59.0
60.4
61.2
60.4
65.1
68.4
66.7
60.4
57.3
57.9
56.7
56.2
72.6
62.4
63.0
52.6
49.6
51.0
52.2
52.1
52.3
52.4
51.7
50.7
51.5
53.7
50.9
47.4
46.4
45.5
49.4
49.9
48.2
46.6
47.0
46.3
44.7
43.7
44.9
48.9
48.5
47.6
46.8
48.2
49.7
48.6
47.8
47.5
47.6
48.7
50.0
49.2
49.1
47.8
47.1
46.6
47.5
55.1
63.3
64.1
60.7
60.3
63.8
65.6
68.0
69.1
69.7
70.2
70.8
71.3
70.7
71.9
71.7
72.3
71.7
72.0
71.8
71.2
69.6
69.2
69.1
70.7
71.0
71.9
72.0
72.5
72.9
73.0
72.6
72.2
72.5
72.0
71.4
71.7
72.4
71.9
71.6
71.6
71.3
71.6
71.9
77.1
83.4
82.0
83.1
92.9
80.4
76.6
77.5
76.1
75.0
74.8
73.1
71.5
70.0
70.4
70.7
70.1
71.5
71.3
70.9
71.5
70.8
70.2
70.5
70.6
69.9
69.6
70.2
68.9
68.3
68.8
68.0
68.2
67.7
67.6
67.2
68.0
68.1
69.1
68.9
68.4
67.9
68.3
68.0
67.7
67.4
67.3
68.2
67.6
67.6
67.5
67.7
67.8
67.7
67.8
67.6
67.7
69.0
68.4
68.4
67.9
68.1
68.7
68.5
69.0
68.6
68.8
69.3
68.8
68.6
68.9
69.7
73.3
73.4
72.0
70.9
70.7
70.2
70.5
70.8
69.8
68.8
71.6
82.3
74.5
72.9
72.5
73.0
72.3
72.3
71.6
140.2
287.3
245.5
102.8
76.2
73.3
73.9
74.1
74.1
74.2
73.8
74.6
74.3
74.3
73.4
72.5
71.7
70.1
69.6
68.8
69.3
70.2
69.8
69.8
70.0
70.0
70.1
70.5
69.4
70.1
69.9
68.9
66.9
68.9
67.8
67.8
68.2
67.7
68.7
67.7
67.8
67.9
67.2
67.9
68.1
67.1
67.5
67.6
67.3
66.4
67.1
66.2
65.9
67.4
68.6
67.2
66.7
67.3
66.0
66.2
66.1
66.2
66.8
66.3
66.6
66.5
66.9
66.9
67.2
67.4
67.0
67.3
67.1
67.3
67.0
67.0
66.2
67.2
67.7
67.4
68.0
68.2
67.9
68.1
68.0
69.1
68.2
69.7
68.3
73.6
74.8
73.5
73.7
73.1
72.9
73.3
73.2
73.4
73.2
72.9
73.5
74.4
74.6
76.6
83.7
85.2
82.1
77.4
74.0
73.5
73.1
72.1
73.3
74.4
71.9
71.0
70.3
70.7
71.0
72.2
72.6
72.4
71.9
73.4
73.2
73.5
75.0
77.8
77.1
76.5
76.9
76.9
79.3
76.9
76.7
78.2
79.0
79.5
78.3
76.6
76.8
78.2
82.4
78.1
79.5
77.9
78.6
79.0
79.5
78.6
78.2
78.3
78.2
78.6
77.8
77.3
78.1
78.4
77.9
78.0
78.4
78.3
78.8
78.7
78.1
78.4
77.4
77.3
78.0
78.4
79.1
79.0
78.3
77.1
79.4
81.9
79.0
82.0
86.6
80.6
77.1
78.8
79.0
77.7
81.4
81.3
78.7
79.9
77.4
77.3
78.0
77.6
77.5
78.5
77.3
76.0
76.8
78.3
76.7
76.5
75.5
75.8
76.3
74.8
75.0
75.5
75.3
74.8
75.9
75.0
74.8
76.7
75.3
76.1
75.2
75.3
75.4
76.3
76.1
75.5
75.2
74.6
76.2
76.0
76.8
78.2
79.0
81.4
79.8
80.2
78.8
79.5
74.3
70.7
68.9
69.2
82.1
78.1
72.4
70.2
68.0
67.5
67.0
66.1
65.1
64.7
63.7
64.4
63.5
63.1
64.0
63.9
64.6
63.9
64.4
64.7
64.0
65.2
64.7
64.8
64.9
63.9
65.5
65.3
65.5
67.1
66.8
67.7
66.8
66.3
66.4
66.9
66.9
67.1
66.9
67.3
66.6
67.5
67.3
68.2
68.1
68.5
67.9
67.7
68.3
68.0
68.7
72.0
71.9
71.1
70.5
70.0
71.3
70.1
69.3
69.6
70.1
70.6
70.3
70.9
70.3
70.8
71.1
69.0
70.5
70.2
70.1
70.2
70.2
71.5
70.7
71.4
71.1
71.3
71.2
71.3
70.8
71.5
71.4
70.5
71.6
71.5
72.3
72.8
73.2
73.3
73.3
72.5
73.7
72.4
70.9
74.6
76.0
74.9
74.5
74.1
74.5
74.3
74.5
73.2
73.5
71.8
73.0
72.1
71.7
71.2
71.2
72.7
70.9
71.2
71.6
72.2
71.7
71.6
72.2
71.7
72.6
70.6
71.4
73.5
74.8
75.5
76.0
75.0
74.6
74.7
74.5
74.3
74.8
74.4
74.5
74.9
74.8
74.4
74.6
75.1
74.3
72.8
73.3
74.1
72.9
72.9
72.2
71.9
73.2
71.8
70.9
71.0
69.7
70.2
80.8
165.6
254.0
247.2
182.2
66.8
67.2
65.2
65.9
65.8
65.4
67.1
66.0
65.7
66.3
66.7
70.3
74.8
72.6
70.39999999999999
72.7
71.4
70.8
69.0
69.3
69.1
68.2
68.0
67.7
67.9
68.5
67.8
67.8
69.2
76.5
71.6
72.0
72.1
72.8
72.4
73.3
74.4
73.3
70.9
71.5
70.7
70.0
69.6
68.8
68.4
68.9
68.8
68.6
69.0
68.6
69.3
69.8
69.7
70.1
70.5
70.5
70.8
71.9
71.0
71.1
70.8
70.1
72.1
71.6
69.8
71.0
71.8
71.1
70.7
71.1
70.2
70.3
69.7
69.1
68.8
70.0
70.6
71.4
70.9
71.6
72.4
72.6
74.2
73.3
78.8
78.0
76.2
76.3
76.1
75.3
74.9
74.0
73.7
73.7
73.4
74.0
73.2
73.9
74.6
74.6
74.0
73.5
74.4
74.0
73.7
73.2
73.2
73.9
75.1
75.3
74.8
76.4
75.4
73.9
72.7
72.6
72.4
71.7
71.4
72.3
71.3
71.9
72.1
72.2
71.1
71.6
70.8
71.5
70.9
71.3
71.2
72.0
72.5
72.4
72.6
71.8
70.3
74.0
76.1
75.8
76.1
76.1
74.8
74.9
80.1
79.1
77.5
79.1
76.7
77.2
75.7
75.9
77.4
78.5
82.4
76.1
79.5
79.3
77.9
80.3
79.9
79.6
80.8
82.1
77.7
76.7
76.2
78.0
77.1
79.8
77.6
78.2
80.6
77.0
79.7
75.6
75.4
75.3
75.9
75.9
77.1
73.9
74.3
74.7
75.2
71.6
77.0
72.1
72.4
73.5
72.3
72.0
71.2
72.9
70.9
65.7
62.0
58.7
60.1
57.4
58.9
55.6
58.5
64.1
82.2
76.9
74.1
73.7
72.9
74.9
75.0
74.6
73.3
73.6
77.1
76.2
73.7
73.7
73.0
71.0
70.5
70.7
70.9
70.6
68.9
71.2
70.7
71.9
71.3
71.9
70.9
69.7
73.1
77.6
71.9
70.5
80.3
84.2
79.7
76.0
75.8
73.7
71.1
69.4
65.4
65.3
64.8
64.7
63.7
63.1
69.1
67.6
66.3
63.3
62.4
61.5
60.0
58.2
58.4
59.4
59.6
59.4
59.4
58.6
58.4
59.6
59.3
60.8
61.1
60.5
60.5
60.9
59.8
59.7
59.3
58.9
59.6
60.5
60.4
60.9
59.8
59.4
64.2
74.1
72.3
71.0
68.1
64.6
65.3
62.8
59.9
57.0
55.4
53.9
53.0
52.2
53.7
56.5
59.7
58.8
59.6
60.1
59.8
62.1
61.0
63.1
61.4
60.0
62.0
60.2
60.5
60.8
62.6
63.0
62.2
62.8
62.7
65.8
68.6
69.2
67.5
66.8
67.2
65.2
62.7
62.2
60.8
61.9
59.9
59.5
60.6
59.4
60.1
60.3
60.3
59.7
75.3
79.5
74.3
72.3
70.8
69.1
67.9
66.3
64.8
61.5
61.4
59.4
58.9
57.7
60.4
59.4
59.5
61.2
60.5
61.3
61.8
62.0
60.6
62.1
68.7
70.4
71.6
70.5
69.8
67.8
67.7
67.0
67.6
69.2
70.0
69.6
67.7
70.8
73.4
71.1
69.5
69.3
69.3
68.9
68.2
67.8
66.9
67.0
67.6
67.9
67.6
68.6
69.5
71.8
71.2
69.4
68.9
68.5
67.0
66.6
66.2
64.7
65.1
64.2
64.5
74.9
82.2
79.2
77.4
77.0
76.7
77.3
77.6
77.8
78.6
77.4
76.1
75.8
76.8
75.2
70.1
76.4
75.4
73.6
74.8
80.3
80.2
79.1
93.2
83.6
75.6
75.4
72.3
72.1
69.6
67.4
66.7
64.5
64.5
63.2
62.9
61.4
61.8
65.9
63.1
61.7
62.3
60.9
61.8
62.0
64.6
69.8
70.6
73.9
81.4
80.3
78.0
77.8
72.7
74.0
71.3
70.8
73.2
70.6
69.7
74.6
79.8
76.7
77.2
76.6
80.3
77.1
75.5
75.5
73.7
71.4
71.0
68.6
65.8
63.8
62.3
62.0
60.9
59.6
62.6
59.5
59.7
60.1
63.0
64.4
64.9
59.6
63.3
59.4
58.9
58.6
63.4
59.3
58.7
59.6
63.2
59.0
60.9
57.9
56.6
56.0
66.4
75.3
78.9
74.9
76.7
69.9
67.9
69.3
68.5
66.0
66.5
65.5
65.2
63.7
63.6
62.6
61.9
62.4
62.7
62.1
62.2
63.6
63.3
61.9
62.7
63.3
64.1
63.9
64.9
63.7
64.9
63.6
62.7
64.2
61.5
58.5
58.9
60.5
58.9
60.2
62.7
62.0
62.2
59.9
60.3
61.6
59.0
58.2
57.7
56.5
57.0
60.2
59.4
57.8
59.7
61.1
58.3
59.4
63.2
63.2
62.3
63.0
63.0
63.0
66.8
70.9
71.5
72.9
70.5
71.9
73.5
72.1
71.6
69.9
70.1
72.7
71.2
75.9
81.8
79.2
81.9
82.6
81.9
82.7
83.4
80.9
78.5
77.2
75.8
74.9
74.3
74.7
72.4
72.3
72.1
71.2
73.0
72.8
72.6
72.8
75.4
75.2
74.5
75.1
76.7
77.5
78.1
77.5
76.8
78.4
80.7
80.7
80.7
79.8
79.9
81.8
76.6
76.1
75.3
77.6
80.9
79.3
75.9
74.6
74.4
71.3
71.2
72.3
72.2
71.1
71.0
70.1
71.3
73.2
71.5
71.5
70.2
126.0
75.2
69.9
69.6
71.2
69.3
71.3
72.6
74.3
72.4
71.5
69.3
68.1
68.1
67.7
66.6
65.4
64.5
64.8
65.9
65.4
65.4
65.8
65.7
65.5
64.4
63.7
63.6
63.1
62.6
64.1
64.2
67.3
71.5
73.2
72.9
71.9
71.3
70.9
70.2
70.2
70.0
68.5
67.6
68.6
67.2
68.0
67.7
67.4
68.0
67.7
66.3
66.8
66.0
67.4
69.7
68.1
67.9
71.0
70.0
69.3
69.7
71.0
72.1
70.9
70.2
70.8
70.6
70.4
71.4
70.7
71.9
72.2
72.2
72.8
72.7
71.6
71.2
70.4
70.9
72.6
73.9
75.2
74.2
74.0
74.1
73.5
73.5
72.1
71.8
71.6
70.5
71.8
71.1
70.9
72.1
71.3
71.9
72.7
71.2
71.1
73.5
75.9
73.2
72.7
71.5
72.1
71.5
69.6
70.4
70.7
70.0
69.5
71.1
71.6
70.7
70.4
70.6
72.4
70.7
70.6
70.0
69.3
71.0
69.9
70.8
70.6
70.5
71.2
71.6
71.6
71.2
71.5
72.8
75.5
71.0
74.4
75.3
77.4
73.9
72.5
72.9
74.6
74.7
73.0
76.2
73.9
73.0
72.7
70.0
67.6
69.7
68.9
69.6
69.0
68.4
68.7
68.0
68.2
70.3
67.6
67.7
67.4
69.4
69.5
71.3
70.7
70.9
70.8
73.5
70.7
69.1
69.9
70.3
72.1
73.9
73.2
74.1
75.5
74.6
76.5
78.0
76.0
80.6
82.7
78.2
76.2
78.6
75.9
76.8
77.4
76.0
76.2
74.8
73.9
73.2
72.1
74.1
74.3
73.7
74.4
73.0
80.0
78.1
77.7
78.6
76.6
75.8
78.1
78.5
77.4
77.5
77.6
76.2
77.3
74.1
75.2
74.8
75.2
75.0
73.5
71.7
72.1
74.9
72.3
69.9
68.1
68.0
68.2
66.1
66.2
69.1
68.6
68.1
68.4
70.4
68.6
68.2
68.0
68.6
67.7
69.4
67.1
69.7
71.1
75.6
75.1
79.4
74.4
71.6
70.6
70.6
70.4
69.8
70.6
70.5
70.8
69.6
68.5
70.2
70.3
72.0
72.2
73.5
73.2
72.2
73.5
74.8
74.8
73.7
73.4
72.3
73.7
71.5
69.1
70.4
70.6
71.0
70.8
70.2
69.2
68.0
65.7
64.6
64.7
64.0
64.0
62.6
62.8
61.6
61.4
61.5
60.7
65.0
60.9
62.6
66.3
69.4
85.5
81.3
74.1
68.6
67.0
65.3
64.1
60.5
57.7
57.6
71.0
69.2
68.2
68.7
72.2
79.1
73.5
73.9
72.9
73.9
73.1
73.6
73.3
72.0
71.4
70.6
71.0
72.5
72.8
76.3
84.2
79.8
75.4
73.8
72.8
69.8
68.1
67.6
68.2
67.1
67.3
67.2
66.8
69.6
70.0
68.9
69.9
69.8
67.5
67.8
69.3
68.0
69.3
73.3
74.1
75.9
74.2
73.9
74.7
75.0
74.4
74.0
71.6
71.9
72.4
69.8
67.4
67.5
67.8
67.2
66.8
68.4
67.4
68.3
68.0
69.4
69.9
71.7
69.8
70.5
72.1
71.5
69.7
69.2
68.1
68.7
68.3
70.2
69.8
68.7
70.1
71.4
69.5
70.8
70.9
68.7
69.0
71.2
68.8
71.2
71.3
71.9
71.5
71.4
70.4
71.7
70.8
71.7
73.2
73.3
74.7
74.4
73.6
73.1
75.5
76.2
73.9
73.8
74.7
74.8
75.5
75.1
76.5
74.3
74.2
72.6
73.7
74.1
74.1
75.7
74.8
77.4
77.3
75.2
76.6
76.2
74.9
75.4
75.3
77.1
77.6
77.6
77.0
76.2
75.7
76.0
76.3
75.8
75.8
75.0
75.2
76.2
76.3
77.6
78.4
79.2
79.0
79.1
79.1
78.9
82.2
80.7
80.6
80.6
80.7
79.4
80.1
81.0
81.6
80.3
80.5
80.5
81.1
81.0
81.6
83.5
81.5
81.3
80.9
80.1
80.9
81.2
79.5
81.2
80.7
77.9
79.5
79.4
79.8
78.1
79.0
80.0
80.3
79.8
80.1
81.1
80.9
80.8
81.0
80.5
79.7
81.2
82.0
82.1
82.3
82.8
82.9
82.6
82.9
81.8
81.5
82.3
82.2
81.7
82.1
84.0
83.3
83.0
81.0
80.3
81.2
79.5
78.5
79.7
80.1
80.9
80.1
80.7
80.4
79.4
79.7
81.8
80.2
80.4
78.5
77.8
75.9
72.0
70.4
66.5
65.8
68.1
71.7
70.7
75.2
69.6
64.8
59.3
56.5
55.0
54.1
56.3
54.7
53.7
52.7
54.2
55.0
55.2
56.2
56.4
56.3
57.0
56.5
57.1
56.2
58.4
58.9
60.5
60.6
59.3
56.9
56.0
53.9
52.7
53.5
55.4
56.1
58.8
57.6
57.3
58.9
57.8
59.4
60.0
59.7
59.1
59.6
59.4
59.6
61.0
60.3
61.0
61.2
61.1
60.7
59.6
60.9
59.6
60.5
61.8
61.7
63.9
63.1
63.1
63.4
64.3
62.7
61.8
59.7
58.6
60.9
60.3
60.9
58.9
61.2
60.5
58.9
58.0
58.3
59.4
59.0
57.8
59.5
59.7
61.2
64.1
63.9
63.8
64.3
64.5
65.2
64.9
65.3
64.9
64.5
64.3
62.9
62.1
63.2
61.7
61.8
61.7
62.4
63.9
65.2
66.2
66.3
66.8
66.2
66.8
68.2
67.5
67.7
64.8
63.3
62.2
62.1
63.1
64.6
64.0
63.3
64.0
62.3
62.9
62.2
62.7
62.6
62.1
61.6
60.7
59.8
61.0
61.2
60.8
62.3
61.8
62.0
62.7
69.3
69.9
66.9
66.2
65.6
65.7
66.9
65.6
65.6
66.5
66.8
66.6
67.0
66.3
67.6
68.9
68.7
67.6
67.2
66.9
66.8
67.0
66.2
66.4
66.5
67.3
67.2
68.3
69.4
68.8
69.5
71.9
71.8
73.0
72.2
72.0
72.2
72.1
72.7
73.9
71.8
75.0
74.5
72.1
71.0
69.2
68.0
66.1
65.2
66.2
65.3
65.7
64.8
64.9
65.1
65.9
65.0
66.8
64.4
64.1
63.9
64.2
65.7
64.3
63.0
64.0
64.2
64.6
65.7
64.5
63.6
63.6
63.3
64.4
64.3
63.6
65.7
68.5
70.4
70.7
70.2
68.9
70.8
71.8
70.5
71.1
68.6
67.4
65.7
64.2
63.8
63.6
65.2
64.7
65.1
65.1
64.6
64.1
64.9
64.1
65.3
65.1
66.5
65.5
65.3
64.6
65.2
65.4
65.7
65.3
64.3
65.6
65.2
65.5
67.6
66.9
67.5
69.8
69.6
66.9
67.6
65.8
66.7
68.7
68.1
69.4
67.4
67.1
68.0
66.3
66.2
69.2
68.5
68.8
67.6
68.2
68.4
70.0
71.6
73.6
74.0
74.6
73.9
73.4
72.4
73.2
70.9
70.5
70.7
70.2
72.7
75.0
74.1
73.0
73.0
72.7
72.9
71.5
68.5
67.7
65.9
65.7
65.2
66.3
65.9
67.2
67.5
67.4
67.2
66.9
66.2
66.1
66.3
66.6
68.6
67.5
67.8
68.2
69.5
67.6
66.5
67.5
67.3
67.2
68.0
67.3
68.8
67.4
66.9
66.2
66.7
67.2
67.2
66.9
66.5
66.3
67.4
66.6
67.8
66.5
67.0
66.4
66.4
66.3
66.3
67.5
68.0
68.7
71.2
69.2
70.0
73.1
72.9
71.0
69.7
68.4
69.0
63.0
43.0
62.2
72.9
72.8
71.2
72.2
72.4
70.9
71.9
73.1
73.4
71.6
73.3
73.9
74.6
73.8
73.5
73.6
76.1
75.7
74.6
75.3
74.3
73.4
71.7
70.3
69.5
68.2
67.6
67.7
67.6
67.9
70.3
68.9
67.8
67.7
68.7
67.8
67.5
68.2
68.1
68.6
67.6
71.7
75.5
77.3
75.3
73.9
72.0
73.1
71.5
70.1
68.8
68.9
70.0
68.1
67.7
68.4
68.8
70.1
69.0
69.7
69.4
69.1
73.1
74.4
71.7
70.1
73.4
80.6
82.9
83.9
85.3
84.7
85.6
87.9
86.7
86.7
87.0
82.6
83.9
84.8
87.4
87.3
85.6
84.3
83.6
82.5
82.6
78.7
71.9
71.4
80.7
82.9
81.8
79.5
77.1
76.7
75.3
75.4
75.1
75.9
75.1
69.3
72.0
71.2
70.8
71.4
70.9
70.9
73.3
71.8
72.3
72.3
72.8
71.4
70.1
72.1
70.9
70.5
68.9
68.4
68.2
69.7
71.1
71.6
70.7
71.9
70.4
70.2
70.6
69.5
68.3
67.7
67.1
66.7
67.1
67.8
67.5
67.9
68.2
68.0
69.3
68.9
68.4
70.1
70.2
70.7
72.1
73.3
72.2
72.4
71.7
70.5
70.9
69.5
68.3
67.3
66.9
67.0
66.8
67.2
67.8
67.8
68.2
71.1
70.2
71.4
70.5
70.8
70.1
69.4
69.0
68.1
68.5
69.5
70.6
74.0
75.9
73.5
73.0
72.1
69.7
71.0
69.4
68.4
67.2
66.1
65.5
65.7
66.9
66.9
68.5
71.6
82.7
71.1
71.4
70.9
74.5
78.7
77.6
76.5
75.7
74.0
73.4
72.6
73.1
72.0
72.4
72.6
72.2
72.1
71.9
70.5
70.5
71.2
71.1
70.8
72.2
70.4
72.4
73.6
74.3
74.4
75.2
74.6
74.1
74.5
76.0
76.6
75.5
74.6
75.6
75.4
74.8
74.1
75.7
75.0
75.6
76.9
77.3
77.9
77.1
76.1
76.5
76.8
77.1
77.7
77.5
75.9
75.0
73.4
73.5
72.5
71.9
73.6
76.5
74.4
73.5
74.7
72.9
73.3
72.7
71.9
71.9
73.3
72.0
72.6
72.2
72.0
73.9
76.5
75.5
76.6
82.2
85.7
86.6
87.1
83.0
82.3
83.7
79.5
81.6
83.4
84.0
83.5
83.9
83.4
82.3
82.6
83.4
83.5
82.2
81.1
80.9
79.6
80.1
85.6
79.1
80.9
80.7
80.1
78.7
79.4
78.3
77.19999999999999
