61.5
62.1
55.9
54.3
53.6
57.7
56.1
56.8
54.3
69.0
63.2
57.3
57.6
56.3
57.1
58.7
70.9
65.1
68.8
63.6
65.3
61.9
60.8
65.6
58.4
56.9
57.0
57.7
59.4
57.3
58.5
57.8
58.3
57.9
68.9
74.1
65.5
63.2
61.6
62.7
60.8
60.8
58.3
62.6
63.3
68.1
67.7
59.8
66.0
69.3
58.4
57.2
62.8
67.2
74.6
69.2
66.9
69.2
65.6
61.0
60.7
59.6
54.8
55.6
53.1
51.0
51.8
52.9
52.4
50.3
49.4
54.7
56.5
59.4
59.7
58.8
61.6
61.4
60.6
52.0
48.3
47.9
60.1
50.6
60.3
59.7
52.6
53.3
52.5
62.1
61.8
56.7
54.5
69.5
66.7
68.4
66.8
61.9
57.5
59.6
61.5
60.8
60.1
64.4
64.8
66.8
66.8
65.5
64.0
61.1
58.2
62.88636363636364
63.779545454545456
64.67272727272727
65.56590909090909
66.45909090909092
67.35227272727273
68.24545454545455
69.13863636363637
70.03181818181818
70.925
71.81818181818181
72.71136363636364
73.60454545454546
74.49772727272727
75.39090909090909
76.2840909090909
77.17727272727274
78.07045454545455
78.96363636363637
79.85681818181818
80.75
81.64318181818183
82.53636363636363
83.42954545454546
84.32272727272728
85.2159090909091
86.10909090909091
87.00227272727273
87.89545454545456
88.78863636363637
89.68181818181819
90.575
91.46818181818182
92.36136363636365
93.25454545454545
94.14772727272728
95.0409090909091
95.93409090909091
96.82727272727274
97.72045454545454
98.61363636363637
99.50681818181819
100.4
85.8
74.0
85.1
86.1
85.5
89.2
94.4
86.3
100.1
85.0
77.7
74.5
69.0
62.1
55.2
52.8
52.9
52.8
54.9
60.4
60.3
65.0
67.9
70.1
76.5
78.2
79.5
80.5
81.2
82.5
83.3
83.5
83.1
83.1
82.5
81.6
81.3
80.2
80.3
83.0
83.1
85.2
85.5
81.2
79.3
76.8
77.1
73.2
72.2
67.5
68.2
64.3
63.6
61.0
61.1
58.2
59.7
60.7
58.8
60.3
59.2
58.8
58.5
58.7
58.8
58.2
60.0
59.0
58.7
57.5
57.1
57.4
57.3
62.8
62.7
58.1
56.9
56.4
56.2
57.7
62.5
63.3
60.9
60.3
58.3
57.1
58.2
56.6
57.3
59.6
66.1
72.1
71.6
71.5
67.5
62.3
66.8
71.0
71.3
70.9
70.0
75.6
82.6
78.2
71.7
74.3
81.3
82.0
84.5
77.5
73.5
73.0
68.0
64.4
62.3
60.6
58.6
58.5
59.7
64.4
63.3
64.1
61.3
64.5
66.7
66.0
66.5
68.3
67.8
65.3
65.8
71.0
66.5
68.7
68.9
68.5
68.5
66.2
66.9
67.5
67.1
67.5
66.1
65.0
63.4
63.8
62.2
60.8
64.5
64.9
62.9
61.6
61.2
61.2
61.4
60.6
63.0
62.9
63.5
62.5
60.2
61.3
60.3
62.4
62.3
60.8
60.2
60.0
60.2
58.9
54.0
56.2
54.3
53.5
58.5
59.6
54.8
56.0
56.3
55.9
55.9
54.8
53.2
53.0
53.0
52.6
141.0
68.6
52.8
53.8
52.2
52.2
52.8
54.0
54.0
56.8
54.4
53.4
52.7
51.8
51.9
53.0
53.5
53.2
54.4
53.7
52.8
52.1
52.9
49.8
47.4
47.2
48.9
49.3
50.7
50.4
50.0
49.2
50.0
50.0
58.9
53.2
51.3
51.7
52.9
52.2
52.1
51.9
51.6
51.1
51.9
51.6
54.5
54.4
53.2
52.5
52.7
52.9
52.9
52.7
60.8
57.4
54.9
54.2
51.5
51.5
52.7
50.4
48.5
53.0
53.1
52.1
50.6
53.4
53.2
58.1
55.2
52.9
51.8
52.6
54.7
59.6
57.9
56.2
58.6
56.1
53.9
60.7
55.8
55.7
55.9
55.4
55.3
55.9
56.7
56.3
55.1
56.2
56.2
55.3
56.3
56.1
57.2
58.7
56.2
56.8
56.9
56.9
58.1
57.7
56.1
56.2
56.2
57.7
57.9
57.8
57.7
58.9
58.1
58.1
58.6
57.5
59.4
66.0
63.8
59.2
59.0
59.1
58.5
58.6
59.8
59.5
69.8
66.1
66.2
71.6
77.7
80.9
84.7
95.0
95.8
81.6
76.0
78.3
81.9
76.7
76.8
86.9
79.2
75.0
84.7
87.1
73.9
71.2
81.4
73.3
64.1
61.8
62.2
61.6
60.8
58.7
59.0
59.6
57.5
52.8
49.6
50.7
51.4
53.0
53.8
54.4
55.3
55.9
55.1
54.5
55.2
54.8
57.2
56.2
56.4
57.2
57.0
56.4
56.5
57.8
56.6
57.4
57.2
57.2
57.9
58.1
58.6
58.4
57.6
66.6
64.9
69.1
72.3
73.8
72.2
70.2
69.5
70.1
70.0
70.0
68.2
67.5
66.7
68.1
66.5
65.4
65.3
68.8
67.1
69.3
72.7
75.5
78.7
80.6
88.6
81.3
74.2
72.2
70.4
70.1
68.0
67.7
66.0
64.7
64.0
63.7
66.2
67.8
66.3
66.2
66.1
65.9
64.9
67.6
67.9
67.4
67.5
68.9
68.3
67.5
69.4
69.1
69.8
72.1
71.2
72.5
73.3
71.9
73.0
74.7
73.9
73.9
74.1
73.6
74.1
74.7
74.1
72.6
73.6
75.8
74.8
75.1
75.7
76.0
76.2
76.0
77.5
83.5
84.2
76.5
80.8
80.2
77.0
67.4
66.4
64.1
64.6
62.4
59.4
62.1
59.2
58.2
59.8
59.6
60.7
59.6
60.1
60.3
60.7
59.5
63.6
66.7
60.1
61.3
58.8
62.0
61.2
61.9
61.6
61.1
60.1
60.6
60.3
61.4
59.7
61.2
63.0
63.8
61.1
61.4
61.3
61.0
60.2
61.5
61.5
61.8
60.6
61.3
61.5
62.4
61.6
62.3
64.9
63.4
61.7
62.2
61.5
62.1
62.1
60.1
62.4
61.1
62.2
59.6
61.5
61.7
61.3
62.5
61.1
61.9
63.1
65.3
63.7
62.8
63.2
61.6
60.8
61.2
62.2
61.3
60.1
60.6
67.9
62.9
65.5
65.8
61.7
60.4
70.2
68.8
63.9
77.1
80.5
82.7
82.4
85.2
86.7
99.3
91.8
90.8
101.0
97.0
83.6
87.5
87.9
86.3
82.8
73.0
73.1
71.3
74.6
77.0
74.8
80.2
81.4
83.6
83.0
84.0
86.2
87.4
92.6
110.2
99.3
105.4
101.5
93.7
97.5
83.1
82.6
72.9
71.5
70.8
68.8
66.8
68.2
68.7
69.0
70.6
70.2
70.7
73.2
72.7
73.5
74.2
72.3
73.4
73.0
73.9
74.8
71.8
67.3
63.2
59.2
56.6
56.6
56.6
54.4
54.5
55.5
56.5
56.6
56.6
57.4
58.0
59.4
62.7
228.7
162.4
58.4
55.8
55.0
55.2
56.1
57.9
55.6
55.8
55.0
55.3
56.1
54.6
54.6
55.8
55.1
55.6
55.8
55.7
55.1
58.7
63.2
59.8
57.2
56.8
59.7
64.2
59.7
57.6
58.4
59.6
65.3
62.8
60.9
58.6
63.0
63.0
58.4
63.1
64.7
62.4
65.1
66.5
61.5
60.8
59.9
59.9
63.8
74.3
77.7
82.1
80.0
82.7
85.3
86.8
87.2
85.3
78.8
72.4
67.3
63.9
63.2
66.1
63.1
63.0
64.1
63.5
63.1
65.0
70.0
74.1
68.7
65.7
67.7
64.4
62.7
64.9
64.5
65.5
65.1
63.3
66.3
75.2
74.2
76.3
74.0
69.7
68.4
66.6
67.5
71.3
67.0
67.4
66.5
66.8
66.5
65.3
66.2
65.4
67.5
64.9
67.5
71.1
66.4
68.5
67.3
68.6
68.2
68.4
68.4
69.7
79.2
82.2
86.3
88.2
89.8
92.3
92.6
92.4
93.0
90.3
86.6
87.2
88.1
86.7
86.3
88.1
87.3
87.1
86.4
88.3
87.1
86.4
86.4
86.8
86.1
85.7
85.9
88.0
87.9
88.9
88.9
86.8
84.9
85.3
87.0
84.0
86.1
86.6
85.7
86.4
83.2
80.2
80.3
78.3
77.7
75.2
78.3
70.9
73.3
76.6
76.5
75.4
75.3
78.1
75.6
74.7
75.7
73.9
75.3
76.0
74.7
76.6
80.1
82.6
79.7
80.2
78.7
80.8
76.2
75.9
76.1
76.8
79.8
80.8
77.1
78.2
78.9
84.2
78.1
77.4
77.4
76.8
75.7
74.2
68.5
71.2
70.5
72.9
74.0
71.9
72.3
68.6
71.9
70.6
71.1
73.1
72.5
69.1
74.4
73.4
74.1
74.6
74.8
72.4
70.8
70.9
74.4
75.8
75.3
76.9
77.6
78.3
75.6
72.5
76.1
75.2
77.1
83.0
85.5
85.0
81.9
82.5
79.7
77.6
77.0
76.3
74.7
72.4
71.4
74.2
75.2
73.5
72.2
71.7
73.8
72.0
70.0
73.3
70.8
68.6
69.3
69.8
71.8
71.2
74.2
71.2
83.6
82.5
81.5
84.7
84.1
94.8
107.3
98.8
90.4
96.8
92.4
81.5
86.1
84.7
83.7
84.7
83.0
83.6
83.0
82.4
82.5
79.8
80.0
79.6
79.7
92.9
90.3
75.8
76.8
76.5
76.9
73.4
72.7
73.1
72.8
76.5
79.4
78.6
79.6
79.9
79.7
79.6
80.2
79.7
80.0
80.3
81.1
81.6
80.1
80.0
80.1
80.6
80.6
81.0
80.7
80.4
81.1
81.8
81.1
79.8
80.6
79.7
79.0
81.4
81.6
83.8
83.5
91.8
96.2
84.3
80.1
76.9
76.1
74.0
70.8
70.2
70.1
70.4
68.3
69.3
69.2
68.5
74.3
72.3
71.0
70.5
68.7
68.4
66.3
68.4
67.2
66.4
65.7
65.8
67.2
68.5
69.5
68.5
68.9
65.9
65.9
69.5
65.3
69.0
66.2
68.4
66.2
65.9
66.8
65.0
65.7
65.3
70.2
66.9
66.2
67.5
66.1
67.2
70.4
72.9
70.2
70.4
66.0
71.7
69.3
68.3
66.3
67.5
68.8
65.8
72.4
75.8
76.4
76.0
75.4
74.8
74.6
75.0
73.6
75.6
75.1
72.0
73.1
74.5
77.2
77.5
77.3
75.3
74.8
74.5
75.8
74.8
73.0
73.9
75.1
75.0
74.5
75.5
73.1
73.4
72.7
73.7
73.7
73.7
73.7
73.2
71.0
72.0
72.7
72.8
72.9
70.6
72.1
74.4
75.7
74.9
76.8
74.9
74.2
74.7
75.9
74.5
75.0
73.3
73.6
73.2
71.6
72.1
73.4
73.4
73.4
73.1
70.8
73.6
74.5
74.0
77.2
70.3
72.7
71.6
70.1
68.7
64.9
61.7
62.8
61.1
60.4
61.7
57.8
60.9
59.1
65.0
65.1
65.7
62.1
61.4
61.1
60.4
62.1
61.6
61.4
60.8
62.4
61.4
60.5
61.4
61.0
58.7
59.4
58.8
59.0
62.1
58.5
58.4
59.4
61.7
58.7
59.4
60.8
62.4
58.4
60.1
60.3
90.9
84.3
74.5
74.0
74.9
75.8
73.3
73.3
66.4
66.8
63.7
66.0
65.6
67.1
70.9
71.5
68.0
68.5
70.7
71.5
73.2
69.7
71.8
71.6
71.7
72.1
69.1
69.8
67.9
67.2
76.2
86.8
96.1
78.1
71.4
68.6
66.4
65.2
62.6
59.6
59.9
58.4
59.2
58.9
58.3
59.5
60.3
59.7
59.0
64.3
63.4
63.1
65.6
66.4
68.9
78.1
64.2
59.4
57.5
57.7
54.3
54.0
54.5
54.3
55.5
61.4
63.5
63.9
65.4
69.3
67.2
66.4
66.4
66.4
66.4
72.6
78.1
70.5
90.3
117.9
98.8
96.1
89.1
82.1
77.0
74.6
73.4
73.3
72.8
74.2
74.9
75.2
75.4
75.3
76.8
79.1
74.5
70.7
70.3
69.3
70.4
70.3
69.8
71.1
71.5
71.9
72.0
72.9
72.3
76.0
76.6
71.9
69.3
67.1
66.8
67.1
65.5
65.4
65.5
65.2
66.7
67.7
68.6
71.9
66.4
63.9
63.7
62.3
62.9
62.6
62.2
62.8
62.9
62.3
62.8
62.9
62.5
64.4
64.6
64.0
64.0
63.6
62.5
62.8
62.1
63.0
63.3
63.5
62.6
65.1
64.9
63.5
63.1
63.5
63.0
62.5
63.3
62.6
63.2
63.5
63.2
64.2
68.0
65.3
64.2
64.0
63.6
63.9
63.6
64.0
64.3
64.5
64.3
64.4
65.2
64.4
64.5
64.7
65.5
65.7
69.2
65.5
66.6
67.1
69.8
69.9
74.8
68.5
72.0
69.8
70.9
67.0
64.5
62.4
69.3
68.9
62.9
63.4
63.0
65.5
61.6
66.1
66.9
69.2
67.0
71.2
75.6
74.4
74.7
76.5
76.5
77.4
79.6
78.5
79.6
77.0
77.5
76.0
76.2
77.7
63.9
101.2
102.3
99.3
89.0
87.8
86.1
84.0
82.6
79.4
76.9
75.7
76.1
76.2
79.1
81.1
84.2
82.9
82.3
79.4
77.1
75.7
74.7
73.4
73.3
72.9
77.1
71.5
69.7
76.4
74.2
68.7
68.1
69.2
70.7
69.3
67.6
73.9
74.9
78.3
73.4
74.3
70.6
72.4
70.5
70.6
70.1
74.7
77.3
77.1
78.9
75.7
74.4
69.3
68.6
65.9
66.9
65.9
67.3
65.9
66.4
66.7
68.6
67.7
69.7
67.6
68.1
69.2
68.7
68.8
69.3
70.5
68.9
70.7
71.1
71.5
69.8
71.0
69.2
69.7
69.9
71.2
73.9
72.1
75.9
77.7
78.6
80.2
74.7
75.0
71.9
70.4
72.0
81.1
76.8
72.2
70.5
71.2
75.1
75.3
75.4
77.7
72.2
77.2
72.1
68.5
69.6
71.8
73.6
67.8
66.4
65.3
62.8
62.0
65.9
67.6
65.2
65.9
62.9
78.3
76.3
81.3
82.5
83.0
80.9
78.2
79.8
79.5
80.1
80.0
80.0
79.9
78.9
80.5
80.8
81.0
79.1
79.0
79.1
79.8
81.6
81.9
80.8
81.3
80.5
81.9
81.2
80.2
81.7
82.2
81.2
79.8
79.2
79.3
82.2
84.3
82.1
82.9
84.2
83.2
78.6
76.2
76.4
74.7
75.1
74.5
76.7
76.1
76.7
75.9
75.8
73.2
72.2
73.2
70.3
71.1
72.7
72.3
71.6
71.8
72.2
69.7
70.3
76.3
69.5
69.2
68.6
69.4
69.9
69.8
68.6
69.9
73.6
71.0
69.4
70.5
71.0
76.0
70.3
69.5
69.7
69.6
69.0
68.2
67.4
68.3
67.7
68.1
67.7
67.7
67.0
67.0
66.8
66.3
66.9
67.3
66.1
65.6
65.4
66.9
67.4
67.1
67.7
66.6
66.1
66.9
67.0
67.7
68.7
69.3
68.0
67.9
67.6
67.7
68.2
67.7
67.4
67.6
66.9
67.4
67.6
67.4
68.9
68.2
67.6
69.2
68.2
68.6
68.2
70.0
67.1
66.7
66.9
66.2
65.7
65.1
65.0
65.0
65.1
65.5
65.4
65.2
65.3
65.0
65.9
66.4
65.2
65.6
65.4
65.2
66.0
65.0
65.2
65.0
64.8
64.7
64.5
63.9
64.3
65.3
65.0
63.9
63.5
66.5
65.1
65.2
63.7
62.9
63.6
65.0
65.1
64.1
63.9
64.0
63.2
63.6
64.9
64.0
63.6
63.5
63.4
63.2
63.2
63.5
63.2
64.2
66.2
64.6
64.4
64.2
82.5
88.1
86.9
85.9
82.5
79.0
78.1
84.4
81.4
78.7
78.4
83.9
78.1
72.1
68.3
66.6
64.5
64.8
68.7
75.6
78.8
80.1
80.2
80.1
77.3
76.0
74.4
73.7
73.1
71.1
71.4
70.8
72.4
71.4
70.2
69.6
69.7
69.3
68.7
69.0
72.4
73.5
65.7
63.0
62.3
61.2
61.2
61.6
61.5
62.1
62.3
62.0
61.9
60.8
60.8
60.1
60.3
60.1
59.4
59.3
61.6
58.7
58.7
58.9
59.1
59.5
58.3
58.6
58.4
58.1
58.5
58.6
59.2
58.3
58.4
60.4
59.3
59.2
62.5
59.9
62.5
61.9
59.3
58.1
57.7
57.5
57.0
59.1
56.4
56.7
57.0
57.1
56.2
56.9
55.9
57.8
55.7
56.1
54.7
56.7
55.6
55.5
53.8
54.5
53.3
54.6
55.1
54.2
54.3
52.6
52.9
53.6
50.7
55.1
54.4
53.3
52.5
52.9
52.8
54.7
52.0
52.2
53.4
51.1
52.5
52.4
53.0
51.9
52.0
51.5
51.4
51.5
51.3
51.8
52.4
52.1
52.6
51.7
52.2
54.9
52.5
53.1
53.6
53.7
53.5
52.0
51.7
52.3
52.9
54.1
55.8
54.9
54.6
55.3
56.2
56.9
59.7
60.1
62.7
62.6
69.4
83.1
69.5
65.6
62.9
62.9
59.5
58.1
110.4
84.7
55.8
54.5
54.8
56.3
54.2
54.8
53.0
55.3
55.3
54.2
57.2
55.8
54.6
54.4
55.5
53.9
54.1
54.6
55.5
54.9
54.1
54.5
57.0
54.9
55.1
54.5
54.8
55.3
55.1
56.3
56.0
56.7
55.9
57.6
56.3
57.1
55.2
57.5
55.1
56.6
56.0
58.3
56.7
57.2
57.7
56.7
57.4
57.7
59.1
57.1
58.7
58.4
60.8
63.5
64.1
65.0
65.5
66.9
61.8
61.3
59.9
60.8
60.5
59.8
61.3
65.5
66.7
67.5
67.0
65.5
63.7
64.8
64.5
63.1
63.6
63.2
62.6
64.0
63.0
64.7
66.1
67.3
66.3
69.5
69.9
67.5
64.8
63.6
62.6
63.0
63.5
62.0
63.8
63.1
60.4
64.6
60.8
57.9
59.3
63.1
60.8
63.2
60.4
59.5
60.4
58.1
59.6
59.5
59.0
59.4
62.5
65.1
60.6
61.2
60.8
63.7
60.3
61.2
59.4
59.0
57.8
57.9
58.0
57.7
60.9
64.4
61.6
61.3
64.6
63.3
64.8
62.8
60.9
59.6
58.5
58.3
61.9
60.5
58.9
58.5
62.2
60.2
59.8
59.2
58.2
61.7
61.4
64.3
61.6
62.2
61.8
61.0
61.7
60.6
62.6
62.7
61.1
63.3
61.2
57.7
57.7
62.6
62.0
62.7
60.6
62.2
60.0
56.3
58.3
56.3
57.1
57.9
57.0
59.2
57.4
58.6
58.5
59.5
58.5
62.1
65.1
64.6
62.6
60.8
66.1
65.3
62.3
62.9
61.4
60.9
61.9
61.5
60.5
60.9
61.0
61.5
60.7
61.4
62.0
61.3
61.9
61.2
62.5
62.0
62.2
62.7
62.3
64.0
61.2
59.4
59.3
58.2
58.6
59.2
61.3
59.6
60.9
59.7
62.0
62.0
63.8
60.5
62.8
61.2
60.7
64.2
64.1
57.8
58.7
56.3
56.2
58.1
59.3
62.7
61.7
61.5
57.7
57.8
57.7
57.4
57.6
57.6
58.4
58.8
61.1
58.9
59.7
58.6
63.4
63.1
65.0
68.6
66.6
70.6
69.3
68.6
64.9
63.2
62.6
62.4
61.3
62.7
61.2
62.3
61.0
61.8
61.8
62.9
63.0
63.6
62.8
62.3
63.2
63.1
62.7
63.1
64.7
67.0
68.8
64.9
66.8
67.1
68.6
68.2
65.5
65.2
63.0
64.8
64.5
67.6
72.5
71.5
71.7
69.7
70.6
65.4
62.6
61.1
60.4
61.6
62.9
59.2
62.6
60.9
59.8
61.3
57.5
60.8
65.7
100.7
90.1
60.8
61.4
60.1
78.7
100.7
81.4
85.8
85.9
73.8
63.7
60.2
61.7
60.8
62.4
65.6
68.8
87.6
89.4
70.4
70.0
65.2
64.3
67.1
65.5
64.1
63.1
65.2
63.5
63.8
62.9
61.3
60.4
57.2
57.5
57.9
59.6
60.6
64.0
66.4
65.4
64.2
64.5
64.9
63.3
65.4
63.3
63.2
60.9
61.0
61.5
60.4
58.9
61.8
66.0
73.6
75.7
77.6
78.1
73.5
77.5
80.1
80.1
80.0
79.5
91.6
93.9
80.2
66.5
69.7
69.5
68.5
68.6
66.0
65.0
63.8
67.4
64.9
63.1
63.0
64.3
63.6
65.2
65.5
69.6
67.8
67.6
68.0
67.1
67.0
66.5
66.4
62.8
64.4
60.8
63.0
65.2
64.4
68.5
77.7
80.4
77.5
76.9
75.1
75.7
71.6
70.0
69.4
71.9
73.8
72.6
69.2
65.1
71.5
73.1
74.4
76.4
76.5
78.7
81.4
78.9
79.2
80.0
77.7
78.9
77.3
79.8
81.4
79.7
81.0
79.8
79.5
80.2
79.8
79.0
78.0
80.4
82.4
83.4
80.9
81.5
82.1
101.6
98.0
91.8
105.1
84.6
82.6
75.4
74.7
73.2
73.5
70.0
66.7
74.1
79.6
75.4
70.2
75.4
72.2
72.0
67.4
68.1
66.6
77.0
75.9
77.0
72.4
68.9
74.4
75.8
73.2
71.9
74.5
73.6
76.6
73.8
71.3
74.4
81.1
81.3
80.0
78.3
78.1
74.5
71.6
69.0
73.3
77.8
76.5
80.4
76.4
74.1
72.8
73.1
72.3
80.1
102.9
95.1
77.4
68.3
68.6
66.0
63.2
65.2
68.1
80.1
79.2
75.2
72.2
71.9
77.2
77.3
74.0
68.4
67.6
71.3
68.2
72.0
71.4
69.5
73.7
68.2
73.2
73.0
75.7
73.5
70.9
69.7
71.8
70.7
80.3
95.5
87.1
78.3
76.3
79.4
78.7
86.8
82.4
81.9
83.5
80.5
85.0
81.5
77.6
84.8
84.8
82.5
84.2
83.0
81.4
77.5
76.5
80.2
76.6
83.9
79.1
81.0
80.5
82.1
81.9
83.3
82.3
80.2
79.9
86.1
86.0
82.0
81.7
83.7
86.1
85.4
84.3
82.0
84.6
79.7
78.1
79.7
78.6
84.2
79.4
82.2
76.2
74.8
77.4
87.1
90.6
80.3
76.0
81.7
85.1
84.1
80.9
83.1
79.2
80.0
77.9
77.7
78.3
77.5
76.5
82.6
77.9
75.4
74.0
77.3
80.7
77.4
78.3
73.2
78.5
76.2
79.9
76.8
87.0
80.9
82.6
80.2
84.0
83.6
86.9
86.3
86.8
86.4
88.5
87.0
85.8
84.5
84.5
86.7
86.5
91.2
93.5
94.5
90.7
90.6
86.3
93.1
87.9
90.7
90.1
87.5
89.8
88.1
89.3
89.8
88.0
87.1
93.5
88.5
89.1
88.0
87.9
91.6
89.9
90.2
92.6
92.5
91.7
89.7
88.2
89.4
88.2
90.0
87.9
85.8
87.5
84.9
84.8
83.8
85.0
84.4
81.7
84.4
87.5
89.7
82.0
86.8
85.9
80.4
83.4
83.2
81.3
79.4
78.3
82.8
87.2
86.7
83.4
84.9
84.0
83.8
84.8
87.1
86.1
86.1
86.4
85.3
87.5
82.9
78.5
85.1
85.9
86.3
85.5
86.4
85.2
88.1
92.0
85.5
87.5
90.0
85.7
80.9
77.6
77.3
75.8
83.6
84.0
82.9
80.5
80.3
79.8
77.7
77.4
85.7
82.4
80.9
77.8
81.1
82.0
79.6
82.1
80.5
82.1
82.2
84.6
84.4
88.0
88.6
85.8
86.9
89.1
89.8
92.4
89.2
92.6
92.1
87.4
89.3
84.8
87.3
88.4
86.4
91.7
90.3
88.9
89.3
86.5
88.0
89.9
86.8
84.1
83.8
82.8
81.9
82.5
77.9
83.2
85.4
85.3
83.7
84.8
83.9
83.3
83.2
82.0
83.2
82.7
83.0
83.5
83.4
80.5
83.3
81.0
83.2
84.6
81.0
81.2
80.3
77.9
84.4
86.3
89.5
82.9
81.1
83.5
84.1
83.0
85.4
82.6
83.6
81.6
80.9
80.7
79.1
78.2
76.5
78.1
77.4
71.5
75.5
82.9
83.7
80.4
81.2
82.0
83.1
82.7
82.0
82.2
82.9
80.2
76.6
82.3
81.5
79.5
81.9
82.5
80.8
83.7
82.9
82.1
81.4
83.7
81.3
82.0
81.8
80.7
84.2
88.7
86.5
88.4
88.4
90.1
97.1
115.2
91.3
86.4
74.1
70.4
73.2
73.4
78.4
77.1
93.7
99.4
76.6
53.79999999999998
71.4
83.2
79.1
79.0
69.2
63.6
68.9
84.3
81.7
66.6
73.5
89.3
98.9
79.3
105.0
101.8
72.4
72.2
71.0
68.2
70.2
70.3
70.1
72.2
73.8
74.2
79.1
75.1
75.6
75.4
70.7
70.6
74.0
74.1
76.8
76.5
77.6
70.2
77.5
95.8
91.6
83.7
83.4
82.4
78.3
76.3
75.4
75.1
72.7
75.0
71.7
70.4
71.4
71.7
69.4
73.5
76.9
80.2
82.3
82.1
82.0
84.0
85.2
76.9
80.5
82.3
82.7
82.9
81.9
79.2
84.1
78.4
80.4
78.7
81.7
81.2
79.5
77.7
79.9
78.9
73.4
79.5
81.8
80.9
81.2
79.3
77.9
77.9
79.5
79.4
77.4
77.3
77.2
75.5
74.6
79.5
87.4
84.2
81.8
80.6
81.5
78.5
78.6
76.8
78.0
77.5
82.4
77.8
81.5
80.4
78.3
82.2
82.2
80.1
75.6
73.0
74.4
74.8
73.4
76.4
77.0
75.8
71.1
72.1
75.1
64.3
60.3
83.0
80.6
82.0
79.9
83.7
90.8
89.2
88.5
86.5
86.4
83.7
84.3
87.2
89.2
87.8
85.3
83.6
87.7
89.3
92.7
90.0
88.8
91.6
87.0
89.7
87.7
87.4
82.9
83.1
84.0
84.5
81.6
81.1
83.7
84.7
89.1
85.0
83.4
85.4
83.8
84.2
82.8
84.3
84.4
84.0
83.2
87.2
85.0
84.8
87.5
88.5
84.3
82.5
81.7
79.8
77.9
78.4
77.2
85.8
83.3
87.3
83.4
87.5
86.5
81.6
84.9
86.4
86.3
86.0
82.9
83.7
85.1
86.9
83.3
83.5
86.6
85.9
86.3
83.9
78.7
77.7
77.8
79.5
84.8
82.4
81.9
82.5
85.5
82.6
81.9
78.0
82.3
80.1
81.5
84.4
83.4
83.7
81.1
81.3
78.6
79.4
81.0
81.2
77.7
76.3
76.4
78.6
76.5
81.8
79.8
78.8
79.0
76.7
79.8
79.6
76.6
76.5
76.2
73.5
73.0
69.2
72.6
72.8
74.5
75.6
100.1
97.4
78.0
67.3
64.9
62.6
59.6
59.0
60.2
60.6
59.9
60.9
60.7
61.6
62.1
61.0
61.8
62.1
62.5
62.7
62.5
62.6
62.5
62.5
63.3
63.7
63.8
63.6
63.3
64.2
63.4
63.3
63.9
64.2
63.8
64.3
64.8
64.6
65.0
65.7
64.5
64.5
65.5
65.4
65.5
66.0
65.7
66.4
65.9
65.7
66.0
66.1
66.4
66.5
66.3
66.1
66.8
67.0
66.9
66.4
65.7
66.4
66.8
66.8
67.2
67.2
69.8
80.1
71.5
56.2
51.3
43.9
41.8
40.1
53.8
52.0
45.9
42.8
42.5
41.4
39.9
47.7
39.1
52.0
46.5
45.3
44.0
40.1
35.9
31.6
25.6
23.7
22.3
19.6
15.2
11.5
9.8
9.0
9.0
9.0
9.0
9.0
9.0
9.0
8.9
8.0
7.1
