301.9
291.5
281.9
122.7
100.5
140.5
140.5
142.7
144.7
148.1
140.1
132.3
132.3
134.3
134.0
138.4
143.0
150.4
136.9
140.3
138.6
132.8
132.2
128.6
135.1
136.0
117.0
119.5
121.8
157.3
200.3
134.4
134.7
140.0
141.9
139.8
137.3
133.0
128.5
128.7
126.0
121.6
120.4
121.8
124.9
126.1
131.0
135.9
138.1
141.64999999999998
145.2
143.7
127.4
119.2
118.4
122.8
121.7
118.3
115.2
113.4
117.6
128.0
120.8
117.5
113.7
110.7
109.8
108.89999999999999
121.9
127.95
134.0
127.1
139.0
121.5
119.1
114.7
109.8
109.3
109.4
109.1
108.4
111.2
111.4
109.0
108.8
114.4
111.7
113.3
111.2
110.8
108.7
107.8
114.5
122.2
121.0
133.7
116.8
115.9
106.9
106.0
106.1
106.7
107.6
118.3
113.9
105.5
108.9
104.0
106.4
111.2
107.3
106.6
107.8
110.0
111.2
111.9
115.0
113.1
111.7
112.4
113.0
110.5
110.2
111.6
113.9
110.6
111.5
109.6
107.8
106.1
103.1
100.8
99.5
101.0
105.2
106.1
105.3
111.2
103.0
100.8
100.2
100.2
100.1
100.1
100.5
100.0
100.4
99.8
106.5
112.4
110.4
108.8
111.8
112.5
110.2
106.5
110.6
112.9
110.0
115.4
109.6
107.5
104.2
102.8
103.5
102.6
109.9
111.5
110.9
107.5
111.7
108.0
109.1
106.4
121.0
132.7
120.3
118.0
132.8
131.3
133.8
131.4
131.4
131.9
133.7
133.4
124.2
128.2
131.0
136.4
136.3
131.9
129.5
125.9
122.6
117.6
116.3
113.6
109.8
106.9
104.5
103.4
101.1
103.1
102.4
100.0
96.0
95.4
93.3
92.8
93.0
96.3
97.7
95.9
98.9
95.4
94.7
94.0
94.0
93.8
94.2
101.2
109.2
106.2
101.1
96.1
94.2
92.2
91.5
92.7
93.3
91.0
90.5
93.2
93.6
92.1
91.8
91.7
92.5
92.7
92.9
92.5
92.4
92.6
90.0
95.3
104.0
100.8
99.3
97.0
95.7
92.0
91.0
90.9
91.7
97.1
97.2
97.3
96.3
96.0
97.4
96.1
95.9
126.8
98.0
113.5
93.5
97.3
101.4
165.5
132.7
106.6
105.6
115.9
94.0
102.3
104.2
99.5
98.2
95.6
92.1
89.6
90.9
90.2
91.1
94.2
93.9
124.0
117.8
103.9
91.3
86.0
87.6
93.0
93.4
91.7
91.3
90.1
91.2
92.1
91.3
91.9
92.3
92.7
94.6
97.5
101.1
110.1
108.0
106.2
103.6
106.5
103.9
105.4
104.5
104.0
114.9
124.3
94.6
90.6
89.5
89.8
90.0
88.7
86.0
85.8
84.6
83.8
84.1
86.0
89.2
88.9
88.3
88.1
87.9
89.2
91.8
91.9
92.0
91.9
91.4
91.0
91.8
91.9
96.0
94.8
93.1
92.2
92.9
92.6
94.3
94.7
94.1
94.1
94.3
93.8
93.5
93.9
94.3
97.6
95.6
95.3
95.2
94.6
95.1
95.7
95.1
95.4
96.3
107.4
112.6
110.4
107.8
105.2
107.5
129.3
114.3
103.0
105.0
103.5
103.1
102.7
109.3
109.1
108.1
105.7
106.6
104.9
105.4
105.2
103.8
106.8
115.6
109.7
109.9
104.1
104.3
104.0
97.3
96.4
99.2
99.0
99.7
98.0
97.9
98.7
96.7
98.9
97.7
97.8
96.7
97.0
99.8
107.1
102.9
108.0
105.4
107.0
107.0
107.8
109.0
113.7
114.6
115.9
119.0
119.0
118.3
116.1
119.3
119.8
122.0
118.0
112.4
103.1
99.0
94.7
94.6
94.0
94.1
93.0
94.3
93.7
93.6
96.3
96.9
98.8
98.0
100.0
100.9
99.2
100.2
101.0
100.7
102.3
100.7
99.6
97.3
97.5
99.5
100.6
95.5
104.1
104.9
101.8
99.6
100.7
98.9
99.1
98.7
96.2
96.7
100.6
114.2
105.0
106.6
107.3
115.8
124.2
111.1
133.6
147.9
182.6
162.5
115.0
115.9
114.2
113.9
111.8
108.5
107.3
104.3
102.8
102.3
102.6
101.6
110.6
114.4
106.3
103.3
102.8
103.8
101.5
103.8
105.4
104.3
103.4
103.4
103.2
103.3
101.6
104.1
105.5
104.0
103.5
103.5
102.3
104.2
103.5
104.0
104.0
103.8
154.6
176.1
139.8
103.1
103.7
103.1
103.4
102.0
102.5
102.3
105.2
104.9
104.6
103.9
104.4
104.7
105.1
105.2
105.2
104.0
104.6
103.5
102.6
102.6
102.5
102.3
105.9
110.7
110.9
113.1
112.1
111.1
111.7
115.3
115.3
121.1
118.7
115.8
118.6
113.7
112.4
109.3
108.5
109.9
108.7
110.0
105.1
104.3
102.6
101.9
99.5
104.3
109.0
102.7
105.4
106.8
101.7
128.0
104.7
105.2
104.6
104.9
104.6
103.6
104.1
104.0
102.3
101.6
100.2
100.2
99.1
99.0
99.0
96.8
101.2
95.0
96.3
113.5
110.1
109.5
106.8
106.8
104.7
103.5
105.1
104.1
104.3
104.3
104.9
104.0
103.7
105.9
105.9
105.2
106.2
114.9
119.7
112.7
107.5
107.4
105.0
108.9
108.6
109.1
108.4
108.8
108.3
107.9
108.3
108.7
108.6
110.7
111.1
110.1
108.3
107.4
113.5
109.0
112.7
110.7
116.3
111.7
109.3
111.2
108.4
110.0
111.4
113.0
113.7
109.4
155.4
161.8
148.6
140.5
122.1
114.2
113.5
112.2
110.0
103.8
104.5
105.4
99.3
95.8
100.5
105.8
108.8
113.0
101.5
92.1
102.8
92.6
97.1
93.7
79.5
78.3
75.7
88.9
98.1
121.2
108.8
95.1
84.9
73.0
74.7
95.1
93.3
73.3
75.4
86.1
86.6
105.9
88.9
91.7
91.9
94.8
98.6
101.2
100.0
100.4
101.2
106.9
102.1
101.5
102.4
98.0
95.9
98.0
99.1
100.0
102.0
100.0
99.3
100.9
98.8
97.5
93.0
104.7
103.0
107.4
106.1
104.6
130.8
203.1
236.6
172.0
167.5
109.8
90.5
103.3
119.1
147.9
139.3
108.4
102.7
100.8
101.5
102.9
107.3
108.3
108.5
110.6
132.8
101.1
104.0
105.8
110.8
114.4
107.0
109.3
108.5
140.3
117.0
109.7
113.7
111.8
115.6
107.6
110.2
118.9
137.1
114.9
128.9
109.0
113.3
109.7
107.6
106.8
110.1
111.8
112.4
112.4
109.9
112.5
110.5
112.7
112.8
113.5
112.0
111.5
111.1
108.0
102.2
107.7
111.0
110.4
108.7
107.7
107.4
107.3
107.3
106.4
107.2
108.4
108.2
108.5
108.7
108.9
110.7
109.9
110.0
110.5
107.6
104.7
105.3
105.3
105.6
104.7
105.1
107.4
105.8
105.5
104.9
106.2
107.1
106.7
107.1
109.0
107.7
111.8
113.1
109.7
111.6
113.4
110.1
108.5
111.6
123.6
127.5
123.4
120.8
119.4
118.8
120.9
121.8
120.5
118.4
120.6
121.0
120.0
120.7
119.2
119.2
116.6
116.6
122.4
132.1
142.2
102.7
123.7
108.0
124.6
116.1
119.4
115.2
111.2
112.0
110.1
113.4
110.8
112.6
129.3
118.4
116.4
113.3
108.6
109.6
111.0
110.3
110.7
110.3
108.5
106.5
105.6
106.0
105.9
105.6
105.9
110.4
111.7
110.6
111.0
109.1
106.7
105.3
101.5
101.9
99.4
96.2
94.6
93.2
95.7
101.4
100.6
99.3
101.6
100.3
98.1
104.7
102.8
102.5
104.8
112.9
116.5
114.1
117.0
116.5
114.1
113.4
119.3
111.7
112.1
103.5
99.8
97.8
89.6
89.7
88.6
86.5
85.5
84.3
82.4
82.3
83.0
81.0
80.0
80.4
82.9
82.6
85.5
90.2
121.9
123.6
84.6
100.5
82.8
88.8
97.5
96.0
81.6
83.5
85.2
81.5
82.0
82.9
83.6
85.0
84.5
85.1
84.8
83.3
83.6
84.0
82.1
82.2
85.0
84.6
82.6
94.2
107.0
91.6
99.1
87.5
89.7
91.3
104.0
110.1
103.8
98.3
96.4
95.4
93.0
92.8
90.9
89.2
89.0
89.7
87.5
85.0
82.5
80.2
85.6
95.7
94.8
106.7
99.7
109.8
93.1
102.6
99.7
98.0
84.7
86.0
90.8
83.4
82.4
83.6
82.8
81.4
79.2
78.4
77.9
77.8
75.7
75.1
87.1
74.6
77.0
83.9
91.0
91.9
96.6
96.6
115.9
111.5
90.1
77.1
72.1
78.3
69.4
71.9
97.2
73.7
80.9
79.4
72.7
71.8
90.5
63.4
65.9
68.8
73.3
77.9
74.6
75.1
83.2
85.7
85.2
84.7
84.5
84.4
82.5
83.7
83.7
85.4
83.6
83.7
85.0
83.9
84.5
83.7
86.8
86.2
84.2
83.6
85.0
85.1
84.2
84.7
84.0
85.5
84.0
85.3
82.8
83.1
83.1
83.1
84.9
83.7
83.3
88.4
90.6
89.2
89.3
91.3
92.5
92.2
90.3
91.3
89.8
90.8
88.7
88.2
89.6
90.7
90.0
119.5
91.8
90.4
92.3
91.0
92.0
91.2
91.6
92.3
92.4
93.1
91.1
92.3
91.4
92.9
91.6
90.9
92.1
100.5
101.0
103.2
103.0
102.2
106.3
106.1
104.3
104.8
105.4
103.7
103.8
105.9
105.1
105.4
105.3
104.2
105.6
106.4
104.4
105.3
104.8
107.3
108.8
107.3
107.5
104.9
107.5
105.7
107.0
107.8
107.3
99.5
87.2
99.7
93.4
103.2
100.2
96.2
93.9
97.0
109.1
110.3
113.9
103.0
105.7
113.9
119.6
114.0
112.9
114.4
105.1
104.6
111.1
105.5
107.9
111.2
103.4
115.1
118.8
115.8
113.3
105.6
106.0
116.6
104.6
107.1
112.0
112.5
116.5
116.3
108.9
112.0
130.6
111.9
120.6
113.6
112.8
107.1
102.0
99.7
102.8
103.8
103.5
102.1
109.9
110.1
103.7
87.7
92.9
96.7
96.6
97.5
100.8
99.6
132.7
112.6
108.9
113.8
117.5
125.5
105.3
110.2
105.3
114.7
125.7
110.5
115.0
103.8
115.5
110.9
107.7
106.3
105.1
108.5
130.4
108.0
103.3
109.0
106.9
109.7
106.3
104.8
104.0
140.2
166.5
152.1
125.2
125.5
129.0
129.6
131.3
129.7
129.9
130.9
131.1
132.2
132.9
130.9
130.2
130.0
129.8
129.1
128.0
120.9
119.7
125.7
130.6
130.5
131.3
130.0
132.6
130.0
132.9
127.9
127.1
130.0
135.1
135.9
136.0
135.2
136.4
135.0
131.5
128.6
130.0
138.2
132.9
131.7
131.5
131.2
132.2
133.4
152.4
146.6
126.4
129.6
130.3
132.3
132.5
131.9
140.7
121.5
118.8
123.1
125.9
127.9
128.2
128.2
119.0
114.1
117.9
117.9
112.6
113.8
115.5
114.5
116.1
107.4
108.4
116.7
119.8
118.9
116.2
114.9
113.9
114.8
113.3
113.3
113.2
112.8
113.3
112.2
112.7
116.9
121.4
118.5
136.1
131.7
109.6
109.4
108.9
107.2
108.0
106.7
106.2
105.4
106.0
106.2
106.3
106.6
105.0
103.9
105.5
105.8
104.6
103.4
102.5
101.9
101.7
101.2
101.1
100.3
99.6
99.2
99.4
98.2
97.9
98.0
98.3
100.3
98.5
98.8
98.8
98.7
98.1
97.8
98.1
98.1
98.1
99.3
100.3
99.3
99.4
99.0
98.4
98.3
98.6
98.3
98.5
99.6
100.7
99.2
99.1
109.8
112.3
112.7
110.8
111.0
111.5
111.0
110.5
112.2
110.3
109.8
111.3
112.7
112.4
112.1
110.3
109.0
102.7
102.3
106.0
102.3
103.7
114.7
110.8
111.9
111.3
111.5
111.7
117.9
108.6
114.6
133.8
105.6
109.4
113.6
115.2
116.5
114.6
110.3
109.0
103.5
115.1
102.3
102.5
104.4
104.8
104.7
113.3
116.8
113.7
107.0
107.4
107.8
99.3
104.8
111.1
110.5
109.2
109.6
107.7
107.4
107.8
109.4
106.6
121.8
107.7
130.1
125.2
118.5
102.9
109.9
117.7
120.7
126.3
111.7
108.2
107.0
108.9
102.9
105.1
104.4
113.1
129.9
110.5
114.7
119.4
120.5
109.0
106.4
102.1
106.2
112.1
117.7
137.7
124.7
110.1
110.1
125.2
108.1
119.6
120.5
118.6
112.5
128.5
119.3
121.0
118.1
112.4
103.5
108.0
103.2
107.4
110.1
106.6
107.9
119.9
123.6
94.5
96.1
97.6
135.3
143.4
103.6
94.2
91.5
96.3
94.5
92.7
92.5
92.5
92.8
93.3
93.1
94.8
94.8
95.1
95.9
95.2
95.3
95.9
121.5
151.1
158.5
149.5
120.7
128.0
125.9
120.8
122.0
126.5
141.3
103.3
104.0
103.7
102.3
101.1
100.6
100.7
99.4
99.8
99.8
98.5
98.9
98.3
98.8
99.0
98.1
99.3
98.1
96.6
95.7
96.0
96.6
104.7
103.1
101.9
104.5
113.5
114.9
120.3
121.4
122.8
122.9
124.2
126.7
128.3
126.4
127.6
128.2
125.2
128.1
125.3
122.4
118.7
114.7
111.5
109.5
112.8
115.4
114.3
109.8
107.7
106.1
105.2
104.1
103.9
103.1
102.8
102.2
102.6
105.0
110.0
110.5
110.9
109.0
107.7
107.3
106.1
105.3
104.3
103.5
105.4
104.2
102.0
102.2
101.9
102.1
100.7
100.7
100.3
99.7
97.5
98.4
103.9
94.5
117.6
117.9
141.7
151.9
137.1
132.7
116.5
131.6
116.3
112.0
97.8
102.1
122.2
125.4
115.9
117.7
114.3
118.9
135.2
123.8
114.8
132.8
127.7
126.3
142.3
132.3
96.9
103.6
104.0
104.2
103.3
101.8
100.5
100.8
101.3
100.6
100.7
99.3
100.3
101.1
101.9
99.1
100.3
98.1
100.0
98.3
98.0
98.0
97.0
96.5
96.1
95.6
95.7
95.8
95.9
96.2
96.1
95.7
95.7
94.7
94.8
94.2
94.6
94.1
93.9
94.2
96.9
99.6
100.3
99.4
98.9
99.3
99.0
98.3
98.5
101.3
116.9
117.8
122.1
117.5
118.1
114.6
105.9
119.2
119.5
111.1
99.8
107.5
114.9
117.7
131.9
132.9
107.6
110.7
121.1
87.0
92.9
92.3
91.1
90.3
89.6
88.8
89.3
87.7
87.7
87.6
80.6
79.5
89.5
96.7
103.2
104.2
101.4
119.3
115.0
88.0
97.0
93.4
96.6
97.1
95.3
93.0
95.7
96.0
91.0
92.2
94.7
96.9
98.0
96.3
124.5
124.3
119.8
117.8
127.0
116.3
100.1
104.4
100.6
109.5
107.9
94.8
97.9
131.5
128.7
147.7
93.3
95.1
98.8
96.0
104.4
99.2
102.1
107.6
100.7
100.6
144.6
147.0
146.4
136.4
115.1
112.7
101.7
102.5
99.7
98.5
96.9
91.6
92.4
104.0
94.4
92.3
93.3
92.5
101.0
105.0
102.4
132.4
106.2
113.6
104.9
102.7
108.6
132.7
123.1
112.6
112.6
116.0
124.6
105.8
105.0
124.3
98.2
94.9
97.2
92.9
103.8
92.7
89.8
97.5
91.5
90.5
93.8
92.5
91.5
90.1
90.2
90.1
90.0
89.7
89.9
90.3
90.2
91.2
117.9
105.3
90.1
91.3
91.2
91.4
91.8
92.7
93.9
91.9
92.1
97.2
98.5
103.3
105.7
107.0
110.7
109.8
110.1
114.9
110.6
110.9
114.4
113.3
115.8
113.1
107.9
106.1
104.0
102.9
101.4
102.1
100.9
99.3
99.0
98.3
97.6
96.8
96.3
96.2
95.0
94.9
94.5
93.8
93.8
94.6
94.6
93.5
93.5
92.3
92.3
92.2
91.7
91.2
90.5
90.6
90.6
90.9
90.7
90.4
90.3
90.5
90.2
90.9
91.2
91.3
90.6
89.4
87.9
86.5
87.5
96.6
95.8
96.3
94.6
93.7
92.4
91.9
96.3
96.0
96.1
94.8
97.1
101.7
108.0
108.6
109.6
110.1
111.4
110.9
114.2
112.9
115.3
113.3
113.3
113.4
111.3
112.9
109.6
110.2
107.6
106.1
104.8
102.7
102.6
101.4
100.4
100.6
100.0
100.2
100.7
99.8
102.4
100.7
99.5
100.2
100.4
99.7
99.5
98.6
99.7
102.8
105.4
105.2
103.4
102.0
102.0
104.1
104.7
103.2
104.3
105.3
105.8
104.2
104.7
104.8
105.1
105.1
105.2
102.2
112.6
108.4
101.6
107.7
103.8
119.2
105.0
107.3
107.1
108.3
117.2
120.1
110.9
118.4
110.0
109.2
115.2
123.1
114.4
114.6
122.0
116.3
111.8
110.7
109.3
112.3
108.9
119.8
137.6
108.6
102.3
102.3
107.5
109.6
112.0
132.2
157.5
157.3
147.0
116.4
112.8
114.7
115.7
118.1
130.0
131.0
140.2
132.9
113.3
113.2
110.9
112.1
107.9
112.5
115.8
122.0
110.3
131.6
144.4
109.3
122.6
130.4
147.8
142.6
114.5
102.3
98.7
100.3
97.0
100.9
98.3
98.6
100.0
99.6
100.1
99.1
99.9
100.3
100.4
100.9
102.1
102.0
102.4
103.0
102.4
102.7
105.5
108.3
109.4
110.9
116.1
112.8
112.1
116.0
115.5
126.8
116.4
137.0
162.3
163.3
163.1
151.8
139.4
123.4
121.2
120.9
114.5
120.7
126.1
128.9
130.8
128.6
127.8
124.7
119.9
125.2
121.1
138.4
147.1
152.7
155.4
155.5
155.0
155.0
138.1
120.1
127.8
116.7
123.2
126.2
122.6
128.2
131.6
126.5
138.0
143.0
152.9
127.8
124.9
122.7
135.0
160.6
139.3
137.1
124.6
125.3
127.2
128.4
128.2
124.8
125.9
127.3
141.9
124.8
122.9
121.4
127.0
130.9
119.5
113.4
123.3
127.1
131.4
131.0
127.9
133.4
136.0
131.9
127.2
128.3
121.1
124.9
126.1
127.1
130.2
130.1
130.0
133.2
128.3
127.5
127.0
125.2
123.1
127.9
125.2
116.1
125.0
112.6
115.7
118.0
116.9
115.1
117.4
132.0
129.0
131.9
120.3
119.5
123.4
124.3
120.0
118.6
122.0
112.7
110.9
126.3
133.8
132.7
118.8
134.1
141.5
147.6
124.7
118.3
119.4
118.7
117.1
129.7
121.3
125.3
127.0
128.2
123.3
127.9
129.0
130.2
127.1
129.7
124.3
127.7
128.9
124.6
126.1
126.4
123.1
128.6
131.5
132.8
138.3
127.6
132.9
134.7
135.1
133.8
134.9
132.7
135.9
136.4
135.2
133.9
133.3
133.0
130.9
131.2
129.8
130.1
129.9
122.6
114.5
116.2
111.1
113.8
115.1
110.1
114.1
117.4
116.4
116.6
118.3
116.7
117.7
119.1
120.9
122.8
124.3
124.5
123.9
124.2
124.1
123.5
123.4
121.8
123.1
123.1
122.1
122.2
124.5
126.7
123.9
124.8
124.1
124.3
122.7
120.3
125.7
122.1
120.1
120.4
121.4
120.1
119.2
121.7
120.7
120.8
120.8
120.3
118.7
119.5
121.6
121.7
121.8
121.1
121.2
122.0
121.6
123.3
125.3
126.8
127.5
129.7
128.1
129.0
120.7
126.4
125.3
124.3
116.6
116.6
122.1
124.9
127.7
129.7
129.4
128.2
121.7
122.9
121.3
131.3
130.6
130.4
128.9
123.0
126.3
125.0
125.1
123.2
125.8
130.1
135.3
124.2
123.3
123.7
123.3
122.4
121.1
120.9
121.5
120.3
121.3
133.3
128.8
126.9
124.9
123.3
124.2
123.7
125.1
122.4
123.7
121.3
118.1
116.8
116.5
114.2
115.5
115.0
110.0
108.6
108.4
107.5
109.7
110.9
105.8
108.6
109.9
107.9
109.9
109.9
110.0
104.9
102.9
98.6
99.8
96.9
94.4
92.6
94.4
93.6
93.3
95.0
98.3
113.4
112.1
103.8
101.6
94.4
92.6
91.0
89.4
91.9
92.5
91.8
90.0
92.9
103.2
99.9
101.7
103.8
108.7
106.2
104.7
106.5
108.3
105.1
103.2
107.5
107.4
106.4
103.4
105.4
109.7
106.3
107.6
104.2
108.5
104.5
104.4
106.1
100.5
102.8
101.6
100.6
100.1
99.6
98.7
97.3
99.7
98.8
101.2
101.0
100.2
96.4
101.1
101.4
103.6
103.7
98.9
100.6
96.1
98.0
96.5
91.2
90.3
93.5
93.1
92.1
94.3
98.4
97.7
98.6
96.8
95.3
94.6
95.3
95.2
86.2
86.1
88.2
88.4
88.9
89.0
89.7
91.0
89.4
93.9
96.0
96.4
95.8
95.2
100.3
107.1
107.6
111.5
87.6
85.4
86.3
87.1
158.1
158.3
160.6
163.2
164.0
164.0
164.0
164.0
164.0
164.0
164.0
164.0
164.0
164.8
165.60000000000002
