120.9
119.0
118.9
115.5
118.4
119.9
112.2
116.7
117.5
117.0
109.3
112.6
113.1
114.6
120.0
123.0
125.3
131.4
130.0
122.9
144.5
131.4
131.5
129.3
130.6
128.3
126.3
125.9
125.0
124.4
122.2
121.3
122.0
120.9
119.2
118.6
118.3
118.2
116.9
116.1
115.5
116.7
116.0
114.9
113.6
114.3
114.1
113.1
112.1
111.4
111.2
112.2
112.7
112.2
111.7
110.9
111.7
112.6
112.7
110.5
111.3
111.3
110.2
109.6
109.8
109.3
111.5
110.2
111.0
110.9
110.4
108.7
108.3
107.6
108.0
105.6
107.8
105.6
106.2
107.9
106.4
105.6
103.7
103.6
104.9
104.7
106.1
106.6
104.4
105.9
109.3
109.6
111.1
143.2
124.2
110.7
111.0
110.5
110.7
109.8
111.1
111.2
110.3
111.8
111.5
109.7
108.1
107.6
106.2
107.5
107.4
105.4
104.4
104.5
104.5
105.1
103.5
102.4
102.3
102.4
101.5
101.3
95.4
94.5
96.6
101.7
104.9
104.7
106.2
106.0
105.9
106.2
105.3
103.7
102.7
103.7
103.5
103.2
103.0
103.0
102.4
102.0
101.7
103.5
102.0
99.8
98.8
99.8
99.2
98.3
97.8
99.0
97.6
97.0
94.8
95.6
95.5
94.9
93.8
94.5
94.9
96.7
94.7
93.0
92.1
93.2
213.5
118.1
153.4
89.2
89.9
88.7
91.2
90.3
91.3
91.6
91.4
91.7
90.2
90.8
91.6
90.5
90.1
89.2
90.0
89.2
88.8
89.2
89.1
87.7
88.7
88.4
87.8
90.3
90.6
89.4
88.8
88.3
90.1
93.4
93.9
94.5
93.7
92.8
91.3
89.5
89.9
90.5
89.6
88.9
88.1
89.9
88.8
89.2
89.8
90.8
92.7
92.4
92.6
90.8
89.4
88.1
87.8
88.3
88.6
89.7
89.1
88.4
89.3
89.0
89.4
90.1
89.7
89.7
89.1
89.0
89.2
90.8
89.6
89.9
88.1
91.9
93.6
94.1
96.9
97.5
98.9
100.0
96.9
97.9
98.2
101.1
100.0
100.3
101.8
101.8
106.6
108.7
117.4
122.9
121.8
121.3
122.0
121.9
120.4
117.2
116.0
116.4
116.1
116.4
116.5
116.7
115.3
121.8
123.6
114.3
104.8
100.1
98.7
98.2
98.9
99.9
101.4
102.9
104.7
117.2
118.5
116.5
110.5
106.7
106.4
105.7
105.6
106.1
106.4
107.0
106.3
105.2
106.2
106.8
106.1
104.9
104.6
104.6
103.9
105.8
104.9
105.9
103.9
103.0
104.7
102.4
102.3
102.4
103.6
102.5
102.4
102.7
103.6
102.6
102.1
158.8
138.1
100.6
102.6
103.0
101.1
101.3
101.7
102.0
101.5
100.7
102.1
102.6
102.3
101.0
100.0
101.5
101.5
100.1
101.8
102.0
101.7
102.4
102.8
102.9
102.0
101.5
100.9
101.6
102.0
101.9
100.3
101.4
101.4
100.9
99.4
99.3
99.7
99.9
99.4
99.2
99.4
100.2
99.5
99.0
97.6
99.5
98.7
99.7
98.0
99.4
99.8
98.7
99.1
99.8
100.4
101.2
99.6
98.1
97.2
98.4
97.8
97.4
96.6
95.3
94.7
94.8
95.3
96.7
95.6
96.8
97.0
95.2
94.6
94.6
95.5
93.8
91.8
91.6
92.5
93.2
91.8
92.0
92.2
88.6
90.7
86.6
83.9
85.6
89.0
95.6
93.7
92.7
91.0
89.6
89.2
88.4
87.4
85.3
86.5
87.4
87.5
88.2
88.4
89.5
88.8
88.0
89.3
89.4
89.6
90.0
89.5
90.3
89.5
88.6
91.3
90.3
90.6
88.5
88.9
90.4
88.1
88.1
88.6
89.8
89.4
88.5
88.0
88.1
88.2
87.6
87.8
88.7
88.2
88.1
87.7
88.2
87.2
86.9
85.7
86.3
85.9
86.3
85.6
84.4
85.0
85.5
85.0
87.0
88.5
87.3
86.8
85.8
84.7
83.0
83.5
84.5
85.1
84.7
83.9
84.1
83.5
85.2
82.8
83.2
85.2
84.5
84.5
84.3
82.8
83.0
83.4
83.9
83.4
83.1
81.8
81.1
83.3
82.1
82.3
82.1
81.1
81.3
80.3
81.8
82.1
82.6
78.3
76.2
80.2
82.7
80.7
81.7
81.2
83.1
81.2
80.5
80.3
80.5
78.4
78.7
79.5
79.5
79.6
82.2
81.3
82.5
82.1
81.0
81.6
80.5
81.3
80.9
80.5
81.3
79.4
80.2
79.4
79.6
80.1
79.8
80.4
82.4
80.0
79.9
78.2
76.4
77.7
78.9
80.2
68.7
64.6
66.3
70.8
75.6
75.8
75.1
78.7
93.6
96.6
86.9
73.0
66.2
65.4
65.4
69.0
77.3
80.2
79.6
78.9
81.4
82.5
83.6
82.49608372721134
82.49412559081702
82.49216745442268
82.49020931802836
82.48825118163403
82.4862930452397
82.48433490884537
82.48237677245105
82.48041863605671
82.47846049966239
82.47650236326807
82.47454422687373
82.47258609047941
82.47062795408507
82.46866981769075
82.46671168129642
82.4647535449021
82.46279540850776
82.46083727211344
82.45887913571912
82.45692099932478
82.45496286293046
82.45300472653612
82.4510465901418
82.44908845374746
82.44713031735314
82.4451721809588
82.44321404456448
82.44125590817015
82.43929777177583
82.4373396353815
82.43538149898717
82.43342336259285
82.43146522619851
82.42950708980419
82.42754895340985
82.42559081701553
82.4236326806212
82.42167454422687
82.41971640783254
82.41775827143822
82.4158001350439
82.41384199864956
82.41188386225524
82.4099257258609
82.40796758946658
82.40600945307224
82.40405131667792
82.40209318028359
82.40013504388926
82.39817690749494
82.3962187711006
82.39426063470628
82.39230249831195
82.39034436191763
82.38838622552329
82.38642808912897
82.38446995273463
82.38251181634031
82.38055367994598
82.37859554355165
82.37663740715733
82.374679270763
82.37272113436867
82.37076299797434
82.36880486158002
82.36684672518568
82.36488858879136
82.36293045239702
82.3609723160027
82.35901417960837
82.35705604321404
82.35509790681972
82.35313977042539
82.35118163403106
82.34922349763673
82.3472653612424
82.34530722484807
82.34334908845375
82.34139095205941
82.33943281566509
82.33747467927077
82.33551654287643
82.33355840648211
82.33160027008778
82.32964213369345
82.32768399729912
82.3257258609048
82.32376772451046
82.32180958811614
82.3198514517218
82.31789331532748
82.31593517893316
82.31397704253882
82.3120189061445
82.31006076975017
82.30810263335584
82.30614449696151
82.30418636056719
82.30222822417285
82.30027008777853
82.29831195138419
82.29635381498987
82.29439567859555
82.29243754220121
82.29047940580689
82.28852126941256
82.28656313301823
82.2846049966239
82.28264686022958
82.28068872383524
82.27873058744092
82.2767724510466
82.27481431465226
82.27285617825794
82.2708980418636
82.26893990546928
82.26698176907495
82.26502363268062
82.26306549628629
82.26110735989197
82.25914922349763
82.25719108710331
82.25523295070899
82.25327481431465
82.25131667792033
82.249358541526
82.24740040513167
82.24544226873734
82.24348413234301
82.24152599594868
82.23956785955436
82.23760972316002
82.2356515867657
82.23369345037138
82.23173531397704
82.22977717758272
82.22781904118838
82.22586090479406
82.22390276839973
82.2219446320054
82.21998649561107
82.21802835921675
82.21607022282242
82.21411208642809
82.21215395003377
82.21019581363943
82.20823767724511
82.20627954085077
82.20432140445645
82.20236326806211
82.2004051316678
82.19844699527346
82.19648885887914
82.19453072248481
82.19257258609048
82.19061444969616
82.18865631330182
82.1866981769075
82.18474004051316
82.18278190411884
82.1808237677245
82.17886563133018
82.17690749493585
82.17494935854153
82.1729912221472
82.17103308575287
82.16907494935855
82.16711681296421
82.16515867656989
82.16320054017555
82.16124240378123
82.1592842673869
82.15732613099257
82.15536799459824
82.15340985820391
82.1514517218096
82.14949358541526
82.14753544902094
82.1455773126266
82.14361917623228
82.14166103983794
82.13970290344362
82.13774476704928
82.13578663065496
82.13382849426064
82.1318703578663
82.12991222147198
82.12795408507765
82.12599594868333
82.12403781228899
82.12207967589467
82.12012153950033
82.11816340310601
82.11620526671167
82.11424713031735
82.11228899392303
82.1103308575287
82.10837272113437
82.10641458474004
82.10445644834572
82.10249831195138
82.10054017555706
82.09858203916272
82.0966239027684
82.09466576637406
82.09270762997974
82.09074949358542
82.08879135719108
82.08683322079676
82.08487508440243
82.0829169480081
82.08095881161377
82.07900067521945
82.07704253882511
82.07508440243079
82.07312626603647
82.07116812964213
82.06920999324781
82.06725185685347
82.06529372045915
82.06333558406482
82.0613774476705
82.05941931127616
82.05746117488184
82.0555030384875
82.05354490209318
82.05158676569886
82.04962862930452
82.0476704929102
82.04571235651586
82.04375422012154
82.0417960837272
82.03983794733288
82.03787981093855
82.03592167454423
82.03396353814989
82.03200540175557
82.03004726536125
82.02808912896691
82.02613099257259
82.02417285617825
82.02221471978393
82.0202565833896
82.01829844699527
82.01634031060094
82.01438217420662
82.0124240378123
82.01046590141796
82.00850776502364
82.0065496286293
82.00459149223498
82.00263335584064
82.00067521944632
81.99871708305199
81.99675894665766
81.99480081026333
81.992842673869
81.99088453747468
81.98892640108035
81.98696826468603
81.98501012829169
81.98305199189737
81.98109385550303
81.97913571910871
81.97717758271438
81.97521944632005
81.97326130992572
81.9713031735314
81.96934503713707
81.96738690074274
81.96542876434842
81.96347062795408
81.96151249155976
81.95955435516542
81.9575962187711
81.95563808237677
81.95367994598244
81.95172180958812
81.94976367319379
81.94780553679946
81.94584740040513
81.9438892640108
81.94193112761647
81.93997299122215
81.93801485482781
81.93605671843349
81.93409858203916
81.93214044564483
81.93018230925051
81.92822417285618
81.92626603646185
81.92430790006752
81.9223497636732
81.92039162727886
81.91843349088454
81.9164753544902
81.91451721809588
81.91255908170154
81.91060094530722
81.9086428089129
81.90668467251857
81.90472653612424
81.90276839972991
81.90081026333559
81.89885212694125
81.89689399054693
81.89493585415259
81.89297771775827
81.89101958136395
81.88906144496961
81.88710330857529
81.88514517218096
81.88318703578663
81.8812288993923
81.87927076299798
81.87731262660364
81.87535449020932
81.87339635381498
81.87143821742066
81.86948008102634
81.867521944632
81.86556380823768
81.86360567184335
81.86164753544902
81.85968939905469
81.85773126266037
81.85577312626603
81.85381498987171
81.85185685347737
81.84989871708305
81.84794058068873
81.84598244429439
81.84402430790007
81.84206617150573
81.84010803511141
81.83814989871708
81.83619176232276
81.83423362592842
81.8322754895341
81.83031735313978
81.82835921674544
81.82640108035112
81.82444294395678
81.82248480756246
81.82052667116812
81.8185685347738
81.81661039837947
81.81465226198515
81.81269412559081
81.81073598919649
81.80877785280217
81.80681971640783
81.80486158001351
81.80290344361917
81.80094530722485
81.79898717083051
81.79702903443619
81.79507089804186
81.79311276164754
81.7911546252532
81.78919648885888
81.78723835246456
81.78528021607022
81.7833220796759
81.78136394328156
81.77940580688724
81.7774476704929
81.77548953409858
81.77353139770425
81.77157326130992
81.7696151249156
81.76765698852127
81.76569885212695
81.76374071573261
81.76178257933829
81.75982444294395
81.75786630654963
81.7559081701553
81.75395003376097
81.75199189736664
81.75003376097231
81.748075624578
81.74611748818366
81.74415935178934
81.742201215395
81.74024307900068
81.73828494260634
81.73632680621202
81.73436866981768
81.73241053342336
81.73045239702903
81.7284942606347
81.72653612424038
81.72457798784605
81.72261985145173
81.72066171505739
81.71870357866307
81.71674544226873
81.71478730587441
81.71282916948007
81.71087103308575
81.70891289669143
81.7069547602971
81.70499662390277
81.70303848750844
81.70108035111411
81.69912221471978
81.69716407832546
81.69520594193112
81.6932478055368
81.69128966914246
81.68933153274814
81.68737339635382
81.68541525995948
81.68345712356516
81.68149898717083
81.6795408507765
81.67758271438217
81.67562457798785
81.67366644159351
81.67170830519919
81.66975016880485
81.66779203241053
81.66583389601621
81.66387575962187
81.66191762322755
81.65995948683322
81.6580013504389
81.65604321404456
81.65408507765024
81.6521269412559
81.65016880486158
81.64821066846724
81.64625253207292
81.6442943956786
81.64233625928426
81.64037812288994
81.6384199864956
81.63646185010128
81.63450371370695
81.63254557731263
81.63058744091829
81.62862930452397
81.62667116812965
81.62471303173531
81.62275489534099
81.62079675894665
81.61883862255233
81.616880486158
81.61492234976367
81.61296421336934
81.61100607697502
81.60904794058068
81.60708980418636
81.60513166779204
81.6031735313977
81.60121539500338
81.59925725860904
81.59729912221472
81.59534098582039
81.59338284942606
81.59142471303173
81.5894665766374
81.58750844024308
81.58555030384875
81.58359216745443
81.58163403106009
81.57967589466577
81.57771775827143
81.57575962187711
81.57380148548278
81.57184334908845
81.56988521269412
81.5679270762998
81.56596893990547
81.56401080351114
81.56205266711682
81.56009453072248
81.55813639432816
81.55617825793382
81.5542201215395
81.55226198514517
81.55030384875084
81.54834571235651
81.54638757596219
81.54442943956786
81.54247130317353
81.5405131667792
81.53855503038487
81.53659689399055
81.53463875759621
81.53268062120189
81.53072248480755
81.52876434841323
81.5268062120189
81.52484807562458
81.52288993923025
81.52093180283592
81.5189736664416
81.51701553004726
81.51505739365294
81.5130992572586
81.51114112086428
81.50918298446994
81.50722484807562
81.5052667116813
81.50330857528697
81.50135043889264
81.49939230249831
81.49743416610399
81.49547602970965
81.49351789331533
81.49155975692099
81.48960162052667
81.48764348413233
81.48568534773801
81.48372721134369
81.48176907494936
81.47981093855503
81.4778528021607
81.47589466576638
81.47393652937204
81.47197839297772
81.47002025658338
81.46806212018906
81.46610398379472
81.4641458474004
81.46218771100608
81.46022957461174
81.45827143821742
81.45631330182309
81.45435516542877
81.45239702903443
81.45043889264011
81.44848075624577
81.44652261985145
81.44456448345713
81.44260634706279
81.44064821066847
81.43869007427413
81.43673193787981
81.43477380148548
81.43281566509116
81.43085752869682
81.4288993923025
81.42694125590816
81.42498311951384
81.42302498311952
81.42106684672518
81.41910871033086
81.41715057393652
81.4151924375422
81.41323430114787
81.41127616475355
81.40931802835921
81.40735989196489
81.40540175557055
81.40344361917623
81.40148548278191
81.39952734638757
81.39756920999325
81.39561107359891
81.39365293720459
81.39169480081026
81.38973666441593
81.3877785280216
81.38582039162728
81.38386225523296
81.38190411883862
81.3799459824443
81.37798784604996
81.37602970965564
81.3740715732613
81.37211343686698
81.37015530047265
81.36819716407832
81.36623902768399
81.36428089128967
81.36232275489535
81.36036461850101
81.35840648210669
81.35644834571235
81.35449020931803
81.3525320729237
81.35057393652937
81.34861580013504
81.34665766374071
81.34469952734638
81.34274139095206
81.34078325455773
81.3388251181634
81.33686698176908
81.33490884537474
81.33295070898042
81.33099257258608
81.32903443619176
81.32707629979743
81.3251181634031
81.32316002700878
81.32120189061445
81.31924375422012
81.31728561782579
81.31532748143147
81.31336934503713
81.31141120864281
81.30945307224847
81.30749493585415
81.30553679945982
81.3035786630655
81.30162052667117
81.29966239027684
81.29770425388251
81.29574611748818
81.29378798109386
81.29182984469952
81.2898717083052
81.28791357191086
81.28595543551654
81.2839972991222
81.28203916272788
81.28008102633356
81.27812288993923
81.2761647535449
81.27420661715057
81.27224848075625
81.27029034436191
81.26833220796759
81.26637407157325
81.26441593517893
81.26245779878461
81.26049966239027
81.25854152599595
81.25658338960162
81.2546252532073
81.25266711681296
81.25070898041864
81.2487508440243
81.24679270762998
81.24483457123564
81.24287643484132
81.240918298447
81.23896016205266
81.23700202565834
81.235043889264
81.23308575286968
81.23112761647535
81.22916948008103
81.22721134368669
81.22525320729237
81.22329507089803
81.22133693450371
81.21937879810939
81.21742066171505
81.21546252532073
81.2135043889264
81.21154625253207
81.20958811613774
81.20762997974342
81.20567184334908
81.20371370695476
81.20175557056044
81.1997974341661
81.19783929777178
81.19588116137744
81.19392302498312
81.19196488858879
81.19000675219446
81.18804861580013
81.1860904794058
81.18413234301147
81.18217420661715
81.18021607022283
81.17825793382849
81.17629979743417
81.17434166103983
81.17238352464551
81.17042538825118
81.16846725185685
81.16650911546252
81.1645509790682
81.16259284267386
81.16063470627954
81.15867656988522
81.15671843349088
81.15476029709656
81.15280216070222
81.1508440243079
81.14888588791356
81.14692775151924
81.14496961512491
81.14301147873059
81.14105334233625
81.13909520594193
81.1371370695476
81.13517893315327
81.13322079675895
81.13126266036461
81.12930452397029
81.12734638757595
81.12538825118163
81.1234301147873
81.12147197839298
81.11951384199865
81.11755570560432
81.11559756921
81.11363943281566
81.11168129642134
81.109723160027
81.10776502363268
81.10580688723834
81.10384875084402
81.10189061444969
81.09993247805536
81.09797434166104
81.09601620526671
81.09405806887239
81.09209993247805
81.09014179608373
81.08818365968939
81.08622552329507
81.08426738690073
81.08230925050641
81.08035111411209
81.07839297771775
81.07643484132343
81.0744767049291
81.07251856853478
81.07056043214044
81.06860229574612
81.06664415935178
81.06468602295746
81.06272788656312
81.0607697501688
81.05881161377448
81.05685347738014
81.05489534098582
81.05293720459149
81.05097906819717
81.04902093180283
81.04706279540851
81.04510465901417
81.04314652261985
81.04118838622551
81.03923024983119
81.03727211343687
81.03531397704253
81.03335584064821
81.03139770425388
81.02943956785955
81.02748143146522
81.0255232950709
81.02356515867656
81.02160702228224
81.0196488858879
81.01769074949358
81.01573261309926
81.01377447670492
81.0118163403106
81.00985820391627
81.00790006752194
81.00594193112761
81.00398379473329
81.00202565833895
81.00006752194463
80.99810938555031
80.99615124915597
80.99419311276165
80.99223497636731
80.99027683997299
80.98831870357866
80.98636056718433
80.98440243079
80.98244429439568
80.98048615800134
80.97852802160702
80.9765698852127
80.97461174881836
80.97265361242404
80.9706954760297
80.96873733963538
80.96677920324105
80.96482106684672
80.96286293045239
80.96090479405807
80.95894665766374
80.95698852126941
80.95503038487509
80.95307224848075
80.95111411208643
80.9491559756921
80.94719783929777
80.94523970290344
80.94328156650911
80.94132343011478
80.93936529372046
80.93740715732613
80.9354490209318
80.93349088453748
80.93153274814314
80.92957461174882
80.92761647535448
80.92565833896016
80.92370020256583
80.9217420661715
80.91978392977717
80.91782579338285
80.91586765698852
80.91390952059419
80.91195138419987
80.90999324780553
80.90803511141121
80.90607697501687
80.90411883862255
80.90216070222822
80.9002025658339
80.89824442943956
80.89628629304524
80.89432815665091
80.89237002025658
80.89041188386226
80.88845374746792
80.8864956110736
80.88453747467926
80.88257933828494
80.8806212018906
80.87866306549628
80.87670492910196
80.87474679270763
80.8727886563133
80.87083051991897
80.86887238352465
80.86691424713031
80.86495611073599
80.86299797434165
80.86103983794733
80.859081701553
80.85712356515867
80.85516542876435
80.85320729237002
80.8512491559757
80.84929101958136
80.84733288318704
80.8453747467927
80.84341661039838
80.84145847400404
80.83950033760972
80.83754220121538
80.83558406482106
80.83362592842674
80.8316677920324
80.82970965563808
80.82775151924375
80.82579338284943
80.82383524645509
80.82187711006077
80.81991897366643
80.81796083727211
80.81600270087779
80.81404456448345
80.81208642808913
80.8101282916948
80.80817015530047
80.80621201890614
80.80425388251182
80.80229574611748
80.80033760972316
80.79837947332882
80.7964213369345
80.79446320054018
80.79250506414584
80.79054692775152
80.78858879135718
80.78663065496286
80.78467251856853
80.7827143821742
80.78075624577987
80.77879810938555
80.77683997299121
80.77488183659689
80.77292370020257
80.77096556380823
80.76900742741391
80.76704929101957
80.76509115462525
80.76313301823092
80.7611748818366
80.75921674544226
80.75725860904794
80.75530047265362
80.75334233625928
80.75138419986496
80.74942606347062
80.7474679270763
80.74550979068196
80.74355165428764
80.7415935178933
80.73963538149899
80.73767724510465
80.73571910871033
80.733760972316
80.73180283592167
80.72984469952735
80.72788656313301
80.72592842673869
80.72397029034435
80.72201215395003
80.7200540175557
80.71809588116137
80.71613774476704
80.71417960837272
80.7122214719784
80.71026333558406
80.70830519918974
80.7063470627954
80.70438892640108
80.70243079000674
80.70047265361242
80.69851451721809
80.69655638082376
80.69459824442944
80.6926401080351
80.69068197164079
80.68872383524645
80.68676569885213
80.68480756245779
80.68284942606347
80.68089128966913
80.67893315327481
80.67697501688048
80.67501688048615
80.67305874409183
80.6711006076975
80.66914247130318
80.66718433490884
80.66522619851452
80.66326806212018
80.66130992572586
80.65935178933152
80.6573936529372
80.65543551654287
80.65347738014854
80.65151924375422
80.64956110735989
80.64760297096556
80.64564483457123
80.64368669817691
80.64172856178257
80.63977042538825
80.63781228899391
80.63585415259959
80.63389601620527
80.63193787981093
80.62997974341661
80.62802160702228
80.62606347062795
80.62410533423362
80.6221471978393
80.62018906144496
80.61823092505064
80.6162727886563
80.61431465226198
80.61235651586766
80.61039837947332
80.608440243079
80.60648210668467
80.60452397029034
80.60256583389601
80.60060769750169
80.59864956110735
80.59669142471303
80.5947332883187
80.59277515192437
80.59081701553005
80.58885887913571
80.58690074274139
80.58494260634706
80.58298446995273
80.5810263335584
80.57906819716408
80.57711006076974
80.57515192437542
80.5731937879811
80.57123565158676
80.56927751519244
80.5673193787981
80.56536124240378
80.56340310600945
80.56144496961512
80.55948683322079
80.55752869682647
80.55557056043213
80.55361242403781
80.55165428764349
80.54969615124915
80.54773801485483
80.5457798784605
80.54382174206617
80.54186360567184
80.53990546927751
80.53794733288318
80.53598919648886
80.53403106009452
80.5320729237002
80.53011478730588
80.52815665091154
80.52619851451722
80.52424037812288
80.52228224172856
80.52032410533423
80.5183659689399
80.51640783254557
80.51444969615125
80.51249155975691
80.51053342336259
80.50857528696827
80.50661715057393
80.50465901417961
80.50270087778527
80.50074274139095
80.49878460499662
80.4968264686023
80.49486833220796
80.49291019581364
80.49095205941931
80.48899392302498
80.48703578663066
80.48507765023632
80.483119513842
80.48116137744766
80.47920324105334
80.477245104659
80.47528696826468
80.47332883187035
80.47137069547603
80.4694125590817
80.46745442268737
80.46549628629305
80.46353814989871
80.46158001350439
80.45962187711005
80.45766374071573
80.4557056043214
80.45374746792707
80.45178933153275
80.44983119513842
80.4478730587441
80.44591492234976
80.44395678595544
80.4419986495611
80.44004051316678
80.43808237677244
80.43612424037812
80.43416610398378
80.43220796758946
80.43024983119514
80.4282916948008
80.42633355840648
80.42437542201215
80.42241728561783
80.42045914922349
80.41850101282917
80.41654287643483
80.41458474004051
80.41262660364617
80.41066846725185
80.40871033085753
80.4067521944632
80.40479405806887
80.40283592167454
80.40087778528022
80.39891964888588
80.39696151249156
80.39500337609722
80.3930452397029
80.39108710330856
80.38912896691424
80.38717083051992
80.38521269412558
80.38325455773126
80.38129642133693
80.3793382849426
80.37738014854827
80.37542201215395
80.37346387575961
80.37150573936529
80.36954760297097
80.36758946657663
80.36563133018231
80.36367319378797
80.36171505739365
80.35975692099932
80.357798784605
80.35584064821066
80.35388251181634
80.351924375422
80.34996623902768
80.34800810263336
80.34604996623902
80.3440918298447
80.34213369345036
80.34017555705604
80.3382174206617
80.33625928426738
80.33430114787305
80.33234301147873
80.3303848750844
80.32842673869007
80.32646860229575
80.32451046590141
80.32255232950709
80.32059419311275
80.31863605671843
80.3166779203241
80.31471978392977
80.31276164753544
80.31080351114112
80.3088453747468
80.30688723835246
80.30492910195814
80.3029709655638
80.30101282916948
80.29905469277514
80.29709655638082
80.29513841998649
80.29318028359216
80.29122214719783
80.2892640108035
80.28730587440918
80.28534773801485
80.28338960162053
80.28143146522619
80.27947332883187
80.27751519243753
80.27555705604321
80.27359891964888
80.27164078325455
80.26968264686022
80.2677245104659
80.26576637407157
80.26380823767724
80.26185010128292
80.25989196488858
80.25793382849426
80.25597569209992
80.2540175557056
80.25205941931127
80.25010128291694
80.24814314652262
80.24618501012829
80.24422687373396
80.24226873733963
80.2403106009453
80.23835246455097
80.23639432815665
80.23443619176231
80.23247805536799
80.23051991897366
80.22856178257933
80.22660364618501
80.22464550979068
80.22268737339635
80.22072923700202
80.2187711006077
80.21681296421336
80.21485482781904
80.2128966914247
80.21093855503038
80.20898041863606
80.20702228224172
80.2050641458474
80.20310600945307
80.20114787305874
80.19918973666441
80.19723160027009
80.19527346387575
80.19331532748143
80.19135719108709
80.18939905469277
80.18744091829845
80.18548278190411
80.18352464550979
80.18156650911546
80.17960837272113
80.1776502363268
80.17569209993248
80.17373396353814
80.17177582714382
80.16981769074948
80.16785955435516
80.16590141796084
80.1639432815665
80.16198514517218
80.16002700877785
80.15806887238352
80.15611073598919
80.15415259959487
80.15219446320053
80.15023632680621
80.14827819041187
80.14632005401755
80.14436191762323
80.1424037812289
80.14044564483457
80.13848750844024
80.13652937204591
80.13457123565158
80.13261309925726
80.13065496286292
80.1286968264686
80.12673869007426
80.12478055367994
80.12282241728562
80.12086428089128
80.11890614449696
80.11694800810263
80.1149898717083
80.11303173531397
80.11107359891965
80.10911546252531
80.10715732613099
80.10519918973667
80.10324105334233
80.10128291694801
80.09932478055367
80.09736664415935
80.09540850776501
80.0934503713707
80.09149223497636
80.08953409858204
80.0875759621877
80.08561782579338
80.08365968939906
80.08170155300472
80.0797434166104
80.07778528021606
80.07582714382174
80.0738690074274
80.07191087103308
80.06995273463875
80.06799459824443
80.0660364618501
80.06407832545577
80.06212018906145
80.06016205266711
80.05820391627279
80.05624577987845
80.05428764348413
80.0523295070898
80.05037137069547
80.04841323430114
80.04645509790682
80.0444969615125
80.04253882511816
80.04058068872384
80.0386225523295
80.03666441593518
80.03470627954084
80.03274814314652
80.03079000675218
80.02883187035786
80.02687373396353
80.0249155975692
80.02295746117488
80.02099932478055
80.01904118838623
80.01708305199189
80.01512491559757
80.01316677920323
80.01120864280891
80.00925050641457
80.00729237002025
80.00533423362592
80.0033760972316
80.00141796083727
79.99945982444294
79.99750168804862
79.99554355165428
79.99358541525996
79.99162727886562
79.9896691424713
79.98771100607696
79.98575286968264
79.98379473328832
79.98183659689398
79.97987846049966
79.97792032410533
79.975962187711
79.97400405131667
79.97204591492235
79.97008777852801
79.96812964213369
79.96617150573935
79.96421336934503
79.96225523295071
79.96029709655637
79.95833896016205
79.95638082376772
79.9544226873734
79.95246455097906
79.95050641458474
79.9485482781904
79.94659014179608
79.94463200540176
79.94267386900742
79.9407157326131
79.93875759621876
79.93679945982444
79.9348413234301
79.93288318703578
79.93092505064145
79.92896691424713
79.92700877785279
79.92505064145847
79.92309250506415
79.92113436866981
79.91917623227549
79.91721809588115
79.91525995948683
79.9133018230925
79.91134368669817
79.90938555030384
79.90742741390952
79.90546927751518
79.90351114112086
79.90155300472654
79.8995948683322
79.89763673193788
79.89567859554354
79.89372045914922
79.89176232275489
79.88980418636056
79.88784604996623
79.8858879135719
79.88392977717757
79.88197164078325
79.88001350438893
79.87805536799459
79.87609723160027
79.87413909520593
79.87218095881161
79.87022282241728
79.86826468602295
79.86630654962862
79.8643484132343
79.86239027683997
79.86043214044564
79.85847400405132
79.85651586765698
79.85455773126266
79.85259959486832
79.850641458474
79.84868332207967
79.84672518568534
79.84476704929101
79.84280891289669
79.84085077650236
79.83889264010803
79.8369345037137
79.83497636731937
79.83301823092505
79.83106009453071
79.82910195813639
79.82714382174206
79.82518568534773
79.82322754895341
79.82126941255908
79.81931127616475
79.81735313977042
79.8153950033761
79.81343686698176
79.81147873058744
79.8095205941931
79.80756245779878
79.80560432140445
79.80364618501012
79.8016880486158
79.79972991222147
79.79777177582714
79.79581363943281
79.79385550303849
79.79189736664415
79.78993923024983
79.78798109385549
79.78602295746117
79.78406482106683
79.78210668467251
79.78014854827819
79.77819041188386
79.77623227548953
79.7742741390952
79.77231600270088
79.77035786630654
79.76839972991222
79.76644159351788
79.76448345712356
79.76252532072922
79.7605671843349
79.75860904794058
79.75665091154625
79.75469277515192
79.75273463875759
79.75077650236327
79.74881836596893
79.74686022957461
79.74490209318027
79.74294395678595
79.74098582039163
79.73902768399729
79.73706954760297
79.73511141120863
79.73315327481431
79.73119513841998
79.72923700202566
79.72727886563132
79.725320729237
79.72336259284266
79.72140445644834
79.71944632005402
79.71748818365968
79.71553004726536
79.71357191087102
79.7116137744767
79.70965563808237
79.70769750168805
79.70573936529371
79.70378122889939
79.70182309250507
79.69986495611073
79.69790681971641
79.69594868332207
79.69399054692775
79.69203241053341
79.69007427413909
79.68811613774476
79.68615800135044
79.6841998649561
79.68224172856178
79.68028359216746
79.67832545577312
79.6763673193788
79.67440918298446
79.67245104659014
79.6704929101958
79.66853477380148
79.66657663740715
79.66461850101282
79.66266036461849
79.66070222822417
79.65874409182985
79.65678595543551
79.65482781904119
79.65286968264685
79.65091154625253
79.6489534098582
79.64699527346387
79.64503713706954
79.64307900067521
79.64112086428088
79.63916272788656
79.63720459149224
79.6352464550979
79.63328831870358
79.63133018230924
79.62937204591492
79.62741390952058
79.62545577312626
79.62349763673193
79.6215395003376
79.61958136394328
79.61762322754895
79.61566509115463
79.61370695476029
79.61174881836597
79.60979068197163
79.60783254557731
79.60587440918297
79.60391627278865
79.60195813639432
79.6
90.7
101.3
94.8
88.0
85.2
82.3
79.6
68.4
61.3
56.8
55.8
54.7
52.2
56.4
64.7
80.2
84.3
81.9
82.6
83.8
80.5
81.3
90.5
91.6
96.4
101.5
100.5
97.4
94.6
90.3
87.9
85.0
86.3
84.4
82.4
83.9
82.8
81.7
79.9
79.3
79.1
79.0
79.1
79.1
82.2
80.3
81.1
83.0
84.3
81.4
81.4
80.6
80.8
80.8
80.7
80.2
80.3
77.6
76.4
76.1
74.6
74.0
75.3
76.9
78.6
77.4
193.1
109.7
75.4
70.5
67.8
65.0
65.3
65.4
65.0
64.9
66.0
66.2
66.0
66.6
67.2
66.0
66.0
65.3
66.0
66.1
66.1
65.3
65.8
65.1
64.7
63.4
63.5
69.8
73.2
72.5
72.1
71.4
70.5
69.9
70.5
70.0
68.4
68.3
66.6
66.4
64.9
65.4
65.0
65.6
65.1
63.3
62.5
63.3
63.8
63.6
63.5
63.0
62.7
62.8
64.3
65.0
64.6
64.2
64.8
64.7
65.8
66.6
65.4
65.3
66.4
66.5
66.3
65.8
66.2
66.5
66.1
66.6
67.6
67.0
68.4
68.0
68.2
67.3
68.5
64.3
65.6
68.8
72.6
74.5
63.4
66.7
69.1
60.9
67.1
67.2
67.9
67.0
67.5
68.2
69.2
69.5
70.3
69.5
69.3
68.7
70.0
69.1
69.0
69.1
69.2
68.3
68.1
67.7
68.7
70.3
69.4
68.2
65.8
64.0
60.2
57.9
55.4
57.0
60.8
65.4
64.6
71.3
73.4
74.5
73.9
73.8
73.2
74.8
76.0
75.6
83.9
82.4
83.7
84.0
84.0
82.0
82.1
79.8
79.5
79.2
78.3
78.8
74.1
69.9
72.5
73.8
75.1
74.5
71.8
72.1
71.5
70.5
70.9
71.1
71.3
69.1
69.3
69.3
68.2
69.5
67.9
68.5
67.5
67.5
69.5
68.8
67.3
65.7
63.2
65.4
70.6
68.5
65.6
65.0
64.1
66.0
65.4
64.5
63.3
65.3
65.1
62.7
62.6
63.3
62.8
178.9
119.8
101.9
65.5
62.5
60.6
59.6
59.5
61.8
67.6
65.0
65.9
66.0
65.9
62.6
62.9
63.8
60.4
61.2
61.5
60.9
65.0
64.9
66.5
67.4
66.0
64.7
65.6
68.3
63.6
64.1
64.1
66.1
65.9
67.9
67.9
68.9
67.6
69.7
68.5
69.6
70.9
68.9
69.1
67.9
70.2
68.3
69.7
70.8
70.9
71.9
71.6
70.7
69.6
72.6
72.8
75.2
72.2
73.3
74.2
74.4
70.9
71.2
71.6
68.6
72.2
72.1
70.4
70.9
70.4
68.2
72.8
73.5
74.5
74.6
73.6
74.9
74.2
72.6
74.0
75.8
73.5
75.2
76.1
76.1
76.5
76.4
72.8
74.7
77.9
77.8
73.6
79.7
83.7
74.7
77.7
78.3
79.3
75.2
75.7
72.4
72.6
76.2
92.4
88.2
82.1
77.1
76.9
79.2
86.7
88.4
85.0
83.8
85.5
84.8
85.8
85.8
85.7
86.0
85.9
84.7
84.0
83.9
84.2
81.6
83.7
82.4
82.3
81.2
81.0
80.6
80.4
80.9
76.6
71.6
69.1
68.1
66.4
68.9
67.1
71.1
68.5
66.6
63.2
61.8
59.9
60.2
63.2
65.0
65.8
67.9
68.0
66.2
66.6
65.5
62.5
62.0
64.1
63.3
67.4
65.9
66.5
65.3
67.2
63.6
62.7
60.4
60.0
58.5
59.0
56.2
55.4
56.2
58.5
61.9
63.5
63.2
64.5
62.8
65.1
66.6
68.1
70.4
70.9
70.6
71.0
72.2
73.4
72.0
71.3
68.9
69.0
70.4
69.5
69.6
70.5
69.7
61.9
131.5
59.0
66.7
66.6
65.0
64.3
64.0
64.3
63.9
64.2
62.9
63.4
62.9
62.4
62.4
63.1
62.0
63.2
63.8
62.3
64.7
64.7
70.7
75.0
62.6
61.7
61.8
62.3
61.2
62.6
63.5
63.4
64.1
64.4
64.8
65.4
67.1
66.4
67.3
67.7
69.0
68.1
67.7
67.8
67.1
67.3
67.5
67.2
66.3
65.2
64.9
66.7
65.5
65.0
64.9
66.8
64.3
64.2
62.9
65.1
64.6
61.3
61.9
61.6
63.0
62.2
63.4
64.2
61.9
61.8
62.4
63.0
64.4
62.5
63.7
63.7
65.5
65.4
65.7
65.9
65.6
64.4
65.2
65.4
66.1
66.8
65.9
65.3
67.7
66.0
68.6
68.7
69.8
69.0
70.5
67.8
69.2
70.4
71.6
72.5
72.5
73.2
74.5
73.3
74.5
74.5
76.1
74.6
75.8
74.3
76.3
77.7
76.9
76.4
74.7
74.7
73.3
74.3
75.3
75.1
75.3
75.6
73.9
74.3
74.0
74.0
74.5
75.0
75.4
74.9
74.8
73.6
71.3
71.4
71.6
72.9
75.7
76.1
77.6
79.0
77.7
69.9
77.3
84.6
84.1
83.4
80.8
79.2
78.8
78.2
83.3
84.0
80.8
77.7
78.1
79.1
77.1
75.4
73.2
77.4
79.4
78.9
79.3
80.9
81.1
82.1
74.4
73.1
75.0
75.7
74.7
77.9
76.6
78.6
78.9
80.3
81.3
81.3
82.4
81.5
82.2
84.1
84.3
82.8
84.1
83.2
82.7
83.7
83.7
86.1
85.5
86.6
85.6
85.9
85.3
85.4
85.8
85.3
84.6
83.6
79.6
79.6
79.2
78.4
79.7
78.8
80.5
80.6
83.6
82.9
83.1
87.5
90.2
85.4
73.5
69.1
75.7
75.4
78.3
79.9
80.0
82.3
83.8
82.5
82.2
85.2
86.6
85.5
84.7
85.4
86.3
85.2
85.9
85.0
85.8
85.8
86.0
85.9
85.3
85.5
83.8
83.7
84.4
82.8
82.2
80.8
82.2
81.7
80.5
83.8
86.7
85.1
85.8
85.7
79.8
76.2
74.7
76.7
74.8
76.1
75.9
77.6
77.4
76.1
77.8
76.9
74.7
75.2
73.7
73.6
72.8
73.9
73.3
74.1
73.8
74.4
74.5
76.2
77.1
77.0
76.8
76.5
75.3
74.6
75.7
79.2
79.4
80.6
78.8
78.8
126.4
152.8
116.9
78.6
78.8
80.3
80.9
80.3
79.7
78.7
78.5
76.9
81.4
80.3
81.1
83.0
88.6
90.9
93.0
95.6
97.4
97.7
98.1
99.4
100.6
103.2
102.5
98.7
89.6
83.1
84.8
89.6
89.8
87.0
85.1
84.6
84.8
86.3
91.0
94.8
98.4
99.7
101.4
103.8
104.5
104.8
106.1
106.5
106.1
107.9
108.7
109.9
110.3
111.6
109.8
101.5
102.5
102.6
102.8
102.5
114.4
102.8
104.5
100.2
96.8
99.6
95.8
94.2
87.4
100.5
93.1
94.6
94.2
94.9
99.8
100.9
101.4
103.1
104.9
106.5
108.7
109.7
110.3
102.4
103.0
104.4
105.0
104.4
104.4
104.0
105.4
105.8
105.4
104.5
103.8
103.5
104.4
105.3
106.6
109.1
114.2
105.6
101.7
99.7
96.4
93.5
93.0
92.3
95.8
98.0
98.5
100.8
102.0
103.0
103.9
104.3
106.9
108.6
109.6
105.0
106.4
107.80000000000001
106.20561797752809
106.10842696629214
106.01123595505618
105.91404494382023
105.81685393258428
105.71966292134832
105.62247191011237
105.5252808988764
105.42808988764045
105.3308988764045
105.23370786516854
105.13651685393259
105.03932584269664
104.94213483146068
104.84494382022473
104.74775280898876
104.65056179775281
104.55337078651687
104.4561797752809
104.35898876404495
104.26179775280899
104.16460674157304
104.06741573033709
103.97022471910113
103.87303370786518
103.77584269662921
103.67865168539326
103.58146067415731
103.48426966292135
103.3870786516854
103.28988764044945
103.19269662921349
103.09550561797754
102.99831460674157
102.90112359550562
102.80393258426967
102.70674157303371
102.60955056179776
102.5123595505618
102.41516853932585
102.3179775280899
102.22078651685393
102.12359550561798
102.02640449438202
101.92921348314607
101.83202247191012
101.73483146067416
101.63764044943821
101.54044943820224
101.4432584269663
101.34606741573035
101.24887640449438
101.15168539325843
101.05449438202248
100.95730337078652
100.86011235955057
100.7629213483146
100.66573033707866
100.5685393258427
100.47134831460674
100.3741573033708
100.27696629213483
100.17977528089888
100.08258426966293
99.98539325842697
99.88820224719102
99.79101123595505
99.6938202247191
99.59662921348315
99.49943820224719
99.40224719101124
99.30505617977528
99.20786516853933
99.11067415730338
99.01348314606741
98.91629213483147
98.81910112359552
98.72191011235955
98.6247191011236
98.52752808988764
98.43033707865169
98.33314606741574
98.23595505617978
98.13876404494383
98.04157303370786
97.94438202247191
97.84719101123596
97.75
97.65280898876405
97.5556179775281
97.45842696629214
97.36123595505619
97.26404494382022
97.16685393258427
97.06966292134831
96.97247191011236
96.87528089887641
96.77808988764045
96.6808988764045
96.58370786516855
96.48651685393259
96.38932584269664
96.29213483146067
96.19494382022472
96.09775280898877
96.00056179775281
95.90337078651686
95.8061797752809
95.70898876404495
95.611797752809
95.51460674157303
95.41741573033708
95.32022471910113
95.22303370786517
95.12584269662922
95.02865168539326
94.93146067415731
94.83426966292134
94.7370786516854
94.63988764044944
94.54269662921348
94.44550561797753
94.34831460674158
94.25112359550562
94.15393258426967
94.0567415730337
93.95955056179776
93.8623595505618
93.76516853932584
93.66797752808989
93.57078651685393
93.47359550561798
93.37640449438203
93.27921348314607
93.18202247191012
93.08483146067417
92.9876404494382
92.89044943820225
92.79325842696629
92.69606741573034
92.59887640449438
92.50168539325843
92.40449438202248
92.30730337078651
92.21011235955056
92.11292134831461
92.01573033707865
91.9185393258427
91.82134831460674
91.72415730337079
91.62696629213484
91.52977528089887
91.43258426966293
91.33539325842696
91.23820224719101
91.14101123595506
91.0438202247191
90.94662921348315
90.8494382022472
90.75224719101124
90.65505617977529
90.55786516853932
90.46067415730337
90.36348314606741
90.26629213483146
90.16910112359551
90.07191011235955
89.9747191011236
89.87752808988765
89.78033707865168
89.68314606741573
89.58595505617978
89.48876404494382
89.39157303370787
89.29438202247191
89.19719101123596
89.1
89.00280898876404
88.9056179775281
88.80842696629213
88.71123595505618
88.61404494382023
88.51685393258427
88.41966292134832
88.32247191011236
88.2252808988764
88.12808988764044
88.03089887640449
87.93370786516854
87.83651685393258
87.73932584269663
87.64213483146068
87.54494382022472
87.44775280898877
87.35056179775282
87.25337078651685
87.1561797752809
87.05898876404494
86.96179775280899
86.86460674157303
86.76741573033708
86.67022471910113
86.57303370786516
86.47584269662921
86.37865168539327
86.2814606741573
86.18426966292135
86.08707865168539
85.98988764044944
85.89269662921348
85.79550561797753
85.69831460674158
85.60112359550561
85.50393258426966
85.40674157303371
85.30955056179775
85.2123595505618
85.11516853932585
85.01797752808989
84.92078651685394
84.82359550561797
84.72640449438202
84.62921348314606
84.53202247191011
84.43483146067416
84.3376404494382
84.24044943820225
84.1432584269663
84.04606741573033
83.94887640449438
83.85168539325844
83.75449438202247
83.65730337078651
83.56011235955056
83.46292134831461
83.36573033707865
83.2685393258427
83.17134831460675
83.07415730337078
82.97696629213483
82.87977528089888
82.78258426966292
82.68539325842697
82.588202247191
82.49101123595506
82.3938202247191
82.29662921348314
82.1994382022472
82.10224719101123
82.00505617977528
81.90786516853933
81.81067415730337
81.71348314606742
81.61629213483147
81.5191011235955
81.42191011235954
81.32471910112359
81.22752808988764
81.13033707865168
81.03314606741573
80.93595505617978
80.83876404494382
80.74157303370787
80.64438202247192
80.54719101123595
80.45
80.35280898876404
80.25561797752809
80.15842696629213
80.06123595505618
79.96404494382023
79.86685393258426
79.76966292134831
79.67247191011236
79.5752808988764
79.47808988764045
79.3808988764045
79.28370786516854
79.18651685393257
79.08932584269662
78.99213483146067
78.89494382022471
78.79775280898876
78.70056179775281
78.60337078651685
78.5061797752809
78.40898876404495
78.31179775280899
78.21460674157304
78.11741573033707
78.02022471910112
77.92303370786516
77.82584269662921
77.72865168539326
77.6314606741573
77.53426966292135
77.4370786516854
77.33988764044943
77.24269662921348
77.14550561797753
77.04831460674157
76.95112359550562
76.85393258426966
76.75674157303371
76.65955056179774
76.5623595505618
76.46516853932584
76.36797752808988
76.27078651685393
76.17359550561798
76.07640449438202
75.97921348314607
75.8820224719101
75.78483146067416
75.68764044943819
75.59044943820224
75.49325842696629
75.39606741573033
75.29887640449438
75.20168539325843
75.10449438202247
75.00730337078652
74.91011235955057
74.8129213483146
74.71573033707865
74.61853932584269
74.52134831460674
74.42415730337078
74.32696629213483
74.22977528089888
74.13258426966291
74.03539325842696
73.93820224719101
73.84101123595505
73.7438202247191
73.64662921348315
73.54943820224719
73.45224719101122
73.35505617977527
73.25786516853933
73.16067415730336
73.06348314606741
72.96629213483146
72.8691011235955
72.77191011235955
72.6747191011236
72.57752808988764
72.48033707865167
72.38314606741574
72.28595505617977
72.18876404494381
72.09157303370786
71.99438202247191
71.89719101123595
71.8
103.3
104.8
105.3
107.7
110.3
121.7
142.9
138.4
136.0
134.0
127.3
123.4
126.7
124.6
127.2
131.2
121.0
113.1
121.1
106.9
102.1
101.4
103.3
103.8
115.0
103.6
104.9
106.1
110.9
114.1
113.3
115.0
110.7
107.5
107.2
107.2
107.8
109.5
110.5
112.1
111.5
111.7
111.7
111.4
110.2
109.7
109.9
109.2
108.6
102.9
99.8
93.4
91.3
91.1
90.6
91.5
92.9
93.9
94.6
94.1
96.4
102.0
99.9
104.5
103.8
101.2
99.2
138.7
104.2
95.7
94.5
93.8
94.2
93.6
92.9
93.5
92.7
92.3
91.3
90.6
92.6
92.4
92.9
92.0
92.3
91.6
91.5
90.9
90.4
90.7
89.7
89.2
89.9
98.3
99.0
98.9
98.8
97.5
96.1
97.3
87.0
92.4
119.1
120.9
110.3
93.6
85.2
83.1
85.0
82.2
78.2
78.3
78.9
78.9
80.0
82.0
83.5
85.0
87.2
90.5
89.1
89.1
89.6
90.7
91.3
90.3
92.5
97.4
96.0
99.6
95.2
93.7
95.2
95.6
98.1
97.8
98.9
97.9
103.3
105.5
103.1
102.5
99.2
94.4
94.8
96.2
95.5
93.9
94.5
94.4
97.4
98.9
95.9
94.9
94.9
95.4
97.1
95.9
97.8
95.5
94.4
94.6
94.9
94.9
95.3
95.4
95.0
95.6
94.7
96.6
96.3
97.2
97.6
98.2
96.1
96.0
96.4
95.4
95.9
96.7
94.3
95.1
97.2
94.1
94.9
97.1
98.8
97.8
96.8
97.7
96.5
97.3
96.5
96.7
97.5
97.3
96.1
97.5
97.2
97.3
97.5
97.3
95.9
94.1
95.3
94.0
94.6
93.5
92.9
93.1
93.1
91.3
93.3
95.0
94.1
93.9
92.2
95.1
93.2
93.2
92.6
92.7
93.1
94.1
92.1
93.2
92.1
90.2
92.8
91.1
91.3
93.0
93.1
93.0
92.6
91.5
92.2
91.4
99.9
103.3
101.2
100.5
100.4
100.3
99.2
100.6
99.7
98.7
98.0
98.3
97.9
98.0
98.0
99.4
104.8
105.4
104.1
104.4
103.6
104.6
102.8
69.9
72.3
76.6
89.3
123.3
112.9
103.1
105.6
104.3
103.1
103.6
101.8
102.5
102.4
101.8
102.3
102.0
101.8
100.6
101.0
100.7
101.0
101.4
101.7
99.6
100.0
100.1
98.9
99.9
100.1
100.1
98.9
99.0
99.5
98.8
98.5
97.8
97.3
97.2
97.1
97.3
95.8
95.1
95.5
97.7
95.2
96.4
103.4
107.6
93.8
84.0
99.8
103.8
102.9
102.1
90.5
89.0
91.7
91.4
87.7
87.1
91.9
92.7
91.4
90.6
91.8
90.9
89.8
89.5
87.6
87.3
89.0
88.2
88.3
90.0
89.3
87.5
88.1
88.3
87.7
87.4
87.4
87.9
88.2
86.9
88.3
89.0
88.3
88.4
90.1
89.5
87.4
86.6
85.9
87.8
88.0
87.5
88.5
89.3
87.8
88.1
89.3
89.3
88.8
89.2
90.6
90.1
90.8
91.1
91.0
91.6
91.7
91.8
91.1
91.3
91.5
92.4
92.8
93.8
94.2
93.9
94.1
93.5
93.9
94.4
94.0
94.8
94.8
94.7
94.4
93.9
94.3
94.2
95.2
95.2
95.3
94.9
95.5
96.2
95.6
95.5
95.4
95.6
95.4
95.7
95.3
95.3
95.6
95.7
95.4
95.1
95.5
96.1
95.6
95.8
95.5
95.5
95.9
95.5
94.6
94.1
94.6
95.3
96.3
95.6
95.5
94.8
94.9
94.5
94.4
94.4
94.1
94.2
94.1
93.2
92.7
92.9
93.1
92.2
92.1
92.7
92.8
92.6
92.8
92.8
92.3
92.1
92.5
92.6
91.8
91.8
91.6
91.2
91.2
91.0
91.5
91.5
91.1
90.9
91.1
91.3
90.7
90.8
90.9
90.6
91.6
90.9
90.7
90.5
91.4
92.9
92.8
91.8
90.9
90.9
90.8
90.9
90.4
90.4
90.3
91.1
90.3
90.7
90.4
90.8
100.5
96.2
36.4
127.6
275.4
255.4
159.8
57.8
92.2
92.8
91.9
90.4
90.5
90.6
89.9
89.6
99.3
111.1
114.3
118.2
121.2
111.8
100.8
92.8
88.3
85.2
79.3
73.3
69.5
66.7
64.4
62.7
61.4
60.5
60.0
60.8
61.2
62.2
63.0
63.2
64.0
64.6
65.9
66.1
66.6
67.0
67.4
68.6
68.8
69.1
69.7
69.8
70.5
71.7
71.7
71.7
71.6
72.9
73.1
72.7
72.6
72.5
74.0
73.6
73.9
74.0
74.8
74.7
74.6
75.1
75.1
77.5
78.0
77.1
78.4
79.6
81.1
81.1
81.0
80.9
81.1
82.5
83.8
83.8
82.8
80.4
78.6
93.0
88.9
84.9
82.5
174.6
128.9
79.3
83.7
82.8
84.6
87.1
89.1
88.5
90.4
91.3
90.6
90.1
90.4
89.6
90.1
90.8
91.4
90.7
90.7
108.2
92.0
56.3
103.4
92.1
92.0
92.1
91.6
91.8
92.0
92.5
92.0
93.4
93.2
93.1
92.9
93.1
92.9
93.0
93.1
94.0
93.9
93.4
92.9
94.0
94.2
94.6
94.5
94.0
94.4
95.1
93.6
94.4
93.3
93.7
94.1
93.5
94.3
94.0
94.2
94.5
96.0
95.1
94.5
94.7
95.2
94.3
95.2
96.2
96.2
96.8
97.1
98.3
100.0
101.6
101.4
102.3
101.5
100.9
100.9
99.9
99.6
100.0
99.8
100.7
100.2
100.4
102.1
107.7
112.9
114.5
111.8
101.4
96.6
96.3
94.1
94.9
95.8
97.5
99.7
100.4
101.5
101.5
101.9
101.9
102.5
103.0
105.8
106.4
107.3
107.7
109.0
109.0
99.4
89.5
88.7
88.2
89.6
89.4
90.8
92.3
94.4
95.9
97.3
98.0
99.2
99.9
99.6
100.5
100.9
101.3
101.7
101.9
102.1
101.7
101.9
102.1
102.3
101.8
102.4
102.8
103.3
103.5
107.2
105.9
105.0
105.2
104.0
104.6
103.8
104.0
103.6
103.2
102.8
103.3
103.0
106.8
113.5
111.5
96.1
88.6
86.0
86.1
86.7
89.9
95.5
92.2
94.7
95.1
95.8
95.6
94.6
95.9
97.4
95.6
95.2
95.8
95.2
95.3
96.4
96.5
95.5
97.0
97.2
96.6
83.5
120.2
118.1
94.4
94.4
94.1
93.2
94.8
94.8
94.4
95.3
94.8
95.7
92.9
80.2
75.7
75.6
77.1
78.2
79.8
82.0
83.2
84.0
85.7
86.5
87.4
88.8
90.2
90.7
90.3
89.5
90.0
89.8
89.3
89.0
89.4
88.8
88.0
88.2
88.2
88.3
88.3
88.5
88.7
88.8
88.6
88.9
88.9
88.6
88.2
88.9
89.3
89.4
89.3
89.4
90.0
90.0
90.3
89.5
90.1
90.0
90.9
90.8
90.8
89.9
90.2
90.6
90.6
91.5
91.6
91.2
91.5
92.3
93.0
92.4
93.2
92.5
93.8
93.3
93.7
93.9
93.8
93.9
94.2
94.2
94.5
94.3
95.0
95.3
95.8
95.8
95.6
95.4
96.1
98.9
101.5
102.0
101.1
101.5
104.2
105.2
104.7
105.4
105.9
105.9
106.4
105.9
105.3
105.4
106.4
106.1
106.4
105.7
105.7
106.1
106.2
105.6
104.7
105.2
104.5
105.0
104.0
103.6
103.2
102.7
103.3
103.1
102.9
102.9
103.0
103.2
103.5
105.3
108.1
102.9
102.8
101.5
102.4
102.3
102.7
102.7
104.1
103.4
103.4
104.4
103.6
103.6
104.1
104.2
104.5
104.2
104.9
106.0
107.4
110.7
108.9
106.8
107.3
106.3
104.4
103.5
103.4
102.8
100.6
100.4
99.6
98.8
97.9
98.0
97.9
98.1
97.6
97.2
97.9
97.9
98.0
98.2
95.4
94.3
92.7
92.2
90.8
90.3
89.0
88.6
88.6
88.1
87.9
87.6
87.2
86.6
85.8
86.0
86.2
85.3
85.6
85.9
87.2
87.5
86.0
84.5
83.0
83.8
83.4
83.1
83.1
82.8
83.0
83.1
82.8
82.2
82.3
82.8
82.8
82.6
82.7
82.5
82.3
82.4
82.3
82.3
82.3
82.2
84.2
84.7
84.5
84.0
83.3
82.5
82.1
80.3
78.5
82.8
82.5
82.2
82.4
82.8
82.9
85.6
85.4
84.9
84.9
85.1
85.2
84.9
84.4
85.1
84.0
84.0
84.6
84.9
86.2
86.2
85.3
84.8
84.6
84.4
83.7
83.8
83.8
85.2
84.9
87.6
87.7
86.2
84.4
78.5
79.4
76.1
76.1
77.3
78.2
78.8
78.6
79.1
78.2
77.8
77.8
77.8
78.4
110.1
121.1
106.0
78.7
78.0
78.0
78.0
74.8
73.9
73.4
73.2
72.3
72.2
75.6
76.3
78.8
90.8
90.7
90.4
90.8
90.9
90.1
90.1
89.7
89.6
90.2
90.5
90.7
90.7
90.1
90.4
90.3
89.5
89.9
89.5
88.9
88.6
88.3
88.3
88.0
88.0
88.5
88.1
88.7
88.6
88.1
88.1
88.4
88.1
88.2
88.7
87.8
88.3
87.5
86.4
91.2
89.2
88.8
88.9
88.1
87.9
88.2
88.4
88.2
88.0
87.8
87.3
87.8
87.8
87.9
87.9
88.0
87.7
87.5
87.2
87.0
86.5
86.5
87.0
86.9
87.2
86.3
87.0
86.3
85.6
84.3
84.8
84.9
84.4
84.9
85.3
85.1
86.5
88.0
89.9
91.0
92.3
91.6
90.8
89.5
88.4
87.5
88.1
86.0
86.0
85.2
83.7
84.2
83.1
83.6
84.7
86.3
87.9
89.5
90.2
91.8
92.5
92.9
91.6
90.1
88.7
88.4
86.2
85.9
85.5
85.2
83.9
83.8
83.3
83.2
83.9
85.3
86.1
85.4
82.9
81.0
78.2
79.5
81.7
82.6
82.1
82.3
82.5
82.2
80.0
75.9
76.6
84.4
88.6
88.7
88.8
88.6
86.2
84.3
82.4
86.9
89.2
88.1
82.5
82.7
86.7
87.0
87.3
86.9
87.5
88.0
87.6
89.7
88.6
88.2
87.5
86.7
86.6
85.9
85.1
83.6
83.5
83.3
82.5
81.9
81.5
81.9
81.8
80.9
80.2
79.3
78.6
78.6
78.1
77.3
76.6
76.6
76.2
76.3
75.4
74.1
71.5
65.5
75.0
68.3
61.599999999999994
66.2
65.15
64.1
63.05
62.0
62.0
61.9
61.2
68.4
65.6
74.3
63.9
64.5
65.3
66.2
67.1
68.3
69.5
70.6
72.0
73.1
72.9
72.4
71.9
71.9
72.1
71.8
73.4
74.6
74.1
73.7
73.8
74.4
75.6
75.2
76.2
76.0
76.6
77.6
77.3
78.5
79.3
80.1
80.9
81.9
81.7
81.5
83.4
83.5
83.9
83.4
84.7
85.5
84.3
84.0
84.6
83.4
83.3
83.6
84.0
84.2
85.3
85.6
84.7
84.3
84.3
84.4
84.1
84.0
83.5
84.1
83.8
83.7
83.1
83.3
84.2
83.9
83.3
84.0
85.7
86.7
88.6
88.4
88.7
86.8
88.3
85.6
80.9
80.1
79.6
79.9
79.3
80.2
80.3
72.6
71.8
71.3
69.0
67.6
67.1
66.6
65.0
63.6
63.6
63.4
64.2
63.4
64.3
73.0
74.8
73.3
72.1
73.2
72.1
71.6
71.9
71.5
70.9
70.4
70.0
71.7
71.0
70.6
70.2
70.2
69.5
68.8
68.8
68.3
66.9
66.4
67.5
66.1
66.6
67.6
66.2
67.1
67.1
67.9
67.1
67.3
67.6
67.9
68.7
68.6
69.1
69.6
70.4
73.2
70.5
69.8
70.0
70.8
71.4
72.0
72.3
73.9
76.0
78.0
78.3
75.0
90.6
89.5
88.2
83.4
82.3
81.5
70.3
68.0
68.0
76.1
76.1
74.1
74.3
74.8
74.7
74.8
75.1
75.6
76.0
76.3
75.9
75.7
75.1
75.7
75.7
75.7
75.6
76.0
75.5
76.0
76.0
76.1
76.0
75.8
76.3
76.4
75.7
75.5
75.1
75.6
75.4
75.8
75.9
76.6
77.5
78.3
79.4
80.2
80.9
82.0
82.0
82.5
83.2
83.8
85.0
84.8
84.6
84.4
85.0
85.3
85.0
85.0
85.2
84.6
85.0
84.6
85.1
84.1
84.4
84.8
84.8
85.5
85.0
84.9
85.2
85.9
86.6
87.2
86.4
86.1
84.9
84.3
83.3
83.5
83.0
82.3
82.7
83.1
82.7
82.4
82.0
82.3
82.5
82.8
82.1
82.3
82.0
82.1
82.1
81.3
81.5
81.6
81.2
81.0
81.4
81.8
82.2
82.0
82.5
81.4
81.0
81.4
81.4
81.1
80.9
80.3
79.9
80.4
80.2
80.1
80.2
80.2
80.6
80.0
80.3
80.5
79.5
79.3
79.1
79.1
77.6
74.6
75.1
71.4
60.3
69.0
65.2
56.5
54.9
57.4
52.5
51.0
51.0
52.2
53.0
53.0
54.3
55.7
55.7
57.4
58.0
58.9
63.3
102.0
87.4
60.1
60.7
61.1
62.0
62.7
63.5
64.6
64.8
65.1
63.7
64.5
63.7
63.3
63.7
63.2
63.6
63.4
63.6
64.0
63.7
63.2
85.5
76.1
63.3
62.2
62.4
62.9
62.3
62.7
62.5
63.4
63.5
63.4
63.4
63.5
63.9
63.3
64.4
65.3
66.1
65.5
65.2
64.0
64.8
65.6
65.2
64.9
67.0
70.9
76.6
77.9
81.5
77.0
71.9
70.8
68.7
67.2
66.4
65.3
65.5
64.7
63.7
62.8
63.3
63.0
63.0
62.7
63.5
63.6
64.4
64.5
64.5
65.9
65.8
65.8
66.0
65.1
64.9
64.9
64.7
64.4
64.6
63.8
64.5
64.3
64.5
64.5
63.9
64.5
64.4
64.0
64.6
65.0
65.8
64.7
63.6
63.8
64.2
63.1
63.6
63.8
63.8
64.3
63.8
64.9
64.4
63.9
64.3
64.1
63.8
63.7
62.8
63.6
64.9
63.3
63.4
63.5
63.8
63.1
63.3
62.5
63.1
63.1
63.4
64.0
63.5
64.0
63.4
62.8
63.5
63.0
61.3
62.1
61.0
61.9
63.5
62.8
63.3
64.5
65.0
67.3
67.6
67.1
67.0
66.3
66.6
66.0
65.1
64.9
64.6
65.3
66.2
65.5
64.9
65.3
65.7
64.3
63.6
65.4
65.0
64.2
64.8
65.1
64.9
65.9
65.5
64.7
64.8
64.7
64.3
63.9
64.7
64.2
66.4
71.6
71.3
71.0
70.2
69.1
68.8
69.0
68.5
67.6
67.1
66.4
65.1
65.4
65.1
64.2
65.3
64.1
64.7
65.3
65.7
65.3
65.5
66.4
65.1
65.1
64.9
65.2
66.3
67.1
66.8
66.5
66.1
65.1
64.8
65.1
65.2
65.7
66.5
66.2
66.8
65.4
67.2
66.7
66.2
65.7
66.5
65.2
65.1
65.8
65.4
65.2
65.2
66.1
65.8
65.8
65.2
64.9
64.9
65.4
64.4
66.3
66.4
70.6
73.8
73.1
72.4
71.7
71.3
71.1
69.5
68.6
67.8
66.9
66.8
67.8
66.9
66.8
67.4
67.2
66.3
74.4
68.3
65.8
67.1
65.1
65.1
64.9
65.0
65.6
66.9
67.2
68.4
66.6
67.1
67.8
66.7
66.7
65.4
65.7
66.2
65.6
65.2
64.5
65.5
64.7
64.9
65.6
65.8
65.8
65.9
65.6
66.1
65.6
65.5
66.3
64.8
65.0
64.8
65.8
65.6
66.1
67.0
67.1
66.5
65.8
65.6
65.8
65.4
64.2
64.4
64.3
63.4
64.1
62.7
62.8
62.8
64.3
65.2
65.3
64.9
64.8
64.6
63.7
65.3
65.0
65.0
64.7
64.6
64.9
65.0
64.0
64.3
64.9
64.9
70.3
72.0
71.0
69.5
69.3
68.6
67.8
67.8
66.4
66.0
65.4
64.9
63.9
64.2
64.2
64.6
66.0
65.7
65.1
64.7
63.9
64.4
64.1
63.9
63.8
66.1
64.9
65.2
65.0
65.2
66.2
75.2
63.6
69.6
67.7
66.5
66.4
65.5
66.5
65.8
66.1
65.2
65.6
66.6
67.2
68.0
67.2
67.5
68.4
68.6
70.1
68.9
68.8
70.0
68.8
68.4
68.9
69.7
69.5
69.4
69.3
67.2
67.3
68.3
68.2
68.1
70.0
74.4
74.0
73.1
71.7
71.8
71.9
72.9
71.0
69.2
68.9
69.1
68.7
67.5
67.9
67.6
67.7
66.9
67.0
69.0
69.7
69.9
69.3
68.8
69.0
69.0
69.2
68.7
69.4
69.8
69.5
68.7
68.1
68.4
69.0
69.2
68.7
69.1
71.7
75.0
73.1
71.4
75.6
70.6
66.6
65.7
65.5
67.3
68.4
73.7
74.8
74.3
74.8
75.5
77.2
78.8
78.9
78.3
71.9
70.1
68.2
67.6
66.4
68.3
68.5
70.2
76.1
75.8
89.6
85.4
79.5
62.7
63.6
62.5
71.6
70.7
69.9
70.2
70.9
70.8
70.9
71.9
72.7
73.8
74.4
74.3
74.8
69.7
67.9
67.6
67.8
67.8
68.8
68.6
68.2
69.3
70.7
70.5
70.6
71.3
70.5
71.7
72.1
71.9
71.8
72.4
71.5
71.4
72.1
72.5
73.1
71.9
72.2
73.4
72.9
72.9
73.0
72.5
72.5
72.9
74.8
73.7
72.5
73.0
75.0
74.3
74.1
74.2
74.2
75.7
74.5
76.8
78.4
77.5
75.7
76.1
76.4
75.6
75.4
75.3
75.5
74.7
74.6
74.7
74.4
73.9
73.9
113.6
67.7
74.3
73.5
73.2
73.1
75.1
75.4
74.9
74.1
73.9
75.3
75.4
76.0
76.6
74.9
73.6
72.9
75.5
75.8
74.8
74.5
76.6
80.0
78.7
77.3
76.9
77.4
77.1
77.2
75.6
76.0
76.5
76.8
76.8
75.9
75.5
74.7
75.1
75.7
75.4
75.7
74.5
74.7
75.4
74.6
74.8
75.1
74.4
74.5
75.6
76.2
75.4
75.7
76.7
77.0
76.2
75.2
74.9
73.7
73.8
73.4
73.4
73.8
72.3
74.1
73.7
72.4
72.9
73.7
74.4
74.4
74.4
72.9
72.3
72.7
72.5
72.2
72.5
72.7
72.1
71.5
71.3
72.0
71.2
70.7
71.9
74.3
77.7
75.9
75.1
74.4
73.8
73.1
72.8
72.0
71.9
72.0
72.2
71.9
72.5
73.5
73.1
71.4
71.5
71.6
71.0
71.1
72.6
73.7
72.3
71.4
71.9
71.0
70.8
71.1
73.6
74.4
73.6
73.1
70.5
71.0
70.0
69.9
69.4
67.9
67.0
66.4
66.7
66.3
67.0
66.9
69.1
69.5
68.3
69.6
71.4
72.0
71.5
71.7
72.1
72.3
71.1
70.8
70.8
70.7
70.7
71.7
72.4
72.3
71.2
71.1
70.8
70.6
70.2
71.0
72.5
73.1
76.1
77.7
77.2
75.6
75.6
74.7
73.9
72.7
73.0
73.1
72.0
71.3
71.5
71.7
73.3
72.4
72.0
71.4
72.2
72.3
78.6
83.1
81.6
80.2
79.9
79.0
78.7
77.2
76.3
75.4
76.4
77.4
77.3
77.0
75.8
75.4
74.8
75.3
80.7
77.8
78.8
80.4
79.7
79.7
76.8
74.9
75.3
75.8
75.7
74.7
73.3
72.3
71.2
70.0
70.4
70.5
70.4
69.8
70.9
71.9
73.3
74.1
72.4
73.1
73.6
77.1
83.3
87.4
87.0
84.6
83.3
82.5
79.6
81.5
79.6
80.6
79.0
75.9
74.3
72.4
72.7
72.9
72.5
72.0
72.5
73.4
72.8
73.0
73.1
73.6
73.2
73.6
73.7
73.0
73.3
72.8
72.1
72.0
72.6
72.0
72.4
72.5
72.3
72.9
72.7
71.7
71.4
71.4
72.3
72.3
71.7
74.7
79.2
79.6
77.1
75.5
75.0
74.2
73.5
72.7
72.2
72.5
72.2
72.4
72.0
72.0
72.9
72.5
81.3
83.2
79.7
77.7
76.6
75.7
74.3
73.1
72.1
71.0
71.1
70.3
70.0
69.0
69.6
70.2
70.0
70.3
70.3
70.1
70.8
71.2
70.2
70.3
69.8
69.5
69.7
69.1
69.4
68.6
68.6
69.3
70.5
70.9
70.9
70.7
70.4
70.6
70.8
70.2
69.3
70.0
70.0
69.7
69.3
68.3
68.3
68.5
68.6
68.8
70.0
70.7
69.9
70.0
69.6
70.3
70.0
69.3
69.0
68.7
68.8
69.4
69.4
69.0
68.8
68.9
69.1
70.3
70.1
69.9
69.6
69.3
69.9
68.7
69.5
73.3
75.8
74.7
72.7
72.0
71.8
70.5
69.1
69.4
69.2
69.0
68.9
69.2
69.0
70.0
71.1
71.4
70.3
71.0
69.8
69.7
70.7
71.3
70.6
69.6
70.3
70.1
71.0
70.6
70.2
71.2
70.8
70.0
69.1
70.4
70.8
70.8
70.6
70.8
70.9
72.2
72.1
70.1
70.0
70.4
70.3
69.3
69.4
69.4
70.5
71.2
70.0
71.2
84.0
82.9
79.6
88.2
98.2
88.9
94.8
95.7
115.8
119.4
113.6
109.0
107.7
105.6
105.0
103.6
104.3
97.3
93.1
91.0
89.3
88.4
88.3
89.7
88.9
88.0
87.6
87.9
88.5
90.7
91.2
100.4
101.8
102.3
103.5
101.6
100.8
98.5
95.4
90.5
88.2
87.0
86.9
87.3
87.7
87.2
86.8
86.4
86.5
86.9
86.9
86.4
85.7
86.0
85.4
84.5
84.1
83.3
83.7
84.2
83.6
83.8
83.4
83.4
83.4
83.0
81.7
81.9
81.9
81.6
82.9
82.0
82.1
80.6
81.4
81.0
81.4
80.7
82.9
82.4
81.2
80.1
80.7
81.0
80.7
80.4
79.6
80.0
80.6
80.0
81.0
80.9
80.6
79.6
80.4
80.8
80.6
80.9
81.6
82.0
82.4
82.2
82.0
82.6
83.1
83.0
83.2
84.0
85.0
87.3
87.6
88.9
89.9
92.0
93.5
94.7
97.5
97.4
97.7
98.4
98.7
100.3
100.3
102.2
102.3
102.6
103.2
103.1
103.6
102.9
103.8
104.0
104.3
103.4
103.9
102.1
100.9
100.7
100.2
102.6
100.7
101.1
100.2
100.2
99.1
98.8
98.3
98.0
98.6
99.9
98.5
98.5
98.0
97.8
99.1
101.8
102.1
99.5
92.9
90.8
82.7
77.6
69.4
66.7
65.3
63.7
62.3
62.0
62.4
61.5
61.5
61.5
62.7
63.6
64.1
65.5
65.1
64.6
65.0
64.9
63.7
63.6
63.3
63.4
62.3
62.2
61.9
62.9
63.0
62.8
62.8
62.1
62.2
61.6
65.2
70.5
78.6
68.2
63.9
61.5
59.7
59.0
58.4
60.4
63.1
63.4
64.3
66.0
67.8
74.8
85.9
85.2
82.7
79.3
78.0
77.0
76.1
75.5
75.1
75.2
75.0
75.3
75.3
75.4
75.6
75.2
74.9
75.3
75.2
75.2
76.4
76.9
75.1
75.0
74.2
74.0
73.1
73.0
73.0
73.0
72.0
71.9
71.2
71.0
71.1
70.3
70.7
70.6
70.4
69.9
70.2
70.5
69.7
69.2
68.9
68.0
67.4
66.5
66.7
66.3
65.8
65.3
65.6
65.4
66.0
65.6
65.0
65.1
65.1
64.7
66.0
65.1
63.8
63.8
62.9
62.1
61.9
61.0
60.9
61.0
60.5
60.3
60.3
60.2
60.1
60.0
60.3
60.9
61.0
61.0
61.0
61.1
61.2
61.6
60.4
60.3
59.5
59.6
59.4
58.6
58.3
58.5
58.1
58.2
58.1
58.2
58.5
57.9
57.6
57.8
57.8
55.3
57.7
59.2
58.3
57.7
57.8
57.4
57.5
57.1
57.2
57.1
57.0
57.5
57.7
58.5
58.3
58.2
58.2
57.6
58.2
57.6
57.5
57.4
58.1
58.1
58.2
58.2
58.4
58.7
58.1
58.4
59.9
64.6
62.7
61.9
61.4
60.6
59.3
58.8
58.9
60.4
59.9
58.5
58.1
58.3
58.3
58.0
58.1
58.5
59.2
59.5
60.4
60.5
60.4
59.3
59.3
60.3
60.6
60.6
60.2
60.4
60.3
60.9
60.4
60.5
60.4
60.3
60.4
61.2
61.4
60.8
61.2
61.9
61.8
60.6
60.5
60.2
60.2
61.5
61.0
62.0
61.9
62.0
62.5
62.1
62.1
61.4
62.3
63.0
62.5
62.1
60.8
60.0
59.5
60.2
60.3
61.2
63.1
62.0
63.6
79.0
73.8
66.5
86.6
86.7
85.1
85.6
92.6
91.3
91.2
93.1
89.0
86.9
84.9
84.6
83.5
83.3
83.2
83.2
82.9
80.8
81.1
83.4
83.3
83.1
82.7
81.7
81.4
80.9
80.6
78.8
79.4
78.8
80.5
80.8
78.9
79.4
79.2
78.2
78.1
79.1
80.4
80.3
88.7
93.5
88.2
82.0
80.5
77.6
48.2
68.3
90.0
92.8
93.5
96.6
100.3
102.2
103.5
105.2
104.3
105.4
107.2
107.6
96.8
90.6
86.6
79.0
74.5
74.4
74.4
75.8
76.9
78.4
79.7
82.6
85.5
85.7
86.4
87.3
85.5
84.2
81.5
79.3
78.9
78.0
77.2
76.7
77.6
78.7
79.1
80.5
82.1
83.0
82.1
82.3
82.3
81.9
81.4
81.1
82.3
83.6
83.5
84.7
85.2
85.4
85.3
85.6
85.8
86.9
86.9
88.6
88.5
88.5
87.5
87.5
87.7
88.0
87.1
85.7
85.2
85.1
85.3
83.4
83.6
82.3
82.4
82.0
82.2
82.3
82.1
82.8
82.3
81.3
81.4
82.1
81.5
81.4
80.9
81.1
80.6
80.2
80.5
80.3
81.4
80.3
79.7
80.0
81.4
81.2
80.2
80.8
80.1
79.6
79.9
80.9
79.8
80.0
80.1
80.3
82.9
84.3
82.1
80.3
80.7
80.7
80.0
80.2
79.4
80.0
79.5
79.7
79.9
79.6
80.0
79.4
79.9
79.5
79.9
80.4
79.7
80.2
79.0
79.2
79.7
79.4
79.0
79.1
79.3
79.5
78.3
77.9
79.2
80.0
81.8
96.8
95.3
94.8
95.9
95.6
95.4
93.8
91.5
91.1
89.8
89.4
85.9
82.1
93.2
96.5
100.9
98.3
96.8
98.6
96.5
92.9
89.8
85.7
87.1
89.0
89.4
91.2
92.2
93.8
95.8
96.8
96.5
97.3
95.8
96.4
97.6
97.6
97.1
96.7
98.0
96.4
96.7
97.1
97.2
98.3
97.3
98.7
101.3
104.7
107.5
105.1
98.6
97.9
97.3
97.2
98.1
101.0
121.5
121.8
101.9
103.7
105.7
109.8
111.5
113.2
113.8
113.9
116.3
117.4
119.6
123.8
124.5
124.7
125.5
122.3
111.7
100.5
101.1
102.2
105.7
108.5
111.1
113.2
115.8
117.0
117.8
118.6
119.9
121.1
121.5
122.7
123.2
122.6
124.1
122.6
122.2
124.4
123.8
123.8
122.9
124.1
122.8
123.2
122.2
122.1
121.2
120.3
121.5
120.6
119.3
120.2
126.9
126.5
126.0
123.8
125.2
126.5
126.1
120.9
117.7
115.9
115.0
114.6
110.4
109.5
112.5
117.2
127.4
128.8
114.8
102.7
99.0
98.5
95.5
95.7
96.4
103.0
107.2
110.3
110.3
110.9
111.5
107.8
105.7
103.9
102.3
101.9
101.50000000000001
91.3
86.0
92.6
92.5
91.4
89.7
87.2
86.5
85.7
85.6
86.9
93.2
96.4
95.4
93.1
91.2
90.6
90.6
91.3
91.8
91.3
92.0
91.4
92.5
91.4
91.8
90.1
91.4
90.7
90.3
91.2
91.1
90.0
90.8
91.3
90.6
90.0
91.1
89.5
88.2
87.9
89.6
88.5
87.8
87.1
87.4
88.0
87.5
84.2
84.8
84.8
85.1
85.9
87.0
87.7
86.9
86.4
85.1
82.8
82.0
81.1
81.3
81.8
81.9
83.1
82.0
82.8
82.9
82.0
82.1
82.8
82.7
81.4
80.2
80.2
81.1
80.1
78.8
80.0
80.2
82.3
81.2
80.8
81.4
81.9
81.6
81.0
79.9
79.3
79.2
78.7
79.3
75.9
65.2
64.7
68.8
64.8
66.0
57.1
54.4
53.2
51.9
52.0
54.0
54.5
54.6
55.0
61.1
63.4
62.6
62.9
63.8
63.7
66.9
66.6
66.6
68.1
66.3
66.2
65.4
64.1
64.3
68.5
70.7
70.1
70.9
69.3
100.1
130.89999999999998
104.23333333333333
106.3
21.3
73.6
71.2
70.6
70.1
69.5
70.2
71.0
70.6
72.7
73.5
71.8
70.4
69.0
68.7
68.4
69.0
67.8
67.4
68.1
68.8
68.9
68.7
68.9
68.8
69.4
69.6
69.8
70.0
71.6
71.7
71.3
70.9
71.2
72.1
71.2
71.4
69.8
70.9
69.1
69.5
68.0
66.8
66.1
65.9
65.1
65.0
65.0
65.3
64.6
67.3
72.2
70.3
69.2
71.4
86.1
87.0
89.0
88.1
84.4
87.2
95.2
95.0
90.6
87.1
91.9
86.0
82.4
91.3
94.3
87.6
94.7
93.4
91.2
89.2
93.4
88.0
87.5
79.8
78.5
81.9
81.6
83.4
86.9
97.2
91.9
85.0
86.7
81.5
76.6
78.5
94.1
95.1
92.1
92.9
95.1
90.9
88.6
104.2
99.5
105.4
104.9
112.7
111.5
102.7
98.0
94.3
90.5
87.4
87.9
91.9
88.8
86.6
85.0
84.0
81.1
81.6
79.8
79.4
78.0
77.7
81.2
108.6
212.4
198.9
149.0
80.5
78.9
79.6
78.8
81.3
81.8
80.5
78.6
77.9
77.2
75.2
76.6
83.9
83.9
81.8
79.5
78.1
78.0
77.6
76.8
76.0
75.6
74.0
74.7
73.5
75.0
75.5
74.8
79.1
81.5
82.2
85.2
84.5
84.2
84.4
87.1
89.0
88.7
89.1
90.6
92.9
94.8
92.6
91.2
91.5
90.8
91.5
93.1
94.7
92.0
91.0
92.5
95.6
101.5
96.4
96.5
97.2
92.9
90.6
88.9
85.0
82.9
83.8
80.0
81.4
93.2
103.7
101.9
99.4
101.2
101.8
98.3
93.8
97.9
95.2
85.5
84.5
80.0
91.5
89.5
85.5
82.3
77.3
75.4
74.5
72.9
71.8
71.6
74.4
76.9
73.7
72.2
71.9
70.6
70.9
71.0
71.4
67.2
70.6
72.7
76.9
87.2
84.5
81.7
103.8
118.7
111.2
111.4
112.4
109.8
109.5
113.4
106.3
100.0
95.0
94.3
93.7
86.5
86.5
84.0
79.8
78.0
77.7
75.5
75.2
74.4
74.8
75.1
74.9
75.9
77.7
78.4
78.7
78.7
79.2
78.9
78.5
77.8
77.3
77.7
76.7
76.8
76.4
76.1
76.9
76.9
76.4
76.3
77.7
77.1
76.2
75.5
76.5
75.0
74.9
75.4
76.1
76.0
75.1
75.5
74.8
75.4
75.1
75.4
75.2
75.7
76.0
75.7
76.0
76.9
76.2
75.5
76.6
76.7
76.6
78.7
91.1
110.4
104.9
66.2
103.4
104.3
104.8
99.1
97.8
92.7
91.3
95.8
118.2
119.5
114.8
111.2
109.6
105.6
101.3
100.2
102.4
103.1
103.7
99.5
94.9
95.1
93.7
89.4
87.1
88.1
86.8
86.8
86.2
84.0
83.0
86.6
86.0
85.8
83.9
83.0
82.9
86.0
83.6
81.1
82.6
86.0
84.9
81.1
81.4
101.8
128.2
124.7
121.0
126.0
129.3
124.1
117.4
116.5
110.5
108.9
108.0
105.7
104.7
100.4
100.8
96.8
94.6
92.3
90.4
89.2
92.1
89.5
87.2
85.7
83.0
83.3
88.8
87.8
85.5
83.3
83.9
81.9
79.6
81.1
83.2
83.3
91.3
111.9
127.6
121.3
108.4
99.0
98.6
100.9
99.6
95.4
97.0
97.0
98.2
95.6
91.2
89.3
87.3
86.9
84.9
83.2
81.2
79.8
79.8
79.2
78.7
77.4
76.3
75.0
78.0
81.7
80.1
79.8
80.8
80.5
80.1
79.4
79.3
78.5
78.8
81.3
84.0
90.9
84.5
82.7
82.7
83.1
81.6
80.0
92.8
114.7
113.4
104.8
107.7
107.6
107.9
105.3
102.1
96.3
110.5
104.0
99.6
99.2
99.1
97.2
95.1
97.5
95.3
90.4
86.4
87.3
88.2
87.3
88.3
88.6
87.0
100.8
117.0
110.5
99.5
93.9
96.0
90.9
89.0
87.6
83.7
83.0
83.4
86.3
89.8
88.0
86.4
85.9
87.6
105.3
113.4
113.2
122.5
138.8
142.3
137.9
137.1
131.9
129.3
130.8
126.2
124.5
119.1
115.6
109.0
112.8
103.6
103.3
112.6
111.8
110.3
109.8
109.3
106.8
105.8
101.0
100.9
102.7
101.2
99.7
101.8
108.8
134.6
140.4
140.7
141.4
139.7
137.3
144.0
143.1
126.3
122.1
113.1
112.5
111.5
111.5
104.3
107.0
106.7
107.8
106.0
107.9
108.8
115.8
121.3
132.0
131.5
123.8
122.9
123.5
118.0
107.1
105.7
109.7
109.9
105.3
106.2
103.9
109.8
103.5
102.1
101.0
96.3
93.5
93.8
93.4
91.9
91.7
91.0
93.8
89.1
90.7
97.1
92.3
88.4
102.3
109.2
97.9
90.3
90.6
91.5
85.9
85.7
87.7
87.2
82.8
81.1
85.2
85.3
82.8
83.5
82.5
82.6
86.3
87.7
85.1
87.8
83.6
82.6
81.8
80.7
81.1
80.6
81.0
81.1
79.8
79.2
79.4
79.8
80.6
82.4
86.2
84.2
82.1
83.2
83.0
86.9
88.1
106.0
102.4
100.3
98.6
101.4
118.4
108.7
111.1
112.3
100.5
97.0
91.0
90.5
84.6
83.1
81.1
78.8
79.5
76.1
73.0
76.9
73.6
71.0
69.4
68.1
68.2
68.6
68.0
68.5
68.8
66.7
79.4
82.5
75.5
71.6
70.2
68.5
67.3
66.9
65.6
64.6
64.2
66.3
81.1
102.6
111.6
114.0
117.0
119.5
120.5
117.4
117.5
112.7
113.9
110.9
102.7
100.2
95.5
90.7
81.9
80.8
78.3
77.5
77.4
77.1
74.6
71.4
71.4
69.7
67.9
68.0
72.9
70.9
71.0
68.4
66.0
64.7
62.5
63.4
66.0
67.5
65.9
65.4
64.7
63.7
63.4
61.9
61.7
62.3
62.8
62.0
62.5
62.3
62.8
62.1
62.0
64.7
64.5
63.3
62.8
62.4
63.0
62.0
62.9
62.5
62.0
62.9
61.8
61.8
61.7
61.2
62.2
62.6
61.3
62.1
64.8
64.4
62.9
63.0
63.1
63.666666666666664
64.0
63.4
62.4
62.3
63.6
63.0
62.9
62.6
63.5
63.3
62.3
61.8
61.6
62.4
62.6
63.6
64.0
65.8
68.8
70.5
76.6
73.8
99.8
98.6
98.1
107.6
123.7
113.3
107.5
103.0
100.9
100.0
99.4
98.5
95.6
92.6
91.2
91.4
88.1
86.4
83.8
84.4
83.4
81.3
84.0
145.0
136.5
96.9
98.2
103.6
102.5
101.4
106.1
103.6
91.6
89.7
88.5
88.4
86.2
87.4
84.7
82.0
79.8
79.9
78.9
76.1
80.3
78.0
76.8
76.7
74.5
75.8
73.6
73.4
73.3
73.8
73.1
74.5
72.7
70.1
68.4
68.7
69.6
66.8
64.5
63.2
62.1
61.3
64.0
63.0
63.0
65.6
72.3
70.4
68.1
67.4
65.1
64.7
65.2
63.4
61.7
64.4
71.7
68.9
68.5
67.8
79.4
73.4
68.6
65.8
65.3
63.9
63.0
63.8
65.3
63.4
63.3
62.4
70.4
70.4
68.1
66.3
68.5
67.3
64.5
67.6
71.6
71.3
71.3
71.4
86.0
106.4
98.6
94.5
112.4
118.7
126.9
120.1
111.0
109.5
103.8
96.3
93.9
57.8
92.4
90.6
89.8
88.0
87.9
87.4
86.5
84.5
83.3
84.3
83.3
84.6
88.1
86.1
157.5
92.2
86.8
82.3
83.1
79.9
79.5
78.8
78.1
78.3
79.1
78.0
76.1
76.9
76.2
76.0
80.3
85.3
83.6
79.8
80.2
81.2
79.5
81.6
80.5
78.7
78.4
79.9
79.3
75.9
75.8
75.2
74.0
74.3
76.5
77.7
77.8
78.3
77.7
77.3
77.8
78.4
79.3
79.0
77.7
76.5
77.3
80.4
80.0
80.3
80.1
78.4
78.1
76.6
77.5
82.9
81.5
86.4
87.4
83.0
84.4
86.8
82.6
85.1
85.6
87.1
84.9
84.3
80.9
82.2
84.6
83.5
82.4
82.0
83.2
82.1
84.0
85.5
84.2
85.7
89.0
87.3
87.1
89.5
88.8
87.1
85.8
85.0
84.5
84.1
81.1
78.4
78.1
77.6
79.4
78.1
78.6
88.2
91.3
88.9
90.3
91.6
88.2
85.3
85.0
84.5
85.7
84.8
88.4
89.4
89.1
84.5
83.6
84.8
85.2
83.1
81.4
80.5
80.2
82.4
80.2
79.8
82.8
80.9
78.1
81.3
84.7
89.0
86.5
85.3
84.7
87.1
85.4
82.3
79.1
84.5
87.6
87.9
89.7
86.4
83.8
84.6
85.2
85.8
87.1
88.8
87.7
85.7
87.7
84.8
80.9
79.0
77.5
75.5
80.2
79.3
81.2
86.1
86.4
82.9
87.5
86.2
86.4
95.5
103.5
106.4
101.0
97.9
95.4
89.6
88.7
92.0
97.5
106.9
112.2
110.4
117.2
113.9
110.0
103.8
97.3
91.6
87.1
83.5
81.3
79.5
79.7
79.1
78.2
78.0
78.4
77.4
80.1
79.3
77.8
77.4
78.3
80.5
84.1
83.4
80.6
75.2
69.6
67.5
65.6
63.7
62.6
62.3
61.8
61.8
61.0
62.1
63.0
62.9
63.2
63.9
64.0
64.2
64.5
64.4
63.8
64.3
64.1
64.4
63.1
63.9
63.5
63.9
65.2
64.3
64.8
63.8
63.3
63.3
63.8
63.2
62.5
63.0
62.7
63.2
63.5
63.4
63.9
62.9
62.3
62.6
63.3
64.7
64.2
64.6
64.7
63.9
64.0
63.5
63.0
62.5
63.0
62.5
63.6
64.1
63.5
64.0
64.2
65.4
64.8
63.4
63.2
62.9
62.6
61.9
61.3
61.0
62.0
62.3
63.3
64.1
64.2
63.8
65.0
65.2
66.2
66.3
67.4
68.4
67.7
66.1
65.8
65.7
67.8
70.3
71.9
73.9
74.9
76.4
77.3
78.1
79.0
79.7
119.8
94.5
78.4
77.5
78.3
76.5
77.9
77.8
78.4
77.6
75.3
74.0
74.2
73.3
72.7
71.4
71.0
71.4
71.1
71.0
72.0
71.5
72.2
71.8
71.2
72.7
72.2
72.0
72.4
72.6
72.0
71.9
71.5
71.4
71.1
72.1
71.1
69.8
68.6
68.8
68.0
68.0
69.4
68.5
68.6
68.4
68.6
67.8
67.2
67.9
69.3
68.1
70.9
70.2
69.3
68.6
67.9
67.1
66.9
67.2
67.3
67.1
67.9
68.0
66.4
67.6
67.8
66.9
67.2
67.9
69.2
69.0
71.6
69.6
68.9
69.2
67.5
66.3
65.0
65.3
66.1
65.0
63.0
63.8
64.6
64.1
65.2
66.0
65.1
65.2
66.0
65.2
67.1
66.4
65.1
64.3
65.8
66.2
66.2
65.5
66.4
68.2
68.7
68.7
68.3
68.5
68.9
68.9
69.1
67.3
65.1
64.7
64.9
74.7
83.3
104.5
107.4
99.8
95.5
90.7
88.7
86.8
88.9
87.8
85.1
86.4
87.0
83.6
86.4
82.4
86.4
81.6
79.7
78.8
78.4
78.0
78.6
89.6
85.0
81.9
81.4
80.8
79.9
78.5
77.2
76.7
76.3
77.2
76.7
76.8
75.6
76.3
76.6
76.3
76.1
75.7
77.1
75.6
73.9
73.7
73.8
74.0
74.8
75.0
75.4
75.4
75.4
74.9
74.7
75.0
75.2
73.5
74.3
73.9
74.5
86.6
84.9
81.2
80.6
80.0
80.1
78.5
78.0
77.5
75.9
76.6
76.8
76.4
76.7
76.9
78.2
77.2
76.8
76.6
76.2
75.9
76.6
77.6
78.7
78.6
76.9
76.4
75.5
75.2
75.9
75.7
75.8
75.0
75.2
75.6
75.6
76.4
75.7
77.6
79.3
79.6
77.7
77.3
79.3
79.9
84.1
85.0
81.6
78.8
78.1
78.1
78.3
78.7
78.3
78.6
78.4
79.9
82.2
80.7
80.0
79.6
78.8
77.6
77.7
77.5
78.1
78.1
77.6
77.6
78.7
79.0
77.5
78.3
78.8
78.8
78.5
79.8
79.4
79.7
79.9
81.1
79.3
79.3
79.5
79.6
78.9
77.9
78.3
78.5
78.3
78.2
77.8
79.3
79.7
79.8
80.5
80.8
80.0
80.2
80.4
82.8
83.0
79.6
79.2
79.8
79.0
79.5
80.5
78.5
79.5
80.5
80.7
80.1
79.5
79.1
79.1
78.7
78.5
78.6
78.6
77.9
79.4
79.3
79.1
79.0
79.5
77.5
78.4
78.7
78.5
78.6
94.9
98.4
94.6
90.6
89.1
88.0
87.4
86.9
86.8
86.9
87.1
86.4
86.3
87.6
87.4
86.2
85.8
86.8
88.6
89.0
93.8
89.5
86.8
86.6
86.6
87.2
86.5
87.0
85.9
85.1
84.8
85.5
86.4
87.7
88.3
89.0
89.5
98.5
109.3
168.9
89.1
98.0
92.7
88.3
87.1
86.4
87.3
92.4
89.8
87.5
86.7
86.3
85.8
87.6
85.5
85.4
85.8
85.3
84.9
86.0
85.7
84.7
85.0
86.4
86.6
85.7
85.5
86.0
85.2
85.4
87.7
85.5
85.3
86.2
85.7
89.5
93.8
94.0
89.0
88.4
90.2
89.6
93.5
92.2
91.1
90.4
89.9
90.4
90.3
91.0
91.9
96.0
95.4
101.5
104.4
98.7
103.9
101.3
117.9
119.9
117.0
116.5
121.3
122.3
122.7
122.1
121.9
119.9
119.1
116.5
115.3
110.6
108.8
106.8
119.0
118.2
122.4
124.5
131.2
133.8
123.4
117.7
109.0
111.1
103.4
104.6
106.8
109.6
110.9
110.4
102.0
104.8
104.4
101.6
104.3
105.9
98.2
102.6
105.7
105.2
106.1
109.4
107.3
108.1
98.9
98.3
103.6
101.0
105.8
102.1
107.0
118.9
113.6
110.7
103.9
100.0
98.1
97.1
99.7
98.6
101.1
99.6
99.1
100.2
99.3
102.6
99.4
102.1
99.1
105.8
105.1
104.4
101.3
100.8
101.7
101.8
102.6
105.2
107.3
105.7
102.4
106.8
104.0
109.0
103.1
103.4
103.6
103.3
106.4
108.1
105.0
105.1
102.6
106.7
103.3
98.1
96.2
94.7
94.0
90.4
95.8
107.3
105.6
96.7
94.4
96.6
93.7
92.6
89.2
91.4
90.5
89.7
90.5
92.5
91.5
113.8
117.1
110.2
102.7
104.4
93.1
89.9
91.6
84.8
86.6
81.8
82.3
81.0
82.8
84.1
85.0
88.0
88.4
85.2
95.4
102.8
101.7
103.0
102.0
98.8
107.5
107.0
109.3
111.4
107.9
101.8
99.6
95.4
93.6
93.0
68.2
90.1
92.4
91.2
86.8
87.2
87.5
86.8
86.4
85.7
82.5
83.9
81.6
84.5
88.9
87.9
85.3
88.2
84.9
82.8
82.8
83.5
82.7
80.8
82.8
82.9
80.8
81.0
80.1
79.6
77.5
76.9
76.7
81.4
79.1
76.79999999999998
