100.1
96.9
95.1
92.3
91.0
90.9
86.9
87.9
89.3
86.8
87.0
87.9
84.9
85.6
95.7
91.8
94.1
92.5
91.8
90.3
92.5
91.0
93.7
92.1
95.2
98.5
100.5
98.3
98.5
99.0
98.5
96.5
96.1
96.2
97.1
98.0
98.7
96.1
96.7
98.0
96.0
94.0
92.8
94.5
95.7
93.4
90.6
89.1
89.4
88.5
88.7
87.2
89.2
89.0
87.4
87.5
93.0
95.3
93.5
101.0
103.6
102.8
100.6
101.8
98.2
100.3
100.1
104.3
103.3
101.5
103.1
116.7
115.1
112.7
113.1
114.6
114.0
111.6
111.2
114.7
115.0
111.9
108.7
106.9
109.2
105.8
105.0
106.5
104.2
106.2
107.5
103.5
101.0
101.4
105.2
102.2
101.8
101.8
102.7
105.4
101.6
103.7
100.1
102.8
100.2
102.6
101.8
100.7
98.7
96.7
96.9
97.7
97.7
98.2
97.9
99.9
103.6
103.4
100.4
97.5
98.7
96.7
96.4
97.4
97.0
95.5
93.9
94.8
94.3
91.7
95.0
94.5
88.6
91.9
105.4
107.3
109.7
106.8
102.8
101.1
98.6
98.1
94.9
92.3
91.8
91.1
90.4
87.7
90.9
87.8
88.4
96.9
93.9
91.4
91.0
88.8
89.5
88.2
87.0
91.2
96.1
93.4
90.1
87.9
87.9
87.5
85.4
89.5
90.4
88.7
84.6
95.0
93.5
93.1
88.8
86.7
90.9
88.8
92.2
97.4
99.1
103.9
103.8
102.5
102.7
102.4
102.8
103.4
100.8
103.8
107.6
107.9
107.8
105.1
104.5
105.0
103.2
101.0
110.0
111.4
108.7
106.9
108.4
107.5
106.4
105.4
108.2
107.2
106.7
105.1
105.1
101.0
103.9
103.3
103.5
103.3
104.0
102.2
99.2
100.1
106.0
103.5
105.5
102.8
101.8
104.2
104.5
102.5
104.2
105.1
103.5
105.0
100.8
101.6
104.2
102.8
102.8
101.5
101.5
100.9
99.6
102.2
102.6
102.5
101.5
102.2
101.3
101.6
105.0
104.1
103.6
103.0
101.4
101.3
99.3
99.0
97.7
98.4
100.2
99.7
99.4
100.2
101.0
100.8
98.2
97.0
95.7
94.7
94.1
96.3
96.2
92.8
98.6
98.4
98.5
94.1
93.4
88.4
86.3
84.8
78.4
85.1
103.9
102.9
101.6
102.4
100.9
98.4
96.7
96.2
94.7
92.7
90.3
90.2
94.7
95.1
94.9
93.6
92.3
87.6
93.8
94.4
90.8
91.7
88.2
86.8
92.5
92.8
92.2
90.3
94.5
89.9
93.2
89.2
90.9
89.5
94.7
94.4
92.5
90.2
88.8
96.5
92.5
95.3
92.5
89.2
89.6
96.2
95.7
100.3
102.2
103.5
102.6
101.7
99.1
103.7
104.7
102.6
106.5
106.0
107.3
104.8
105.6
109.5
103.1
101.4
102.3
103.2
104.7
109.2
107.0
104.6
106.8
104.9
105.7
106.8
106.1
109.3
104.2
102.4
107.1
106.1
105.6
103.2
105.7
104.2
102.2
106.6
107.8
103.4
103.9
102.8
105.2
104.4
108.7
106.4
110.2
108.2
110.7
110.0
111.8
108.8
107.7
105.6
104.5
104.7
106.8
103.0
100.2
97.6
99.9
98.0
96.0
96.9
96.5
94.6
98.7
98.2
94.6
94.4
94.8
93.5
94.5
95.4
96.3
98.2
100.9
102.1
100.9
98.8
100.0
104.2
103.1
104.1
105.0
103.3
104.6
109.1
106.6
105.8
104.8
103.7
101.0
100.8
104.0
102.7
105.7
109.5
109.5
106.7
106.9
106.7
107.2
107.7
107.5
106.9
104.6
102.6
103.9
105.4
104.1
106.8
106.9
109.5
108.1
109.2
113.5
110.7
109.3
108.9
110.8
116.0
116.7
119.4
115.3
124.5
133.3
123.5
120.8
119.5
127.6
143.1
139.9
128.0
123.3
120.0
120.8
144.0
142.3
125.4
114.4
115.9
108.5
105.4
103.4
103.0
103.7
102.1
101.1
100.9
99.8
99.9
101.6
101.6
101.6
99.9
100.2
100.1
99.8
100.6
97.9
100.4
101.4
99.9
98.9
99.2
99.2
101.5
102.4
101.4
101.2
98.7
102.9
107.4
109.1
106.7
105.6
101.0
104.3
105.9
104.5
104.1
100.3
101.7
100.6
100.5
99.7
100.7
100.9
101.4
101.0
103.5
102.7
104.4
104.3
100.6
102.6
109.0
107.6
106.6
105.6
104.8
103.8
107.4
109.8
108.6
109.0
108.8
108.9
108.0
110.4
110.8
109.2
109.1
109.4
109.3
109.1
107.6
108.5
108.5
108.4
110.5
107.2
109.0
112.4
112.1
114.1
114.8
114.6
112.4
119.3
118.6
113.2
114.9
118.3
122.3
117.0
120.3
114.6
117.2
119.7
114.4
112.3
111.5
112.6
111.8
109.6
109.7
109.4
109.3
108.4
110.4
111.0
110.8
109.5
108.5
107.7
107.9
110.6
111.6
109.5
110.6
110.5
108.7
110.9
110.9
113.8
113.8
111.6
110.1
112.0
110.0
112.2
107.6
107.2
106.4
103.5
104.8
102.4
111.7
113.2
112.0
112.9
111.4
108.3
114.4
113.2
113.9
111.3
110.1
111.4
106.1
104.6
105.7
107.7
108.1
106.9
106.0
107.7
111.5
106.2
107.0
113.8
114.5
111.9
108.1
111.3
109.6
110.4
110.1
106.3
109.4
106.9
110.1
113.7
113.9
112.1
109.6
111.0
105.8
105.4
102.4
104.4
102.8
108.6
106.4
104.5
103.0
102.6
102.4
102.8
101.6
101.7
100.9
102.6
103.4
104.1
108.5
114.4
108.7
108.5
104.1
111.7
105.9
108.0
107.8
105.4
105.9
107.4
108.2
108.3
107.0
109.1
105.9
105.0
106.9
104.7
105.1
107.8
113.0
110.2
111.0
109.1
107.3
109.2
105.4
106.2
113.6
111.0
109.6
109.6
110.5
108.6
109.2
108.9
108.2
110.8
108.3
109.7
112.6
112.5
115.3
112.4
109.6
112.0
111.1
109.5
113.5
115.4
114.1
115.7
115.9
122.2
134.2
125.2
119.1
119.2
115.8
113.7
115.8
116.4
119.3
122.1
120.0
119.5
116.7
119.5
123.1
122.0
124.3
121.6
121.1
118.3
120.1
120.7
118.7
121.1
119.0
119.0
122.2
120.7
121.5
118.4
117.0
117.3
118.2
118.0
120.4
122.5
126.4
125.9
123.1
124.3
123.9
127.2
123.8
127.9
127.3
123.7
124.4
125.2
123.4
125.9
131.2
131.8
131.1
123.6
124.2
120.2
116.9
114.7
117.0
114.1
116.2
114.4
114.8
116.9
114.2
114.8
113.2
115.1
121.6
120.5
116.9
115.4
116.5
113.5
114.9
113.9
112.1
114.0
115.0
118.3
115.3
113.1
110.6
112.0
113.1
115.6
111.7
111.2
110.7
112.5
113.6
110.0
113.7
115.0
115.3
113.2
110.3
109.3
110.0
109.9
108.8
111.7
111.5
111.8
111.9
111.3
109.5
111.2
114.0
111.2
110.3
111.6
110.6
108.8
110.3
110.8
110.4
111.3
110.7
111.5
111.4
108.3
107.9
109.9
106.2
120.0
117.6
115.7
114.1
112.0
110.0
108.1
107.2
107.7
107.0
106.4
104.1
102.3
106.1
104.4
104.3
106.0
104.1
104.9
102.1
108.2
109.2
105.5
108.7
109.6
106.1
106.7
104.7
105.9
106.0
105.7
103.5
106.6
106.6
108.2
107.2
108.0
109.8
108.5
110.0
108.5
109.9
109.0
108.4
107.3
107.2
110.6
105.0
106.3
111.0
110.8
111.9
113.5
110.7
112.6
109.5
112.1
109.1
111.5
112.0
113.8
111.6
113.1
116.7
115.4
114.6
113.0
116.7
119.4
118.2
117.1
117.3
116.0
117.2
118.0
118.2
116.7
124.4
122.2
119.2
120.9
120.0
117.8
116.1
118.0
119.2
116.2
117.3
115.5
118.1
118.6
117.2
117.6
120.6
121.0
115.4
117.7
120.5
113.8
121.1
116.0
116.6
118.5
115.0
116.4
114.1
114.8
114.2
116.2
115.6
115.7
115.5
116.8
114.1
116.0
115.8
113.9
116.3
115.9
114.9
112.9
119.1
117.6
122.7
119.6
120.1
122.2
120.0
118.5
115.3
115.7
117.0
120.5
117.1
118.7
115.5
116.6
117.6
112.0
113.9
116.5
116.5
113.8
118.0
118.5
114.5
117.1
118.8
118.5
113.2
114.8
112.9
116.2
115.6
114.3
109.8
108.8
113.3
114.2
117.4
123.6
117.5
115.4
115.1
113.3
117.2
114.7
115.3
115.6
115.5
111.8
112.7
114.0
117.2
113.0
114.8
115.3
115.6
114.8
114.8
114.8
114.7
111.6
116.6
114.3
116.8
114.7
112.9
116.5
116.9
116.3
118.9
116.1
118.5
117.5
114.8
116.5
114.4
113.9
120.0
116.6
114.5
117.3
116.7
116.6
118.6
119.1
121.6
121.4
124.7
122.6
115.8
116.9
121.7
119.2
120.5
119.8
119.2
118.4
116.3
120.2
135.4
132.1
128.1
119.5
111.1
105.6
100.9
99.0
96.7
91.3
91.0
87.8
87.0
86.2
85.1
86.2
84.1
86.8
85.4
84.6
84.3
85.6
85.8
85.9
84.7
87.3
85.7
87.6
88.0
86.6
89.4
90.0
91.3
91.9
91.2
90.2
91.5
92.2
93.6
94.8
96.3
94.2
92.3
89.4
88.9
88.1
87.1
87.0
88.4
91.4
91.6
91.4
89.1
87.3
86.7
85.8
86.2
84.9
85.4
92.1
91.2
92.4
88.4
88.7
92.1
93.9
93.7
94.4
96.5
97.7
100.0
100.1
97.3
98.4
98.5
99.2
96.4
96.6
97.6
97.3
103.7
104.3
100.3
101.0
103.9
115.8
112.0
109.9
114.6
110.7
109.8
108.9
107.0
108.9
105.4
105.7
104.0
105.2
103.8
104.9
106.1
103.7
105.6
101.4
100.4
100.6
100.0
100.2
99.7
101.3
97.9
97.6
97.9
98.9
95.1
91.5
90.5
87.5
103.3
110.2
119.7
120.0
117.1
117.5
114.2
113.9
117.9
120.3
115.9
117.6
112.8
112.2
113.0
112.7
113.5
116.3
112.1
109.2
108.3
107.7
107.4
107.4
108.0
106.8
109.9
107.1
107.4
107.6
105.7
105.4
103.7
104.1
102.2
103.7
106.2
105.3
103.7
102.6
103.3
101.6
97.9
110.1
120.1
122.9
116.8
113.5
110.2
115.3
117.3
122.1
120.2
118.1
114.7
109.8
106.9
106.8
104.4
103.6
103.0
108.8
108.1
136.6
113.3
107.6
107.2
105.0
102.6
43.3
79.1
110.2
114.4
129.9
122.4
117.8
111.7
108.3
103.1
99.1
100.3
105.6
99.4
107.0
109.8
108.4
107.0
104.8
105.3
101.8
101.7
101.2
100.6
101.0
98.5
99.8
101.9
100.1
105.4
103.1
101.0
100.4
98.8
97.7
102.1
102.2
108.3
110.2
112.1
114.3
110.8
114.1
114.5
112.5
111.6
113.8
108.7
114.9
116.9
111.3
113.5
113.1
126.1
129.4
112.7
111.6
111.3
108.2
105.8
101.2
102.3
105.1
107.1
108.7
105.6
105.8
105.8
105.1
108.8
108.7
107.8
106.5
104.2
102.1
101.4
100.5
100.2
99.3
100.0
99.6
100.8
98.7
95.8
97.2
98.9
97.0
94.1
95.2
96.8
95.3
94.6
94.5
96.4
94.8
95.0
94.6
93.9
94.4
94.0
94.3
93.3
93.7
93.1
93.0
95.4
93.9
93.7
92.1
92.6
96.2
101.3
104.3
102.7
103.3
104.0
104.8
104.0
107.1
106.5
107.7
105.8
107.4
107.3
110.4
109.6
111.1
110.9
113.2
114.6
113.6
112.0
112.1
111.8
110.2
111.6
113.7
114.2
115.5
116.9
117.2
114.2
115.4
116.6
116.7
115.5
116.8
119.7
114.7
108.7
104.0
101.6
99.4
100.9
108.5
105.1
105.3
108.4
108.1
102.9
99.1
98.0
96.1
97.3
96.3
96.0
94.4
93.2
92.3
100.3
98.7
99.1
101.0
103.5
101.1
96.7
94.6
95.1
94.4
93.9
92.3
93.3
93.9
92.2
93.7
90.8
95.9
95.1
100.9
98.9
95.7
94.1
91.9
99.5
102.1
97.2
93.9
89.3
90.6
89.9
89.5
89.7
90.2
89.8
88.6
89.5
85.9
88.2
88.2
89.1
85.7
85.6
84.6
80.0
76.7
88.6
82.8
92.2
95.5
91.7
92.9
96.4
101.1
100.3
95.6
93.8
94.7
114.7
130.9
123.4
114.4
116.8
115.8
111.1
111.8
110.4
115.3
107.4
105.8
116.4
121.8
117.1
118.6
113.4
103.4
95.7
95.4
99.6
100.4
102.6
97.9
95.8
117.8
110.6
131.7
114.5
131.0
121.8
103.6
95.8
91.5
85.0
85.1
87.2
82.4
101.0
105.7
100.1
96.9
96.7
84.8
79.1
78.7
104.2
96.1
92.8
87.5
76.3
71.1
77.1
82.9
79.0
76.9
76.4
79.8
87.8
88.8
96.4
102.0
96.3
89.5
82.9
81.1
78.5
77.0
76.7
73.0
73.2
77.1
68.8
66.1
64.1
64.8
128.6
100.8
77.1
77.0
77.8
78.9
73.3
70.1
70.8
69.0
69.9
69.9
69.4
68.9
67.9
70.3
71.4
71.1
69.3
70.0
70.2
70.2
69.7
70.2
71.6
69.6
71.3
69.9
70.5
71.3
71.4
69.4
71.0
71.7
73.9
72.1
71.5
72.3
69.7
71.7
72.5
70.5
70.6
72.1
72.2
72.6
73.3
71.7
71.7
71.4
72.0
72.3
72.1
70.8
71.9
72.5
73.0
76.2
74.1
73.4
72.3
74.6
71.8
76.5
75.3
77.3
75.5
74.8
73.2
72.7
74.8
76.3
75.6
73.8
78.0
85.3
84.2
85.9
83.3
84.7
82.4
81.6
80.1
78.6
77.2
75.9
78.2
78.8
78.7
76.8
79.7
78.0
77.6
77.6
80.3
79.6
78.0
78.4
77.4
77.8
77.2
78.1
78.2
79.4
77.4
78.4
79.0
77.9
79.6
78.4
79.0
79.0
78.6
76.8
76.2
80.4
82.5
81.8
82.5
81.4
80.7
80.3
81.0
78.1
80.7
78.3
77.8
77.9
78.9
77.7
77.7
76.6
68.8
73.6
75.5
74.6
87.5
76.6
87.7
84.0
88.2
78.0
68.0
68.2
73.9
87.5
90.8
89.2
89.6
90.2
84.4
86.0
84.0
84.1
83.9
83.4
81.7
81.0
80.9
80.1
81.0
78.9
76.4
77.2
80.3
82.3
79.6
77.9
77.5
77.6
77.5
76.4
79.7
76.8
74.7
77.7
76.8
78.7
81.8
79.0
80.5
78.4
74.8
77.3
79.9
78.4
77.4
80.9
87.2
90.2
88.1
81.8
77.0
77.2
78.9
75.3
73.2
80.3
77.7
78.7
78.3
96.3
98.2
82.9
80.8
81.8
84.0
88.4
87.3
85.1
83.7
83.1
83.0
82.3
81.6
79.7
84.4
84.2
81.1
79.8
81.2
82.0
81.7
79.5
79.9
79.0
76.8
77.6
78.2
77.7
75.4
71.3
68.1
85.8
89.8
91.0
85.1
86.0
84.4
80.8
72.2
71.2
69.1
66.9
67.8
82.8
92.3
94.2
95.1
93.8
96.0
99.5
92.8
89.5
85.1
84.8
86.1
84.8
83.4
84.4
83.4
84.1
83.5
83.2
82.8
82.8
80.8
81.0
80.7
81.3
81.0
81.9
82.6
80.6
81.9
79.5
79.8
80.2
81.3
79.1
79.1
78.9
88.1
84.7
83.4
82.0
83.9
81.4
81.3
80.8
82.9
80.8
82.2
80.3
78.4
80.7
82.5
82.9
83.7
81.4
81.1
84.9
80.8
84.3
85.0
86.0
84.7
83.8
84.3
80.1
81.6
80.8
79.6
84.0
83.7
82.3
80.9
81.2
81.9
83.3
83.4
83.8
88.3
89.4
89.8
84.2
85.1
86.6
85.4
83.5
81.9
82.9
84.8
85.5
83.7
86.9
87.4
86.0
83.7
88.8
87.0
86.5
88.3
88.2
88.5
87.4
85.1
89.1
86.3
86.7
86.5
86.9
84.8
84.0
78.0
79.2
85.7
91.9
93.1
88.8
88.8
84.4
83.0
82.2
83.1
85.7
82.9
80.6
81.3
79.1
77.7
81.6
79.5
85.5
86.4
89.3
85.8
84.7
85.8
89.0
84.7
80.3
79.9
78.0
79.7
77.6
75.9
76.3
78.4
79.4
85.0
81.7
79.4
83.7
81.3
79.7
81.5
82.9
78.6
80.9
80.8
86.0
84.9
86.1
83.7
82.6
82.4
83.8
83.9
81.8
81.4
83.2
86.2
85.9
83.3
83.7
87.5
87.4
84.9
84.8
90.2
86.8
90.2
94.1
95.5
94.3
91.3
88.0
90.1
89.2
88.6
89.8
87.6
89.7
84.0
97.4
104.3
97.8
101.9
98.9
99.7
98.0
114.1
104.5
92.6
90.4
88.9
106.4
105.1
95.5
91.6
88.8
87.1
86.9
89.2
86.2
87.0
89.0
86.3
88.0
89.1
90.7
89.2
87.9
91.3
91.3
92.7
90.3
92.8
86.6
84.8
84.5
90.0
87.1
87.2
86.6
88.0
86.4
88.7
88.4
88.6
90.3
86.0
92.0
76.0
76.4
96.7
93.2
98.5
97.2
95.3
92.2
91.6
94.8
94.7
93.3
93.0
91.3
91.4
93.5
91.8
93.8
94.9
94.6
96.7
98.1
99.7
105.4
101.1
100.7
101.2
100.5
97.8
95.2
96.6
96.9
94.3
95.3
95.8
101.5
102.6
98.2
98.5
99.1
101.6
98.2
99.8
101.9
102.3
102.2
105.7
102.1
99.9
98.9
99.9
98.2
99.4
102.6
101.9
98.8
98.6
99.7
103.4
101.3
100.2
97.7
97.4
98.4
96.6
96.4
99.1
98.5
97.3
98.5
100.0
95.2
93.7
92.5
91.7
89.3
88.9
92.4
90.1
90.6
93.6
91.7
89.8
91.1
90.6
88.7
91.8
91.4
94.5
99.8
95.3
94.0
89.3
91.8
89.4
89.9
87.4
91.4
91.1
91.9
87.7
88.1
87.4
86.9
89.5
87.0
87.0
86.5
86.1
87.1
86.6
85.3
83.9
89.0
88.4
88.2
88.0
87.7
93.9
95.6
95.8
96.4
95.4
95.8
95.1
95.3
94.4
92.6
93.1
95.1
91.8
92.2
92.7
91.9
93.0
88.5
93.9
96.9
97.9
98.5
98.3
97.1
98.0
96.2
100.6
98.2
101.4
97.7
96.4
99.0
100.7
98.2
102.7
102.6
99.5
98.9
101.3
103.6
101.9
98.7
97.7
105.2
103.7
100.9
101.6
105.4
104.3
105.5
101.7
105.5
104.6
106.5
103.1
100.6
103.7
100.8
101.3
109.2
108.4
102.5
100.8
100.9
102.4
103.3
102.8
101.5
113.9
109.5
109.0
110.9
107.9
104.9
104.9
105.4
100.7
100.9
101.0
100.2
97.4
98.5
96.3
97.0
96.8
97.5
101.7
103.0
103.9
100.1
95.3
97.4
101.4
99.1
95.2
101.5
105.7
102.3
92.6
94.1
94.0
92.4
91.1
88.8
89.2
87.1
88.9
86.8
84.1
86.4
88.1
87.0
88.2
87.4
88.1
84.5
83.8
83.3
84.4
86.0
84.0
87.6
89.8
89.6
86.6
86.6
82.8
83.3
85.7
85.3
86.7
90.3
95.0
97.7
98.0
94.5
97.6
98.1
96.5
95.0
91.7
92.7
96.1
28.5
112.2
88.4
83.3
85.7
90.0
89.9
87.2
87.8
89.4
92.1
91.2
91.2
90.7
86.6
82.0
81.9
81.1
77.4
76.6
75.6
76.8
81.2
77.0
77.1
77.0
79.3
76.9
77.3
75.6
75.6
75.3
74.6
74.4
77.7
80.7
79.5
84.1
81.0
82.2
83.2
81.7
85.6
85.8
82.8
86.6
84.8
89.9
91.8
86.0
86.9
87.3
85.4
86.4
85.7
89.0
88.0
90.0
87.2
92.4
94.6
96.2
92.8
92.1
87.9
94.8
91.0
90.4
89.6
89.4
91.3
89.1
86.4
87.9
91.6
91.8
88.8
88.5
88.3
90.4
90.9
96.9
95.2
92.8
93.9
98.8
97.7
93.5
93.3
92.2
95.2
91.2
91.4
88.8
89.2
89.6
94.8
95.1
94.1
91.3
91.1
89.9
89.2
90.6
91.0
91.4
91.5
88.8
90.0
91.5
90.0
94.3
93.1
92.4
91.8
90.0
89.0
91.5
90.2
91.6
90.3
94.0
91.2
94.1
92.1
94.0
93.2
91.6
92.2
91.1
92.2
93.4
90.9
93.0
93.6
93.9
94.4
93.9
96.9
95.8
93.4
95.1
95.1
94.5
92.6
91.8
94.3
93.3
93.2
94.7
94.5
96.5
95.7
92.9
89.9
93.6
93.4
92.1
92.1
141.0
346.2
350.6
148.8
105.8
102.8
98.7
100.2
98.0
93.2
93.1
94.8
90.5
89.1
89.8
89.2
89.7
90.5
92.5
95.8
97.1
92.6
91.8
88.9
90.9
90.7
90.3
89.4
91.1
91.0
89.0
90.1
89.3
91.7
91.4
87.5
89.5
84.5
83.1
82.9
83.2
93.3
95.4
94.7
96.3
93.0
86.0
74.3
78.5
73.1
80.6
99.4
103.5
102.0
99.3
97.0
96.8
101.2
101.2
104.8
103.5
103.2
101.2
101.8
101.7
101.5
98.2
97.0
98.0
97.2
97.6
97.5
97.3
95.8
95.9
96.5
94.4
93.3
93.3
95.2
93.0
93.6
95.3
96.2
94.0
93.4
92.2
91.5
88.4
89.0
89.3
89.1
91.7
98.4
100.2
101.7
99.6
96.4
94.0
95.0
92.9
91.5
94.4
97.3
100.9
98.0
97.9
95.7
98.6
95.7
94.7
95.9
102.2
102.3
98.4
97.5
97.4
94.5
96.5
103.1
101.4
102.9
100.8
94.4
92.6
94.6
95.2
93.5
90.0
85.3
86.8
79.0
95.1
102.7
101.4
91.9
79.8
76.5
75.4
97.6
105.1
105.6
117.1
138.8
141.4
104.6
102.5
105.3
102.3
105.3
105.7
103.5
104.5
103.3
101.8
99.6
98.9
97.3
96.8
100.1
99.7
98.5
95.4
94.5
96.8
95.7
93.5
91.0
90.8
87.5
82.0
90.4
105.9
101.8
95.9
103.9
104.1
101.3
101.1
95.3
91.7
87.7
76.3
76.4
76.1
80.2
79.7
76.4
78.6
103.9
109.8
106.4
103.0
101.1
97.5
94.6
94.3
90.7
78.6
95.9
106.1
104.6
100.2
96.0
94.7
92.3
97.3
97.6
97.8
95.3
94.8
93.1
91.8
93.2
92.1
90.2
90.6
87.8
93.9
93.1
94.8
92.5
89.9
95.1
95.7
92.8
90.9
88.0
88.9
88.1
92.8
93.9
91.3
92.7
98.0
94.7
95.1
92.9
92.9
89.3
95.7
93.9
96.3
98.3
98.7
100.3
103.3
104.2
101.8
100.6
101.1
102.2
103.3
100.8
102.6
102.9
108.6
117.0
114.1
113.3
110.4
115.1
109.5
113.4
110.9
112.0
110.2
111.0
110.7
107.7
107.0
106.5
109.7
108.7
109.3
107.5
108.9
111.7
114.7
110.8
106.2
111.8
109.7
115.2
112.8
110.4
107.3
107.8
107.5
105.6
105.2
104.2
104.7
104.3
106.3
102.7
101.8
106.6
104.3
104.5
110.6
118.2
117.8
114.2
115.9
131.0
142.8
136.7
129.5
117.3
112.8
114.0
114.8
109.4
115.8
116.1
111.2
105.9
103.9
105.1
104.6
103.7
104.2
111.3
127.4
134.4
121.9
113.0
103.4
105.1
106.9
111.4
110.4
103.5
103.3
109.0
106.3
103.9
103.4
104.7
102.1
102.6
100.0
99.1
102.8
99.9
100.5
101.0
98.5
103.3
103.7
102.1
99.8
99.1
100.4
97.5
105.1
99.9
98.9
95.7
97.6
100.6
98.8
98.5
98.1
95.1
94.2
99.4
97.6
98.9
96.8
100.3
97.0
93.9
98.9
101.9
97.8
96.7
94.3
92.2
93.6
99.4
97.5
93.4
98.2
95.1
98.2
93.7
93.5
91.2
89.0
87.1
88.4
92.2
94.4
89.7
91.3
92.7
91.9
89.7
89.6
87.3
88.1
88.9
94.1
96.3
100.5
103.7
102.6
107.5
107.3
101.7
101.9
103.8
103.6
105.4
108.4
106.4
108.2
108.1
108.9
106.1
105.7
104.7
103.9
104.4
103.6
102.9
104.4
103.5
101.0
105.0
122.3
130.7
120.7
108.3
107.4
106.1
106.4
107.2
107.5
113.0
115.8
114.2
116.3
115.6
121.2
119.9
121.2
128.9
129.2
131.6
138.8
139.2
139.8
137.5
136.8
142.9
143.9
138.9
137.4
140.3
136.2
121.5
83.7
48.9
39.1
41.3
73.7
107.5
96.1
88.2
69.7
65.3
66.4
80.2
97.9
107.5
116.6
126.7
135.4
143.3
143.5
142.2
138.5
129.3
121.6
111.1
98.3
92.5
86.7
84.5
73.0
66.5
63.6
64.7
65.2
76.5
84.5
85.7
78.8
68.4
65.0
62.7
61.5
62.7
60.5
57.6
55.7
54.7
51.8
51.9
49.7
50.2
165.8
89.1
51.2
51.1
51.2
51.6
50.4
49.3
49.6
50.4
53.3
61.6
67.4
73.9
80.9
84.9
85.6
83.8
80.1
80.5
81.1
79.9
78.9
79.9
80.0
79.6
80.9
79.4
79.7
79.4
80.4
79.1
80.5
80.2
72.0
72.0
71.9
65.5
66.5
66.6
64.9
76.2
81.5
88.5
93.8
96.3
101.7
98.7
90.9
84.0
79.9
83.1
81.5
77.6
75.6
75.2
75.1
72.1
69.5
69.5
68.0
65.2
60.9
59.0
64.3
61.2
72.7
87.4
101.4
109.3
109.9
107.9
102.2
96.9
98.0
97.4
95.0
95.9
118.0
198.1
228.8
240.1
275.1
92.5
189.5
218.4
111.9
88.7
92.5
92.7
92.4
85.7
80.6
84.1
83.0
85.8
86.9
89.7
90.0
90.2
91.9
93.0
88.0
85.2
81.9
80.7
81.9
84.4
86.6
89.0
91.0
90.9
91.7
93.1
93.5
95.2
96.0
95.4
96.7
95.8
97.3
97.7
97.3
92.5
88.3
75.3
70.4
63.5
61.3
59.7
63.6
82.2
80.0
82.4
82.5
80.9
80.0
75.3
76.0
74.0
73.6
71.8
74.4
73.0
71.0
70.5
74.6
75.4
75.4
75.6
81.8
84.2
88.5
90.2
91.0
94.8
96.7
97.7
96.1
100.2
102.6
100.9
98.6
93.7
89.1
88.9
86.5
83.5
81.0
81.2
80.9
80.0
81.5
80.3
81.3
82.1
83.3
82.2
83.3
84.0
80.8
80.0
79.0
84.0
80.0
78.8
77.2
78.7
78.3
77.4
77.3
74.1
76.7
74.9
72.9
76.7
76.3
78.2
79.0
75.6
74.2
73.2
72.2
74.2
74.7
73.7
72.8
70.6
71.2
69.3
69.8
73.5
73.9
74.1
72.4
74.0
74.2
72.1
70.1
71.5
70.7
70.6
72.3
71.0
68.6
74.1
87.5
84.2
82.4
83.9
83.3
78.8
78.1
77.6
73.6
72.6
74.6
75.4
77.8
73.6
76.2
73.0
82.5
90.4
85.6
75.6
70.7
73.8
74.3
72.0
73.1
75.7
73.1
70.4
70.3
70.7
69.4
71.0
70.3
68.8
68.2
67.7
67.1
67.0
70.1
72.2
71.4
69.2
69.5
69.6
70.8
71.4
71.6
68.6
69.3
72.0
71.5
69.9
67.1
70.0
68.6
69.0
67.9
68.8
69.8
73.7
72.9
70.1
77.3
86.8
81.0
76.4
75.3
85.9
85.1
84.8
87.2
87.1
88.1
90.8
86.3
90.6
94.1
94.8
102.8
101.2
98.7
95.7
94.5
95.2
92.9
92.8
91.9
92.5
96.4
93.8
90.5
90.6
93.1
91.8
92.0
91.8
95.7
92.8
91.2
92.5
92.0
90.1
95.7
101.8
107.6
102.7
97.7
95.5
97.1
99.3
98.3
96.3
94.9
94.3
93.4
93.9
93.8
99.5
94.4
90.6
90.9
90.4
93.4
92.9
90.9
93.7
97.8
98.4
94.8
93.6
94.8
93.7
94.6
94.1
92.8
96.2
92.8
93.9
97.0
96.0
96.2
99.0
97.7
99.6
97.6
95.7
93.9
93.8
97.5
96.2
95.8
91.0
92.0
96.2
92.7
92.1
91.2
93.3
95.8
93.7
91.3
88.6
89.2
87.9
88.9
91.1
89.8
89.7
88.5
87.9
89.3
108.5
136.1
87.9
85.8
86.9
87.4
86.7
87.2
90.1
89.2
89.0
92.1
90.5
86.5
88.9
90.2
86.9
85.8
87.5
88.2
87.9
86.7
85.3
84.5
85.9
86.7
86.0
82.7
78.2
78.0
77.5
76.0
75.6
77.4
75.8
76.8
76.9
76.6
76.2
75.2
74.5
76.5
75.4
78.0
77.1
77.0
77.5
85.0
87.7
90.6
86.4
84.7
83.9
86.9
86.9
88.1
33.2
62.8
90.8
93.4
93.3
95.2
92.7
90.2
91.1
90.3
91.5
91.3
88.3
90.8
92.2
92.2
89.8
89.7
89.2
89.3
89.8
88.1
91.4
93.8
92.6
92.4
91.9
89.7
89.6
91.4
91.3
88.1
88.6
85.1
86.7
88.4
87.3
86.3
85.8
86.6
85.6
87.3
87.5
87.4
87.1
85.4
86.4
86.3
85.6
88.8
94.0
96.4
95.5
94.9
98.1
95.1
94.6
95.9
96.3
95.5
94.4
97.1
92.1
95.6
93.4
92.7
91.8
92.6
91.9
90.3
90.6
92.1
91.8
91.0
92.0
92.3
95.2
90.6
88.6
89.1
89.2
88.0
89.7
89.5
90.3
88.0
88.1
88.6
86.9
86.6
86.3
86.7
87.8
86.6
88.2
86.6
85.9
86.6
88.6
87.3
86.3
87.7
88.4
85.2
86.6
86.3
85.5
84.6
84.1
83.9
90.1
89.7
85.9
86.2
86.0
85.6
83.2
86.8
86.3
87.6
88.3
86.2
85.8
85.6
86.2
84.8
85.8
87.3
86.1
85.1
90.4
88.4
89.0
88.9
90.4
87.8
89.5
88.0
86.6
85.5
85.6
86.6
91.0
89.0
85.5
88.2
86.8
92.6
90.6
95.3
99.9
96.4
96.3
97.1
95.0
91.5
90.7
92.3
91.4
88.7
88.6
89.1
88.8
89.6
91.6
89.7
89.7
91.3
92.7
89.7
88.0
96.5
95.6
95.6
91.2
90.8
95.7
93.0
91.2
94.4
92.4
90.3
94.9
95.9
100.1
97.4
96.1
97.4
93.1
93.5
92.7
92.1
89.9
92.8
93.6
92.0
95.2
93.0
91.8
93.3
91.7
90.0
91.0
97.0
93.7
94.1
93.9
91.7
91.1
93.9
92.7
89.9
90.8
96.7
96.4
94.2
94.9
91.7
95.8
101.7
105.7
104.2
99.6
96.7
98.7
104.7
103.4
105.6
100.3
100.4
113.2
124.9
124.4
120.6
112.9
107.0
101.3
99.8
101.7
104.0
101.0
103.8
109.7
116.1
116.5
116.7
114.2
111.5
111.2
113.5
109.9
104.8
105.1
106.9
102.4
91.9
101.6
97.8
101.9
101.6
99.0
99.7
98.0
100.2
99.1
99.3
98.1
100.5
96.9
96.2
95.0
94.0
95.9
93.3
89.9
90.9
78.3
72.9
74.6
72.1
72.9
73.6
74.4
75.8
74.6
74.5
74.7
75.9
75.1
75.0
75.0
74.4
75.0
73.3
74.1
73.4
72.1
71.0
71.9
72.3
71.9
72.7
70.8
72.4
71.8
73.2
74.3
74.3
73.6
72.6
72.6
72.3
71.0
71.7
71.6
73.0
72.0
72.1
72.5
72.3
72.1
72.1
71.7
72.5
73.4
73.5
70.9
73.2
72.3
72.3
71.5
72.9
72.5
72.0
72.8
70.7
66.6
69.1
63.4
61.8
61.3
59.7
61.2
62.7
63.7
62.2
62.1
61.5
60.4
62.2
62.4
62.8
67.3
81.9
82.1
81.3
79.9
79.6
80.0
78.6
78.9
78.2
79.4
79.4
79.3
79.5
80.0
80.5
80.6
80.9
80.9
79.0
79.9
80.4
78.6
77.5
77.9
77.4
76.1
76.4
75.9
74.4
73.5
74.1
78.9
77.8
76.1
74.2
73.5
71.1
75.6
75.1
74.1
74.2
74.9
72.8
72.1
71.0
71.4
73.0
72.5
73.0
72.6
72.9
73.0
77.9
84.7
83.8
83.4
81.1
79.0
80.9
79.8
80.3
81.5
80.3
81.6
82.6
88.0
86.1
83.9
82.7
80.4
81.9
90.1
89.5
87.3
86.2
84.9
84.1
84.0
82.4
87.4
86.5
84.5
82.6
84.5
82.6
82.0
73.0
72.8
73.4
73.5
71.5
73.1
71.5
77.5
96.0
94.5
94.3
90.2
90.3
89.6
88.5
87.2
88.3
87.2
85.6
85.3
85.1
84.1
84.7
84.5
84.2
83.6
82.5
81.9
81.3
82.7
82.7
81.8
84.0
85.3
83.4
79.4
82.3
80.8
84.5
82.3
80.8
82.1
79.9
79.8
79.7
90.2
92.8
88.4
86.3
84.0
83.6
84.5
81.2
79.8
77.3
80.5
84.7
81.9
82.1
78.9
78.3
71.1
69.1
69.9
81.3
94.2
94.8
95.3
93.1
93.0
90.5
90.3
89.0
88.5
88.7
87.9
88.2
86.4
87.2
94.1
94.4
90.4
90.1
88.3
84.1
84.8
85.5
86.1
84.6
83.7
82.9
86.6
83.6
85.8
84.2
81.7
75.9
79.7
78.3
74.9
73.0
71.6
71.8
74.3
75.6
95.1
98.0
95.5
91.3
91.3
91.5
96.7
179.6
165.0
127.4
123.8
122.0
114.5
110.4
107.7
102.9
101.0
99.3
92.7
88.5
88.9
89.1
86.5
86.4
85.2
87.2
85.1
85.5
86.1
82.9
82.5
81.6
81.4
81.4
81.7
83.9
82.0
80.7
79.4
80.1
78.0
78.6
77.4
78.9
79.3
78.1
79.2
81.1
79.9
78.6
77.1
81.6
80.7
80.2
83.7
81.3
78.3
82.0
80.5
81.0
80.9
77.2
75.4
69.8
62.0
65.0
61.2
63.3
63.0
65.2
64.7
89.0
96.0
97.4
93.5
92.2
89.6
88.6
87.2
89.3
85.7
86.2
81.7
84.6
79.8
69.8
75.4
94.3
92.5
86.1
78.8
69.7
70.7
72.6
96.0
96.1
92.4
88.7
86.2
86.8
86.7
84.0
79.9
68.3
66.3
72.0
69.8
68.0
74.7
95.7
94.1
92.7
87.2
84.1
85.7
84.7
84.3
83.4
83.3
83.9
83.5
83.0
81.3
82.9
81.4
78.9
75.5
84.4
82.0
81.6
81.9
85.5
84.2
79.6
76.0
84.5
83.3
83.1
87.0
83.7
79.7
85.3
86.8
83.6
81.4
81.7
86.6
83.1
86.1
89.8
94.3
93.4
94.6
95.1
96.4
93.0
92.2
94.0
95.0
94.6
95.5
95.0
97.0
98.1
97.1
96.7
95.5
91.8
91.5
90.3
88.4
94.4
72.2
84.7
92.2
91.3
88.1
88.4
86.3
87.5
85.7
84.5
83.6
82.0
79.8
81.0
82.8
85.3
83.0
80.6
80.0
78.2
75.6
72.5
62.4
63.1
83.6
85.3
83.1
76.5
65.9
71.8
82.3
70.6
66.4
78.8
86.0
82.8
72.7
64.9
62.0
61.1
58.2
62.5
60.1
84.7
87.8
86.5
84.6
81.6
78.7
75.7
74.9
74.7
74.4
73.0
74.4
73.1
71.3
72.6
71.3
70.3
61.5
74.1
80.8
70.2
64.8
63.2
69.5
85.1
88.8
86.1
81.3
78.6
75.9
73.5
70.4
67.6
60.7
59.4
63.3
58.7
83.7
89.7
84.4
84.6
84.0
86.6
89.5
90.5
93.0
95.5
95.3
101.4
98.9
98.8
100.3
101.6
99.5
95.9
98.3
95.9
92.6
95.2
95.1
94.0
92.1
95.2
93.5
92.3
93.8
93.3
91.5
94.4
94.1
94.2
91.3
91.8
90.1
90.2
91.1
93.2
96.1
95.3
95.8
93.2
88.7
92.1
93.8
93.4
91.3
90.5
89.8
89.2
88.9
88.0
88.0
85.7
85.5
86.1
86.7
85.2
84.1
84.5
84.6
85.1
83.1
81.8
81.6
82.4
83.4
83.2
81.9
80.9
80.4
81.9
85.7
82.8
83.0
81.8
82.1
85.6
86.7
84.7
87.7
84.5
83.7
83.2
82.1
86.5
90.9
88.2
85.5
85.7
85.0
75.9
71.3
70.9
69.5
71.7
69.5
69.9
88.0
98.9
96.2
94.8
90.0
90.6
87.3
89.8
91.9
89.9
89.1
90.7
90.5
90.6
89.5
88.1
87.3
88.7
88.3
88.3
85.3
89.1
86.7
85.3
81.7
80.8
83.7
89.8
87.8
84.7
82.1
78.3
72.5
68.7
71.8
73.1
71.1
70.4
71.9
74.1
70.5
70.0
72.8
88.1
91.2
89.6
87.7
88.3
88.0
86.5
88.1
87.1
85.6
85.1
85.8
86.8
99.1
102.1
104.1
104.6
106.5
104.3
100.7
94.9
94.3
92.1
93.5
91.0
91.1
90.0
90.1
89.2
89.2
87.7
88.4
87.8
89.3
90.1
89.2
89.0
87.4
88.2
88.3
87.5
87.0
86.1
85.5
84.9
83.4
85.0
85.3
84.0
83.9
82.9
83.5
83.4
82.5
81.9
83.4
87.3
83.8
82.1
81.3
80.9
80.8
85.7
85.4
84.1
82.9
80.8
83.9
80.1
80.3
79.1
81.7
82.6
78.3
79.1
81.5
77.8
67.6
64.2
65.4
66.3
65.6
68.7
86.0
92.4
91.9
88.7
90.8
96.0
91.1
89.7
88.9
89.1
88.1
88.0
88.4
89.4
89.3
89.9
92.6
92.4
89.3
91.5
90.4
87.7
88.1
87.5
87.1
88.4
88.5
87.9
74.2
80.2
86.6
85.2
85.2
85.5
86.6
88.7
88.0
87.6
87.5
87.5
87.0
87.6
85.9
87.3
86.7
88.4
88.2
85.4
85.2
82.9
76.0
76.3
75.5
72.7
74.8
74.8
78.9
97.5
102.9
100.1
95.7
94.2
93.8
93.5
92.8
93.3
93.3
90.2
92.5
92.6
94.1
92.8
91.2
91.3
90.4
92.0
92.5
92.5
91.1
90.3
92.2
91.7
93.5
92.0
86.3
85.6
87.7
87.2
85.5
87.2
85.3
86.0
81.3
87.2
88.4
109.7
106.6
97.3
92.4
89.7
89.5
88.2
91.2
90.7
87.4
86.2
87.8
87.0
85.4
82.9
83.5
83.2
82.3
81.9
82.3
82.6
85.5
84.7
82.9
79.8
80.8
79.9
79.2
79.5
77.2
78.7
77.7
75.5
84.2
85.6
81.8
81.6
83.6
81.2
85.3
83.5
85.1
86.6
85.5
83.9
85.4
83.7
84.6
81.9
84.7
85.7
85.8
86.3
86.1
86.8
85.4
85.5
85.3
86.6
87.0
90.0
86.8
87.0
86.8
86.2
85.8
87.9
89.0
86.3
86.9
86.0
84.2
85.3
88.1
89.4
89.3
88.1
87.1
87.2
85.6
85.5
88.7
85.7
87.6
86.0
86.5
89.1
88.1
88.0
88.0
88.5
87.5
87.0
87.1
85.8
85.1
89.5
90.9
89.6
104.3
175.8
164.7
171.8
125.7
96.8
96.5
143.0
175.7
241.3
203.5
109.8
94.1
76.9
61.6
50.1
85.6
117.4
109.4
89.6
82.0
76.9
70.7
69.9
71.6
68.5
66.5
68.9
80.3
75.5
67.4
62.4
72.2
66.3
65.3
72.8
70.1
79.0
84.1
90.0
96.0
96.1
94.5
87.4
87.9
91.5
94.7
95.0
95.4
91.3
94.9
88.5
82.9
82.2
84.7
84.6
84.4
86.5
87.5
89.9
100.3
96.6
102.2
101.9
98.8
97.7
96.7
103.5
108.7
111.7
113.8
114.5
111.2
114.1
110.6
108.0
112.8
107.6
100.5
98.1
105.2
100.3
98.4
95.5
98.4
100.1
111.4
113.2
104.7
114.2
118.0
118.7
111.1
105.0
98.1
96.2
95.8
98.1
95.0
94.7
93.4
99.5
116.7
113.6
127.3
119.6
112.5
106.7
99.4
98.3
97.0
95.3
93.7
94.6
96.7
96.1
97.2
102.9
106.3
101.1
104.7
103.6
102.2
101.1
99.4
101.0
99.7
98.0
97.3
97.9
98.6
97.5
98.4
103.8
102.2
98.5
99.0
100.1
101.6
104.5
104.9
109.0
106.1
104.5
102.8
110.8
124.3
120.8
122.3
114.4
105.9
102.9
108.3
105.7
101.0
104.6
99.8
104.4
101.1
102.5
100.6
98.9
103.5
106.0
106.4
104.1
103.0
102.5
101.7
101.2
103.3
99.7
99.1
103.4
101.9
101.8
101.3
102.4
100.0
102.8
102.7
103.0
105.2
98.0
98.7
100.3
98.4
100.5
102.3
101.9
99.6
96.4
97.0
99.6
100.2
100.2
103.3
105.1
108.2
108.6
109.3
108.0
101.4
104.5
102.7
102.7
98.2
98.5
95.9
96.9
102.3
111.9
106.1
100.6
99.4
96.6
93.6
95.4
93.8
96.3
96.1
95.7
98.3
97.1
100.0
99.7
99.8
97.4
102.5
102.3
103.3
103.6
107.5
106.7
108.7
108.2
101.4
103.1
101.7
104.4
101.3
101.1
100.2
100.7
108.1
110.4
108.2
109.0
111.0
105.9
108.4
108.6
107.3
104.6
105.8
105.2
105.2
109.0
108.5
104.3
102.1
101.7
104.4
107.1
105.5
111.4
114.8
112.4
113.1
108.5
106.3
104.8
107.2
110.7
103.5
107.5
114.6
113.7
111.0
106.2
102.5
101.6
100.8
100.7
104.0
102.5
105.0
102.6
103.8
108.2
104.8
106.7
105.9
101.6
106.9
108.4
109.9
111.3
112.1
115.1
114.3
110.3
108.3
110.5
108.0
104.5
103.4
107.0
105.0
101.0
103.4
111.5
103.1
97.0
94.0
94.0
91.5
90.4
109.7
99.1
89.3
82.0
80.9
78.3
75.9
76.0
73.9
72.8
73.6
73.7
72.0
71.7
68.8
65.9
62.8
66.8
89.1
86.6
83.5
83.6
80.6
79.2
75.9
73.1
69.4
69.4
67.5
66.8
65.3
65.4
66.0
65.6
64.2
62.8
61.8
62.6
81.2
80.4
82.3
81.3
79.2
82.3
76.0
80.2
79.7
83.6
81.9
83.0
82.6
80.4
78.5
85.0
86.8
83.2
80.2
76.6
83.3
85.1
82.0
79.3
88.3
90.1
88.4
88.6
86.1
84.0
83.3
86.1
85.1
88.6
89.1
85.4
84.2
89.9
87.0
89.8
93.0
92.0
86.5
86.7
90.9
87.7
87.1
90.8
95.9
96.2
94.8
100.2
101.3
101.7
103.5
100.9
102.8
99.4
98.1
100.6
101.0
99.2
97.3
96.8
94.7
95.8
95.6
96.5
93.5
99.2
95.1
95.6
93.3
92.5
92.9
91.7
89.1
84.5
84.9
84.7
81.7
79.5
72.6
74.4
93.2
93.8
94.3
92.4
94.4
92.4
88.6
87.7
86.6
81.9
76.7
95.2
96.0
95.5
93.5
93.8
92.4
89.3
88.1
89.0
85.9
84.7
86.7
94.2
93.3
92.2
87.6
85.1
84.5
82.7
93.4
93.5
93.8
98.6
99.6
98.5
103.9
99.5
98.6
97.1
96.0
92.1
91.9
91.9
92.8
92.3
93.4
93.6
99.1
98.4
98.3
97.6
99.6
99.0
98.5
98.9
98.0
87.1
89.9
91.9
94.9
101.0
100.2
100.5
99.6
100.1
98.6
100.3
86.9
93.9
111.9
112.8
109.8
113.6
122.0
122.1
116.9
113.2
109.6
109.6
108.9
109.5
108.9
110.2
111.3
109.3
110.7
114.0
114.2
114.3
111.3
111.7
110.0
109.3
109.4
108.7
111.1
109.6
108.6
111.6
110.7
112.6
113.3
114.6
114.4
113.9
112.4
111.5
109.6
111.1
113.4
112.8
114.0
114.9
106.4
111.4
112.3
101.8
101.7
99.4
98.7
97.4
93.1
92.5
94.3
92.8
89.7
88.9
85.9
84.9
85.1
86.5
86.8
84.7
83.3
82.8
82.4
82.7
84.8
82.0
80.4
80.7
83.4
78.3
81.9
85.1
83.9
82.0
81.8
80.0
82.1
83.1
81.4
86.0
78.5
85.0
82.7
77.2
76.8
86.2
85.9
80.2
79.5
80.1
83.3
80.3
82.1
77.4
85.2
87.5
88.9
90.0
86.3
89.7
88.9
85.4
84.5
89.9
88.8
86.1
80.5
86.6
90.0
94.6
99.9
94.3
93.9
98.2
94.4
88.5
89.1
87.7
91.5
88.5
87.9
88.1
86.3
83.6
88.5
86.9
83.3
86.3
94.4
88.0
86.3
84.4
87.8
85.4
82.4
81.2
79.1
80.0
80.5
81.8
81.0
77.4
79.2
79.4
82.1
83.4
81.0
80.7
84.7
86.6
87.3
87.8
87.2
86.9
85.4
78.5
79.9
79.6
78.6
78.4
78.3
79.7
76.5
75.1
72.1
71.5
71.4
71.2
78.1
83.3
77.8
73.5
69.1
70.4
68.7
79.6
76.3
71.2
67.1
66.1
65.4
66.2
65.6
78.0
82.1
76.7
70.3
68.5
80.3
87.7
95.1
90.3
88.0
83.3
79.8
78.3
78.6
76.9
83.4
79.1
75.7
73.2
71.7
69.6
61.7
56.8
61.9
89.9
88.3
86.7
81.2
82.0
80.5
83.0
79.9
80.0
81.2
81.7
80.0
80.8
78.2
80.2
82.3
79.9
79.0
76.8
80.6
82.0
83.4
80.2
82.3
82.9
85.8
80.3
78.4
72.6
75.3
77.9
75.2
72.0
70.8
76.0
81.4
79.8
75.8
72.7
73.8
85.3
84.7
94.0
214.3
91.5
86.7
85.9
84.7
83.4
84.3
81.8
85.2
86.8
89.3
90.6
87.8
87.3
91.0
89.3
87.4
87.9
87.8
88.5
88.5
89.5
90.0
92.2
90.3
89.8
90.9
89.4
91.4
91.6
90.6
91.0
90.8
91.2
88.8
92.3
92.4
91.7
88.9
88.0
88.6
84.2
75.8
69.7
80.3
96.1
94.7
94.7
95.1
92.0
91.6
92.6
94.2
91.0
86.9
89.0
92.0
99.2
96.9
91.9
92.6
91.3
99.6
105.8
105.7
102.6
98.5
102.7
101.2
96.8
102.3
100.8
111.3
106.6
100.1
99.8
98.9
98.0
98.6
99.5
103.0
99.0
97.1
97.5
96.9
96.4
95.7
97.8
97.9
97.2
100.0
98.0
98.5
99.1
98.7
97.4
96.2
93.7
92.6
96.6
100.7
103.9
101.0
98.3
94.1
90.1
91.7
90.3
86.6
85.9
84.1
81.7
90.8
101.7
104.8
104.4
104.9
99.8
99.0
95.3
92.7
90.5
99.9
96.4
91.4
86.4
86.6
85.8
86.2
83.2
80.3
80.8
78.8
77.7
78.8
83.1
97.3
90.5
84.2
83.8
83.1
79.7
78.3
76.0
78.9
97.2
97.8
97.5
96.8
95.9
95.4
90.0
89.8
89.0
87.2
107.6
182.7
294.0
181.2
95.6
90.6
88.4
85.6
83.1
78.3
95.3
100.5
98.8
98.2
93.9
90.4
87.2
75.9
91.2
98.9
93.2
95.3
90.7
75.0
91.6
97.4
101.2
99.0
95.8
96.3
94.4
95.6
92.1
90.2
89.1
91.0
89.0
96.5
97.3
94.8
99.3
63.0
76.2
90.0
96.1
103.7
103.9
100.3
97.9
98.8
90.4
89.7
87.4
84.3
79.8
79.8
78.5
77.8
75.4
76.7
73.4
73.8
76.4
85.1
87.3
98.9
93.7
85.2
82.7
79.4
77.0
74.2
68.7
64.1
60.5
61.3
84.6
84.0
81.1
79.0
75.2
68.8
75.6
76.9
68.8
63.9
82.4
80.8
78.5
76.3
73.0
70.5
69.4
71.0
67.2
65.0
71.8
75.2
73.8
67.8
67.4
62.7
63.6
58.6
68.1
67.4
68.4
71.3
66.8
63.1
73.8
74.8
69.6
79.1
79.5
76.4
75.3
74.8
85.7
82.4
82.2
80.2
80.7
77.9
78.1
76.6
75.3
66.2
60.8
66.6
86.8
87.4
84.5
87.5
85.7
71.5
65.1
60.5
77.3
87.6
85.9
83.8
82.5
80.3
76.2
72.0
82.0
79.8
80.0
85.9
84.6
81.0
80.4
81.7
80.1
75.8
71.8
76.4
78.8
75.0
71.1
78.1
86.3
86.6
81.7
75.1
73.9
72.3
69.0
67.4
62.8
62.2
60.7
63.3
73.8
71.3
64.4
61.0
60.8
66.3
73.7
73.3
73.1
71.0
69.7
64.6
63.5
63.5
69.2
65.5
61.4
62.9
61.5
65.6
68.4
66.0
70.3
67.0
66.0
63.9
62.0
67.8
64.3
64.0
63.3
60.4
63.0
64.8
65.5
70.6
72.7
74.0
70.6
72.1
68.7
72.6
82.5
71.8
68.4
72.5
68.8
69.9
71.8
74.1
74.1
74.4
73.9
74.3
74.6
72.4
75.8
74.1
74.2
74.3
78.2
86.5
92.9
84.7
83.7
82.2
81.6
81.9
80.1
76.7
77.1
75.8
75.2
75.9
78.6
77.2
78.8
77.8
76.8
76.1
77.9
77.4
78.8
79.7
77.2
79.1
79.6
80.5
82.0
81.8
80.1
77.9
78.6
78.7
81.3
80.6
84.5
90.2
85.5
83.5
84.6
86.9
85.5
85.7
85.9
86.0
87.9
88.4
82.5
82.5
79.3
83.4
84.4
88.1
106.1
99.9
98.0
97.6
97.9
89.1
86.9
84.3
85.7
93.6
90.5
87.7
85.8
85.9
85.0
87.4
84.7
85.2
86.8
85.8
87.2
85.6
80.5
85.2
84.2
84.7
82.7
81.9
84.4
84.6
86.0
84.9
90.5
89.2
83.6
82.7
84.1
83.5
84.0
83.6
81.7
83.4
82.7
82.5
82.9
83.7
80.8
80.0
84.8
82.5
84.9
84.4
85.1
85.6
85.1
83.3
82.9
82.6
85.8
85.9
100.0
106.8
97.8
91.8
88.7
89.4
87.2
86.4
84.4
86.2
87.5
88.2
88.3
87.5
88.5
85.2
89.3
87.1
87.3
88.4
83.3
86.7
85.7
86.5
85.2
90.9
91.9
89.1
88.1
86.3
86.3
86.8
74.7
133.5
84.9
86.0
87.0
87.4
86.3
134.3
115.4
92.9
91.4
93.3
94.2
90.4
92.7
92.0
90.6
85.3
73.2
61.10000000000001
118.1
87.9
84.6
84.7
86.1
83.8
81.4
84.9
83.3
83.7
81.2
83.9
82.4
81.0
84.8
82.0
83.5
82.0
84.1
86.1
81.6
83.0
81.2
82.0
82.1
85.1
82.3
84.0
84.6
84.4
86.3
88.9
88.5
87.7
87.5
90.2
88.4
86.2
87.6
87.2
88.1
87.0
88.1
88.8
89.1
87.4
88.9
88.3
90.6
87.1
84.6
85.8
87.8
89.6
89.0
90.8
86.8
86.2
89.3
87.3
91.1
91.1
97.3
95.7
90.9
96.0
92.2
88.5
90.8
91.4
94.2
94.0
92.1
92.2
94.6
91.8
94.7
95.6
97.7
102.4
91.8
88.4
82.2
84.7
92.1
89.6
100.8
105.2
97.6
97.8
102.3
114.6
116.0
106.5
102.8
99.1
125.3
110.5
94.6
87.0
90.5
90.8
89.2
87.5
88.8
90.6
89.9
90.2
90.6
90.3
96.5
92.2
85.8
80.9
80.4
82.0
80.6
80.0
77.3
76.9
76.4
80.0
81.9
76.7
75.5
73.2
71.1
68.0
68.1
67.7
67.9
66.7
65.2
63.7
60.4
64.3
64.6
66.0
66.6
66.0
65.2
63.6
62.4
66.3
69.4
68.5
69.9
73.7
71.7
68.5
67.8
64.2
65.0
63.7
64.6
66.6
67.7
67.1
64.8
65.0
64.7
67.2
70.8
70.1
67.4
66.3
63.8
62.2
64.2
68.2
68.0
67.4
66.4
66.2
66.3
63.9
66.1
65.4
64.3
64.5
65.5
65.1
64.1
59.6
58.1
57.7
58.1
59.1
60.1
59.5
60.4
61.7
59.8
58.9
63.1
66.0
61.4
60.5
59.1
60.0
59.5
59.5
58.8
59.6
58.9
59.3
59.4
60.5
61.7
62.9
68.1
69.0
70.4
67.9
69.6
69.7
70.3
70.0
75.1
72.5
78.2
72.6
75.3
85.9
82.3
81.7
84.8
78.3
78.2
74.7
74.7
72.9
71.6
72.5
72.3
71.4
72.0
73.4
73.7
73.9
73.3
73.0
72.7
74.0
74.2
76.0
74.5
75.7
75.5
70.8
71.9
68.8
68.4
68.0
68.9
69.5
70.2
71.1
69.6
71.2
71.0
72.9
73.0
73.8
73.2
71.0
72.3
74.7
71.0
72.3
71.6
73.2
73.2
70.2
70.2
73.5
72.1
72.8
74.1
71.9
73.5
74.1
75.0
70.3
71.6
70.9
72.8
70.2
71.4
70.8
70.0
71.8
71.8
72.3
73.3
74.7
76.6
74.8
75.0
76.0
73.9
72.6
74.3
72.6
74.4
74.0
73.8
74.2
73.9
74.6
75.1
76.0
77.1
76.3
74.1
76.6
74.3
74.8
72.7
71.7
71.6
72.4
72.1
71.9
70.3
72.1
67.3
61.0
57.7
69.1
79.3
84.7
82.7
82.0
78.7
78.8
75.9
76.4
75.3
81.4
94.2
86.8
83.5
77.6
72.8
76.9
153.2
140.6
64.6
64.6
62.9
62.0
59.2
63.8
64.8
61.7
61.0
57.4
55.9
52.5
51.8
48.9
46.4
44.8
53.8
47.4
43.7
50.3
47.9
46.4
45.1
45.0
55.0
56.2
57.8
56.6
54.9
52.7
53.0
55.5
55.7
54.1
51.0
51.2
52.7
53.3
52.9
58.7
61.2
60.4
60.5
58.7
58.9
56.4
56.9
57.7
55.9
54.9
55.1
57.7
53.2
53.4
56.2
55.0
55.1
55.4
53.4
53.5
58.4
59.0
56.3
54.6
55.8
61.0
66.2
62.6
63.4
60.4
59.8
57.1
58.6
59.1
58.6
58.1
59.2
57.5
57.3
58.7
64.6
65.3
62.2
61.5
60.3
58.3
61.2
64.1
63.4
63.3
61.9
59.9
57.6
57.9
60.1
62.7
63.4
61.8
62.1
62.0
58.9
61.0
61.9
62.0
60.2
60.6
61.9
62.3
63.8
62.6
60.6
59.2
58.3
59.3
60.9
61.9
60.5
59.3
61.3
63.2
63.8
65.0
65.8
65.5
64.4
63.2
62.8
66.6
64.2
64.1
62.4
63.9
65.3
64.5
64.1
61.9
58.5
61.0
62.9
61.7
58.7
58.1
59.2
69.8
69.7
65.9
63.1
61.8
60.2
61.6
59.8
60.6
58.2
58.2
57.8
61.0
59.5
62.2
62.3
63.4
64.3
66.7
65.8
67.8
76.1
75.0
76.8
72.5
76.6
68.0
65.4
65.6
68.1
67.8
68.2
69.3
70.9
68.6
65.9
66.4
69.0
71.0
72.6
70.6
74.2
72.2
69.4
69.1
71.6
70.8
68.7
69.2
69.0
68.7
69.9
67.8
67.7
64.9
61.3
49.6
54.6
55.2
82.5
84.9
79.0
76.3
73.8
74.2
74.5
71.8
69.8
69.2
67.8
67.8
69.4
72.0
70.1
68.8
68.0
68.1
70.6
73.4
69.6
67.8
68.3
68.4
68.4
69.4
69.9
73.1
74.1
72.6
74.3
83.3
97.6
90.0
84.3
76.5
75.0
72.9
71.0
71.0
69.3
70.5
69.7
70.2
69.6
70.0
71.6
71.6
70.5
68.9
69.9
68.6
71.5
69.0
73.6
71.5
69.0
72.9
73.5
69.9
69.3
68.9
69.8
72.7
70.7
69.6
68.6
65.4
68.2
66.9
68.3
71.6
69.0
66.8
69.0
69.6
70.5
73.0
72.1
71.6
68.0
65.8
64.1
64.7
63.7
65.1
63.7
64.6
66.3
64.4
63.3
65.0
62.9
68.1
70.4
73.3
66.6
67.5
64.5
65.1
66.4
67.4
69.7
70.1
69.4
74.7
73.1
68.1
69.6
68.6
66.5
64.1
64.9
65.6
66.6
71.4
73.2
66.5
68.9
65.8
73.3
75.4
80.8
85.1
90.0
91.8
86.0
90.8
89.8
88.8
88.4
89.3
98.7
99.7
92.9
87.8
95.9
91.4
86.7
85.9
86.8
85.2
90.3
105.0
99.3
93.3
91.9
90.1
91.1
91.1
89.7
88.4
86.5
88.0
89.2
85.8
86.9
87.0
85.2
88.5
92.1
89.7
86.9
87.5
85.7
87.4
85.7
89.1
90.5
90.0
92.3
94.0
92.3
87.2
85.6
76.4
70.4
74.5
76.9
80.9
74.0
76.9
74.1
71.8
69.6
71.8
70.8
71.9
70.0
69.8
70.4
72.0
70.8
70.3
70.9
71.1
72.5
71.6
74.2
70.1
70.9
70.0
68.5
72.3
73.2
78.8
79.2
83.8
74.9
82.1
84.2
79.3
77.9
75.7
71.9
72.1
74.8
84.1
83.5
83.1
73.2
70.6
70.3
68.7
70.0
70.4
72.2
71.4
72.2
68.5
71.6
70.0
72.2
77.5
137.6
135.5
69.4
69.6
68.8
73.0
73.9
72.2
69.1
66.6
65.7
65.3
62.0
65.7
66.7
68.0
67.9
75.4
86.7
77.1
70.8
67.5
66.0
66.6
66.6
67.6
66.7
69.0
68.1
69.4
68.7
72.5
70.9
72.3
72.4
74.3
69.1
68.8
66.3
69.2
71.9
72.7
74.9
75.3
72.6
75.2
74.2
74.3
74.8
73.0
69.7
70.2
73.3
73.7
71.8
69.1
72.2
71.1
70.1
72.0
69.9
70.5
70.8
71.7
74.1
74.5
75.2
74.9
71.1
70.6
69.5
68.9
72.1
69.7
69.4
70.5
74.6
76.9
74.1
73.6
74.2
72.6
73.0
74.0
73.0
72.8
76.3
73.4
75.7
75.4
74.4
72.1
72.5
73.3
72.2
72.8
73.2
75.2
75.0
81.1
76.9
79.0
78.7
76.9
79.3
80.4
78.4
79.1
75.6
74.9
78.6
77.9
77.6
79.1
82.8
84.1
83.1
81.5
80.7
79.2
81.2
79.5
79.3
80.0
79.1
78.2
77.8
74.4
78.3
76.2
74.3
62.9
76.0
61.6
86.5
86.9
85.5
84.3
84.3
82.4
79.5
77.9
78.5
76.8
76.4
79.4
80.2
81.4
80.1
79.9
77.2
77.0
78.2
80.3
79.4
79.9
81.4
81.1
81.4
82.4
85.9
82.7
81.6
83.4
82.9
85.2
84.8
83.3
85.7
83.9
78.9
79.4
75.6
81.4
81.3
79.6
82.4
114.1
84.1
79.5
80.9
77.4
79.2
75.4
74.3
72.5
69.6
69.8
69.9
81.5
78.9
77.7
76.4
76.1
73.2
72.3
70.2
77.6
80.7
79.6
76.2
74.0
75.7
71.5
71.8
71.3
70.5
68.3
67.4
77.0
76.5
74.7
73.6
73.0
69.1
73.3
73.1
76.2
75.4
81.6
78.1
73.2
71.6
70.5
72.9
70.2
67.0
63.8
63.9
60.2
60.2
86.1
80.4
79.8
75.1
75.3
71.9
72.9
72.7
70.2
72.2
76.9
74.9
75.1
75.5
69.3
70.7
69.1
69.3
71.3
68.0
70.9
70.9
68.1
69.6
69.2
71.4
71.9
71.5
69.8
69.4
67.5
60.0
61.7
83.9
78.8
74.0
75.7
79.7
74.4
71.4
69.3
69.7
71.7
72.1
66.5
68.3
69.5
68.1
69.4
74.0
55.7
73.7
73.1
73.3
71.7
72.6
81.3
104.2
96.6
81.0
73.5
72.1
67.8
67.8
69.5
70.4
67.2
64.9
64.7
61.3
68.0
65.1
63.1
62.7
65.3
64.7
61.7
63.8
64.0
64.9
62.8
60.2
60.6
59.2
58.1
62.4
64.1
61.8
57.2
56.8
59.2
57.7
53.7
53.9
59.1
61.3
52.2
48.5
62.3
60.9
59.9
57.2
57.0
57.4
58.9
58.9
58.9
59.4
56.7
56.6
58.3
55.9
54.6
53.7
56.6
57.0
55.9
62.7
62.6
66.9
65.6
67.4
70.1
68.2
69.1
67.3
67.1
64.5
65.7
63.3
62.3
60.0
64.1
64.3
63.9
63.5
64.9
63.0
61.5
62.8
63.5
63.6
63.7
65.6
65.5
66.4
64.5
65.1
65.0
65.5
66.6
66.3
67.8
64.0
66.3
63.9
62.3
56.2
57.2
59.1
58.1
54.6
53.7
53.2
51.2
57.4
54.9
51.8
50.7
55.7
51.9
49.7
50.7
51.2
51.8
78.3
80.4
76.2
74.0
74.3
72.4
70.1
67.3
66.9
64.3
63.8
65.6
64.3
65.1
63.9
62.8
64.5
61.9
63.0
62.8
60.6
61.0
59.1
63.0
66.2
68.3
69.0
63.3
60.4
57.7
56.9
55.4
58.9
59.4
57.6
54.5
54.5
57.3
57.4
57.8
55.2
56.3
56.7
61.3
63.0
64.4
81.9
84.4
76.4
78.9
80.4
80.4
82.0
77.4
82.6
77.1
69.3
65.2
59.1
57.5
57.6
57.0
59.4
63.6
67.1
61.7
60.7
60.0
58.0
56.4
58.1
59.2
61.8
64.5
64.3
67.1
65.9
70.4
68.9
65.5
64.7
67.5
66.6
65.4
65.2
66.4
67.5
65.0
66.3
64.4
64.3
63.5
64.1
64.3
65.9
66.7
68.0
70.4
67.3
65.3
67.0
66.6
65.0
65.5
70.4
71.8
76.9
73.8
76.3
68.5
63.3
80.2
102.4
94.9
83.1
76.2
75.1
75.0
75.3
75.3
74.2
73.7
71.6
69.4
68.9
69.1
69.0
65.3
66.6
65.0
63.4
63.0
61.7
59.3
62.1
58.7
58.6
64.6
62.1
60.7
60.3
60.8
65.8
68.1
64.6
67.1
66.5
65.0
66.0
64.6
64.0
63.9
64.3
63.1
147.3
85.8
47.4
67.1
69.1
66.1
65.4
64.0
64.0
67.8
70.3
70.2
66.7
67.0
66.5
64.9
65.0
63.0
62.1
63.9
63.3
62.7
62.6
61.3
63.2
63.8
60.9
60.8
59.7
59.2
60.8
60.5
58.0
59.0
59.5
59.2
58.8
58.4
59.0
55.7
59.0
70.1
67.9
66.9
65.2
63.9
65.3
65.0
60.7
61.9
61.2
59.7
58.7
58.9
58.6
57.5
56.9
56.0
56.7
59.5
59.2
58.1
58.0
55.4
55.9
53.7
55.7
54.9
56.6
54.8
53.3
52.2
51.3
62.3
68.9
65.3
63.5
60.2
56.5
55.2
56.7
55.0
55.8
57.1
59.9
59.1
58.3
59.8
60.7
61.8
65.0
62.9
62.8
59.5
62.5
62.7
62.9
62.5
63.2
62.1
63.1
64.4
65.6
72.0
76.3
75.6
79.6
88.0
85.6
80.5
77.5
77.6
79.3
82.5
80.8
79.5
79.9
75.2
72.4
72.5
72.9
71.4
78.6
81.5
83.1
73.5
69.3
67.8
64.7
62.7
62.1
59.7
60.6
61.9
67.2
73.4
79.0
78.4
71.0
69.4
66.1
65.3
63.2
67.2
66.4
68.9
73.5
74.7
69.8
67.2
66.9
68.2
71.4
76.9
79.5
77.7
74.6
70.4
68.8
73.9
81.6
81.0
83.3
95.6
92.3
86.6
81.1
79.0
77.3
73.5
72.3
73.7
74.0
74.8
77.2
86.9
89.9
82.2
78.8
88.7
103.9
108.4
104.7
103.7
99.4
91.2
87.8
90.0
88.0
84.4
83.5
84.8
84.6
82.1
88.1
89.1
90.5
95.5
92.5
91.1
90.5
90.8
88.9
88.9
91.0
91.5
94.4
104.3
118.0
121.6
128.8
113.2
103.9
100.8
98.5
95.2
93.9
90.2
90.3
89.3
88.2
89.8
90.2
89.5
90.0
90.2
91.3
89.2
88.9
88.2
89.4
88.5
92.2
92.1
93.3
91.5
89.1
86.5
85.8
87.7
86.8
81.8
83.2
85.5
83.7
80.7
80.5
82.7
81.1
78.9
78.9
80.1
79.0
77.2
78.9
79.7
81.3
83.1
93.2
86.6
85.9
82.1
81.4
80.2
79.2
77.0
77.9
80.3
77.9
77.7
75.3
77.1
77.4
75.9
80.3
79.8
76.7
76.0
74.8
76.3
76.0
75.9
74.4
74.1
74.9
74.5
73.7
75.7
75.6
76.5
75.2
76.9
83.1
82.1
83.5
78.9
81.3
81.9
81.4
78.6
78.1
76.1
77.8
79.3
80.2
80.3
82.8
83.9
85.6
85.3
82.6
81.5
81.1
82.6
82.5
84.2
91.4
126.8
91.7
92.7
92.0
92.2
93.9
92.8
88.2
88.9
91.5
91.6
95.5
91.8
89.4
94.6
95.6
96.5
96.4
89.7
88.0
88.0
89.5
93.6
97.0
92.8
91.0
90.8
88.8
87.5
85.8
87.2
87.9
86.7
84.9
84.6
84.9
83.7
82.5
83.2
82.0
82.1
82.5
82.5
80.4
79.2
78.3
80.1
78.0
78.9
79.3
80.4
78.0
78.4
79.5
81.9
88.1
84.7
85.9
88.3
89.4
88.7
88.3
89.4
88.3
87.9
86.2
86.0
87.8
86.5
85.7
85.7
85.6
87.9
91.0
87.8
89.7
90.4
92.9
94.5
94.2
96.6
97.3
93.8
100.7
93.7
93.4
91.1
90.8
89.2
96.5
101.3
102.3
101.7
98.7
93.4
97.1
98.5
98.1
97.5
100.3
100.8
104.5
102.4
97.6
98.0
101.6
95.7
90.6
91.6
91.7
93.1
93.5
94.8
98.9
97.0
96.0
96.4
101.3
101.3
102.6
100.6
98.2
98.6
102.9
99.3
98.3
99.0
101.3
103.7
113.0
111.2
115.2
114.0
111.0
103.7
106.2
106.8
97.1
94.5
90.6
88.3
92.1
94.3
95.7
94.9
95.9
97.8
96.4
90.7
90.9
90.7
96.1
93.6
92.8
91.2
89.3
86.9
83.7
82.8
82.1
80.9
79.7
77.9
73.6
71.6
71.4
72.0
73.8
74.3
73.6
73.2
71.8
72.5
70.9
68.8
68.2
67.9
68.3
68.5
70.4
72.6
73.5
71.9
71.4
72.5
71.4
72.1
73.7
73.7
74.2
73.2
73.3
73.6
75.2
74.0
74.8
75.8
73.9
73.4
73.6
74.7
75.2
75.5
75.2
76.2
75.7
75.5
75.9
75.6
75.6
76.4
76.4
75.4
75.3
76.0
75.0
75.8
76.6
75.8
75.9
75.9
77.6
76.6
76.8
76.3
75.1
77.2
76.6
76.3
76.9
77.5
77.9
76.9
77.6
77.4
77.5
77.3
77.3
78.7
77.9
77.9
78.9
78.0
78.8
79.1
78.6
79.0
78.8
78.6
79.0
79.8
78.6
79.6
80.0
80.6
80.1
80.4
79.0
79.8
80.5
79.6
80.0
80.8
81.6
80.9
81.6
81.6
81.2
81.2
80.4
79.1
79.1
80.1
79.8
80.8
80.4
80.7
81.0
80.4
81.3
80.6
82.1
81.8
82.1
80.6
78.0
80.4
79.0
78.2
78.7
79.6
79.5
79.3
80.6
80.8
80.8
81.4
81.9
82.1
80.4
80.4
81.1
81.3
80.9
82.5
81.3
80.4
79.0
78.8
80.0
80.1
81.0
81.4
82.4
81.5
80.4
81.5
79.5
79.2
78.5
79.9
80.9
90.8
94.4
95.7
99.2
97.4
95.6
96.6
97.4
99.5
96.3
95.8
95.0
97.0
95.5
94.9
94.1
97.3
101.1
99.3
102.5
101.5
98.4
103.0
109.0
114.4
116.0
120.6
119.2
116.8
114.4
114.1
126.2
119.8
119.6
113.3
119.8
126.9
117.0
111.4
106.6
103.9
98.6
97.7
96.6
97.1
96.4
95.3
94.1
87.3
75.6
76.4
79.4
83.2
91.3
89.7
87.1
86.4
87.7
88.3
88.3
89.5
86.9
86.3
88.4
86.5
87.3
86.1
85.3
85.0
85.8
86.4
85.0
83.3
82.5
82.6
81.5
80.6
80.5
80.5
79.5
79.7
79.3
78.4
78.1
79.4
79.0
77.8
77.3
76.9
75.5
76.3
77.2
76.7
78.8
76.5
77.4
77.4
77.6
76.4
78.8
78.1
78.0
77.2
77.7
76.7
78.3
78.0
78.0
79.3
78.9
78.0
77.0
76.7
79.1
83.7
84.6
84.7
85.7
84.3
84.1
87.3
89.3
89.1
89.1
86.8
89.9
88.7
89.1
90.1
89.4
87.1
85.4
85.0
85.4
84.7
86.8
92.1
88.8
92.3
91.4
89.4
89.6
90.1
91.2
91.2
89.5
89.4
88.9
88.3
89.2
92.3
89.0
89.3
89.2
89.4
91.8
93.8
95.3
102.4
101.0
90.9
88.1
89.4
87.3
85.4
85.9
82.2
80.7
79.6
80.1
81.3
82.8
83.2
78.4
77.0
77.1
76.7
75.3
76.6
75.4
74.8
75.8
75.0
75.2
75.2
75.5
75.3
74.7
71.7
74.9
75.5
73.4
74.7
73.4
73.2
73.8
72.7
75.3
74.6
74.7
74.2
73.5
74.1
74.0
75.1
75.0
72.2
73.8
73.5
70.7
71.7
72.4
71.5
63.0
71.7
79.0
78.3
77.0
76.2
78.7
75.7
75.1
74.7
74.9
72.8
73.8
72.6
65.5
75.7
80.9
77.5
76.3
74.7
77.5
78.2
76.4
77.5
74.8
74.4
73.4
76.8
76.9
76.8
75.1
67.1
64.2
79.5
84.1
82.4
82.0
84.0
84.6
84.1
80.9
81.4
81.6
81.3
82.1
81.7
78.9
82.0
79.3
81.7
81.9
81.1
82.4
83.8
89.4
83.2
82.7
84.1
81.6
83.0
83.8
83.0
83.0
82.6
86.4
89.0
91.0
89.8
88.8
87.6
85.8
80.9
81.2
79.8
79.1
79.2
81.7
80.0
81.8
80.4
78.3
81.7
83.0
82.9
80.6
80.5
79.7
79.9
79.2
78.7
79.0
77.6
80.0
81.6
82.9
80.5
80.1
79.0
78.9
76.5
76.0
76.8
69.4
66.1
79.3
80.1
78.6
77.4
69.8
196.6
209.0
195.4
143.7
81.4
81.9
91.0
86.7
84.1
83.4
81.1
83.1
81.2
80.2
83.8
108.7
111.1
107.2
95.2
84.9
85.4
83.5
78.7
76.6
77.4
78.2
77.5
78.8
78.0
78.4
79.3
77.0
79.4
78.0
77.2
76.2
75.2
73.9
74.1
73.8
76.4
74.3
73.9
68.4
64.9
64.6
84.6
89.4
85.8
87.6
91.3
84.8
82.8
80.9
78.8
80.6
79.4
77.8
78.2
77.2
76.6
75.8
80.5
78.8
77.3
74.1
71.2
65.5
67.3
65.1
87.2
79.9
66.2
64.6
63.8
63.7
82.1
90.0
84.8
72.5
64.0
61.5
61.6
68.4
89.0
89.7
86.8
82.1
80.3
79.1
76.9
79.3
79.4
77.0
75.7
73.9
71.8
60.9
69.4
84.7
82.7
76.3
67.1
62.4
69.8
79.1
85.8
90.2
87.5
83.9
82.0
80.0
76.8
77.2
74.2
75.1
72.8
74.4
75.8
72.6
74.8
71.8
64.8
59.4
59.9
59.1
69.4
89.6
88.3
85.8
85.0
87.2
85.3
84.3
81.1
80.9
79.6
78.8
80.5
76.9
77.6
78.0
77.3
77.5
80.6
85.0
81.9
79.6
76.6
75.3
76.3
74.1
76.0
74.7
76.2
76.4
74.1
76.5
74.4
76.2
74.7
75.0
76.2
75.6
72.1
73.1
80.0
86.7
84.9
81.2
76.8
75.5
73.6
68.0
70.3
65.2
78.6
85.9
71.0
62.9
64.3
82.1
92.5
89.7
89.3
84.8
81.1
82.1
79.5
77.1
72.6
65.9
76.9
92.7
94.8
93.2
91.1
89.3
93.7
92.2
91.2
93.4
96.5
96.8
93.9
96.7
97.9
97.9
97.0
101.4
108.3
123.8
111.8
102.7
101.3
99.1
98.0
84.2
99.4
99.8
108.8
124.8
115.9
112.3
109.5
110.5
104.9
106.4
106.3
103.2
108.3
124.6
123.0
113.7
108.5
103.6
97.4
98.2
95.1
80.2
75.7
75.2
73.8
72.8
72.6
73.7
73.4
74.8
75.4
76.6
77.9
75.8
76.6
76.3
77.2
77.6
77.2
78.0
76.4
76.8
77.4
76.3
75.4
75.7
76.2
76.1
76.0
73.3
73.5
75.3
72.7
73.9
69.7
73.2
70.5
68.6
62.3
72.4
60.2
65.4
58.7
72.7
70.2
72.8
72.8
69.6
68.2
68.5
69.5
65.2
57.2
42.2
83.8
75.8
56.1
51.1
65.3
71.4
70.3
72.5
70.5
69.3
70.3
67.2
69.8
67.0
70.6
68.9
69.6
69.0
66.3
67.0
67.5
68.3
68.7
66.4
68.8
68.5
67.0
68.2
67.5
67.6
68.6
66.6
68.8
66.2
68.6
67.7
67.6
68.2
65.9
62.4
62.3
58.4
55.9
54.3
54.6
53.5
58.2
76.4
74.7
72.2
72.8
72.4
69.8
71.8
72.3
72.8
71.0
75.2
74.0
71.8
72.9
72.3
73.6
73.0
73.7
74.2
76.5
77.0
77.5
77.4
74.7
71.6
73.2
73.8
78.1
76.8
73.6
74.9
75.0
69.8
75.5
74.3
73.0
71.6
73.6
74.3
78.7
83.9
73.1
75.5
76.0
75.5
74.3
74.4
74.2
74.3
75.9
75.7
73.8
74.0
72.9
74.8
77.7
76.8
76.6
77.1
75.1
76.7
78.5
75.0
75.2
73.7
75.9
75.7
76.8
74.7
77.1
74.8
73.9
69.8
63.8
69.5
69.7
70.2
83.0
83.9
81.6
78.7
80.8
77.3
78.4
80.8
80.0
79.1
63.7
62.4
81.1
79.5
78.8
82.4
84.6
85.6
81.7
80.5
82.8
96.7
99.2
95.8
90.8
86.5
85.7
86.6
83.4
85.8
83.9
83.3
83.8
84.6
86.4
82.1
84.4
86.7
83.0
83.3
79.3
77.5
85.8
76.9
77.7
89.3
88.2
89.1
86.8
87.6
84.5
83.7
86.8
85.2
85.0
83.1
81.7
83.0
83.5
83.3
81.6
81.2
80.5
74.2
79.9
72.7
82.8
88.3
87.3
87.6
82.3
85.8
82.5
83.9
83.9
85.3
84.6
84.8
83.2
79.9
74.5
86.3
88.5
87.0
86.4
84.0
82.5
82.6
82.6
81.5
81.3
81.2
83.5
82.2
72.1
86.7
86.5
85.3
84.9
97.5
137.0
109.1
97.4
100.8
100.3
99.3
98.8
97.1
96.0
92.1
90.3
93.2
91.6
93.1
94.3
93.0
90.7
92.7
92.6
91.0
92.5
92.5
93.9
93.3
90.0
89.1
90.5
93.4
92.6
92.1
91.6
91.3
91.9
92.7
89.9
89.4
92.2
91.4
90.9
89.6
91.6
90.4
92.6
92.8
93.7
95.7
98.3
96.7
95.2
96.9
96.6
96.7
95.5
93.0
90.5
91.94727272727273
91.42090909090909
90.89454545454545
90.36818181818182
89.84181818181818
89.31545454545454
88.7890909090909
88.26272727272728
87.73636363636363
87.21
86.68363636363637
86.15727272727273
85.63090909090909
85.10454545454546
84.57818181818182
84.05181818181818
83.52545454545455
82.99909090909091
82.47272727272727
81.94636363636363
81.42
80.89363636363636
80.36727272727273
79.8409090909091
79.31454545454545
78.78818181818181
78.26181818181819
77.73545454545454
77.2090909090909
76.68272727272728
76.15636363636364
75.63
75.10363636363635
74.57727272727273
74.05090909090909
73.52454545454546
72.99818181818182
72.47181818181818
71.94545454545454
71.41909090909091
70.89272727272727
70.36636363636364
69.84
69.31363636363636
68.78727272727272
68.2609090909091
67.73454545454545
67.20818181818181
66.68181818181819
66.15545454545455
65.6290909090909
65.10272727272726
64.57636363636364
64.05
63.52363636363636
62.99727272727273
62.47090909090909
61.944545454545455
61.41818181818182
60.89181818181818
60.36545454545455
59.839090909090906
59.31272727272727
58.78636363636364
58.26
57.733636363636364
57.20727272727272
56.68090909090909
56.154545454545456
55.628181818181815
55.10181818181818
54.57545454545455
54.04909090909091
53.52272727272727
52.99636363636364
52.47
51.943636363636365
51.417272727272724
50.89090909090909
50.36454545454546
49.838181818181816
49.31181818181818
48.78545454545454
48.25909090909091
47.732727272727274
47.20636363636363
46.68
46.153636363636366
45.627272727272725
45.10090909090909
44.57454545454546
44.04818181818182
43.52181818181818
42.99545454545454
42.46909090909091
41.942727272727275
41.416363636363634
40.89
40.36363636363636
39.837272727272726
39.31090909090909
38.78454545454545
38.25818181818182
37.731818181818184
37.20545454545454
36.67909090909091
36.152727272727276
35.626363636363635
35.1
101.8
111.0
114.6
111.6
114.4
110.7
108.9
118.2
121.8
107.6
114.0
107.5
104.9
107.5
108.1
105.4
101.1
100.3
98.8
101.5
102.3
102.5
108.6
107.6
108.3
103.4
103.0
104.6
103.9
100.1
98.3
94.4
98.1
100.9
98.1
98.1
97.9
98.1
96.5
92.5
99.1
98.6
97.2
95.6
97.5
95.7
94.3
94.2
92.2
94.6
93.7
94.0
91.6
91.0
89.3
95.6
94.9
93.0
90.9
90.6
87.6
88.0
86.5
86.5
86.3
86.6
85.6
87.4
87.8
88.3
88.6
89.3
90.7
89.4
87.6
87.4
86.8
84.7
86.7
85.4
83.5
84.0
81.5
76.5
84.9
92.7
96.1
94.1
90.5
91.1
90.5
87.7
87.2
85.4
86.5
85.6
84.3
83.3
84.1
84.6
89.8
87.8
85.5
86.5
82.3
84.2
82.8
85.1
89.6
89.1
90.1
89.4
88.0
89.8
87.0
91.0
88.8
89.9
91.1
90.8
91.7
92.8
93.1
95.7
96.6
97.4
100.4
104.8
108.1
110.0
109.9
110.4
103.0
101.4
99.0
100.0
106.1
106.7
99.9
99.6
98.8
100.0
99.8
99.4
102.3
103.3
100.4
99.9
97.0
100.3
101.0
99.1
99.2
102.0
108.9
111.4
107.0
66.1
101.9
102.2
101.1
101.3
98.9
95.5
92.7
96.2
95.1
97.6
96.8
95.9
95.0
96.2
93.2
95.9
91.6
94.1
93.9
93.0
93.8
93.8
92.1
91.1
90.5
90.4
91.7
90.9
93.8
95.5
94.6
94.7
95.7
96.5
98.0
95.3
96.8
97.9
97.1
97.9
95.9
96.3
95.7
93.3
97.7
94.4
96.8
100.6
98.7
96.5
97.4
98.4
98.8
97.4
96.5
95.4
95.7
95.7
95.7
95.3
94.5
94.5
95.8
98.6
97.0
95.7
94.3
95.2
95.0
95.0
95.0
96.5
97.2
98.4
96.6
97.8
96.3
97.2
95.6
96.5
97.7
95.4
95.9
95.0
97.3
96.4
97.8
100.5
98.7
97.3
96.4
98.0
100.2
99.3
98.4
99.0
100.6
98.5
100.2
101.2
102.0
103.0
101.4
101.5
98.6
98.9
96.3
97.4
96.3
98.0
100.8
99.5
98.5
97.5
98.9
98.8
99.0
100.4
100.0
102.3
100.2
100.0
101.7
102.1
101.6
101.5
100.9
104.6
102.1
100.1
101.1
101.7
102.8
112.6
114.6
99.3
102.6
105.3
106.5
104.8
103.4
104.4
104.8
104.3
103.3
103.5
101.7
103.0
103.6
93.8
80.9
79.4
78.2
76.0
75.3
75.3
75.8
72.6
70.2
69.3
68.2
69.0
67.5
66.4
66.6
66.7
66.9
68.2
69.1
69.0
67.1
67.3
67.2
66.9
67.5
67.5
66.2
66.7
66.8
66.7
68.5
69.3
72.2
73.5
71.3
69.5
68.7
69.1
67.8
69.0
68.9
68.1
68.7
68.2
67.5
67.6
67.7
71.8
72.0
71.3
73.9
71.3
73.1
75.6
72.4
74.1
74.3
72.5
74.2
72.1
74.7
77.0
81.6
81.5
82.8
82.7
83.0
83.0
82.8
83.3
82.5
81.8
84.8
85.1
85.9
87.5
88.1
87.9
87.5
87.3
87.8
87.1
88.1
89.2
89.3
88.0
88.3
88.3
87.9
90.2
93.4
90.5
91.8
89.3
86.7
87.8
89.8
87.6
87.9
87.3
85.0
86.4
86.5
87.4
88.2
88.8
88.7
91.7
92.9
93.4
94.1
96.7
96.1
96.1
93.5
92.9
90.0
91.4
91.1
90.6
95.7
89.7
89.6
88.1
89.7
90.0
89.8
92.3
91.5
89.2
91.1
90.2
93.7
95.4
94.5
94.6
91.4
92.3
93.3
92.6
94.7
94.7
98.8
99.7
100.7
108.2
106.3
100.8
100.0
102.3
102.0
102.9
99.0
97.9
98.5
101.5
103.3
105.4
106.8
101.8
99.7
105.3
104.6
100.0
99.5
97.6
102.5
100.7
103.9
99.9
97.4
95.6
95.9
96.0
95.5
94.9
101.4
107.0
108.4
107.5
108.9
104.2
101.6
102.6
99.0
100.1
102.2
101.0
100.8
103.2
102.3
101.8
102.5
98.9
97.6
96.6
96.5
98.5
100.2
100.2
101.5
102.9
102.5
104.3
104.5
109.0
118.7
120.8
123.8
127.2
127.7
129.6
131.6
138.7
139.8
136.7
108.4
96.3
90.0
87.6
94.6
97.2
109.9
106.9
99.7
95.7
98.7
98.6
98.4
101.0
101.5
97.9
92.6
92.9
91.4
90.1
91.7
91.6
90.1
90.4
89.3
88.0
90.9
92.3
92.2
92.8
93.5
90.7
91.9
92.2
91.2
92.6
92.4
91.9
94.1
94.6
91.7
89.1
90.3
93.3
93.0
92.4
90.8
89.9
89.1
83.5
87.1
88.4
89.8
87.4
88.2
87.7
87.2
86.0
85.0
86.5
85.4
85.9
84.7
85.4
82.5
84.6
82.9
83.0
83.5
82.5
82.7
81.9
82.8
83.2
84.4
83.8
82.8
84.9
82.6
82.3
84.9
84.9
85.0
84.7
85.4
84.2
83.9
84.0
84.6
82.2
80.0
71.5
71.1
69.4
76.5
81.7
85.4
86.1
84.6
84.3
84.4
83.4
84.6
83.9
82.6
83.2
83.9
82.5
81.9
83.6
84.8
84.4
83.5
81.0
80.6
72.7
69.7
67.3
66.7
65.0
62.8
62.3
63.5
62.8
63.8
63.4
82.0
85.3
88.4
89.1
88.4
87.9
88.5
89.0
87.2
85.9
86.4
86.8
86.5
86.7
86.0
85.8
88.8
90.1
89.1
85.8
88.1
87.0
88.1
188.3
213.0
88.7
86.3
86.2
89.3
85.0
85.3
83.9
85.0
83.7
87.0
87.2
89.3
88.0
86.9
89.4
89.3
88.0
88.8
85.3
86.9
88.3
86.5
85.8
86.3
85.2
83.4
84.1
84.8
83.3
85.9
87.0
84.9
85.6
85.2
84.0
84.3
82.4
83.6
84.4
85.3
86.1
84.0
77.4
89.7
90.4
89.2
85.9
84.9
78.8
82.3
90.9
90.8
91.5
89.7
89.5
89.6
87.6
87.7
86.0
82.5
84.7
74.4
79.7
90.1
93.4
94.1
94.9
93.9
94.2
93.4
93.5
94.0
92.6
92.8
91.0
90.5
91.0
91.2
91.8
92.9
92.3
91.4
91.9
89.2
89.9
89.3
91.5
89.5
88.5
89.5
87.9
87.7
89.2
85.6
90.2
89.3
88.5
87.1
86.9
87.5
85.4
80.7
78.2
81.4
95.2
98.5
96.0
99.6
96.6
93.0
93.9
91.8
91.5
95.1
92.4
93.8
92.4
94.0
93.5
91.9
93.7
93.1
92.8
92.2
90.9
89.8
91.1
91.4
91.6
92.1
90.9
90.3
89.5
88.6
88.7
88.4
88.8
86.7
87.5
87.8
88.8
88.8
86.3
78.7
92.0
92.1
94.2
94.4
95.9
95.7
96.3
100.2
105.3
98.6
97.4
97.4
97.2
95.1
93.8
92.5
93.7
94.1
94.2
95.7
92.6
91.4
92.2
90.7
87.5
78.6
82.8
75.6
84.2
76.9
81.3
76.2
79.0
74.5
72.5
75.4
72.5
69.0
75.7
99.7
103.6
103.2
100.0
98.4
98.2
97.6
95.0
93.8
94.0
96.3
97.9
93.9
91.7
92.6
91.0
92.7
91.4
92.1
90.4
89.0
90.6
90.2
89.0
87.4
87.9
90.1
90.6
88.4
86.1
87.1
87.9
87.3
86.7
86.2
85.1
85.2
87.4
86.2
79.6
73.1
69.4
75.5
73.1
72.6
81.5
101.0
103.7
102.0
99.5
98.7
97.9
96.1
95.0
93.6
90.7
91.6
91.9
90.7
92.0
91.0
94.2
93.3
94.0
93.7
91.6
93.2
91.3
92.3
90.9
93.6
96.0
92.7
95.9
95.9
95.8
97.5
96.3
95.6
95.5
97.8
101.0
102.4
101.8
103.0
106.4
106.1
107.3
109.9
113.1
110.6
111.2
111.0
110.6
111.5
112.7
114.6
114.7
113.7
111.0
112.0
112.0
108.6
107.4
104.8
101.1
102.8
104.3
100.6
99.1
99.6
101.4
100.8
98.7
98.2
97.7
97.0
98.5
99.9
101.9
98.7
99.3
97.5
97.7
97.4
95.1
96.3
93.7
94.0
94.4
93.8
99.7
97.3
95.0
94.1
92.8
93.4
95.0
95.7
94.9
93.3
93.2
91.4
91.0
91.3
91.6
90.4
89.1
92.3
95.0
95.1
94.4
95.7
94.2
94.3
93.0
90.9
89.8
89.3
89.0
91.1
96.7
98.8
96.5
96.2
94.0
90.5
91.3
91.9
90.6
95.1
95.6
75.2
21.2
95.7
95.0
99.7
97.7
95.9
92.2
92.8
92.0
93.0
90.6
93.8
91.8
95.5
97.2
94.6
91.5
91.0
91.7
91.6
94.5
89.8
93.3
95.9
99.6
100.1
98.8
97.3
102.1
98.4
97.8
96.1
96.5
97.8
100.7
101.1
101.9
101.2
99.3
101.5
99.8
96.1
95.8
96.8
97.5
97.9
96.4
94.7
93.0
94.3
96.3
98.6
101.5
100.8
101.8
100.9
101.0
100.0
99.1
101.0
98.6
93.7
95.7
92.6
94.5
92.9
93.1
92.1
92.0
99.6
99.0
98.0
97.1
94.0
93.7
97.6
97.9
98.8
98.0
95.3
92.6
90.7
89.0
93.0
92.8
92.2
93.2
91.4
89.7
91.1
90.5
89.2
89.7
89.3
90.3
89.1
90.0
88.8
89.4
90.8
91.1
89.1
91.2
88.6
88.6
88.1
88.4
89.3
88.2
87.8
86.5
88.3
87.9
93.7
94.0
94.4
94.2
94.1
92.7
90.4
91.9
92.8
91.7
94.3
94.7
95.3
95.2
98.8
99.2
97.3
99.0
100.6
97.2
103.2
126.3
126.4
114.9
121.0
112.6
115.3
117.1
119.2
117.1
121.5
115.0
109.6
110.4
122.5
118.1
117.9
107.2
110.0
119.8
117.3
116.9
116.2
114.7
111.6
113.5
115.1
117.0
118.4
119.0
120.7
116.5
114.1
112.3
112.7
111.1
114.8
113.0
112.8
110.3
107.4
108.5
109.8
117.9
114.6
108.2
106.2
104.5
107.1
110.2
109.9
108.7
110.9
113.1
108.9
108.3
104.2
106.7
112.4
112.1
109.6
109.3
105.0
103.4
102.5
102.1
99.6
98.8
98.8
97.3
101.2
101.9
100.3
98.9
94.7
94.9
96.8
93.5
93.2
91.9
85.2
83.1
82.0
81.8
82.5
85.3
85.2
86.5
86.2
86.1
88.8
90.8
88.2
87.6
88.3
89.9
90.8
88.8
84.0
87.5
86.7
88.5
88.9
86.7
87.5
85.8
87.3
86.4
89.9
90.3
83.9
80.7
81.1
80.6
82.0
83.8
84.3
82.8
82.8
82.1
82.9
82.4
82.5
84.0
85.9
86.7
85.7
85.9
84.3
81.9
82.3
83.3
85.5
85.2
84.1
84.7
85.3
84.9
84.6
83.9
85.8
84.7
83.4
87.3
82.4
84.0
89.0
87.7
85.0
88.2
89.1
86.3
88.9
88.3
85.7
85.2
87.2
86.6
85.0
85.1
87.5
89.4
89.3
88.3
85.6
86.3
87.1
85.7
86.8
85.4
88.4
87.0
88.8
86.4
85.9
91.1
91.6
92.8
94.2
94.8
95.9
93.2
100.0
100.5
101.5
100.0
100.6
102.8
100.8
100.3
102.1
101.4
101.1
104.1
105.8
104.1
102.8
102.6
102.6
103.0
103.8
102.1
107.4
114.0
118.6
115.7
117.4
121.7
114.8
120.8
115.7
113.6
112.1
109.6
110.6
109.8
110.0
107.9
106.9
108.4
107.6
108.3
106.6
105.9
105.5
107.3
106.2
106.4
107.9
113.3
116.8
121.4
131.6
138.4
137.9
131.3
126.4
127.4
126.9
124.5
125.6
124.6
125.5
125.9
127.2
145.8
158.2
153.1
150.2
144.9
141.2
146.8
150.9
151.1
149.8
152.7
152.0
151.7
139.2
125.9
114.1
117.8
121.2
121.1
121.4
134.3
152.9
158.3
158.6
162.2
148.6
149.1
121.3
134.6
133.4
132.1
127.5
129.1
128.6
128.8
130.8
134.7
125.7
107.6
109.1
105.7
112.0
104.8
101.3
107.4
96.8
88.3
86.5
80.6
78.9
81.5
83.0
83.2
82.1
82.5
82.7
83.5
84.1
82.0
78.8
77.6
75.3
76.0
75.4
75.9
73.7
74.6
75.6
75.6
76.8
73.3
73.4
72.4
73.2
72.1
70.9
71.8
70.8
69.9
70.3
69.5
68.5
67.3
67.2
68.3
67.5
65.6
56.6
54.4
54.4
52.9
52.7
51.1
50.5
51.9
52.7
59.7
75.4
76.6
80.7
78.7
78.7
78.0
77.1
75.8
76.8
76.3
88.2
76.3
75.1
77.1
75.8
71.9
72.1
70.4
72.7
71.5
71.3
70.0
69.9
71.0
71.9
75.1
75.9
74.8
78.6
75.6
73.8
74.3
72.1
73.7
74.4
74.2
73.1
73.6
74.2
71.7
73.3
74.2
73.9
75.4
77.6
73.5
79.2
77.9
76.8
75.6
75.0
74.3
74.2
78.6
76.3
74.7
77.3
77.9
76.0
77.0
76.4
75.9
75.5
75.3
74.1
74.5
74.8
73.6
75.0
74.9
74.3
72.6
73.2
70.3
71.8
71.6
71.2
70.2
66.8
62.4
61.5
62.6
76.7
79.6
81.9
81.2
82.6
82.2
82.6
82.5
82.2
83.3
82.4
81.8
80.9
81.3
81.6
82.6
81.1
80.9
80.5
79.5
80.8
80.1
79.9
81.0
96.5
110.4
109.9
106.2
102.3
98.0
93.7
88.7
87.5
83.7
84.0
82.2
82.7
82.7
84.0
81.5
81.5
82.9
84.0
83.7
83.6
82.6
83.1
80.7
82.9
82.7
83.3
80.6
79.9
81.2
82.1
80.0
78.9
80.8
79.3
77.1
78.6
79.0
75.8
75.1
78.0
78.8
78.1
76.2
77.9
89.5
85.4
82.5
82.9
82.9
84.3
80.5
80.7
80.0
78.9
82.1
85.8
91.8
91.1
87.5
84.8
85.2
85.1
85.9
86.7
85.8
85.1
86.2
84.9
85.1
85.7
85.9
84.6
85.4
86.5
88.3
92.1
100.9
97.4
94.2
94.6
93.7
91.0
89.5
88.5
89.9
91.2
89.6
91.6
90.5
92.4
95.4
92.8
91.9
98.5
99.5
94.1
89.1
84.6
78.4
80.1
80.6
81.2
81.3
79.3
78.6
78.2
78.3
76.9
76.6
77.5
77.0
70.0
69.2
68.2
66.4
65.5
65.7
65.6
54.2
58.2
67.4
66.0
66.0
67.6
64.5
65.7
66.5
69.7
68.5
69.6
69.5
71.7
82.7
78.1
72.8
74.0
75.8
71.4
69.0
71.1
71.1
71.4
71.2
72.2
71.5
75.2
75.4
72.3
75.2
72.7
74.1
72.6
73.3
74.0
75.5
75.2
73.6
76.7
79.2
82.1
81.1
82.0
88.5
84.1
88.7
92.8
89.5
86.0
84.6
80.2
76.9
81.0
80.2
75.7
76.4
75.5
74.5
71.3
71.5
72.0
71.1
72.2
73.5
74.0
73.3
73.2
74.7
74.5
73.0
74.4
74.8
73.8
74.8
75.8
77.4
78.4
79.1
76.8
76.2
77.8
74.8
74.0
76.5
75.6
73.9
79.0
81.0
79.7
76.8
77.9
77.4
78.9
85.0
80.9
79.5
83.5
84.6
82.8
79.7
76.7
75.4
75.2
76.0
75.5
73.5
72.1
72.0
75.0
75.2
74.0
75.8
74.3
74.8
77.0
76.8
78.9
80.4
80.4
78.3
82.0
80.0
79.5
82.3
78.8
80.1
82.9
81.9
85.7
89.5
87.7
83.7
85.3
87.8
93.9
119.1
115.6
107.7
104.9
101.6
105.3
99.7
92.8
87.4
89.3
84.4
82.9
81.7
81.5
83.4
83.3
85.4
81.1
73.5
70.8
68.7
69.1
70.5
71.3
75.5
77.8
78.4
82.8
101.4
100.6
101.1
100.0
100.1
94.1
86.2
81.5
79.4
81.5
81.7
79.1
79.2
79.1
77.5
77.4
79.1
80.4
80.9
78.7
76.9
78.4
76.0
73.0
70.3
71.1
70.5
68.4
68.0
67.9
67.9
67.5
69.7
70.4
70.0
69.1
68.8
68.5
68.2
68.5
67.5
66.9
65.9
64.8
57.6
55.6
59.6
69.8
70.8
73.3
74.9
72.6
72.5
70.0
70.6
69.6
68.9
66.7
65.4
64.6
63.6
62.1
62.8
62.5
61.5
61.6
62.8
62.5
62.4
62.9
60.9
54.6
54.8
51.6
51.9
49.4
69.3
76.0
78.4
79.2
75.5
74.9
73.8
73.0
71.0
70.6
70.6
68.3
67.8
69.2
74.1
73.3
70.2
68.5
66.8
66.7
67.1
56.3
89.7
68.5
66.4
69.8
70.9
69.6
68.3
66.9
66.7
66.0
65.1
64.7
63.8
63.5
63.3
62.3
65.9
64.3
66.3
70.5
72.2
71.2
69.6
70.5
68.9
69.2
70.8
68.8
66.4
69.2
72.7
70.9
75.2
75.2
74.0
68.5
69.1
70.1
77.7
77.3
76.0
75.2
74.4
73.7
71.0
71.0
78.6
79.8
77.6
79.3
76.9
76.7
74.1
74.3
73.6
71.9
74.5
74.5
75.0
73.1
72.0
71.7
67.2
62.7
73.1
79.6
79.9
77.0
79.5
78.4
77.0
75.4
75.0
77.1
73.5
74.9
76.8
76.6
77.2
78.2
76.5
78.3
77.6
77.3
75.5
68.2
66.8
76.1
84.1
84.8
88.9
86.6
87.1
85.0
84.0
81.2
81.9
82.3
80.6
82.2
80.7
80.3
78.0
80.7
78.4
78.2
78.0
76.6
77.8
77.5
78.1
78.8
77.0
76.1
79.9
81.4
80.4
80.2
80.3
77.8
78.5
75.1
76.8
75.5
79.8
83.7
82.9
83.0
79.8
79.8
77.7
76.9
76.9
74.5
67.9
71.8
64.5
62.7
67.3
85.2
86.2
86.0
85.5
85.0
85.2
81.2
80.7
80.9
78.5
78.9
77.5
75.1
75.2
73.2
72.5
71.8
71.9
71.2
72.1
69.8
69.9
70.1
70.1
70.3
71.1
70.4
69.0
69.8
76.6
76.4
75.5
73.2
73.7
71.0
72.4
74.7
75.5
76.9
77.1
75.9
76.4
77.0
77.4
76.5
75.9
76.7
77.2
76.6
75.8
77.9
78.3
78.1
79.2
79.2
90.0
88.9
84.0
85.6
86.3
83.5
83.7
82.6
82.6
74.2
68.3
63.1
61.3
73.9
87.6
87.4
88.9
85.2
86.4
86.0
148.6
11.2
89.6
83.3
101.1
82.5
88.7
88.2
91.9
91.3
92.9
90.1
94.4
93.9
100.5
97.5
96.8
92.6
85.0
77.4
86.53333333333333
87.3
88.06666666666666
88.83333333333333
89.6
115.4
127.9
111.5
106.4
97.9
90.4
87.5
84.6
70.0
79.1
82.4
83.3
79.7
77.3
78.3
79.1
80.9
79.6
78.8
78.9
78.0
78.8
78.2
77.6
76.6
76.8
79.5
88.4
90.7
83.9
80.6
80.4
80.6
80.7
81.4
77.1
78.0
79.6
80.2
79.8
80.4
82.8
85.5
83.9
78.7
83.1
83.3
81.7
80.5
81.5
82.9
80.9
78.4
77.4
77.7
77.4
79.6
77.1
76.5
78.5
77.0
76.1
75.6
76.4
77.8
76.6
74.1
72.9
71.9
72.8
71.2
70.9
77.0
78.1
78.2
79.0
78.5
90.1
92.5
89.0
87.0
82.0
77.5
76.6
75.7
73.2
66.8
64.3
79.5
68.9
65.5
59.1
55.6
58.6
56.6
53.4
53.8
53.2
74.4
107.5
112.1
98.6
91.1
86.2
89.5
84.3
95.6
91.2
92.5
87.9
84.4
79.4
79.7
77.5
76.1
78.2
76.2
78.4
78.5
76.6
77.5
77.0
76.0
76.2
74.7
72.8
73.1
74.0
72.2
70.7
70.0
68.9
70.2
71.7
70.5
67.6
69.4
68.9
69.4
75.0
76.5
76.3
73.9
70.1
67.2
67.8
74.8
75.6
74.5
124.1
162.7
120.8
72.8
76.2
78.4
83.3
89.7
87.5
83.5
80.9
79.7
82.5
79.8
78.8
77.8
78.1
76.4
74.8
73.7
72.6
75.3
76.8
78.1
76.6
74.9
77.4
75.0
72.2
75.5
71.4
69.5
66.9
62.5
62.4
57.5
54.5
53.5
59.6
78.4
77.2
76.4
73.8
75.2
74.4
74.6
73.0
71.4
71.4
69.4
68.2
69.8
62.3
55.9
60.6
56.0
55.3
55.9
53.6
53.6
52.0
70.2
73.7
73.1
71.6
72.5
72.3
70.0
69.4
68.3
71.3
69.7
70.5
69.8
68.1
67.6
65.0
62.1
62.7
62.8
64.5
54.6
56.3
70.6
71.1
65.7
64.5
58.7
55.7
55.1
51.9
59.4
70.8
68.2
65.5
63.9
64.0
63.3
62.9
63.2
63.1
64.5
62.5
62.4
63.8
63.6
64.1
64.5
64.3
67.2
66.3
63.7
63.3
63.9
63.9
64.0
61.6
60.9
61.4
61.5
69.6
68.1
65.4
61.9
61.6
62.6
63.2
63.9
63.2
60.9
59.1
58.7
63.1
64.2
66.0
66.8
67.6
72.6
71.0
67.9
72.2
72.2
67.7
70.0
70.9
70.6
69.6
69.3
73.7
76.4
77.0
76.4
77.1
76.2
76.2
76.4
74.8
70.5
69.1
63.4
79.5
81.8
79.4
76.9
66.0
65.4
66.4
76.9
81.2
81.0
74.9
74.9
77.5
77.1
74.6
73.5
73.2
78.1
78.0
77.2
72.0
71.2
76.4
73.1
69.8
66.5
70.2
69.3
74.8
78.8
74.6
71.6
74.2
71.1
65.7
65.7
63.1
66.9
67.3
65.0
65.4
68.0
69.7
66.1
70.6
75.7
69.0
70.1
69.3
66.6
68.8
76.9
83.9
75.7
73.4
73.2
78.0
76.2
77.7
89.4
98.2
95.2
87.3
81.7
77.3
73.5
72.4
73.7
74.7
74.8
74.1
73.1
76.4
73.6
72.0
73.2
70.4
68.6
69.0
69.0
69.6
71.0
71.7
76.7
75.2
74.2
74.0
74.4
74.1
75.1
74.7
87.2
89.5
92.2
98.1
90.1
83.3
81.6
77.0
76.3
77.1
76.5
76.2
77.3
80.2
74.9
78.6
77.4
76.8
73.9
76.5
77.4
79.5
76.8
73.6
78.3
83.2
81.5
79.9
79.8
78.6
79.0
76.4
76.3
75.9
78.3
74.5
81.8
84.3
82.3
77.2
77.6
76.0
74.3
74.5
72.2
76.7
77.7
76.1
74.9
75.7
75.3
74.1
78.2
79.7
74.4
73.5
72.8
74.8
73.0
74.9
74.2
73.1
76.3
77.4
75.3
75.2
73.6
73.2
73.5
73.0
73.8
75.1
74.3
74.3
75.1
75.0
76.5
74.0
76.5
75.1
75.0
74.6
77.6
84.2
78.3
75.8
73.8
71.8
72.4
72.1
72.6
73.8
75.6
85.8
93.1
98.8
98.6
95.9
93.1
91.9
93.0
100.2
97.2
93.9
94.4
98.8
108.4
98.3
90.2
86.1
85.9
85.5
87.1
91.6
112.9
122.3
127.1
124.9
129.7
127.7
122.0
115.3
108.3
103.3
99.5
97.4
95.2
93.5
96.1
96.6
98.3
96.6
99.9
101.2
95.6
95.6
97.3
95.5
95.6
94.8
90.4
92.0
94.0
91.1
89.4
92.1
91.0
92.5
94.4
105.0
97.8
94.3
92.4
91.7
94.9
93.1
95.4
91.9
93.7
95.5
93.55000000000001
93.47500000000001
93.4
98.8
99.9
101.00000000000001
100.2
100.35
100.5
100.65
100.43333333333334
100.4
100.36666666666667
