78.6
80.3
79.7
80.1
77.3
76.5
69.9
77.4
76.5
77.3
77.1
74.6
75.1
73.7
73.1
71.2
70.8
71.2
70.6
70.7
72.5
68.3
77.2
78.4
74.0
72.7
75.1
72.7
73.1
74.3
72.5
69.1
68.5
69.6
70.9
69.1
66.8
68.6
71.7
71.9
70.7
69.0
68.8
67.7
68.4
67.9
67.2
65.2
64.3
63.5
63.6
63.2
62.3
62.6
62.4
63.6
63.8
63.8
63.5
63.7
65.0
66.0
65.5
63.9
66.4
71.1
71.9
72.2
70.4
68.5
68.0
68.3
66.7
66.4
66.8
67.1
66.5
66.2
66.3
68.7
71.9
71.6
72.1
69.4
68.2
66.8
66.3
66.5
65.4
65.8
64.9
65.1
65.5
64.6
64.6
63.8
64.6
64.6
65.3
64.1
64.9
64.8
64.8
64.7
65.0
65.6
65.2
65.3
66.1
65.2
66.7
72.6
72.3
74.9
73.0
72.7
72.6
72.0
72.3
71.2
70.9
71.9
71.8
71.1
71.3
71.6
72.2
72.3
72.8
73.8
76.0
74.8
75.5
74.8
75.4
74.2
75.3
74.1
73.6
74.6
75.1
79.8
81.1
81.4
79.8
79.5
78.7
78.9
78.7
78.2
77.4
77.6
77.8
78.1
78.8
79.1
79.8
79.7
81.8
80.4
79.2
79.4
79.7
79.7
78.9
79.5
78.7
80.8
87.2
86.1
86.6
87.7
87.6
86.6
88.3
86.3
85.9
84.0
81.6
82.4
87.3
89.5
85.9
89.4
92.9
93.9
91.0
89.9
88.4
89.1
88.5
87.7
85.3
87.1
87.0
88.8
86.3
84.2
84.5
84.3
82.8
83.3
82.3
82.1
83.3
82.9
82.7
82.9
84.5
87.1
84.9
85.5
85.6
84.9
84.4
87.8
91.4
87.9
88.3
88.0
87.6
86.0
87.1
88.2
87.1
87.3
89.6
88.9
86.7
86.7
86.8
87.2
87.2
87.2
87.8
89.8
90.0
88.5
88.1
88.8
89.2
89.0
91.8
92.8
89.7
91.3
91.0
91.2
89.3
87.6
86.8
87.0
87.1
86.6
85.6
87.1
86.2
86.1
85.9
85.3
86.3
88.8
90.3
87.4
88.1
86.3
87.0
86.7
87.2
87.0
86.4
87.7
87.0
88.8
89.2
87.7
86.0
85.9
86.3
86.8
87.3
86.1
89.6
89.6
88.3
88.6
89.6
91.7
89.5
86.9
88.6
87.8
87.2
87.4
85.3
85.2
83.9
85.7
87.7
88.7
84.8
21.0
7.5
7.4
7.300000000000001
46.666666666666664
66.3
70.5
77.8
79.8
88.4
89.0
90.7
90.5
91.3
89.6
92.1
89.7
82.6
90.7
83.3
74.6
74.6
75.4
84.9
87.9
88.3
91.7
89.7
88.8
87.1
86.1
90.6
89.7
87.3
86.4
87.8
86.0
86.8
84.0
84.7
86.4
84.5
76.2
80.0
95.6
83.1
82.1
83.1
85.6
81.7
78.0
76.1
75.0
73.6
74.3
75.0
73.1
71.3
71.1
69.4
69.9
70.6
72.0
70.8
71.4
71.9
73.6
74.4
73.3
73.3
72.4
72.6
74.2
74.8
75.4
75.7
77.9
79.2
80.7
82.2
84.6
84.3
85.6
84.2
79.2
72.7
75.0
75.6
72.4
69.8
69.0
70.0
70.7
67.5
65.9
63.9
64.7
68.4
82.5
73.0
76.8
77.3
80.1
74.6
74.3
74.6
73.1
60.7
60.9
256.8
73.8
79.4
77.5
77.2
77.9
78.0
76.5
77.8
78.9
79.1
80.1
79.6
80.4
78.8
79.1
78.9
81.4
77.3
79.3
79.7
79.0
77.1
79.2
78.6
79.5
79.8
79.9
81.0
79.3
84.0
82.5
81.7
80.1
78.9
85.3
85.1
83.0
80.7
81.4
80.3
81.6
81.6
81.5
79.7
79.0
78.9
78.2
79.2
77.6
78.9
79.0
78.0
81.0
78.8
82.2
81.3
80.2
81.2
82.5
82.7
82.4
81.4
79.8
77.9
78.9
77.9
78.5
77.5
76.8
76.2
75.7
75.8
75.1
74.9
75.2
76.8
74.9
74.1
74.0
74.0
74.3
73.7
73.3
74.2
74.1
72.7
72.6
73.9
73.1
74.3
75.1
75.1
74.5
73.4
74.4
73.6
75.4
75.1
75.1
76.3
79.2
76.9
76.8
74.1
75.6
76.1
76.5
76.5
75.9
76.6
76.6
76.0
75.4
75.2
75.3
73.9
73.1
73.7
73.5
73.5
74.1
72.7
74.2
74.1
74.2
74.0
74.0
73.7
74.2
74.7
74.3
75.3
74.3
74.0
75.6
74.7
75.8
74.7
75.3
79.4
79.2
78.7
76.4
78.1
75.8
75.5
76.8
77.1
80.5
79.7
81.0
84.2
82.3
78.9
78.3
78.7
78.5
79.4
77.4
76.8
75.8
76.5
76.8
76.1
75.4
75.9
74.0
75.2
75.2
75.9
75.3
75.7
78.2
76.7
75.0
76.0
74.6
74.9
77.7
77.6
76.5
77.0
77.8
75.2
74.4
75.3
76.1
74.6
75.1
73.6
74.2
74.0
73.7
73.4
73.3
73.2
72.6
72.9
74.3
73.4
74.3
74.0
72.9
73.3
72.1
72.7
71.9
73.5
72.6
71.7
71.5
73.6
75.3
72.7
71.8
71.8
75.7
76.4
75.0
73.6
76.1
75.5
74.0
75.4
78.3
74.7
73.3
73.9
75.3
74.8
71.2
73.5
72.6
71.8
70.0
70.0
68.8
67.1
66.8
66.9
66.5
67.3
67.0
67.6
69.2
69.2
70.0
69.5
70.8
70.5
71.7
72.9
71.5
72.5
73.5
71.83333333333333
71.5
71.4
72.3
71.8
75.2
72.1
70.6
71.2
72.3
70.9
69.6
74.7
69.9
71.2
72.8
72.8
73.2
73.8
73.3
71.4
70.7
70.2
69.5
68.5
69.6
71.5
71.0
70.0
70.3
70.1
71.2
75.3
76.3
79.3
75.2
73.4
73.8
77.7
76.9
76.9
73.8
70.9
69.8
68.2
66.5
68.0
69.7
68.4
71.8
70.3
69.2
66.4
65.8
61.1
58.5
60.7
60.0
60.8
65.7
70.3
68.9
70.4
69.4
69.0
66.4
61.3
58.8
65.3
63.4
63.7
61.1
59.4
60.2
60.6
61.8
63.9
66.1
66.1
65.8
65.5
64.5
65.0
64.6
65.2
67.4
68.0
67.1
67.5
66.8
67.1
68.5
68.9
67.9
68.5
68.2
70.0
68.8
69.5
69.5
68.9
68.4
69.3
68.7
70.3
72.8
75.1
65.4
72.1
72.0
72.0
70.2
70.8
71.3
70.2
69.7
69.8
69.8
71.2
71.9
72.4
70.5
69.9
71.0
71.5
70.9
71.8
72.3
71.5
72.6
71.3
70.0
70.5
69.6
70.6
70.7
71.9
69.7
73.4
77.4
65.6
71.0
72.5
74.4
73.0
72.0
70.4
73.3
71.8
70.9
71.3
69.5
64.4
69.4
73.0
72.5
71.8
72.8
74.3
67.6
65.9
73.3
74.1
74.0
68.5
65.0
68.1
69.0
72.2
70.6
78.0
73.1
74.9
73.3
72.5
70.2
71.3
71.2
70.7
68.7
68.0
68.8
70.1
69.6
70.8
70.9
72.4
73.0
73.3
73.4
72.6
73.0
73.3
74.7
74.3
80.1
73.5
70.1
67.2
67.1
67.0
68.7
71.3
69.5
70.4
69.7
69.3
68.8
69.4
71.6
73.1
69.6
65.8
68.4
67.4
68.1
68.8
71.9
69.4
69.5
70.0
70.0
71.6
71.4
72.0
72.3
71.2
74.6
74.9
73.9
74.1
73.6
73.9
74.2
72.6
73.5
73.5
72.1
72.9
77.8
74.8
76.1
75.2
74.6
73.7
72.7
74.0
75.8
74.9
76.5
74.7
75.1
74.8
74.7
76.2
75.6
75.3
86.1
74.1
72.9
76.2
71.9
75.5
74.2
73.5
72.2
71.5
71.0
69.8
70.3
70.4
70.1
70.2
71.2
71.5
72.3
73.3
73.1
73.6
73.5
74.8
74.5
72.8
73.8
75.8
76.6
76.7
73.4
73.1
74.0
73.0
73.9
74.7
73.1
73.3
73.0
74.5
77.7
77.8
76.1
76.9
76.6
75.3
78.5
75.4
75.0
78.0
77.8
76.1
75.5
79.6
74.1
74.2
73.6
73.0
72.5
74.0
73.0
72.5
72.2
74.2
74.2
74.4
73.8
74.6
75.4
74.9
76.5
76.4
74.9
75.2
74.2
74.0
76.3
75.4
73.7
75.7
76.3
79.9
76.7
74.4
73.0
71.9
71.9
75.6
72.1
69.9
69.4
70.0
71.8
71.8
71.0
72.3
72.0
66.4
71.2
71.9
71.3
72.0
71.8
75.4
72.2
72.5
72.6
73.5
71.0
69.7
68.2
71.0
56.8
73.3
68.3
69.5
69.1
68.7
70.2
71.7
70.1
74.9
68.2
65.1
67.7
68.5
69.8
70.4
70.6
70.2
70.7
70.0
73.1
71.6
71.6
71.2
71.6
73.0
73.9
74.7
76.9
69.7
68.7
66.2
69.0
69.2
69.1
70.3
64.4
67.7
69.3
70.8
68.9
70.2
69.6
71.4
73.2
71.6
72.2
70.6
69.5
69.5
69.7
70.6
70.6
72.0
73.5
74.3
76.6
75.9
70.4
71.4
68.4
70.2
70.9
71.1
71.8
71.6
73.0
72.6
72.7
73.3
73.8
75.1
75.1
75.0
75.4
74.8
75.2
76.3
77.3
77.1
77.9
80.5
77.9
74.8
75.0
75.1
76.0
73.8
73.6
75.5
75.1
74.0
75.3
67.9
70.0
73.3
75.9
72.9
73.0
72.1
72.9
73.0
75.8
74.0
73.5
77.6
68.2
70.2
70.4
70.7
69.9
66.6
67.8
69.7
71.8
72.9
73.5
74.3
74.0
74.6
76.3
77.1
78.5
79.4
78.7
79.4
79.7
78.8
77.8
79.5
79.5
80.2
81.0
80.3
80.1
79.9
79.0
77.4
79.3
71.6
73.4
72.6
74.9
73.3
75.0
75.5
75.9
74.3
72.3
72.0
69.4
71.8
69.9
71.0
72.1
72.7
72.8
77.9
69.0
68.6
67.5
69.8
69.5
68.9
69.3
70.6
69.6
70.9
71.6
71.1
71.7
71.6
72.7
73.3
71.6
71.8
70.1
70.4
70.6
71.4
70.9
72.6
72.4
73.1
80.8
75.3
78.0
76.4
68.4
68.7
67.4
67.9
68.8
69.6
71.4
67.4
66.3
66.3
67.4
67.8
69.7
67.4
69.7
69.2
69.9
69.3
68.6
69.1
69.4
68.5
67.7
68.1
67.1
68.4
71.4
69.6
65.1
64.9
65.6
64.8
65.1
64.9
63.7
64.8
65.1
64.6
65.0
65.6
66.1
66.3
66.9
67.0
64.8
65.4
65.1
65.3
65.3
64.5
66.8
64.8
66.3
74.0
69.8
68.3
64.8
67.0
66.5
66.3
68.9
67.5
66.1
66.0
66.6
68.7
74.5
74.5
69.6
68.6
68.7
71.3
73.7
71.6
68.9
69.3
69.4
67.8
69.2
69.8
68.1
67.4
66.4
71.6
68.6
69.1
68.3
69.0
63.7
60.1
63.0
63.1
57.7
59.7
59.6
58.7
55.6
59.1
62.1
61.5
63.0
64.1
62.9
61.3
65.4
67.4
67.3
67.9
67.7
64.4
66.4
65.9
63.4
64.1
64.9
65.9
67.2
67.4
67.9
68.2
66.6
64.3
65.6
65.6
64.1
65.9
65.2
64.3
63.2
64.8
64.3
65.4
64.8
60.5
63.6
64.0
66.7
67.1
68.4
69.4
66.7
62.7
62.6
63.3
65.3
64.5
64.3
64.2
65.3
65.5
64.2
65.6
63.1
64.2
64.0
64.2
62.0
64.0
63.6
59.1
63.4
60.7
63.9
63.0
63.8
64.1
65.1
65.4
66.3
60.5
63.6
63.1
63.2
64.0
64.4
63.4
63.9
64.1
63.6
63.8
63.4
68.3
63.1
60.7
62.0
63.1
64.7
65.8
66.4
66.4
65.9
65.6
65.4
64.5
64.9
64.7
66.5
66.6
66.6
67.6
68.6
65.6
65.8
64.6
66.7
65.0
65.4
66.3
65.3
66.3
68.9
67.7
68.9
65.5
72.3
72.4
72.7
72.3
73.3
77.4
63.1
77.9
77.5
80.2
72.4
70.3
74.2
65.7
66.2
67.1
67.1
67.4
65.9
66.3
66.1
67.1
66.7
67.6
68.1
69.5
68.4
69.0
70.1
67.7
65.0
63.4
62.6
63.4
63.5
68.3
59.9
65.9
68.0
70.6
68.4
67.4
66.4
68.2
67.2
68.7
72.2
72.8
72.5
67.5
69.1
69.9
68.8
69.7
69.4
69.6
69.3
67.9
67.7
70.8
70.9
67.3
67.6
69.0
69.0
68.8
69.2
73.0
65.8
65.9
68.1
67.5
70.7
72.2
71.1
64.8
66.5
66.9
59.9
56.6
56.2
58.5
57.9
53.5
53.9
56.7
62.6
59.2
58.3
58.9
59.7
60.6
62.1
62.2
61.1
61.4
61.5
60.9
59.9
61.8
61.3
62.8
56.1
58.4
61.4
61.3
61.0
62.7
58.0
61.1
59.6
60.1
57.9
57.7
59.0
58.7
60.7
60.0
58.2
56.2
58.9
58.7
56.7
59.2
57.2
58.0
55.8
56.6
58.4
60.8
57.2
58.1
58.1
57.3
57.1
54.1
55.6
59.7
53.7
56.9
60.9
62.2
61.5
60.6
59.8
64.0
60.8
61.7
62.0
63.8
66.1
64.4
62.7
64.3
63.4
62.2
59.6
59.6
61.6
63.5
64.6
65.1
66.1
69.1
61.8
65.2
66.0
66.0
64.8
64.3
62.6
60.8
61.4
59.8
60.5
60.4
60.0
58.7
59.1
61.2
62.4
67.3
67.4
73.2
67.2
64.9
65.9
66.1
63.8
57.7
66.0
58.2
60.0
62.7
61.6
59.9
61.7
62.3
61.6
63.6
59.5
60.6
63.0
62.3
61.1
57.7
60.9
60.9
61.4
61.0
62.2
60.8
61.6
61.0
64.0
59.8
64.3
63.2
65.2
65.4
64.9
62.5
62.5
63.5
62.9
64.9
65.7
65.0
64.5
66.8
67.2
68.5
67.0
65.9
64.6
64.3
63.1
62.1
62.5
60.0
61.5
61.0
61.6
61.8
61.9
62.2
62.1
61.6
61.4
63.4
65.3
65.1
65.6
65.5
65.8
71.7
61.8
64.8
67.6
68.7
68.9
68.6
61.0
63.5
62.9
63.5
64.2
68.1
65.7
65.5
64.0
65.3
64.1
67.0
66.9
66.0
67.1
65.4
66.6
64.6
65.5
65.0
64.0
66.6
67.4
69.0
68.5
73.8
75.7
73.7
77.2
73.9
73.4
76.0
70.9
71.8
73.3
71.6
71.6
65.5
65.7
67.6
65.5
66.7
68.1
65.4
70.3
69.6
69.9
70.6
70.6
68.7
68.7
67.1
69.5
69.1
68.2
68.2
69.0
67.9
67.2
67.1
68.4
67.9
66.0
66.8
65.9
67.4
67.1
67.3
66.5
66.3
65.5
65.1
65.8
65.4
65.6
66.2
65.7
65.1
64.7
65.5
65.6
65.7
65.7
65.6
64.1
65.1
67.3
65.2
64.6
65.2
64.8
64.5
63.0
64.3
64.0
62.1
63.4
64.8
65.0
65.0
65.0
64.0
63.8
63.7
63.9
65.6
64.4
64.2
64.1
63.7
63.7
62.7
64.5
55.5
58.3
58.7
57.9
57.9
57.9
61.6
60.2
59.5
58.8
57.7
59.6
60.0
57.6
59.7
58.4
60.4
57.7
59.2
59.7
61.7
58.7
58.1
58.1
59.3
62.1
59.7
59.8
59.5
58.5
58.0
55.5
56.0
59.0
53.4
57.4
56.8
57.5
59.9
57.6
60.1
60.5
62.7
63.0
59.5
60.5
62.2
62.1
61.6
61.8
62.6
61.9
63.4
62.2
61.4
60.5
60.3
60.6
60.5
60.8
61.4
60.2
61.7
60.8
61.5
59.6
60.0
60.4
60.2
60.5
61.2
62.1
61.2
61.5
60.9
61.4
61.2
61.3
60.4
64.1
63.1
61.7
66.4
67.8
68.1
60.3
65.9
60.4
65.0
64.3
65.2
63.9
64.0
65.1
62.7
60.1
63.5
60.9
63.1
63.7
65.5
65.3
65.1
64.6
64.2
63.4
64.2
62.1
62.9
64.1
63.1
62.0
64.1
68.3
65.8
57.1
56.4
60.9
59.6
58.8
57.3
58.4
59.0
59.2
61.9
56.9
58.8
56.9
53.8
52.7
57.0
57.8
57.5
60.1
62.0
60.4
61.1
56.5
54.8
53.7
52.2
53.6
54.3
54.0
56.5
52.8
54.1
54.7
56.9
58.8
57.8
56.4
56.6
57.5
56.8
57.3
58.3
57.3
61.9
67.8
58.7
57.4
58.9
58.2
58.0
57.5
59.5
59.5
59.2
56.3
58.6
59.4
58.7
61.5
61.1
61.5
56.2
54.5
57.2
59.2
58.5
56.6
58.4
55.0
52.7
56.6
58.0
59.2
58.5
61.6
60.3
62.9
63.0
63.0
64.8
64.9
66.1
62.1
57.6
57.8
63.2
64.2
65.4
64.8
67.2
67.1
58.1
58.2
61.3
61.8
62.3
63.0
62.0
62.5
62.5
62.7
65.6
63.7
64.6
64.3
66.4
66.5
68.7
66.2
65.0
66.0
65.5
66.2
66.4
63.8
64.9
63.2
65.1
67.1
68.2
67.6
66.8
61.2
62.7
65.0
66.5
66.6
66.9
67.1
66.5
67.0
65.6
70.1
66.3
65.5
66.6
69.3
68.1
69.2
71.3
70.7
71.8
70.5
67.2
65.3
65.8
66.8
66.0
66.1
66.0
67.0
67.4
67.3
67.1
68.1
69.2
70.0
70.7
68.5
69.1
69.3
70.3
70.7
70.5
72.3
71.2
70.4
70.9
71.1
68.9
69.9
66.8
70.0
70.2
72.7
71.6
67.6
69.7
69.7
74.7
73.0
72.9
71.7
73.0
72.3
72.0
73.0
74.1
72.9
72.8
72.8
73.8
73.5
74.8
73.7
73.3
73.9
74.1
75.9
75.7
75.1
74.0
75.4
74.5
75.1
74.7
76.4
79.9
71.8
74.3
73.5
73.1
72.1
71.8
71.7
70.6
70.5
71.5
70.5
69.8
69.8
70.5
69.6
71.3
71.9
70.3
70.5
71.1
70.0
70.0
70.1
69.6
69.9
70.9
73.0
75.3
77.2
71.2
71.5
72.9
72.6
71.9
72.1
71.4
71.6
70.2
70.4
73.6
72.1
75.0
77.5
76.6
74.2
76.4
75.3
72.6
76.2
82.2
81.3
85.8
82.9
81.5
82.9
80.1
79.6
76.8
77.0
79.3
77.5
73.2
72.7
72.3
70.8
71.5
71.6
68.8
69.2
72.1
68.8
68.2
67.1
65.6
65.9
70.1
68.2
67.7
67.4
67.1
67.8
65.0
70.1
69.0
69.2
70.5
68.5
67.6
67.9
71.6
66.4
67.3
70.1
67.9
67.8
67.9
67.3
67.3
69.4
67.2
66.3
67.2
67.1
66.5
65.7
64.4
67.0
66.3
66.3
64.5
65.1
63.6
61.8
62.4
62.4
61.2
65.1
70.1
66.4
65.5
65.4
64.4
65.5
64.5
64.8
64.2
64.4
64.5
62.7
63.6
64.0
62.3
63.9
64.3
63.6
66.5
64.8
66.0
65.5
68.5
66.3
66.2
64.1
63.6
63.2
67.9
66.8
66.4
66.9
65.4
65.0
64.9
67.1
77.4
63.2
63.1
65.7
65.6
64.2
65.8
66.8
63.9
65.4
63.9
66.2
63.7
64.2
66.4
63.4
65.7
67.2
67.2
68.6
61.3
63.5
66.9
66.9
66.0
67.1
65.7
64.2
64.4
64.7
65.1
65.0
65.8
66.3
67.8
65.9
67.4
68.2
68.6
69.0
69.6
65.3
67.4
67.7
67.0
66.9
69.1
68.8
68.3
70.7
70.3
67.0
69.8
69.7
68.8
65.6
67.6
71.2
68.3
66.7
64.9
64.0
63.5
63.7
64.7
67.6
63.7
66.2
66.9
66.8
66.4
67.0
67.4
66.3
66.6
68.7
67.7
68.7
68.9
68.3
69.3
68.5
71.2
68.8
67.1
68.9
68.3
66.8
67.2
69.3
68.0
67.9
67.8
70.2
73.0
70.3
67.6
65.5
67.4
67.1
66.8
69.7
70.9
69.1
68.8
69.7
69.8
69.8
68.8
69.1
70.4
69.7
69.0
67.9
69.8
70.6
69.3
70.7
68.0
70.1
70.0
70.6
71.8
71.2
71.5
71.3
72.4
71.3
71.0
72.1
72.4
73.1
72.2
70.2
70.7
71.8
70.1
69.8
70.0
71.0
69.8
73.2
73.2
72.2
72.9
71.8
74.0
77.5
75.4
68.8
68.1
70.2
72.2
72.2
71.6
72.4
72.5
79.4
74.2
73.2
78.3
75.1
77.8
79.3
75.4
75.4
75.4
77.4
76.9
77.9
76.8
75.2
76.0
75.4
73.9
74.2
74.8
72.1
65.4
61.7
62.0
63.5
62.0
63.3
61.1
61.9
62.0
63.9
65.9
66.1
58.9
56.4
57.3
58.7
56.0
60.5
60.3
61.5
59.8
60.6
58.7
60.8
62.3
61.2
61.2
62.3
62.6
63.3
65.9
61.0
55.6
58.1
57.1
56.6
57.3
66.8
70.5
69.5
67.4
55.6
62.6
71.9
70.8
59.4
57.8
63.4
51.6
55.2
61.9
62.9
60.2
60.4
51.7
59.8
65.7
64.4
57.5
59.0
57.1
58.2
58.5
58.4
59.4
58.8
56.8
58.6
58.5
59.0
58.5
60.1
58.8
56.8
59.3
63.0
61.4
60.6
60.0
58.0
57.0
56.4
56.2
56.9
57.3
56.9
57.3
57.0
57.2
58.2
58.8
58.9
59.7
60.7
60.9
62.2
62.6
63.5
63.3
62.3
63.7
63.8
64.2
64.0
64.8
64.8
59.5
65.9
66.5
68.3
64.9
67.1
68.4
72.5
63.9
68.9
67.5
66.8
68.9
88.3
63.4
68.4
65.6
70.8
65.9
68.3
66.2
67.7
69.8
71.9
68.3
69.5
68.3
69.1
69.3
68.1
67.5
67.3
67.0
66.9
66.1
66.3
66.6
66.1
67.0
66.7
67.1
66.8
66.2
69.5
67.0
67.4
68.2
67.0
65.7
64.7
67.1
67.6
67.6
66.6
65.8
65.9
66.7
70.0
68.0
69.6
93.1
83.8
72.6
72.4
72.9
73.9
71.3
73.8
76.3
