64.4
64.3
64.4
66.2
70.3
70.5
70.3
68.5
71.1
71.3
70.3
73.3
74.9
78.6
76.0
76.5
71.0
65.9
63.9
66.1
69.3
70.0
68.1
69.6
70.1
71.6
71.0
71.1
70.0
68.7
68.4
67.1
67.8
74.1
75.1
75.9
75.2
75.3
76.5
77.2
77.7
76.8
76.4
77.4
76.7
78.4
78.3
78.8
77.9
78.1
119.6
106.9
76.6
77.9
77.4
76.1
76.3
77.9
78.9
78.1
78.0
76.1
76.0
77.2
77.4
75.8
73.7
76.4
80.2
75.2
72.8
70.2
71.4
69.7
68.6
67.6
70.2
69.0
66.7
65.4
65.7
64.2
68.0
84.5
101.7
104.8
99.2
87.0
79.0
76.9
71.6
68.3
66.2
70.1
73.6
76.6
78.9
81.4
90.1
90.4
89.4
88.1
88.7
88.3
87.1
87.3
88.5
79.9
70.9
66.0
63.0
62.0
61.6
61.6
59.6
72.5
93.8
99.7
99.4
89.2
80.8
73.6
70.7
68.3
66.0
70.1
83.6
94.0
100.0
100.7
108.2
106.9
102.6
100.3
98.2
95.2
111.2
83.4
70.3
68.7
67.3
73.1
76.5
70.9
71.0
68.6
67.0
228.4
129.8
102.8
72.3
74.6
75.3
72.6
72.0
73.4
72.8
67.5
71.8
73.3
72.0
70.8
70.3
69.4
68.0
67.4
66.8
67.5
197.5
233.2
103.6
89.6
66.5
67.6
67.1
66.7
66.7
67.9
67.4
68.2
67.0
68.6
70.8
72.6
71.3
70.2
69.8
69.5
67.5
67.6
68.9
68.8
67.9
67.9
67.7
69.1
68.1
67.3
65.0
66.0
65.3
65.6
65.7
66.4
65.8
65.7
66.3
66.3
66.9
67.0
72.6
74.1
75.5
76.4
74.7
76.4
78.5
76.9
77.3
76.1
75.3
77.6
79.2
75.9
74.4
72.1
69.8
68.4
67.1
66.1
66.9
67.0
68.7
71.5
74.6
73.2
76.0
75.2
74.3
71.3
72.0
72.0
75.6
72.5
76.4
77.1
81.7
81.7
81.4
80.3
80.1
78.0
78.3
78.2
77.2
76.0
74.9
74.1
75.2
74.3
74.2
74.4
75.3
76.1
77.0
85.3
87.7
87.8
91.0
90.1
88.7
86.8
86.1
85.4
83.1
82.8
87.1
85.9
87.4
100.3
96.1
89.4
87.5
93.5
108.4
108.2
111.0
108.8
102.4
100.4
98.5
94.8
93.9
93.7
91.9
89.5
89.4
87.1
86.5
85.7
85.4
83.7
86.7
82.4
81.8
79.7
79.9
78.6
81.6
82.4
81.2
78.4
79.6
79.7
82.2
81.0
81.3
130.4
133.9
90.4
82.8
82.4
86.1
88.2
90.0
86.0
84.5
84.0
83.7
85.1
85.3
83.4
83.7
83.5
82.9
82.1
82.3
81.6
81.2
80.7
82.8
75.4
81.1
83.4
79.1
83.3
83.9
80.6
75.4
74.6
73.1
72.3
73.3
74.9
74.3
73.6
67.7
63.9
62.1
61.0
60.2
59.3
58.8
58.7
59.4
59.3
61.7
61.0
62.0
63.9
63.2
64.5
63.9
64.7
65.9
67.6
68.1
68.4
68.9
67.3
68.7
69.1
71.5
71.5
73.3
77.7
78.5
79.5
80.2
79.9
80.9
112.3
91.0
89.3
86.1
85.9
86.8
85.9
87.0
85.8
86.9
87.3
88.1
90.1
90.1
88.1
88.2
89.4
88.8
89.2
89.9
88.9
88.1
86.7
86.5
88.4
87.9
88.2
89.9
89.5
91.9
93.2
91.0
91.9
91.8
93.9
94.2
95.3
95.1
95.6
94.1
94.7
95.1
95.1
94.5
95.7
94.7
95.1
95.0
93.1
94.3
94.3
93.5
92.8
94.4
94.8
95.6
96.6
95.6
97.6
96.7
98.2
97.3
95.9
95.6
96.6
99.1
101.6
103.2
103.4
100.4
101.6
98.1
96.2
102.5
97.5
94.7
94.9
90.5
88.4
89.2
89.1
88.9
92.7
93.2
91.1
90.9
99.9
102.2
97.7
96.3
97.1
98.0
99.7
98.5
98.1
97.0
96.9
95.1
94.7
97.1
95.2
98.2
96.7
97.0
98.7
96.4
95.9
95.9
96.1
96.5
96.2
96.1
97.4
95.8
97.7
98.0
99.0
99.3
96.8
98.1
98.7
96.6
96.5
95.5
96.2
95.0
96.4
96.1
96.1
95.4
95.1
95.5
95.5
95.6
93.6
93.4
95.7
94.8
93.6
95.6
95.8
95.0
95.0
94.6
94.3
94.1
95.5
94.7
93.1
93.6
94.1
92.3
93.7
93.2
93.1
92.9
91.8
92.7
92.8
93.8
93.4
92.3
93.5
92.6
93.6
93.9
96.5
95.6
95.3
96.6
95.1
94.1
94.1
93.6
92.7
92.3
91.8
89.3
90.8
92.2
90.0
90.3
91.5
89.3
89.3
92.6
96.6
96.3
95.2
92.8
91.3
94.8
93.4
93.9
93.3
99.4
96.1
93.4
93.3
92.8
91.9
93.1
93.9
97.3
95.7
93.8
93.2
93.3
93.6
93.0
93.3
93.4
96.7
96.6
97.0
95.7
96.1
97.5
100.7
100.8
99.7
101.0
100.9
99.2
160.9
172.1
132.5
94.1
93.2
94.7
100.0
98.1
97.7
106.6
103.5
99.4
99.1
97.2
96.3
93.4
94.9
90.8
90.9
89.3
91.0
94.9
93.3
98.3
94.2
91.2
93.4
100.9
104.8
95.0
90.3
87.2
84.3
79.4
79.6
79.7
79.8
79.7
79.9
79.4
79.9
78.9
78.8
83.7
83.3
84.0
87.0
87.2
89.4
89.7
89.0
90.2
89.4
90.0
96.9
89.8
92.8
88.1
86.0
85.7
85.9
83.5
82.8
83.4
83.2
82.7
83.0
83.2
84.2
84.6
85.2
84.5
84.7
86.7
87.7
87.4
86.8
86.1
86.1
85.2
85.5
85.0
84.3
86.0
84.3
83.9
85.2
85.4
83.8
83.7
84.0
84.8
83.4
82.7
83.5
83.5
82.7
81.5
81.1
81.1
79.5
79.2
77.0
76.9
77.0
78.0
79.3
88.5
95.6
90.9
89.2
86.1
85.1
85.3
84.7
82.9
83.9
83.3
84.3
84.3
85.7
86.5
86.5
86.9
86.0
85.6
85.3
85.9
84.2
83.4
84.5
85.6
83.8
82.9
84.0
83.0
82.4
80.9
80.3
79.4
80.0
77.5
77.4
77.5
77.5
77.3
76.4
76.5
77.2
77.8
77.9
77.3
76.9
79.2
90.0
85.6
83.4
80.6
80.8
78.6
78.7
89.5
90.4
89.2
90.2
89.3
88.4
87.5
87.3
87.2
87.8
88.7
87.2
88.3
87.4
88.1
86.6
85.7
83.5
83.1
84.9
85.4
83.5
83.8
83.3
84.3
81.9
81.7
83.1
81.6
82.7
83.9
82.9
84.1
89.3
88.3
84.0
71.9
73.9
86.4
86.4
92.5
86.7
84.5
83.9
80.5
78.9
78.2
78.5
79.5
79.6
80.5
80.3
79.6
80.5
81.1
81.8
80.6
80.7
80.3
80.2
80.9
81.5
83.5
84.4
85.5
85.1
83.9
83.7
83.5
82.0
82.7
82.4
82.3
83.2
82.7
84.2
82.6
83.0
82.5
82.9
86.6
84.7
85.8
87.5
88.1
87.3
88.7
90.3
90.8
89.9
88.5
88.5
94.1
100.7
101.4
102.1
105.7
105.2
93.3
93.1
92.0
89.7
90.1
89.6
87.7
86.1
87.3
84.6
84.8
83.7
83.7
84.7
83.1
85.2
83.6
83.9
83.1
83.7
84.6
85.6
84.6
85.4
85.8
85.1
83.6
83.4
82.7
82.6
84.5
87.1
87.4
87.3
85.9
86.7
85.6
85.6
85.5
87.3
86.1
86.4
85.3
84.6
86.3
84.1
85.3
84.5
84.6
85.3
84.5
84.4
84.7
83.7
84.5
86.3
86.1
90.6
95.6
80.0
84.0
88.7
76.1
71.9
68.2
66.6
64.9
64.0
65.7
66.6
62.0
56.7
61.3
65.0
67.2
68.0
68.5
68.7
69.0
69.7
70.7
71.7
72.4
72.5
74.1
74.3
75.4
75.2
76.4
77.1
77.7
82.4
81.4
80.7
80.1
78.8
82.9
85.0
84.3
82.1
90.4
85.2
83.7
83.7
80.3
81.5
81.3
83.5
76.2
79.2
81.5
81.2
79.7
80.6
80.2
80.5
81.9
83.0
81.0
82.8
83.0
82.7
82.4
82.8
83.3
83.5
83.9
85.0
84.4
84.6
85.3
84.9
85.6
88.1
87.1
88.9
88.4
88.2
89.0
88.7
88.2
87.7
88.4
88.2
87.9
86.7
87.0
87.6
86.5
85.2
85.6
84.7
84.3
83.7
84.1
84.3
83.3
83.2
83.2
84.0
82.9
82.5
82.9
83.5
83.5
84.0
88.3
89.2
89.5
89.5
89.2
88.3
90.5
89.0
89.6
89.8
124.1
90.2
88.8
86.9
84.5
84.9
87.4
87.7
88.3
86.1
89.0
89.7
92.4
89.8
91.3
93.5
94.6
91.4
92.7
91.4
91.7
90.2
89.2
90.0
88.3
89.1
89.0
88.5
87.9
86.8
86.7
86.3
86.5
85.7
86.1
85.8
85.7
86.1
84.9
83.9
81.6
87.8
87.5
87.6
85.0
85.9
83.9
85.3
84.6
84.3
85.6
84.8
86.0
85.1
86.4
85.7
85.6
84.4
83.6
88.0
88.2
86.7
86.0
83.3
82.8
81.2
81.9
81.8
83.7
84.3
82.6
83.9
82.7
87.5
91.9
88.4
103.1
100.6
100.4
101.0
89.9
85.3
78.8
74.4
67.0
64.6
62.4
60.5
59.0
60.0
59.4
61.7
64.6
116.4
71.2
70.8
70.0
69.5
65.1
66.0
68.5
69.2
73.1
77.4
77.6
77.0
75.8
74.3
71.6
68.6
69.5
73.2
72.0
70.1
67.6
69.6
70.3
70.6
70.1
70.1
70.7
71.0
72.1
72.8
75.4
73.3
72.8
73.0
74.5
72.4
71.1
69.6
68.2
68.4
67.9
69.3
68.8
69.9
70.0
69.1
71.6
72.1
72.0
71.6
71.9
74.4
75.5
75.4
77.9
78.0
77.9
81.2
89.0
91.2
90.7
91.7
92.2
92.3
92.2
93.2
93.1
90.1
90.3
90.9
92.1
93.5
92.6
94.9
95.3
94.8
97.1
91.4
91.2
94.9
98.7
99.3
99.2
96.9
100.5
96.9
98.7
95.5
98.0
98.4
99.3
101.5
97.1
94.9
96.4
91.7
95.1
97.2
99.3
94.8
96.8
88.4
91.4
94.5
106.4
94.5
89.4
88.4
86.7
85.6
85.0
84.8
83.7
82.4
82.6
82.8
84.1
84.4
83.8
82.3
84.0
83.2
82.6
81.8
82.5
82.6
83.4
83.9
84.4
84.4
84.7
85.4
85.2
86.9
84.9
85.8
85.3
87.2
85.6
87.1
86.8
94.9
95.6
87.7
83.6
85.1
93.1
100.6
104.4
100.1
100.6
96.4
94.9
94.0
88.3
88.3
85.0
84.4
88.6
94.8
90.5
87.5
84.8
84.6
83.7
84.6
83.6
83.1
83.5
83.9
84.5
90.5
72.3
85.3
90.6
85.1
83.3
85.2
89.8
92.7
94.5
98.5
97.8
97.1
92.5
84.4
83.2
80.5
81.6
77.3
69.2
67.7
69.5
69.5
68.2
67.6
67.7
77.2
91.3
92.8
84.6
77.5
73.9
69.4
65.9
65.6
66.2
68.5
68.1
66.7
69.3
68.7
67.6
67.2
66.8
68.6
68.0
68.7
69.5
71.1
70.3
73.2
72.0
72.6
71.1
70.2
68.7
69.7
71.1
70.0
69.4
71.4
71.1
71.0
71.4
71.9
71.2
70.6
71.9
71.4
73.1
74.6
78.2
89.0
100.1
100.8
92.5
85.1
81.0
78.3
75.9
74.7
74.4
76.1
74.2
75.3
78.4
77.7
78.1
78.8
79.8
80.5
80.8
79.3
87.5
96.2
90.4
89.9
87.5
88.0
91.7
92.9
91.7
91.6
82.4
79.2
77.9
78.4
81.1
80.9
81.9
90.4
100.9
102.4
102.5
96.6
94.7
93.8
91.4
78.4
72.5
69.0
68.3
68.6
70.2
71.2
69.9
70.4
72.1
74.9
76.4
74.2
74.7
77.2
95.5
94.7
96.6
90.0
84.7
81.5
83.7
88.9
86.5
88.1
82.9
80.1
78.2
79.5
80.1
80.0
81.5
82.2
83.9
83.6
89.9
94.6
98.3
90.1
89.9
104.0
106.8
99.6
89.9
84.0
79.3
75.0
72.7
72.9
74.2
74.8
86.9
98.0
105.1
101.3
97.0
96.1
92.9
91.3
91.4
90.9
91.7
94.2
90.8
83.4
81.2
78.8
79.9
81.2
82.4
83.6
98.0
98.6
86.5
82.7
82.9
83.5
87.1
102.0
103.3
109.5
101.6
97.4
81.9
77.0
77.0
77.6
75.9
74.3
87.8
90.4
79.5
75.5
73.4
73.7
72.7
72.8
73.6
74.8
75.7
77.1
79.4
85.4
88.7
85.1
78.4
74.5
73.2
77.4
74.9
87.3
91.6
91.9
86.2
83.6
81.8
81.4
83.2
92.0
83.5
82.9
110.3
106.7
109.5
104.0
100.2
98.6
97.0
92.4
84.4
87.6
88.6
75.3
64.9
61.2
61.6
63.7
62.9
64.6
66.2
68.7
70.0
72.6
71.6
71.7
71.4
73.4
88.8
89.3
86.1
81.9
74.4
74.5
71.1
71.7
70.7
71.7
70.1
69.5
70.0
73.5
73.4
69.8
70.9
71.1
71.5
71.2
71.4
71.5
69.6
71.5
71.0
71.3
72.2
72.0
72.8
73.7
72.8
73.9
72.0
68.7
69.6
73.9
70.1
68.2
70.5
73.8
75.8
75.4
74.9
91.7
99.0
102.5
97.5
101.0
99.0
84.9
78.5
136.3
108.3
75.0
74.2
74.2
72.2
74.0
87.1
84.9
77.3
76.6
74.9
72.8
79.0
93.1
99.7
101.5
100.1
100.1
95.2
102.8
121.9
111.1
112.5
103.4
89.6
83.5
78.8
76.3
72.0
69.8
68.3
67.2
68.5
64.8
69.3
70.6
69.4
68.6
70.5
68.5
70.2
69.4
69.4
69.6
66.9
70.6
68.1
68.0
67.9
68.8
70.4
71.1
70.3
70.6
69.4
69.9
69.8
71.6
72.1
69.1
71.9
71.3
70.9
70.1
72.3
74.7
72.8
72.0
71.9
75.4
80.5
78.2
76.9
77.1
81.7
90.8
87.5
91.5
87.8
83.9
79.1
76.5
74.9
74.0
72.3
71.8
73.3
72.9
73.8
72.7
71.0
73.4
73.3
74.8
73.9
74.0
74.1
75.5
75.6
76.7
77.1
80.6
91.4
95.8
82.2
77.5
75.5
74.4
74.9
71.3
74.4
72.5
72.7
74.9
75.6
75.6
77.7
77.8
77.4
77.0
75.3
77.9
77.8
77.7
77.3
76.2
76.2
76.6
77.5
95.1
105.1
99.9
99.4
69.8
92.4
94.0
90.7
96.3
85.2
89.9
90.1
89.5
81.3
76.6
71.0
84.7
83.1
76.6
70.7
73.3
80.8
85.4
84.0
85.2
82.4
80.9
83.8
94.0
96.3
87.9
77.3
68.3
63.5
63.0
59.3
57.7
58.5
55.2
55.1
56.2
55.6
55.8
55.8
55.3
54.9
55.9
55.7
57.5
60.2
58.0
57.5
56.6
59.8
59.8
61.9
64.8
60.2
58.3
56.3
56.5
56.4
58.1
55.6
54.7
55.6
55.4
55.3
56.7
59.8
59.0
59.8
59.3
59.4
60.9
60.7
67.6
74.3
78.5
79.1
75.0
73.6
69.2
62.3
63.3
62.4
63.3
64.2
62.5
62.2
63.2
60.5
61.8
62.4
62.0
60.8
60.1
60.6
61.8
60.6
61.5
62.8
62.6
62.6
61.7
63.9
62.2
61.9
63.8
63.3
63.7
63.4
62.3
71.8
92.3
91.5
86.4
79.8
84.4
81.5
81.7
79.4
75.3
62.5
60.7
59.7
59.4
86.1
87.9
81.2
76.5
67.6
62.5
60.8
61.0
61.3
61.2
62.8
62.2
59.5
62.2
61.5
59.3
61.8
59.3
63.8
63.6
75.8
69.1
65.3
62.0
62.3
62.3
60.5
61.6
60.9
61.9
61.3
62.9
64.0
62.4
63.4
61.0
63.0
62.2
65.2
86.9
96.2
90.3
86.2
82.8
82.8
81.7
80.8
87.7
94.1
91.6
91.3
82.0
77.0
68.0
62.6
60.9
61.2
62.4
62.8
62.8
62.9
64.3
63.0
63.9
64.3
64.3
62.3
62.0
64.5
65.0
65.0
65.4
64.8
74.5
96.2
88.6
84.6
81.7
76.8
78.9
71.3
67.2
64.5
64.7
63.0
65.1
63.3
65.3
67.6
89.1
94.7
89.6
85.0
84.8
82.4
73.5
65.6
63.7
61.3
62.4
62.3
63.1
72.5
86.2
84.0
83.5
72.6
67.4
64.4
61.8
60.0
74.8
83.2
73.7
66.6
65.6
85.3
86.3
79.3
72.8
65.3
62.8
60.5
59.9
60.3
60.3
62.3
63.2
59.8
61.1
62.1
63.0
62.3
63.9
64.8
62.7
64.0
63.1
63.8
64.3
63.0
63.5
64.0
63.2
64.8
64.5
63.9
64.3
62.9
62.3
63.7
78.0
81.9
85.8
84.9
74.2
66.4
63.5
61.1
61.4
59.5
61.0
61.7
62.3
60.5
60.8
59.6
59.7
60.9
62.4
62.3
63.0
62.8
61.4
62.6
62.1
63.2
64.1
61.7
62.5
70.9
94.3
99.7
91.6
91.9
92.1
89.6
92.0
89.0
81.6
75.0
72.5
76.4
79.6
80.8
79.6
83.4
89.8
86.1
89.8
91.6
82.4
71.5
64.6
63.2
67.7
67.2
67.6
66.8
67.1
69.3
67.6
68.4
65.1
67.8
62.6
63.7
62.6
62.2
63.8
63.3
63.8
60.1
60.7
60.1
60.1
62.0
61.5
60.8
61.7
60.6
60.6
60.4
61.5
60.4
60.8
58.8
59.4
59.4
61.8
59.8
61.6
62.1
60.2
61.2
60.4
62.4
62.6
63.1
64.0
62.6
63.7
64.0
62.1
64.0
64.7
63.9
84.1
93.9
97.1
84.6
83.2
75.8
71.8
70.1
69.3
67.8
68.3
66.8
67.1
66.7
67.4
67.9
91.5
155.8
123.9
68.9
73.5
68.3
67.4
69.3
68.7
69.6
68.3
68.8
68.7
69.5
70.3
66.7
75.5
89.1
94.5
94.8
87.4
83.8
76.2
79.4
81.9
77.1
75.4
86.6
108.7
107.3
112.2
102.0
87.2
80.1
74.5
61.4
56.4
55.7
58.7
58.5
54.7
59.0
60.2
61.0
61.1
59.2
57.0
59.6
57.0
58.0
55.5
55.3
56.3
55.3
55.1
58.1
55.0
57.6
56.9
57.2
57.9
52.9
57.6
56.9
57.8
55.0
58.0
56.9
57.1
56.7
56.8
56.9
55.0
58.7
57.6
58.3
58.5
56.6
59.6
58.2
59.9
60.4
60.9
62.6
83.0
88.1
76.8
70.4
66.5
65.2
65.3
64.4
62.8
60.9
58.1
55.9
55.9
60.4
72.5
81.3
79.2
75.2
72.1
76.4
74.0
70.2
68.4
69.8
82.3
97.9
112.8
121.8
111.7
105.3
106.1
114.3
112.7
88.9
77.9
71.5
66.6
64.2
56.3
54.2
53.3
54.8
55.9
55.9
58.1
59.5
62.5
63.0
63.7
59.4
61.9
60.9
63.4
59.5
64.9
65.0
65.9
63.9
63.0
62.5
61.5
61.8
59.9
61.7
60.4
61.8
60.0
61.5
58.5
60.0
60.4
58.3
58.6
57.5
55.7
56.2
53.8
57.5
51.3
51.2
52.4
50.8
51.9
49.1
51.0
51.9
51.4
51.8
48.6
50.3
52.7
59.0
57.3
55.9
54.3
55.4
55.8
55.9
56.8
58.7
58.4
58.6
58.4
58.3
58.2
61.8
73.5
80.0
76.0
69.2
65.6
70.5
66.6
63.9
61.6
60.8
60.4
64.9
67.0
66.9
85.2
76.1
73.6
71.4
68.6
67.0
64.7
61.5
58.2
58.9
61.0
64.2
61.6
63.7
71.7
64.1
55.9
56.8
81.1
82.2
87.1
65.1
64.0
59.7
56.3
53.8
51.4
50.4
52.1
54.9
57.9
58.7
57.1
57.5
57.1
57.4
56.3
55.3
54.6
69.3
69.4
65.0
61.5
62.5
62.0
61.0
61.0
62.1
62.1
63.1
63.1
62.1
63.8
63.2
63.7
64.6
88.4
78.6
67.6
64.2
64.1
67.4
70.4
75.5
77.1
76.7
80.7
81.9
86.0
88.0
86.1
89.5
98.8
100.8
100.5
98.1
102.5
101.9
99.5
90.5
100.2
98.6
96.3
91.5
78.4
75.8
75.6
77.5
78.2
75.4
74.4
75.5
90.1
80.8
76.0
79.8
77.8
74.1
84.1
82.6
78.1
84.4
79.7
74.5
84.4
92.4
95.0
91.0
83.5
77.5
71.6
70.6
70.6
95.7
100.6
87.8
73.4
69.6
66.0
68.0
68.3
67.5
67.5
69.3
68.8
66.7
90.1
101.1
94.9
85.3
88.8
86.9
90.6
105.5
109.6
96.9
79.2
69.6
65.0
62.6
60.5
60.6
56.8
55.3
58.3
61.0
59.7
57.4
62.3
141.6
225.8
67.3
64.3
81.3
83.5
80.2
67.7
58.3
60.2
68.5
63.7
60.0
55.9
57.5
62.0
77.0
69.9
71.0
65.0
62.6
70.9
79.3
69.1
67.4
80.7
106.1
116.5
121.9
98.5
76.5
65.6
56.9
50.6
49.7
51.7
55.8
53.7
55.5
58.7
58.6
59.7
60.5
63.6
68.4
81.8
90.1
97.4
101.9
103.7
111.0
116.6
106.3
96.9
91.3
80.9
69.6
62.1
54.8
54.8
52.2
52.2
54.1
51.4
54.6
53.7
52.4
60.8
56.3
56.0
54.5
53.2
53.0
57.4
55.4
57.2
58.7
61.1
60.0
61.8
63.5
78.1
85.1
73.4
65.9
65.5
67.1
62.0
56.8
56.3
58.3
76.2
100.5
90.1
81.5
72.9
67.3
61.8
58.7
58.9
65.4
74.4
77.1
76.9
74.3
73.9
78.8
85.1
72.4
64.4
58.0
65.9
87.8
93.8
91.8
101.7
99.4
101.0
97.7
93.7
88.6
90.0
95.6
90.8
86.8
86.4
81.5
78.8
76.0
70.9
73.6
73.7
72.8
85.2
85.5
75.2
67.2
63.8
59.8
63.6
60.4
62.2
61.8
65.5
89.0
101.5
99.1
105.2
97.9
77.8
65.5
63.7
60.1
57.3
100.9
117.6
55.4
54.4
53.9
57.3
60.9
60.0
59.6
59.6
58.2
58.0
59.5
55.3
58.2
58.9
60.1
58.4
58.7
61.7
65.3
78.6
83.3
86.8
93.7
98.2
104.3
109.4
94.7
89.6
84.2
85.6
86.6
87.6
85.8
80.0
81.1
81.0
79.6
79.4
82.6
87.0
81.3
80.0
74.3
75.4
81.4
83.6
79.9
80.8
80.1
81.7
78.2
77.8
76.0
71.4
71.6
69.9
76.1
75.9
73.8
73.7
69.4
72.8
73.6
76.1
74.4
81.1
93.8
89.6
89.3
89.8
95.9
88.7
83.9
86.7
89.5
87.6
90.5
91.1
86.5
86.4
86.5
120.8
119.4
108.8
83.0
83.1
81.4
83.9
87.2
94.3
87.3
86.9
86.3
84.7
85.5
85.1
87.2
86.4
86.7
85.5
87.1
80.9
84.5
87.4
90.1
85.5
85.7
85.2
84.9
82.5
83.2
81.9
79.6
71.7
77.3
76.4
68.5
77.5
100.9
99.2
92.4
91.7
88.1
87.4
88.7
86.3
83.4
80.5
80.8
83.0
81.2
79.6
80.0
80.5
81.2
81.9
87.3
88.0
85.1
83.9
83.1
84.3
84.6
85.0
85.2
98.1
90.1
86.7
96.8
96.1
92.0
84.5
82.9
81.8
82.2
82.1
79.7
80.2
79.0
84.3
92.0
93.4
96.8
96.2
103.7
93.9
94.1
105.7
104.0
98.8
94.2
86.3
80.3
77.9
79.6
79.7
81.4
83.2
83.2
83.9
84.9
85.4
85.0
89.0
95.7
96.6
103.3
101.0
91.9
88.3
85.8
85.1
85.9
90.6
95.1
107.7
113.6
112.6
106.9
105.2
102.1
94.4
95.2
93.7
100.4
94.8
90.5
87.7
82.0
81.8
96.4
91.2
93.6
90.4
85.7
89.5
96.6
89.6
87.7
85.3
101.7
99.9
94.2
91.9
86.5
95.8
99.4
99.2
94.4
85.1
83.3
82.8
83.2
88.1
88.5
83.7
79.9
105.1
123.0
93.2
81.9
85.0
85.6
111.3
117.2
98.0
92.1
89.8
89.2
90.7
86.7
86.5
92.7
93.3
90.8
92.0
86.4
87.2
87.6
88.1
88.6
90.2
88.4
92.5
95.8
96.9
96.2
92.6
90.1
90.7
88.6
91.0
89.5
89.0
90.0
90.8
90.6
93.8
97.2
97.6
92.9
90.1
87.5
88.1
86.8
88.5
87.4
88.7
88.3
87.3
87.2
87.9
88.4
88.0
87.7
89.2
86.7
93.7
98.4
93.2
90.3
90.8
90.3
91.6
96.6
97.8
96.7
96.6
102.2
105.9
98.1
98.0
104.5
98.5
98.6
97.5
102.8
98.6
118.2
92.7
93.0
91.7
92.1
91.2
90.4
90.6
92.2
91.7
93.4
94.5
94.2
94.3
95.3
95.6
95.5
97.5
96.4
96.3
96.4
98.0
96.7
97.4
107.0
98.0
101.5
128.2
110.4
188.9
153.5
118.2
118.2
122.9
269.2
300.5
222.9
147.0
189.7
181.5
96.1
122.0
147.9
