99.3
100.8
76.3
137.9
128.6
113.5
105.0
107.5
104.3
104.2
102.0
98.9
103.8
106.0
103.9
106.8
104.3
111.2
111.8
110.0
101.8
101.0
98.0
96.8
97.7
101.4
100.5
95.8
94.1
94.7
95.2
94.0
94.4
95.1
97.2
98.4
98.2
97.9
98.9
98.1
98.2
97.5
98.0
96.6
98.7
99.0
102.0
103.2
104.6
106.1
103.1
104.0
103.4
103.6
103.1
103.4
104.2
102.7
102.3
103.3
104.4
101.6
100.1
98.7
98.1
98.9
96.0
101.9
104.0
102.7
109.1
111.7
111.5
109.9
106.9
106.6
107.0
111.4
109.7
109.4
109.9
107.5
110.8
112.6
109.5
106.9
109.8
109.3
109.6
108.3
105.3
103.3
108.2
109.8
108.6
105.2
106.6
106.7
104.4
106.4
106.3
104.9
104.3
103.4
104.0
105.2
104.8
107.1
102.2
105.1
105.9
106.3
103.0
103.8
103.8
105.7
105.6
112.8
106.4
106.9
106.3
106.9
105.3
110.2
109.7
110.2
109.4
113.3
111.3
111.4
110.4
109.1
110.3
106.8
111.6
109.2
111.7
109.8
109.0
107.9
107.0
107.4
106.3
104.0
105.5
106.3
109.3
107.1
107.1
105.6
104.3
104.4
103.4
104.0
102.9
101.9
102.6
100.1
99.5
99.7
100.4
102.2
102.5
102.2
102.5
101.4
102.5
103.9
99.8
100.9
101.4
99.5
100.6
99.3
100.1
98.8
99.9
102.9
105.2
103.5
101.9
99.9
102.6
105.3
102.2
102.6
101.7
102.7
103.3
101.2
101.5
100.5
100.6
100.1
102.5
99.4
101.0
101.6
100.1
101.8
101.3
101.8
102.9
102.8
102.5
102.2
101.9
100.3
98.8
99.6
98.9
99.0
99.1
97.8
98.7
98.5
98.2
100.6
99.4
100.9
99.7
99.6
101.1
101.5
101.8
100.7
99.2
99.4
100.3
100.2
99.6
99.9
99.3
99.7
98.6
98.4
98.1
98.4
99.4
99.4
100.5
98.9
100.8
99.7
100.3
99.9
100.2
99.3
100.5
101.0
100.3
99.8
100.0
99.6
101.8
99.5
100.8
99.1
94.3
98.3
96.1
102.2
102.7
102.0
101.9
101.5
101.6
104.2
103.3
104.5
105.6
107.5
101.2
104.3
103.7
107.8
104.5
103.9
106.4
107.2
107.3
106.6
105.3
106.4
104.3
102.7
102.6
103.1
103.6
103.1
103.0
102.7
103.7
104.4
102.8
102.3
102.2
103.7
103.6
103.2
101.1
101.5
101.5
102.4
102.4
102.4
102.1
102.3
102.8
102.4
102.6
103.3
102.2
101.9
102.6
102.3
102.6
101.1
99.1
100.5
99.9
100.2
99.6
100.6
98.6
99.5
99.5
97.2
94.7
94.5
95.3
94.4
95.1
91.5
92.1
94.5
94.0
93.3
92.9
92.1
92.9
92.0
93.2
93.4
94.2
93.8
93.1
92.1
93.6
95.3
97.3
95.3
96.6
99.8
96.6
96.8
95.6
95.8
96.4
95.4
93.9
93.8
96.1
93.3
93.0
93.4
93.0
93.1
93.5
93.2
93.0
93.4
93.0
91.9
90.8
91.7
91.9
90.7
90.6
93.6
92.4
94.2
93.8
92.5
91.8
92.3
93.2
93.9
93.6
93.2
92.1
91.3
91.7
91.4
91.0
91.7
91.5
90.9
90.9
89.8
89.3
88.4
89.3
85.6
87.0
88.1
89.6
90.2
91.0
88.9
86.9
86.6
88.5
90.1
88.8
89.4
92.7
93.1
95.3
94.5
94.5
91.7
92.5
92.6
92.2
91.7
92.3
91.0
92.0
92.2
91.1
94.1
91.9
93.0
91.2
91.3
89.4
89.5
91.1
90.1
91.0
90.3
90.7
90.0
90.9
90.9
90.7
92.5
92.1
92.0
91.1
90.9
90.9
91.4
91.4
92.1
91.3
91.6
90.5
91.0
91.0
90.8
90.5
90.2
90.4
89.0
89.3
91.4
90.5
90.4
90.1
89.3
89.1
88.8
88.3
88.1
87.0
87.6
87.4
87.3
88.3
87.1
87.6
86.8
87.4
87.6
87.1
87.8
86.5
87.8
85.3
87.1
86.5
86.4
85.6
86.7
85.8
85.2
87.4
85.8
86.3
85.0
84.8
84.9
86.2
86.4
85.6
86.2
85.5
85.9
85.5
85.0
86.0
85.5
85.9
90.5
93.2
89.4
87.4
87.2
92.3
93.1
89.9
88.2
88.3
88.5
88.7
88.6
88.4
90.0
89.6
86.7
86.8
88.9
87.8
86.8
87.5
88.3
89.2
90.2
88.6
89.0
91.8
91.0
92.8
92.3
93.5
93.9
92.0
93.3
96.2
94.5
95.5
96.7
97.4
94.9
98.2
98.5
97.3
98.2
95.0
95.3
98.6
99.3
94.8
91.7
93.3
95.5
94.4
94.4
95.9
92.9
93.6
92.1
92.5
92.0
91.9
90.9
91.0
90.3
90.0
90.7
89.7
90.7
89.8
91.1
90.2
89.1
89.7
90.6
89.7
89.8
90.0
89.3
89.8
89.7
89.4
89.3
89.1
88.5
88.6
88.2
88.2
88.1
88.9
88.7
88.0
89.0
90.0
88.6
87.8
88.1
87.2
87.1
87.3
85.0
84.7
86.1
85.6
85.1
85.5
85.1
86.3
86.2
87.4
86.8
86.9
85.9
85.7
86.4
84.7
86.7
87.4
87.3
86.6
88.0
87.2
86.6
87.2
86.9
89.3
89.6
90.3
92.2
94.7
95.3
94.7
93.0
93.3
91.6
91.7
91.1
91.0
90.5
90.5
92.0
90.2
90.7
89.8
89.6
89.5
89.6
90.7
91.7
89.1
88.9
89.6
91.6
90.0
91.9
89.3
89.6
90.6
89.0
91.9
93.3
89.4
88.5
87.3
88.4
89.7
89.5
89.5
90.4
93.0
92.5
96.1
93.5
91.9
92.4
90.7
90.8
88.1
86.8
87.3
87.6
88.7
88.3
88.1
87.1
86.1
87.1
87.2
86.8
86.7
87.7
86.3
86.6
87.0
87.6
89.3
89.2
99.1
94.4
92.5
92.2
93.5
92.4
91.9
90.6
90.9
90.9
91.6
92.0
91.3
91.0
91.1
89.7
89.5
88.0
88.3
89.3
87.9
88.0
88.1
88.2
89.4
88.2
87.3
87.4
88.3
87.3
87.2
87.0
86.9
87.6
85.5
86.0
86.4
87.1
87.4
87.8
87.5
86.6
86.5
87.1
86.8
86.3
86.8
89.7
87.3
87.2
87.6
87.8
86.8
86.2
86.2
87.1
86.6
85.7
86.7
87.9
85.5
85.3
85.7
85.7
85.5
86.7
86.8
88.7
89.4
88.0
90.5
90.0
92.4
92.4
89.4
87.5
87.2
86.0
86.0
86.6
85.8
86.1
86.0
88.1
86.4
85.7
85.1
83.8
82.6
84.6
81.7
83.6
84.5
83.0
83.1
82.6
82.6
82.1
81.9
82.8
81.9
82.2
81.6
80.5
80.5
80.9
81.6
81.1
81.2
80.6
80.4
80.8
80.8
80.7
81.4
81.2
81.3
80.6
79.8
79.8
78.8
79.9
79.6
80.3
80.0
80.4
79.1
78.5
80.8
79.7
80.0
80.0
79.9
79.3
80.3
78.5
78.8
79.5
78.8
79.0
78.5
78.7
78.8
78.7
78.8
79.9
79.1
79.0
80.1
79.2
79.0
78.4
80.2
79.8
80.5
80.6
79.9
78.7
79.4
79.1
81.3
79.9
79.4
81.2
79.9
80.2
82.1
85.3
87.2
87.0
89.5
83.4
84.6
84.1
83.6
82.3
82.4
82.7
82.5
85.2
85.8
87.0
88.7
94.7
87.0
85.4
83.8
88.0
90.4
91.6
93.6
90.7
88.0
87.3
86.1
86.5
88.5
89.3
87.8
87.0
87.5
86.3
86.5
86.8
86.4
87.1
86.9
86.6
87.4
86.2
87.0
86.4
85.8
89.0
88.1
87.0
86.8
86.7
87.2
86.6
86.6
87.7
90.7
89.5
89.1
88.9
89.4
87.6
86.4
86.3
84.4
85.8
159.5
85.2
85.1
89.0
86.2
86.5
85.1
84.3
87.3
88.2
85.4
85.8
86.1
86.2
86.7
86.5
87.2
89.4
88.4
86.2
85.8
86.3
85.5
85.2
84.6
83.7
88.8
87.4
85.3
91.8
92.9
95.3
89.0
88.1
86.9
86.6
88.7
89.0
89.5
90.1
94.0
92.6
93.7
93.9
92.3
92.0
95.2
91.5
92.0
92.5
92.8
95.1
96.1
95.2
94.3
93.8
90.8
89.7
93.6
92.5
94.2
94.7
95.2
97.2
96.9
96.8
95.4
97.7
94.7
97.8
100.6
98.9
101.0
103.0
102.2
101.0
100.7
100.7
100.4
100.4
100.3
99.1
99.0
98.1
99.3
97.2
97.4
96.6
96.0
96.5
98.0
99.4
95.6
97.5
96.8
97.1
98.2
99.6
97.0
96.4
96.4
96.7
99.3
97.7
96.2
95.9
95.1
96.0
97.9
96.6
98.6
98.6
94.5
93.4
94.3
92.2
91.0
91.3
91.7
90.3
90.1
91.4
126.1
103.3
87.2
88.1
85.6
88.0
86.7
87.5
88.3
87.9
84.5
87.9
87.4
88.3
88.8
88.0
87.2
88.5
88.4
89.0
90.6
87.9
87.7
87.2
88.7
87.6
86.4
86.6
86.6
86.4
87.0
86.5
86.9
86.6
89.1
88.6
89.0
88.8
88.3
87.9
88.9
88.6
86.7
87.8
90.9
88.0
89.3
87.0
87.0
87.3
86.5
87.0
87.8
90.4
92.0
89.3
88.3
88.3
89.0
88.7
88.7
88.7
88.4
90.2
88.1
89.9
89.4
89.9
88.6
90.4
90.5
93.9
91.0
158.9
125.5
90.0
89.3
91.3
94.3
92.0
91.6
91.5
91.9
92.1
92.6
91.9
93.5
92.9
93.0
93.2
92.5
93.7
93.5
94.2
93.5
93.4
95.9
98.1
95.8
96.4
95.6
96.7
95.6
94.4
97.3
96.8
96.2
95.4
94.9
94.1
92.5
95.1
95.6
93.1
92.6
92.0
92.3
93.0
92.4
91.6
92.4
91.0
94.4
94.3
95.0
96.0
96.1
97.6
94.7
96.6
96.6
96.3
96.1
95.3
94.8
95.5
96.6
94.9
93.6
93.4
93.1
91.3
91.6
92.2
92.8
93.0
96.0
94.5
92.8
93.4
93.3
93.2
91.9
93.4
93.6
93.9
93.8
94.4
92.5
91.9
91.7
91.8
93.0
93.3
93.0
92.8
94.3
96.2
95.2
94.2
95.1
94.7
94.7
96.7
93.5
92.5
93.4
94.2
93.6
91.4
92.8
97.4
95.2
95.0
96.5
94.3
92.2
92.1
92.6
91.9
92.5
91.3
90.4
90.7
90.4
90.4
92.7
91.3
92.4
92.0
91.3
89.8
90.5
115.8
83.9
84.5
84.3
84.6
82.9
84.1
84.9
86.3
85.3
84.8
86.0
85.7
85.9
87.1
87.6
87.1
87.4
87.1
89.2
86.1
86.3
87.0
84.7
86.6
87.6
86.5
84.9
85.1
85.0
85.4
83.9
85.2
85.0
84.9
85.2
85.6
86.5
87.1
85.8
86.2
86.0
86.8
86.8
86.8
87.7
88.8
88.7
90.5
89.3
89.9
88.6
89.6
88.5
89.1
89.3
93.7
97.5
95.5
109.4
110.0
100.7
98.6
95.8
93.7
92.3
92.5
91.7
91.2
90.6
90.1
91.6
96.2
88.8
89.6
89.3
89.1
88.6
89.2
87.8
87.7
87.6
88.3
87.2
87.7
87.1
87.1
87.6
87.7
88.2
87.8
87.5
87.2
88.0
85.5
85.4
87.3
85.4
85.9
86.1
86.5
87.5
86.7
86.4
87.0
85.5
89.2
87.7
87.3
87.3
86.7
87.7
89.4
93.2
91.7
89.1
86.9
88.2
88.9
87.7
87.3
87.0
87.2
88.0
87.5
88.7
88.2
88.8
87.9
88.6
88.2
89.6
88.1
89.4
89.9
90.4
89.2
89.8
89.9
93.2
94.5
90.4
91.4
96.7
95.8
95.7
94.1
92.3
92.3
91.3
91.4
90.6
90.7
89.4
90.4
88.8
90.5
88.8
88.9
91.1
91.7
90.1
89.0
90.0
90.1
89.5
89.5
90.3
91.3
90.6
92.0
89.9
93.1
93.3
92.7
93.2
94.2
93.3
94.1
94.1
92.8
91.9
92.2
92.5
91.4
92.5
91.7
91.7
92.0
92.4
91.0
93.6
92.1
92.4
94.4
94.5
94.6
95.0
95.3
95.5
96.2
94.8
95.5
95.6
96.2
95.5
96.4
96.2
97.6
97.6
100.3
100.9
99.8
102.3
101.4
99.6
95.0
96.6
98.2
95.3
96.5
96.4
99.1
103.3
105.4
104.4
106.6
103.1
104.9
103.8
103.2
102.4
104.2
102.7
104.5
102.4
100.3
105.6
103.6
108.2
104.1
101.2
101.1
105.1
103.6
102.8
102.7
104.8
102.1
102.2
100.7
100.8
102.9
101.9
101.6
100.8
102.7
102.0
101.4
99.8
98.7
99.1
98.7
99.0
101.7
100.6
100.4
100.9
100.4
99.8
101.3
100.7
99.5
100.4
100.7
101.5
101.0
100.9
102.2
99.9
99.3
99.2
99.8
100.2
98.0
99.3
100.1
99.7
99.8
117.8
95.5
95.5
94.5
93.9
95.5
97.8
98.5
96.8
97.6
97.9
96.3
96.1
95.7
97.8
96.3
96.5
94.8
95.9
98.1
94.1
95.0
96.4
95.9
95.6
93.6
94.9
93.5
94.7
95.2
93.8
94.8
94.3
94.5
96.9
94.0
95.6
95.2
94.8
94.6
94.5
95.0
95.7
95.5
96.0
96.6
96.5
95.7
96.1
96.8
96.9
96.7
95.9
95.9
96.4
96.3
96.0
96.2
95.5
96.3
96.7
97.5
94.4
96.4
97.9
97.5
97.4
96.5
96.6
98.0
96.8
95.7
95.8
97.5
95.8
96.9
97.5
96.5
96.3
97.6
97.8
97.7
97.9
97.8
96.4
97.6
96.9
95.2
97.4
97.2
98.8
99.6
101.0
99.2
97.6
99.1
101.4
96.1
98.7
97.4
98.4
97.9
97.9
98.0
97.9
98.2
98.6
97.8
98.5
98.6
98.6
99.7
99.4
99.4
99.8
98.5
97.2
