99.3
99.1
98.8
99.2
100.4
99.3
99.1
98.9
98.7
99.6
99.8
99.0
99.0
97.9
97.7
97.1
97.2
97.0
98.1
98.0
97.6
98.2
97.7
97.8
99.1
98.3
98.2
97.9
97.8
97.4
97.9
98.9
97.4
97.9
97.8
97.9
98.1
98.5
98.2
97.7
98.9
99.4
99.1
98.0
98.6
99.6
98.8
99.3
100.0
98.2
98.7
98.9
98.7
100.1
98.6
99.3
99.8
99.6
100.4
99.9
100.0
99.8
99.5
99.0
98.3
99.2
100.9
100.6
103.4
102.9
102.7
101.8
102.1
101.7
101.1
100.8
99.2
99.4
100.4
102.2
102.1
100.0
100.1
100.3
98.6
99.4
99.2
101.8
103.1
101.2
100.8
102.1
100.3
99.6
99.5
100.8
99.9
98.5
99.2
98.7
99.1
98.2
98.1
98.9
98.8
99.7
103.1
102.0
102.5
102.2
101.1
101.3
101.2
100.4
100.0
100.6
100.3
100.1
100.6
100.9
101.1
100.1
101.1
103.9
102.5
103.0
102.8
102.3
103.9
104.3
102.9
103.0
102.8
102.7
100.3
100.4
99.8
98.9
100.5
100.3
101.7
101.1
98.5
100.4
100.4
100.2
99.8
100.1
100.7
100.2
100.9
102.1
100.6
101.5
100.7
100.8
99.9
99.8
100.5
99.8
100.6
101.0
99.9
102.9
99.2
99.0
99.4
98.7
98.7
98.8
98.9
98.7
97.7
98.2
99.1
99.2
98.8
98.2
184.3
142.4
99.4
99.8
100.1
98.2
99.0
99.1
98.4
97.9
97.7
98.0
98.6
99.3
98.8
98.8
97.7
97.6
98.8
98.0
97.3
98.0
98.1
97.8
97.8
96.4
97.1
97.6
100.3
101.6
100.2
99.5
98.4
98.6
97.7
98.4
96.8
102.4
102.9
102.8
101.5
100.6
101.1
100.1
100.1
100.8
101.9
101.5
101.6
99.1
98.7
99.0
99.6
100.1
99.8
98.2
99.6
98.7
98.3
96.1
94.9
97.8
98.8
98.3
101.4
99.1
98.5
98.0
97.6
98.4
98.7
97.6
98.0
96.7
98.2
97.3
96.1
97.3
97.8
97.9
97.2
98.8
98.5
98.7
97.8
96.3
97.0
100.3
98.7
97.7
97.8
99.1
98.6
98.5
100.2
99.9
99.6
100.3
100.5
99.3
99.9
98.7
98.3
99.0
98.7
98.3
97.1
97.1
98.5
102.5
98.9
100.9
99.9
99.8
97.9
97.9
98.4
98.0
97.7
97.8
99.5
100.2
98.1
98.3
98.9
98.6
99.7
100.1
98.8
99.4
99.8
100.3
98.1
98.2
99.3
99.1
99.7
98.9
99.9
99.1
99.6
100.1
101.4
99.8
97.7
98.9
99.7
98.8
97.8
97.8
99.0
99.5
99.4
100.2
100.6
101.2
99.3
100.0
99.5
98.9
98.9
100.0
97.5
98.2
98.6
99.0
98.1
98.2
98.4
100.3
98.1
101.2
100.8
100.4
101.3
100.0
100.4
99.6
101.4
98.7
101.6
98.7
99.1
99.2
99.3
99.6
99.2
99.5
99.1
100.0
99.2
100.3
100.1
99.9
99.8
99.8
99.5
101.4
101.3
100.2
99.8
100.1
100.9
100.4
101.5
101.9
102.1
101.3
101.7
100.3
100.4
101.2
101.4
102.0
100.2
101.8
101.2
101.9
101.6
100.9
101.4
101.1
102.3
101.2
101.0
100.3
100.7
101.1
103.2
101.9
100.1
101.8
101.2
102.0
100.8
101.6
104.3
103.8
102.6
102.4
102.7
102.5
100.0
101.6
101.9
101.3
101.0
102.2
103.0
102.9
104.3
102.3
102.7
103.0
102.3
104.0
101.9
104.8
105.1
102.3
102.3
102.9
101.7
101.2
100.9
100.5
101.1
101.0
104.3
103.0
102.9
102.9
104.9
105.1
105.0
103.5
103.2
103.2
103.9
104.3
102.4
103.8
106.2
103.8
104.5
104.4
105.9
101.1
107.9
105.4
104.0
103.3
102.9
103.3
103.5
104.1
103.0
103.5
103.2
101.3
102.2
101.3
108.8
123.2
101.8
101.6
102.0
101.1
101.2
102.2
100.6
101.6
103.1
101.6
102.2
102.5
100.1
99.1
99.2
100.5
100.5
100.9
100.3
101.3
101.4
100.7
100.7
104.8
99.6
100.5
102.1
101.7
101.1
102.6
102.5
101.1
101.1
101.1
100.1
100.9
101.4
102.4
102.2
101.6
102.3
99.7
100.8
100.2
100.7
101.7
100.6
101.0
100.8
101.4
100.8
103.0
100.7
100.7
99.7
99.9
99.1
99.5
99.6
99.6
102.2
101.1
102.5
104.0
101.5
100.3
99.4
101.8
99.3
104.4
98.9
100.7
100.4
100.3
101.1
99.3
100.1
99.3
100.6
101.0
102.9
101.1
100.0
100.2
101.1
101.1
101.0
101.2
101.4
100.3
99.7
99.9
100.2
102.4
100.9
101.0
100.1
100.4
100.1
100.3
103.1
106.1
97.0
98.5
98.6
100.0
97.9
99.6
100.7
99.1
99.7
98.5
97.6
96.3
98.1
98.9
98.4
98.7
100.3
98.3
97.8
98.4
96.9
98.2
99.1
101.1
99.3
101.6
97.2
99.3
97.9
100.9
100.1
99.9
99.5
99.1
99.6
99.9
103.4
102.4
103.0
103.2
103.0
106.3
99.8
99.6
100.3
100.1
99.7
100.1
100.0
100.7
99.5
99.7
98.6
96.8
100.0
96.4
97.4
99.1
101.0
99.5
107.3
102.4
100.1
101.2
100.3
100.1
99.4
99.2
99.1
98.9
100.4
102.3
100.6
99.3
98.8
100.7
100.5
98.6
99.6
98.7
99.8
99.4
96.7
102.8
100.4
96.6
98.4
99.0
99.5
99.2
98.5
98.2
98.4
100.0
97.5
98.1
99.9
100.1
98.8
102.9
100.0
99.0
99.0
97.7
98.5
98.7
99.1
99.1
103.9
101.1
101.4
102.4
100.8
100.7
104.3
104.8
101.5
100.8
101.1
100.0
101.5
101.1
100.6
99.3
99.9
100.1
99.1
99.5
100.4
101.7
101.4
101.10000000000001
