77.9
76.7
78.2
78.0
77.7
77.3
76.8
76.9
77.2
77.2
77.9
77.3
77.5
76.9
76.6
77.0
77.4
77.3
75.6
77.0
76.9
76.4
76.6
75.4
76.1
75.6
76.1
82.5
90.7
81.6
75.4
71.3
68.4
66.4
66.7
65.5
64.5
66.2
67.0
65.2
67.6
67.3
67.3
66.5
66.8
67.5
68.0
67.9
68.1
67.5
67.8
67.3
67.0
66.9
66.1
66.4
66.0
66.0
66.6
66.8
67.0
65.5
67.8
68.0
68.5
68.4
68.8
68.5
69.6
70.5
70.7
72.0
72.1
72.5
72.6
73.3
74.0
74.1
75.3
75.4
77.5
77.4
77.4
77.8
78.4
77.4
77.4
77.2
77.5
77.5
77.3
77.5
77.1
76.6
76.0
76.0
75.9
75.6
74.3
74.8
75.2
75.5
74.7
75.2
75.2
75.4
75.5
76.1
75.4
75.3
75.2
75.0
76.0
76.0
76.4
75.8
76.3
76.9
76.2
76.8
77.0
76.0
76.6
76.5
76.4
76.3
76.9
77.7
77.9
77.5
78.2
78.1
78.1
78.0
78.3
78.1
77.7
78.0
78.1
78.2
78.6
78.9
78.9
79.9
79.8
80.2
80.8
79.6
80.4
81.0
80.5
80.6
80.9
75.4
79.7
82.0
82.0
80.9
79.9
84.6
90.1
88.8
84.3
82.3
80.3
79.8
79.7
80.6
81.3
81.2
81.7
82.6
82.5
83.0
83.5
83.6
84.0
84.5
84.2
84.6
84.8
83.8
83.5
85.1
84.8
84.5
84.7
85.0
84.3
84.2
85.0
84.8
84.9
84.8
84.1
84.5
85.3
85.4
84.6
85.1
83.8
83.7
83.3
83.0
83.1
82.8
82.0
81.7
81.0
80.2
79.6
79.6
79.2
79.0
79.4
80.1
79.8
80.7
81.0
81.2
81.1
81.0
81.2
81.5
82.0
82.0
82.0
82.4
82.9
82.8
83.0
82.7
82.5
82.5
82.6
82.8
82.7
82.6
82.0
81.5
79.4
80.7
80.5
79.7
79.0
78.0
78.5
77.8
78.4
79.2
78.9
79.6
80.1
80.4
80.7
80.8
81.8
81.7
82.3
83.2
83.8
84.2
84.3
84.7
85.1
84.3
85.2
85.8
86.9
86.5
87.2
87.0
87.2
87.9
87.2
87.3
87.3
87.7
88.0
88.3
88.5
88.4
89.0
89.3
89.1
89.3
89.3
89.5
89.4
89.7
89.1
89.4
89.5
89.6
89.3
89.1
88.9
87.0
89.1
89.1
88.4
88.0
88.2
88.1
88.0
88.2
88.6
88.8
88.8
88.1
88.4
88.7
88.6
88.7
88.9
88.2
88.8
89.3
89.7
89.7
89.6
89.4
88.9
88.5
88.2
88.1
88.1
88.2
88.0
88.1
88.2
88.6
88.3
87.9
87.0
87.2
85.7
86.2
86.2
86.3
86.1
85.0
85.8
85.6
85.3
85.2
85.4
85.1
85.7
86.2
87.4
87.0
85.5
85.8
85.6
85.4
85.5
85.7
86.4
86.8
86.9
86.9
87.2
88.1
88.3
88.7
88.8
88.9
89.0
87.6
90.4
90.2
89.3
86.6
85.4
85.7
85.7
84.7
83.9
83.2
83.7
83.7
84.6
82.5
81.7
84.6
86.1
86.2
87.2
87.0
86.4
87.4
87.5
87.5
87.9
89.6
90.1
90.4
89.9
89.5
89.5
88.4
100.3
98.2
93.3
89.6
87.6
86.6
86.3
86.2
87.0
86.9
87.2
87.7
87.9
87.7
90.1
89.9
90.1
90.0
89.8
90.0
90.2
90.0
90.1
89.7
90.6
90.2
90.3
90.2
90.3
90.3
90.3
90.5
90.5
90.1
90.1
90.0
89.5
89.6
89.1
88.8
88.4
87.6
87.0
86.1
85.9
85.1
84.7
90.1
90.4
90.6
87.9
85.5
84.0
83.6
82.6
82.9
83.6
83.7
83.7
83.5
82.7
82.6
82.2
82.6
83.2
83.2
83.7
84.0
83.8
85.8
86.2
86.6
86.9
87.0
87.7
88.4
88.8
88.9
89.2
89.1
89.4
90.0
90.0
90.8
91.0
91.3
91.2
91.7
91.4
92.4
93.4
98.4
100.1
105.4
101.5
107.7
98.1
109.6
96.6
99.8
94.6
90.6
86.9
86.1
85.9
87.2
88.1
89.3
90.1
91.2
91.7
91.9
92.5
93.5
91.9
88.6
88.8
101.9
102.7
97.4
96.6
95.8
78.0
83.4
87.5
85.0
83.8
83.1
83.0
83.7
83.8
84.7
84.5
85.8
86.7
86.9
87.1
87.1
87.9
87.8
88.1
88.2
88.0
87.9
87.7
88.2
87.6
87.7
88.0
87.9
88.1
88.2
88.4
88.4
88.5
88.9
89.4
89.3
91.0
91.5
90.4
90.9
90.4
91.9
91.6
91.6
91.9
92.3
92.3
93.0
93.9
94.5
94.3
93.8
93.7
93.8
94.2
94.2
95.3
95.1
96.4
96.6
96.7
97.3
97.1
97.0
97.1
97.0
97.5
98.1
97.9
98.5
98.2
98.5
98.2
98.7
98.8
99.3
99.6
100.1
100.1
100.1
100.1
100.5
100.2
99.5
99.0
99.0
99.1
99.0
99.4
71.3
108.5
105.5
96.5
96.9
95.8
96.4
95.5
95.5
94.6
95.5
98.7
97.9
92.9
89.1
87.0
87.4
86.5
87.7
88.0
87.9
87.9
87.8
88.6
89.1
89.7
90.9
107.8
90.5
90.1
90.0
90.2
90.2
90.8
91.7
91.8
92.1
93.1
92.4
92.7
92.7
92.5
92.0
93.0
93.3
93.1
93.0
92.9
93.1
92.9
92.8
92.9
93.5
92.6
92.6
93.3
93.2
93.1
92.8
92.7
92.2
90.9
91.0
92.8
92.8
92.4
92.2
92.4
92.6
92.3
92.0
91.6
91.9
92.2
91.4
91.2
91.8
91.8
90.8
87.3
88.8
83.6
89.4
88.7
90.4
88.4
84.6
85.3
90.3
89.6
87.2
84.6
85.9
81.6
78.6
73.1
70.2
68.8
68.6
69.0
69.7
70.8
71.9
72.6
72.8
74.5
74.2
75.5
77.2
77.8
78.1
78.8
79.2
78.9
80.3
80.0
80.9
80.1
80.7
81.2
80.0
80.9
82.8
81.3
82.1
82.6
82.3
81.6
81.7
81.3
81.3
80.6
79.9
80.8
80.0
79.6
79.19999999999999
79.8
80.0
80.2
77.9
79.1
79.7
79.3
78.5
79.2
79.9
79.5
79.4
78.8
77.4
76.7
76.3
75.2
74.4
73.0
73.3
73.8
72.5
72.9
72.2
71.8
71.1
70.9
70.4
63.4
70.6
70.9
70.1
71.0
70.6
70.8
71.1
70.5
71.5
70.5
70.8
71.9
71.3
71.4
73.9
75.5
73.4
72.5
72.9
73.0
71.3
71.2
74.6
73.6
74.1
74.9
75.3
74.9
74.2
75.0
75.2
74.9
74.9
74.1
76.3
76.1
76.6
76.9
76.8
76.6
76.3
76.9
77.2
76.7
77.2
76.1
77.3
77.5
76.1
76.1
76.3
75.2
77.0
77.0
76.9
76.8
76.6
76.7
76.1
76.2
76.8
75.5
75.3
74.7
76.2
76.4
75.7
76.0
76.4
76.0
76.0
75.7
76.1
77.8
76.3
76.0
77.0
76.2
76.4
76.4
76.3
76.3
75.9
76.0
76.2
76.7
76.5
75.7
74.8
75.0
74.7
74.7
74.0
73.9
73.9
74.2
73.9
73.1
71.9
67.5
71.3
71.2
70.5
73.1
72.8
72.0
71.8
70.4
71.4
71.4
70.5
70.2
71.0
70.2
72.0
71.0
70.9
72.1
71.9
72.3
72.9
72.1
72.4
71.3
70.5
73.6
73.8
75.5
82.5
82.0
88.8
86.0
85.1
83.9
84.9
84.6
86.7
84.6
85.3
82.7
83.1
80.8
83.9
81.9
69.8
70.8
71.0
70.7
69.6
69.2
68.8
82.4
86.8
82.7
79.6
83.5
79.8
76.4
74.0
72.6
75.1
82.5
73.3
71.2
69.2
69.8
69.4
71.4
70.5
70.4
71.3
70.6
70.8
72.2
72.0
73.3
74.0
73.2
73.9
74.6
73.9
75.2
74.2
74.7
74.8
75.0
75.8
75.6
73.2
74.9
76.2
75.2
76.7
76.7
77.4
76.9
78.1
77.4
77.5
79.0
76.8
78.7
78.8
79.0
78.0
76.8
77.5
77.2
77.5
78.2
77.5
78.6
77.8
78.3
78.9
78.6
79.2
78.3
80.0
80.6
80.7
81.2
81.0
81.2
80.6
81.0
80.4
80.7
80.0
80.4
80.5
80.5
80.4
79.8
80.3
79.7
81.2
81.2
81.2
81.2
80.4
80.9
80.8
81.2
81.0
80.8
80.9
80.6
79.8
79.8
79.2
77.8
78.3
78.0
78.0
77.3
78.0
77.2
77.0
76.4
73.8
75.0
76.1
75.1
75.8
75.7
75.1
74.6
75.1
74.4
83.2
187.5
141.1
71.8
71.4
71.7
72.3
72.7
74.7
74.5
74.3
75.6
75.9
76.5
77.0
77.1
78.2
77.5
79.1
78.7
79.8
79.4
79.2
79.4
79.9
79.4
79.6
79.5
80.1
79.5
79.6
79.1
79.0
79.4
79.2
79.6
79.3
79.6
79.3
79.2
79.6
79.3
79.5
79.2
79.3
79.2
78.6
78.4
77.9
77.6
77.3
77.4
77.6
76.8
77.2
77.6
77.8
77.4
77.8
78.3
77.8
77.9
77.1
77.4
77.3
77.9
77.8
77.7
77.3
77.8
77.8
77.9
78.9
78.0
74.1
81.0
81.6
81.5
81.7
81.4
81.6
77.3
79.7
82.0
80.6
77.9
80.3
79.2
79.3
79.8
80.0
80.1
80.3
80.1
80.4
80.0
79.8
80.1
79.8
79.1
78.9
79.2
79.5
79.5
79.6
79.2
79.2
78.6
77.8
77.0
76.7
76.7
76.5
81.7
82.1
85.7
85.2
79.2
79.1
81.2
77.0
75.3
73.0
73.0
73.9
74.0
74.3
75.0
76.2
76.3
76.8
76.9
78.5
78.9
79.0
79.3
79.2
79.4
79.6
79.8
80.2
80.1
80.3
80.3
80.7
80.9
80.8
81.2
81.0
81.2
81.7
81.2
81.6
81.3
81.7
81.3
80.9
80.0
79.8
79.0
78.8
79.6
79.8
79.7
79.1
79.3
79.1
78.3
78.5
77.5
76.3
76.2
75.8
76.0
75.8
75.8
76.0
76.5
76.7
76.4
77.2
77.3
77.9
78.0
77.9
78.3
78.3
77.4
78.6
79.0
79.1
78.5
78.8
79.1
79.2
79.7
79.9
80.4
81.1
81.5
81.6
81.8
82.3
82.3
82.4
82.4
82.4
83.0
83.0
83.0
83.6
83.5
83.5
83.9
81.8
83.7
84.2
84.3
84.5
84.1
83.9
83.3
82.3
82.6
78.4
77.9
76.4
75.3
77.1
76.5
78.1
77.8
77.1
76.8
77.2
75.9
77.6
76.3
79.1
78.6
77.6
76.4
77.0
77.6
77.9
78.0
78.3
79.0
78.8
79.6
79.1
80.7
80.7
80.0
79.9
80.1
79.2
81.0
80.9
81.2
81.1
81.0
81.8
82.4
81.7
81.2
81.6
81.3
81.4
81.8
82.0
82.2
82.2
82.4
82.3
82.2
81.9
83.1
82.9
82.4
82.8
82.5
82.5
83.2
83.1
83.0
83.8
83.9
83.7
83.5
83.8
82.4
84.7
84.5
84.8
84.8
84.2
84.7
84.8
85.0
84.8
84.8
84.9
85.2
85.0
84.7
85.3
85.3
85.2
85.5
85.4
85.1
85.2
85.1
84.3
84.4
83.9
83.5
83.3
83.0
81.3
82.0
82.0
81.2
80.7
81.2
80.7
79.7
78.5
78.4
78.0
77.6
77.2
77.1
76.8
76.4
76.0
75.9
75.8
75.4
75.6
75.8
76.0
76.0
77.3
77.7
78.0
78.0
78.3
78.3
78.6
78.3
79.2
82.6
85.7
81.2
77.9
76.4
77.2
78.6
78.6
79.0
78.3
78.2
77.9
77.8
78.0
77.9
78.1
78.0
77.7
78.1
78.9
79.6
80.1
80.4
81.5
81.3
81.2
81.0
82.0
81.9
82.7
82.5
82.6
82.6
82.7
82.80000000000001
83.4
83.4
84.3
84.5
84.9
85.1
85.3
85.2
85.4
85.7
85.8
85.3
85.3
85.2
85.4
85.5
86.0
86.6
86.0
87.2
87.6
87.9
88.0
88.3
87.8
87.8
88.6
88.6
88.5
88.3
88.6
88.6
88.9
88.3
88.3
88.7
88.3
88.5
88.8
88.6
88.6
88.3
88.1
88.3
88.6
87.5
95.2
92.6
93.8
96.1
84.6
92.7
91.6
87.8
90.3
98.2
92.2
89.8
86.1
94.6
115.0
103.7
94.7
99.6
92.0
88.9
87.5
87.1
86.4
87.4
85.1
86.8
92.7
97.4
95.7
91.8
89.8
86.5
85.6
85.6
88.0
89.7
90.2
91.7
94.1
97.1
98.0
100.6
99.7
99.6
99.0
100.0
101.1
101.5
101.6
100.3
100.4
99.3
98.7
98.1
98.8
97.5
99.5
99.6
98.5
96.5
98.7
101.3
95.5
96.8
95.5
92.0
92.1
90.1
90.5
85.9
87.8
87.8
87.5
86.2
85.9
83.1
83.9
84.1
84.2
85.2
84.0
85.0
86.4
87.7
87.7
88.4
87.3
88.8
86.7
86.2
85.3
84.6
84.6
84.6
86.3
88.4
81.9
90.5
89.3
87.5
88.2
87.8
86.7
86.7
87.6
88.3
88.5
88.8
89.6
89.7
90.5
90.8
92.8
92.0
91.7
91.8
92.0
91.9
92.1
92.8
93.6
96.5
103.1
106.1
105.8
104.3
104.2
102.4
100.9
100.3
100.2
99.5
99.1
99.2
98.9
99.1
98.8
98.9
98.8
99.0
99.4
99.5
99.3
99.2
99.1
99.3
99.5
99.8
99.5
99.6
99.8
99.3
99.8
100.0
100.1
100.3
100.2
100.1
100.3
100.8
101.0
100.5
101.6
102.1
102.2
102.0
102.0
102.0
102.6
102.3
102.1
102.2
102.4
102.2
102.3
102.3
102.5
103.0
105.2
105.8
105.2
105.5
105.4
105.7
105.6
105.4
104.8
105.3
104.9
103.5
103.2
104.2
103.3
104.3
104.8
104.6
104.3
103.6
104.3
104.7
103.9
103.5
103.3
103.9
103.3
103.3
103.6
103.9
105.0
104.6
105.3
104.1
100.3
97.2
95.8
95.3
96.3
95.7
100.5
97.2
95.0
94.1
94.8
94.6
95.2
95.0
95.2
95.9
95.9
96.5
96.9
97.3
97.4
97.7
97.7
98.0
97.8
98.2
98.7
98.8
98.9
99.4
99.4
99.6
100.1
100.9
100.9
100.9
101.9
101.9
101.8
102.1
102.4
102.3
102.3
102.4
102.6
103.0
102.2
103.4
102.2
102.1
101.9
102.1
101.8
101.6
100.6
100.2
99.8
99.6
99.9
99.6
99.9
100.0
99.9
99.9
99.4
99.8
100.1
100.7
100.5
100.6
100.2
100.9
100.9
100.8
100.4
100.6
101.0
100.8
101.4
101.3
100.8
100.8
101.1
101.0
101.2
101.7
101.7
102.7
102.7
102.5
102.9
103.1
102.0
102.2
102.6
103.4
103.3
104.1
104.1
104.2
105.8
106.9
105.7
105.5
105.0
103.3
102.4
101.4
100.5
101.0
100.8
100.9
100.9
100.5
99.9
99.7
100.5
99.2
99.6
99.2
99.1
99.0
98.7
98.9
98.9
99.2
98.9
98.4
98.2
98.2
97.9
98.0
97.9
97.5
97.3
97.2
96.4
96.3
95.3
95.2
94.8
95.3
94.9
94.8
95.5
94.9
94.5
94.6
94.2
94.0
93.2
93.5
92.2
90.7
90.7
90.3
90.8
91.6
92.2
91.9
93.0
94.2
93.8
94.2
95.0
95.6
94.2
94.5
94.1
94.1
95.2
95.1
94.3
94.4
92.3
93.6
94.1
96.1
97.7
89.8
86.7
82.6
83.3
84.1
83.0
83.2
86.2
87.8
86.7
85.9
84.1
230.4
120.8
82.1
83.3
84.1
84.7
84.8
85.3
85.1
87.5
95.1
90.0
88.9
87.9
86.5
86.0
84.7
84.9
84.8
85.4
86.0
86.2
86.6
86.7
87.9
88.1
88.0
88.1
89.2
89.2
89.0
89.3
89.8
90.5
89.6
88.6
89.1
89.9
89.9
89.9
89.5
89.6
90.0
90.9
90.5
90.7
90.9
90.4
90.3
90.4
91.0
90.5
92.0
91.0
91.3
91.4
91.1
90.7
89.9
90.3
89.4
89.2
89.9
90.3
90.8
90.1
90.6
91.0
90.9
90.7
89.5
89.4
90.3
90.2
90.4
90.3
88.7
88.7
89.0
89.4
88.2
88.1
88.1
87.0
86.2
71.9
86.6
85.7
82.1
84.8
86.7
87.5
87.0
85.1
83.7
82.9
81.5
81.6
81.4
80.6
81.6
81.6
81.7
81.7
82.4
81.7
82.7
83.2
84.4
84.8
84.7
84.9
85.1
86.4
86.6
86.1
87.5
88.9
88.9
89.1
90.0
90.1
89.8
90.6
90.7
90.1
90.3
90.5
91.1
90.6
90.2
90.7
89.6
88.8
91.4
90.6
93.1
92.9
95.4
96.3
112.5
115.8
101.8
102.0
95.3
89.9
80.7
81.0
81.9
81.9
82.6
79.9
78.5
78.6
79.6
84.1
88.2
89.4
88.4
87.0
87.9
91.5
92.8
93.2
89.8
82.1
86.4
87.8
93.7
93.9
92.1
90.3
89.9
89.9
90.3
90.9
91.5
92.1
92.6
93.4
93.7
93.9
94.0
95.2
95.2
95.7
95.9
95.5
94.8
95.5
95.6
95.2
95.9
95.5
94.9
96.4
96.6
95.7
95.6
95.7
95.8
95.8
94.8
95.2
95.6
95.2
94.7
94.7
95.2
95.1
93.9
94.0
94.4
94.8
94.3
93.7
93.4
92.9
92.3
91.8
91.7
91.6
91.5
90.0
90.5
91.1
90.6
88.8
87.9
88.0
87.3
87.6
87.1
86.5
87.6
87.6
88.4
87.5
88.7
88.5
88.5
87.9
89.0
89.4
89.8
87.7
84.2
86.7
86.3
87.3
88.5
90.8
91.6
92.7
93.8
93.6
94.9
95.8
96.4
97.0
96.7
96.3
96.3
95.7
97.1
96.9
97.1
97.2
96.8
95.7
96.3
96.6
96.5
96.4
96.2
96.9
96.1
94.7
96.7
97.0
97.2
97.3
97.1
96.8
96.1
95.6
94.1
93.6
93.9
94.2
93.9
93.4
93.4
92.6
91.8
92.0
90.9
90.8
92.1
92.4
91.8
92.0
91.2
90.3
90.7
91.2
91.3
90.8
90.5
90.1
90.2
90.2
90.2
89.8
89.3
89.0
89.0
88.6
88.5
88.1
88.0
88.3
87.2
86.5
85.6
84.9
83.8
82.8
82.8
82.2
82.2
80.5
80.0
80.1
79.7
79.5
79.9
79.6
78.2
78.8
78.9
78.9
78.7
78.9
78.6
77.7
77.9
77.8
77.4
76.1
76.2
75.9
76.3
75.2
74.5
74.7
79.5
81.9
82.3
83.0
83.8
84.0
84.3
85.7
86.0
86.6
86.8
85.8
86.1
87.0
87.2
88.4
88.8
89.2
89.6
89.4
89.5
89.2
90.2
90.3
90.6
91.2
90.9
91.1
91.2
91.7
91.6
91.4
91.6
91.6
92.0
92.1
91.9
92.4
92.1
92.3
92.4
92.6
92.7
92.4
91.7
91.8
91.7
91.6
91.9
91.7
92.1
92.1
92.6
92.4
91.6
93.0
92.9
93.0
93.7
93.7
94.1
93.8
93.8
94.2
94.9
95.0
94.5
94.9
94.7
94.3
96.1
96.0
96.2
97.0
96.0
96.0
96.2
96.0
96.2
96.2
96.0
95.8
95.6
95.9
95.7
95.4
94.9
95.2
95.0
95.1
95.1
94.7
95.2
94.4
94.2
93.7
92.8
93.2
93.3
93.3
92.4
92.3
91.6
91.5
91.1
91.6
91.6
90.9
90.9
90.9
91.0
91.4
91.3
91.6
91.6
91.2
90.8
92.2
92.0
92.1
92.7
92.5
92.4
92.2
92.6
92.8
93.2
93.1
93.6
93.6
93.5
94.0
93.8
94.2
93.7
94.5
95.0
95.0
94.8
94.8
95.0
95.3
95.0
95.7
95.5
95.8
95.5
95.4
95.6
95.4
96.3
96.3
96.7
96.5
96.4
96.3
96.4
96.6
96.1
97.0
96.7
96.4
96.7
95.1
94.6
93.1
94.8
95.9
103.7
104.1
102.0
101.4
99.8
98.5
103.2
102.0
100.2
98.5
97.5
99.2
98.6
95.0
93.6
94.0
93.7
93.8
94.6
99.5
99.8
96.5
93.2
95.4
96.2
94.7
94.1
94.0
94.1
94.6
95.0
95.0
97.1
99.3
98.5
96.9
93.5
102.2
101.6
98.9
95.1
96.8
100.3
100.4
98.2
97.9
96.0
95.1
95.9
98.6
99.2
97.9
97.1
96.5
96.9
97.2
96.8
96.9
98.9
98.1
98.0
97.9
97.9
98.0
98.1
97.9
98.0
98.3
98.0
98.4
98.1
98.8
99.1
98.8
99.0
99.0
98.8
98.9
99.1
98.9
98.8
98.9
99.0
99.0
196.0
148.6
99.5
98.6
98.6
98.9
98.7
98.7
98.7
98.7
99.0
98.7
97.7
98.8
98.4
98.6
98.7
99.7
100.2
99.6
99.5
99.1
99.6
100.0
99.6
99.5
99.4
99.3
98.7
99.1
100.2
99.7
99.3
99.7
99.0
99.5
100.1
100.7
100.4
100.4
100.6
100.9
100.7
99.9
99.8
99.7
99.8
99.7
99.3
100.1
99.5
99.9
100.1
100.4
100.1
100.5
100.0
100.5
100.2
100.1
100.4
100.0
100.0
100.4
100.7
100.9
101.1
101.4
100.9
101.4
101.6
101.9
101.8
101.8
102.0
102.1
102.1
103.2
103.0
103.0
103.1
103.2
103.1
103.7
103.9
103.6
103.5
103.8
104.6
105.4
104.9
149.8
81.5
106.3
105.4
105.7
106.6
107.3
109.2
109.0
107.2
98.1
106.8
107.8
109.3
108.5
106.3
104.9
105.7
106.0
105.7
105.8
105.6
105.4
105.1
105.6
104.6
105.1
105.3
105.7
105.6
105.2
105.3
104.4
104.4
104.3
104.1
104.9
105.0
104.5
104.9
104.1
104.3
104.9
104.4
103.9
103.3
103.0
103.6
103.6
104.1
104.3
103.3
102.9
102.1
102.0
101.7
101.9
101.6
101.1
101.9
101.2
101.3
101.1
100.6
100.2
100.7
100.3
100.3
99.9
100.1
100.1
100.4
99.5
100.0
100.4
100.2
100.2
100.1
100.6
100.9
100.2
99.9
99.6
100.6
100.3
100.3
100.3
100.5
100.9
99.7
100.0
99.9
99.9
100.1
100.3
100.3
100.5
101.2
101.1
100.6
101.0
100.5
100.5
99.9
100.9
100.7
100.7
100.9
100.8
100.5
100.4
101.0
101.0
101.1
101.1
101.1
101.3
100.0
99.8
100.3
101.1
81.1
101.3
101.1
101.2
101.6
100.8
100.1
100.4
99.9
100.6
101.1
100.8
100.4
100.5
100.5
100.0
100.8
96.8
98.6
100.7
98.1
99.0
98.6
99.2
98.9
98.1
98.8
98.5
98.3
98.3
98.4
97.9
97.9
98.2
96.6
95.9
95.5
95.8
95.5
96.1
95.7
95.1
94.8
94.7
94.3
94.8
95.9
96.4
94.9
96.6
96.5
97.0
96.6
100.1
100.1
99.5
98.4
98.9
98.7
98.0
98.1
98.0
98.0
98.0
96.8
96.7
96.4
97.7
97.2
95.6
97.2
96.7
95.6
96.0
108.0
120.9
121.1
118.5
115.9
102.1
94.7
95.9
93.7
93.9
94.0
94.0
94.0
94.8
95.2
95.7
96.3
96.8
97.3
98.0
98.3
98.6
98.7
98.7
98.7
99.0
99.3
99.7
99.8
100.2
100.9
101.2
101.2
100.7
101.3
102.1
102.0
101.8
102.4
102.2
102.0
101.6
101.7
102.1
102.7
102.3
102.5
102.8
103.0
103.4
103.2
103.0
102.8
102.6
102.7
102.3
102.9
103.4
102.7
102.6
102.3
102.0
101.7
102.6
102.0
102.0
101.1
101.8
102.3
101.7
101.8
101.3
100.9
100.9
100.9
100.6
100.9
100.5
99.5
99.2
99.2
99.3
100.8
102.5
103.7
107.9
105.8
103.6
103.4
103.3
102.7
102.6
100.9
100.3
99.7
99.2
99.0
98.4
98.3
98.1
98.6
98.6
99.2
98.7
98.6
99.4
98.4
97.7
97.6
97.5
97.6
97.3
97.1
97.4
97.6
96.8
96.2
95.8
95.9
96.3
95.9
95.6
94.9
94.0
94.1
93.5
93.2
93.1
93.6
93.8
93.8
93.7
93.7
94.5
94.1
93.7
93.3
94.7
94.9
94.9
95.0
95.1
94.6
95.1
96.4
96.3
96.0
97.2
96.2
95.5
96.0
96.3
95.4
95.0
94.9
94.5
94.4
93.2
94.5
93.8
92.9
92.9
92.5
93.1
93.2
93.2
93.2
94.1
94.7
93.7
94.4
94.0
93.5
94.0
93.9
93.6
93.9
93.6
92.5
92.1
91.6
91.2
91.1
91.1
91.0
90.7
90.7
91.5
90.7
89.0
96.0
94.3
93.5
91.3
90.8
89.7
89.8
88.5
88.8
88.0
134.5
113.4
87.1
86.9
86.9
86.9
86.4
85.4
85.2
85.0
84.8
85.1
84.2
84.3
84.5
84.3
84.2
84.1
84.2
84.1
84.2
83.8
83.7
84.0
84.0
84.0
84.1
84.0
83.5
83.8
83.5
84.0
84.0
83.5
83.3
83.9
83.6
83.5
84.0
84.6
84.5
84.5
85.0
85.0
84.1
84.7
84.8
85.1
85.1
85.0
85.0
85.0
85.0
85.2
85.3
85.2
85.1
85.0
85.4
85.4
86.0
86.2
86.7
85.7
86.0
86.4
86.3
86.5
86.6
87.0
86.9
87.0
87.0
82.2
89.3
88.6
85.6
85.1
84.2
84.3
85.0
85.3
85.4
86.0
86.0
86.6
87.0
87.0
87.3
88.0
88.0
88.2
88.8
88.8
88.8
88.5
88.2
88.0
88.0
88.0
87.1
88.8
88.3
88.8
89.7
89.8
90.1
90.3
90.3
90.6
90.3
91.3
91.5
91.2
91.6
91.3
91.4
91.0
91.8
92.0
92.9
93.0
93.0
93.1
93.2
93.8
93.9
93.1
94.0
94.5
94.6
94.7
95.0
94.8
94.9
95.1
95.2
96.0
95.9
95.9
96.0
96.7
97.4
97.5
97.0
97.5
97.3
97.4
97.2
97.9
97.4
98.4
98.4
99.5
99.0
99.0
99.0
99.5
99.6
98.8
99.5
101.4
100.4
100.3
155.3
125.3
100.7
100.2
100.5
101.5
96.0
102.2
101.9
99.7
98.9
98.6
98.1
97.8
97.3
97.1
96.7
97.0
97.0
97.7
97.0
97.0
97.2
96.3
97.0
96.9
97.0
97.6
97.2
97.0
97.1
97.3
96.3
96.7
97.1
97.5
97.4
97.6
97.1
97.6
96.6
96.7
96.8
96.0
95.6
95.2
94.7
94.7
95.0
94.4
94.0
93.0
92.1
90.3
88.3
87.5
86.8
86.0
86.1
86.3
86.8
87.3
88.1
88.9
89.4
89.6
89.8
90.5
90.5
90.0
90.8
91.2
91.7
91.2
91.6
92.3
92.5
93.0
93.7
94.9
95.2
96.0
96.5
97.7
98.5
98.9
97.8
95.3
93.9
94.1
93.2
93.0
93.2
91.6
90.7
91.8
93.6
94.7
95.3
94.4
94.0
91.9
90.9
89.4
95.0
97.5
91.0
91.5
86.6
84.6
84.2
82.2
82.6
85.4
85.2
85.6
87.0
86.7
85.3
84.7
85.4
86.0
86.2
86.7
87.4
88.6
88.8
89.0
89.7
89.6
89.7
90.0
90.5
91.3
91.7
90.9
91.2
90.7
90.4
89.9
89.9
90.0
89.9
89.9
89.7
89.7
89.3
89.4
89.0
89.5
89.7
89.6
89.4
89.2
89.3
89.5
89.4
89.1
88.9
89.3
89.3
89.0
88.5
88.8
89.0
88.5
88.6
88.6
88.1
88.1
88.4
88.3
88.8
88.1
87.8
87.3
87.2
88.0
88.0
88.0
87.3
88.5
89.1
89.7
89.6
89.7
89.9
90.7
90.5
90.6
90.0
89.6
88.8
89.8
89.1
88.4
88.7
90.1
89.5
89.2
89.7
89.6
89.8
89.8
89.7
89.6
90.0
89.3
89.2
89.5
89.4
89.4
88.9
89.2
89.4
88.3
88.9
89.1
89.3
89.2
88.7
89.2
90.1
90.1
89.8
89.5
90.5
90.4
90.0
90.2
90.0
90.0
89.9
89.7
89.6
88.7
88.9
88.3
89.1
90.7
90.8
90.1
90.6
91.6
92.1
92.5
92.8
92.5
92.3
93.0
92.8
92.4
92.3
92.7
92.7
92.7
91.7
92.3
92.9
92.0
92.2
92.5
93.0
93.2
93.1
93.6
94.0
94.1
94.6
94.3
95.0
95.0
96.7
97.0
95.8
94.7
93.0
91.8
90.7
88.9
87.7
86.3
85.2
84.3
83.4
86.1
89.0
86.7
84.1
83.4
81.8
80.0
78.7
78.0
76.8
86.5
87.5
82.5
80.4
82.8
79.4
78.4
80.3
77.5
76.4
74.7
72.4
82.0
85.6
86.6
86.4
86.0
85.9
85.8
85.0
85.1
85.4
86.1
86.8
87.5
87.8
87.9
88.4
88.8
89.3
92.7
96.0
96.0
94.8
94.1
94.6
96.0
96.8
96.7
97.1
97.3
97.4
97.8
98.0
97.8
98.0
98.2
98.6
99.2
99.4
99.7
100.1
100.6
100.7
101.0
101.1
101.1
101.7
102.0
102.3
102.8
102.9
103.2
103.3
103.4
103.6
103.8
103.4
103.2
103.7
91.3
95.1
104.5
104.3
104.6
105.0
104.8
104.2
104.6
104.7
104.0
104.6
105.0
105.0
105.1
105.0
104.2
104.2
104.1
103.9
103.2
103.3
102.9
103.0
103.3
103.7
104.1
103.9
103.5
103.5
103.5
104.0
104.0
103.9
104.4
104.6
104.8
105.3
105.7
105.9
106.1
105.5
105.3
106.3
107.5
108.1
107.8
103.5
104.7
104.8
105.0
104.2
105.1
105.8
105.1
103.1
101.7
100.5
100.7
100.0
100.9
99.9
98.9
98.8
89.6
94.6
99.1
97.5
98.4
100.1
111.4
108.7
107.3
102.2
102.0
99.1
94.9
95.0
95.4
96.2
97.8
98.5
98.7
98.8
99.0
98.8
98.4
98.8
99.0
99.0
99.4
116.3
158.4
100.1
100.1
100.5
101.0
101.0
101.1
101.2
101.1
100.9
100.0
100.1
100.1
100.0
99.7
100.2
100.5
100.8
100.8
100.9
101.1
101.8
101.4
101.5
101.1
101.4
101.7
101.9
102.10000000000001
102.0
101.5
101.1
101.2
101.2
101.0
101.1
102.4
102.4
102.2
101.8
101.9
101.5
101.5
101.8
102.3
102.0
102.0
101.6
101.7
102.1
102.0
101.4
101.4
101.2
101.2
101.7
102.2
102.0
101.8
101.6
102.4
102.3
102.1
102.9
103.3
103.2
103.7
104.1
103.6
103.8
102.8
102.7
103.3
103.4
103.6
103.5
103.1
102.1
101.6
101.3
101.3
101.6
102.0
100.3
100.1
99.3
99.4
100.2
100.3
100.8
101.2
101.7
102.2
102.7
102.7
103.6
104.8
104.5
104.3
104.2
104.7
104.0
104.3
103.7
103.9
103.5
103.6
104.6
103.5
103.5
104.0
103.9
103.8
103.9
103.8
104.4
103.3
103.4
102.8
102.3
101.7
101.8
101.8
101.5
101.4
101.0
101.5
102.1
102.0
101.5
101.5
101.7
101.9
102.4
100.5
100.0
100.1
100.3
100.2
100.2
99.8
98.7
97.9
97.7
97.4
96.5
94.9
93.1
92.7
91.4
90.4
89.8
89.2
88.5
88.2
88.8
88.7
89.0
90.4
91.5
92.6
93.7
94.6
95.1
95.6
95.9
96.0
96.4
97.5
98.2
98.1
98.2
98.4
98.4
99.5
100.7
101.6
101.5
101.0
101.6
101.8
101.4
101.2
101.5
101.5
101.2
101.3
101.7
102.0
102.1
102.0
101.9
102.0
101.9
102.0
102.0
102.1
102.5
102.5
102.6
102.0
102.1
102.1
102.2
102.6
102.1
102.0
102.7
102.6
102.1
101.6
100.5
99.9
99.6
99.3
98.9
99.4
99.6
99.5
99.9
101.0
99.9
99.8
100.0
99.5
100.4
98.3
102.6
106.0
116.7
111.8
96.8
103.2
113.5
112.9
101.2
98.6
96.8
90.5
86.9
84.5
84.2
84.2
83.7
84.4
84.8
85.2
88.2
85.3
84.7
84.7
86.0
86.3
86.2
86.5
86.8
87.0
87.6
88.0
87.6
87.5
87.1
86.8
86.6
86.3
86.5
86.7
86.7
86.8
86.7
86.8
86.6
87.0
87.0
87.1
87.0
87.2
87.2
87.2
87.9
88.7
88.6
88.2
88.4
88.7
88.6
88.8
89.0
89.9
89.6
89.5
89.4
89.9
90.8
91.1
92.2
92.8
92.8
92.4
92.4
92.0
92.0
92.1
91.5
90.4
90.4
89.4
88.8
88.8
88.3
87.1
85.8
84.8
83.8
82.9
81.5
80.7
80.4
80.0
79.9
79.4
78.9
77.9
78.0
77.3
76.6
76.4
76.2
75.4
75.7
74.7
75.0
75.4
75.6
75.3
74.8
73.3
74.9
75.1
75.8
76.4
77.3
78.4
79.0
78.3
79.5
78.8
79.6
79.8
81.1
81.8
83.6
84.6
86.1
206.8
148.5
91.8
92.8
93.2
94.8
96.1
96.8
97.4
98.1
98.4
99.1
99.2
99.7
100.3
101.0
101.1
101.3
101.6
101.5
101.7
102.2
101.9
102.4
102.9
103.8
103.7
103.7
103.7
103.5
103.5
103.5
104.2
103.7
103.3
103.3
103.5
103.8
104.2
103.9
104.0
104.2
104.1
103.9
104.0
104.3
104.0
104.1
103.9
104.2
104.3
104.0
104.8
105.1
104.2
103.7
103.4
102.7
102.9
103.4
103.1
102.1
101.5
101.3
101.2
100.9
101.0
100.7
101.4
102.1
101.3
105.2
109.7
108.5
105.9
106.4
107.1
106.3
106.6
107.6
107.0
107.5
107.2
104.2
107.1
104.8
98.2
102.0
103.8
105.7
104.3
103.3
102.6
102.2
101.6
101.4
101.4
101.9
102.1
102.1
102.4
102.9
103.2
103.1
103.2
103.4
103.8
103.7
103.4
103.4
103.5
103.9
104.0
103.7
104.0
103.8
104.0
104.3
104.6
104.1
104.6
105.0
105.2
105.2
105.8
106.0
106.3
106.0
105.7
105.6
105.9
105.6
106.4
106.2
105.6
105.1
105.4
105.7
105.9
105.8
106.0
106.2
106.7
107.0
107.0
107.0
107.1
107.0
107.0
106.9
106.7
106.6
107.0
106.8
106.7
106.6
106.6
106.2
106.2
105.9
106.0
106.1
106.4
106.3
106.5
107.2
107.2
104.1
103.5
103.3
102.4
102.3
102.0
101.1
100.9
100.3
99.1
98.4
98.2
98.6
98.8
98.9
100.1
100.9
101.4
101.5
101.3
101.8
101.4
101.4
102.1
102.1
102.3
102.4
102.9
104.6
104.8
104.1
104.2
104.6
104.7
103.9
103.9
103.7
103.5
103.5
103.5
103.6
103.6
103.2
102.9
102.9
105.0
104.9
103.7
102.8
102.7
102.2
101.6
101.2
101.0
100.6
99.9
99.9
100.2
100.5
99.6
102.1
92.8
92.3
96.8
97.8
97.2
94.2
93.4
94.8
98.1
98.0
96.8
93.1
91.2
91.0
90.7
90.1
90.6
94.6
95.7
95.1
94.1
93.9
93.6
93.6
93.0
92.7
92.5
92.4
91.9
92.2
91.8
91.7
91.4
91.7
91.5
91.0
91.4
91.9
92.0
91.8
91.8
91.6
91.4
91.1
91.1
91.3
91.7
91.7
91.9
92.5
92.8
93.1
93.1
93.5
93.3
93.4
93.9
94.2
94.4
94.9
95.3
95.2
94.1
98.5
97.5
96.3
98.1
98.7
98.3
98.2
98.2
98.4
98.1
97.6
97.5
97.3
97.2
96.9
96.6
96.2
95.9
96.5
96.3
96.5
95.9
96.4
96.4
96.4
96.5
96.3
96.7
96.6
96.3
97.6
98.1
97.8
98.0
98.1
98.2
98.0
98.4
99.0
99.5
99.6
100.0
100.6
101.1
102.4
102.8
101.7
101.7
100.9
100.8
97.0
95.3
95.9
94.3
98.1
99.8
98.4
94.5
99.8
97.3
93.6
90.7
89.0
86.1
85.7
84.4
81.4
82.0
80.4
79.3
79.0
79.6
77.8
78.8
79.4
81.4
81.9
80.9
82.5
82.9
81.8
82.6
82.6
82.5
82.7
82.7
83.0
81.7
82.7
83.2
83.5
84.2
84.9
85.9
86.3
86.2
86.5
86.7
87.0
86.9
87.0
87.2
88.4
89.5
90.0
90.5
90.8
92.8
94.8
92.93548387096774
93.00322580645161
93.07096774193548
93.13870967741936
93.20645161290322
93.27419354838709
93.34193548387097
93.40967741935484
93.4774193548387
93.54516129032258
93.61290322580645
93.68064516129031
93.7483870967742
93.81612903225806
93.88387096774193
93.95161290322581
94.01935483870967
94.08709677419354
94.15483870967742
94.22258064516129
94.29032258064515
94.35806451612903
94.4258064516129
94.49354838709677
94.56129032258065
94.62903225806451
94.69677419354838
94.76451612903226
94.83225806451613
94.9
94.96774193548387
95.03548387096774
95.10322580645162
95.17096774193548
95.23870967741935
95.30645161290323
95.3741935483871
95.44193548387096
95.50967741935484
95.57741935483871
95.64516129032258
95.71290322580646
95.78064516129032
95.84838709677419
95.91612903225807
95.98387096774194
96.0516129032258
96.11935483870968
96.18709677419355
96.25483870967741
96.3225806451613
96.39032258064516
96.45806451612903
96.52580645161291
96.59354838709677
96.66129032258064
96.72903225806452
96.79677419354839
96.86451612903225
96.93225806451613
97.0
96.3
95.3
94.9
94.7
93.3
92.7
91.4
90.2
90.0
90.2
91.0
91.8
93.3
94.5
95.4
95.8
97.2
98.1
97.0
91.9
106.4
107.8
113.0
108.1
108.7
106.1
103.2
98.7
96.6
96.1
96.0
96.0
96.9
97.8
98.3
100.0
100.5
101.3
102.2
102.6
104.2
101.6
102.7
103.1
102.5
102.1
101.0
144.3
179.5
151.1
193.9
103.9
104.5
105.0
105.6
106.6
107.2
107.3
107.1
107.2
108.1
108.0
108.5
108.9
109.4
109.6
109.8
109.5
109.1
109.4
108.9
108.9
108.8
108.7
109.0
108.7
107.9
108.0
107.7
107.0
106.9
107.0
107.7
107.8
107.9
108.1
108.6
108.6
107.4
107.7
108.0
107.2
107.1
107.7
107.0
107.1
107.1
107.0
107.2
106.8
106.6
106.2
106.3
106.8
107.0
107.0
106.9
106.3
106.4
106.1
106.5
107.1
107.0
106.4
105.5
105.1
105.1
104.9
104.5
104.0
104.0
102.9
102.7
102.3
102.9
104.9
105.0
105.6
106.2
105.6
104.0
103.8
103.4
102.4
102.1
103.6
103.4
105.1
102.6
101.2
98.2
97.9
95.8
96.5
95.3
94.4
93.2
92.8
92.4
91.5
90.5
90.6
90.8
91.0
91.8
93.0
93.7
94.5
94.2
95.0
94.7
95.0
95.0
96.3
97.0
97.2
97.0
97.0
97.2
97.0
97.1
97.0
96.4
96.3
95.9
95.4
95.1
94.6
94.0
93.7
93.7
93.0
93.0
93.2
94.0
93.9
93.3
93.4
93.6
94.0
94.1
95.6
95.3
95.0
95.2
95.0
95.0
93.6
94.8
95.6
96.2
96.0
96.4
97.2
95.8
94.0
93.5
93.4
92.8
92.5
91.6
88.0
91.6
91.9
91.9
90.2
89.9
88.0
85.1
86.2
86.0
89.6
90.2
90.3
90.3
89.3
88.3
88.9
87.8
87.2
85.5
86.6
86.3
86.0
83.5
83.1
83.8
88.8
94.2
92.3
95.5
94.5
93.0
90.9
88.5
87.6
85.8
83.5
83.0
82.4
82.5
83.0
83.6
85.0
85.8
86.8
87.2
87.0
88.1
88.2
88.0
87.4
86.9
86.1
84.8
83.6
82.8
80.5
79.2
78.4
79.4
80.0
79.7
78.8
78.3
78.2
80.0
81.6
82.1
83.5
84.4
85.4
86.4
87.8
88.2
88.9
88.6
90.6
90.9
90.9
91.0
91.0
91.5
91.9
91.1
92.2
92.0
92.1
91.8
91.7
92.2
93.0
93.1
92.9
93.1
93.3
93.7
94.0
94.0
93.3
93.0
92.7
94.0
94.4
94.8
95.1
95.7
94.6
94.9
94.7
94.0
94.2
94.0
94.0
94.5
94.2
92.8
91.8
92.1
92.6
93.9
95.3
94.4
95.7
96.7
97.2
96.9
95.2
92.2
89.5
90.5
95.8
98.3
96.2
96.2
93.1
92.1
91.7
89.5
89.1
89.1
88.9
87.2
87.0
85.1
83.7
82.2
81.7
80.2
87.4
96.1
87.8
98.1
102.4
104.0
103.0
100.3
95.3
90.7
88.9
88.3
88.7
89.3
88.4
89.2
88.9
91.0
92.2
92.6
188.0
202.4
151.0
92.7
92.4
92.1
92.0
91.8
91.3
91.6
91.7
92.6
93.2
94.2
94.1
93.2
90.2
94.4
93.9
94.2
93.9
92.4
94.4
93.9
94.0
94.2
93.9
93.3
93.7
94.3
93.1
93.0
91.4
89.2
89.0
92.9
92.4
92.3
92.1
92.4
92.4
92.4
92.9
92.9
87.0
94.2
91.8
91.0
89.1
89.4
89.4
89.0
88.2
88.6
89.1
88.9
88.2
87.6
87.3
86.6
85.0
84.3
83.3
81.0
88.0
89.5
92.7
87.1
88.6
92.1
91.3
87.9
85.1
84.6
84.2
84.4
85.0
84.1
83.6
84.1
84.6
84.5
84.2
84.0
82.3
80.0
79.2
77.7
76.6
76.3
75.7
74.4
74.6
75.6
76.6
78.2
78.2
78.1
79.0
80.1
80.3
80.8
81.3
82.1
83.7
84.3
83.5
82.4
82.2
81.4
81.2
80.8
80.6
80.2
81.1
81.3
81.8
82.1
83.8
84.4
83.2
83.4
83.9
84.7
85.9
85.3
84.2
84.0
83.8
84.3
84.6
83.8
84.4
84.9
84.2
83.2
83.2
83.9
84.2
83.6
84.6
85.4
86.2
87.1
88.0
88.3
86.6
86.6
87.1
86.8
88.2
87.6
87.1
87.1
88.1
88.6
89.3
90.1
90.5
91.4
91.4
92.0
91.8
91.6
91.7
91.9
91.2
90.9
89.3
89.4
84.5
90.1
89.8
89.6
89.2
89.2
89.3
88.6
89.3
90.5
91.1
88.8
90.8
91.8
91.7
90.8
90.9
91.2
91.3
92.1
92.3
91.7
92.3
93.0
92.7
93.5
93.5
93.9
93.9
92.2
93.5
94.4
94.5
94.6
94.6
95.1
95.1
95.2
95.4
95.8
95.8
95.2
95.4
96.1
96.4
96.3
95.9
95.9
94.7
94.5
94.3
94.9
95.7
96.2
96.2
96.1
96.3
96.3
96.9
96.9
97.7
98.0
98.8
99.3
99.6
99.6
99.6
100.0
100.8
101.1
101.5
102.1
102.3
102.3
102.5
102.6
102.3
102.7
103.0
103.1
102.9
102.5
102.8
102.1
103.6
103.7
103.9
104.5
105.4
105.8
106.3
106.4
107.0
113.1
116.4
102.8
100.7
102.0
102.2
99.7
95.7
94.1
93.6
92.8
91.6
90.9
90.9
90.8
89.9
88.5
88.9
87.7
87.6
138.9
92.7
88.7
82.4
94.8
97.9
97.3
95.4
94.2
92.1
90.8
90.2
89.8
89.7
89.8
89.5
89.5
87.5
87.7
88.3
88.5
87.9
87.1
87.2
87.1
87.7
87.7
87.5
87.2
86.2
85.4
85.3
84.2
83.2
82.6
82.9
82.2
81.7
82.3
82.4
83.2
83.0
83.5
83.7
84.4
84.9
83.1
82.9
82.7
83.4
82.5
82.4
82.6
82.8
82.9
83.3
83.1
82.6
82.8
82.7
83.2
83.5
82.3
82.4
82.6
82.8
83.7
84.2
84.3
83.9
83.9
84.5
84.0
83.7
83.4
83.1
83.1
82.8
83.0
83.7
83.7
82.7
82.9
83.2
84.1
84.6
83.7
83.5
82.7
82.6
82.7
83.5
83.6
83.4
83.6
84.2
84.0
84.0
84.8
84.5
83.5
82.7
82.8
82.0
81.9
81.3
80.6
80.4
80.9
80.8
81.4
83.0
83.5
83.5
84.5
84.4
84.1
83.7
83.1
82.1
81.5
85.2
88.9
88.0
86.1
85.0
84.1
82.9
82.8
81.6
82.1
81.7
82.4
83.1
83.9
84.4
80.4
93.2
98.1
98.0
96.7
95.4
94.9
94.7
94.7
94.0
94.0
93.6
93.1
92.7
92.2
92.3
92.1
92.4
92.3
92.0
91.9
91.6
91.4
92.9
93.7
92.9
93.1
93.5
93.3
92.3
92.2
91.6
91.0
90.8
91.3
91.5
91.0
90.8
91.6
92.2
91.9
91.8
91.3
91.6
91.0
91.4
91.5
90.6
89.7
89.1
89.1
88.0
88.6
88.0
86.9
86.9
86.5
86.8
87.1
87.6
87.6
87.9
87.7
86.5
85.6
86.5
84.2
85.9
86.9
86.1
86.3
87.6
86.7
85.6
85.0
84.0
83.8
83.4
83.5
84.3
84.3
83.5
83.4
83.1
83.5
84.8
85.2
85.0
86.0
86.7
88.1
89.0
89.0
88.6
88.5
88.5
87.9
89.2
89.4
89.3
88.4
88.2
88.6
87.7
86.8
86.3
86.8
86.7
87.8
86.5
82.8
84.6
85.0
86.1
86.5
86.2
84.7
84.0
84.6
90.7
96.3
87.0
97.1
98.8
103.1
99.0
101.5
94.6
86.8
84.5
83.5
83.0
82.2
81.1
80.4
79.1
80.7
80.0
81.0
81.6
80.3
78.5
79.2
79.3
79.2
79.3
77.8
76.5
76.3
76.1
76.3
76.2
75.7
77.2
76.8
77.2
78.0
129.1
74.8
76.5
78.4
78.4
78.8
79.0
79.6
79.5
79.1
79.4
77.1
69.7
81.5
89.3
91.7
90.3
89.9
88.9
86.8
88.1
89.6
87.1
88.7
88.5
88.5
89.6
89.5
90.4
91.4
92.2
93.4
94.1
94.8
95.6
97.4
99.8
101.0
101.7
102.8
103.9
104.7
104.9
106.1
106.4
106.3
106.9
106.6
106.3
106.2
106.0
105.3
104.6
104.2
103.7
102.9
102.6
101.9
100.7
100.0
99.4
98.9
97.9
97.8
97.9
98.2
98.0
98.3
98.3
98.4
98.0
100.3
100.1
99.7
100.2
100.5
101.1
100.0
98.3
97.9
97.6
99.5
100.7
100.7
101.9
102.6
103.1
103.0
103.1
103.8
104.2
103.9
104.3
104.8
104.9
105.0
105.2
105.7
105.8
106.0
106.4
106.5
106.9
107.3
106.8
107.5
107.5
107.8
108.4
108.8
110.4
111.2
111.3
111.2
111.1
112.1
112.0
111.0
111.0
109.9
108.2
106.2
105.1
103.2
101.6
100.8
100.0
99.9
101.3
102.3
101.9
102.5
102.9
103.0
103.3
103.7
104.2
104.4
104.6
104.3
105.0
106.6
107.9
107.5
108.5
108.6
109.5
110.9
113.1
111.8
110.9
112.2
112.1
111.5
111.4
112.0
111.9
112.9
113.0
112.5
111.1
110.8
110.7
111.6
111.2
109.9
110.5
110.9
110.1
109.1
108.9
113.2
111.0
110.1
110.5
110.7
110.5
110.3
109.3
108.7
108.4
108.2
110.4
109.5
108.5
108.5
107.9
107.7
106.0
109.2
107.5
107.3
107.0
106.4
104.7
104.1
104.3
105.8
106.0
104.3
104.8
104.1
102.6
101.9
102.0
102.3
102.0
101.4
102.1
102.6
103.1
102.6
105.6
108.1
107.6
106.3
105.0
103.3
103.0
102.8
101.7
100.7
99.7
99.5
99.2
99.0
98.9
99.2
98.3
97.7
98.1
98.0
98.3
98.7
98.3
98.4
98.8
98.5
97.8
96.9
96.2
96.3
96.4
96.5
95.8
95.2
95.3
95.0
94.1
93.8
95.0
96.1
95.6
95.5
95.0
96.1
96.1
96.1
96.5
96.4
97.2
97.1
97.4
99.0
98.8
99.1
99.6
98.2
97.6
98.3
99.9
99.7
99.1
99.4
98.7
97.1
94.5
96.2
91.7
86.5
92.6
97.2
95.5
91.9
90.5
89.0
86.1
85.4
85.9
86.0
85.5
85.7
84.4
82.7
82.0
80.6
79.6
79.6
77.7
77.0
76.3
75.7
75.8
76.1
75.8
75.2
74.1
74.1
74.3
73.5
73.0
72.5
72.1
71.4
71.7
71.3
70.6
70.5
70.4
71.9
72.3
73.8
74.0
74.9
75.0
76.6
77.0
77.5
78.9
79.8
80.1
80.1
82.6
82.0
81.2
81.4
81.2
80.7
81.8
81.5
81.4
82.0
81.8
81.8
82.1
83.1
83.2
83.5
84.4
85.2
85.8
86.1
86.7
86.8
86.2
86.3
87.0
87.0
86.7
87.1
87.2
87.9
88.2
89.5
90.1
86.2
83.2
88.3
90.0
89.6
89.3
89.3
89.2
89.2
89.0
88.6
88.1
89.4
89.6
89.5
89.0
89.0
89.7
88.7
87.5
87.0
86.9
86.1
85.4
85.1
85.4
85.9
85.6
85.4
85.5
86.1
86.0
85.5
85.3
84.6
84.4
85.3
85.3
85.5
85.7
86.3
86.7
86.1
85.5
85.8
86.2
86.6
87.2
87.0
86.7
88.6
88.6
87.9
87.7
86.8
86.4
84.3
85.1
85.4
84.8
86.3
94.0
95.8
95.8
94.8
94.4
94.9
93.0
93.2
93.0
92.7
91.9
215.0
84.3
87.5
86.3
85.8
86.1
85.9
83.8
68.7
79.6
73.8
77.8
83.1
88.3
88.9
80.5
79.7
79.3
78.7
76.9
74.8
73.0
71.3
70.6
73.1
72.4
72.0
72.2
73.1
73.2
73.2
73.3
72.1
72.0
72.4
70.9
71.2
73.0
72.2
72.7
73.2
72.3
73.6
72.9
71.9
70.9
71.3
72.2
74.2
75.4
74.8
73.8
72.5
72.1
72.8
75.8
76.8
76.2
76.7
74.8
78.3
81.2
80.1
82.3
84.4
85.7
87.6
90.2
91.2
92.6
94.3
96.7
95.8
95.3
95.1
95.5
95.4
95.5
95.1
94.6
94.4
94.4
94.0
93.6
94.2
93.0
92.3
92.6
92.0
91.1
90.7
90.4
89.7
90.6
90.7
90.2
89.5
89.1
88.0
87.6
88.0
88.6
88.0
87.3
86.2
85.8
86.3
85.5
85.1
83.9
84.2
83.3
83.3
83.2
83.3
83.3
84.0
84.3
84.4
84.9
85.0
85.0
84.9
84.6
85.0
85.5
85.5
86.1
86.4
88.5
88.9
88.3
88.0
87.3
87.5
87.7
88.5
88.2
89.1
89.3
90.1
92.1
91.2
91.0
93.0
93.7
93.6
93.6
94.1
94.6
94.5
94.8
95.0
94.5
94.0
93.3
91.9
94.8
95.5
92.3
91.3
91.8
91.2
91.8
92.4
92.1
90.7
89.9
90.1
90.3
89.2
90.9
91.1
89.9
89.6
89.7
89.8
89.2
88.8
88.9
88.6
88.8
88.7
89.0
89.6
88.3
87.7
88.6
90.0
89.0
88.2
87.9
87.3
86.7
85.8
86.8
86.0
85.5
85.0
83.7
83.9
83.8
82.9
82.5
82.6
81.9
80.6
80.4
81.6
80.9
80.9
82.1
82.6
82.7
83.1
82.8
81.9
81.7
81.5
81.6
81.4
81.5
81.2
81.5
81.1
80.5
80.0
79.2
81.0
80.7
80.8
79.5
78.5
79.3
78.9
78.6
78.6
78.2
77.2
76.9
77.7
77.7
78.5
79.3
79.2
78.9
78.6
78.5
79.5
78.4
77.8
77.6
78.0
77.5
77.2
77.9
77.8
78.2
79.4
80.4
80.5
81.0
81.6
82.1
81.4
82.5
83.6
82.8
82.2
82.2
82.7
81.4
81.1
81.0
80.6
80.2
79.6
79.3
79.7
79.7
79.9
80.7
80.3
79.4
79.6
80.0
79.8
79.5
79.6
80.5
80.4
80.6
83.0
83.2
83.8
83.8
83.5
82.7
82.1
81.9
81.6
82.1
81.2
80.5
80.3
80.6
81.1
81.4
81.3
82.0
81.9
81.4
80.5
80.6
79.5
79.2
79.9
81.2
81.9
81.0
79.3
85.5
85.7
83.5
81.8
80.7
79.7
78.4
77.4
79.5
80.4
80.6
81.0
81.6
81.3
80.8
81.2
80.8
82.0
82.5
82.0
81.7
82.4
82.6
83.0
82.9
82.1
81.7
82.1
83.1
82.6
81.7
82.2
81.2
81.6
81.1
81.2
81.7
81.4
82.0
81.6
81.9
81.3
81.4
82.1
81.6
80.0
82.2
82.2
83.7
83.0
83.2
82.2
81.1
82.6
81.1
80.7
80.4
80.3
80.1
81.1
81.2
80.4
80.5
80.2
79.9
197.9
76.6
80.1
80.6
80.3
80.4
80.3
81.2
81.4
81.5
81.7
82.5
82.4
84.0
94.0
101.1
106.0
104.0
100.5
91.4
91.0
84.9
88.8
88.3
84.8
83.3
80.7
80.1
80.0
80.0
79.4
79.8
80.9
82.1
84.1
85.6
86.4
86.8
85.4
86.9
86.7
87.3
85.9
87.1
87.4
86.4
86.3
87.0
87.1
87.2
87.0
87.0
86.7
86.5
88.0
88.6
87.6
87.1
87.4
89.1
90.5
89.9
90.8
90.6
89.2
89.8
88.8
89.2
88.8
87.7
87.1
88.6
89.1
88.3
90.4
90.6
89.5
90.3
90.9
92.0
90.9
91.3
89.6
89.7
90.0
90.3
90.4
92.5
83.1
75.4
74.8
75.1
77.6
78.4
76.3
77.8
80.4
86.5
91.8
91.6
88.4
83.6
83.5
82.9
81.6
81.0
79.1
78.9
78.2
76.9
78.2
78.1
78.5
77.1
77.8
76.8
76.9
77.3
78.2
78.4
79.9
80.5
81.2
83.2
84.4
83.1
84.2
85.0
85.3
84.4
84.3
84.1
84.2
85.3
84.0
82.6
83.4
83.3
81.7
80.8
82.0
79.6
78.4
78.0
88.7
92.4
92.4
88.2
88.9
88.4
85.6
86.4
84.2
85.6
84.9
85.2
83.7
83.0
83.3
81.4
82.0
83.7
85.8
85.3
84.5
83.2
82.7
83.4
83.6
85.5
85.7
86.6
87.9
88.2
89.6
89.5
92.7
93.8
96.1
95.8
96.4
96.8
96.3
97.4
98.8
99.9
101.5
102.9
104.0
100.7
103.3
104.2
102.1
104.5
104.7
103.8
102.6
101.2
100.2
98.3
100.3
101.2
99.8
101.1
100.0
100.2
99.9
99.0
97.2
95.2
92.0
89.0
89.2
89.1
85.9
86.2
87.6
88.5
88.6
89.3
90.1
91.4
91.7
92.2
91.0
91.3
90.3
88.1
87.6
85.1
84.2
83.7
85.5
84.7
87.3
87.7
88.1
88.4
86.8
85.2
83.6
81.4
84.0
84.8
85.6
85.8
86.4
86.7
86.7
87.4
86.1
88.7
89.0
88.3
87.0
86.7
87.3
87.0
88.5
88.3
89.4
91.6
90.5
91.1
92.5
92.5
93.4
92.8
93.5
94.4
94.5
94.7
94.3
93.6
91.9
91.1
91.4
89.7
87.2
86.9
87.7
87.9
87.9
86.9
86.0
85.3
85.2
86.1
86.3
86.6
86.8
85.3
84.4
84.5
83.3
81.7
80.8
79.9
79.5
79.3
79.9
81.3
81.9
81.1
79.9
78.5
76.1
76.7
77.0
78.2
78.2
78.5
78.6
78.3
76.9
79.0
81.1
80.2
80.8
81.1
82.5
83.2
81.5
81.0
80.5
80.8
80.5
79.3
81.1
81.1
81.2
81.0
80.7
80.6
80.4
81.3
79.7
79.4
78.5
78.2
78.0
81.2
81.3
81.3
81.1
81.5
82.2
81.1
79.9
79.7
84.4
87.7
98.3
107.5
101.4
99.1
94.1
86.6
84.3
143.3
82.4
79.9
71.3
70.2
71.9
74.1
76.6
79.6
80.3
81.1
81.3
81.8
82.8
83.3
85.6
85.6
85.2
86.9
87.0
87.8
88.4
88.9
89.6
89.5
88.5
88.7
88.4
88.0
86.6
86.0
85.0
84.9
84.6
78.8
123.3
104.4
83.6
84.9
86.9
87.8
86.3
86.3
85.6
85.8
87.4
88.8
88.8
88.8
89.3
90.2
90.5
94.2
94.5
93.8
93.4
92.8
92.3
92.4
91.5
90.4
90.0
89.6
89.1
88.2
88.1
88.1
87.3
87.0
86.1
86.2
86.6
87.6
87.5
87.1
86.7
86.5
87.0
86.9
86.6
86.5
86.3
86.3
86.5
87.6
87.6
87.3
88.0
88.6
88.4
88.4
88.2
88.5
88.8
89.0
89.2
89.6
90.4
90.2
89.6
89.1
90.0
91.5
93.3
93.0
92.6
93.3
93.8
93.4
94.0
93.3
96.1
98.5
98.0
97.2
95.3
97.3
97.8
96.9
96.2
95.6
95.7
96.7
96.2
96.3
96.6
95.7
96.3
96.5
95.9
96.0
95.4
95.2
94.7
94.8
96.6
96.5
96.2
96.4
96.7
96.2
96.2
96.4
96.0
95.4
95.0
95.6
94.9
95.3
95.3
93.1
94.2
93.5
92.5
91.8
90.6
90.6
90.3
89.6
90.3
90.6
91.2
90.5
89.5
89.6
89.2
89.1
89.2
89.7
89.1
88.3
87.2
87.4
86.5
86.0
86.7
86.5
86.7
85.4
86.7
87.7
92.4
97.6
96.7
97.5
97.3
94.9
95.8
92.4
93.0
93.0
95.0
94.9
92.8
90.7
89.3
89.2
88.3
85.6
86.4
90.8
90.3
89.0
90.9
94.1
87.5
106.3
111.4
114.1
111.4
103.2
100.2
101.1
101.1
100.9
100.2
99.8
101.4
102.7
100.4
112.3
110.4
108.0
105.8
103.4
102.3
101.6
100.8
99.7
98.9
98.6
97.9
96.3
96.0
95.3
95.4
94.8
92.8
91.1
91.0
89.7
86.9
86.9
84.9
85.1
85.7
85.9
88.1
89.6
91.1
91.1
91.1
90.8
132.5
99.2
95.8
96.9
99.0
100.8
99.8
100.5
102.0
101.1
100.1
99.4
98.5
97.3
96.0
94.2
93.5
93.5
92.1
90.9
89.8
88.6
87.6
86.5
84.9
83.7
83.2
82.0
81.1
81.2
82.2
80.9
80.0
79.9
79.6
79.6
78.9
79.5
79.6
81.6
82.5
82.0
82.2
82.3
83.0
82.8
82.9
83.2
83.4
83.7
83.6
83.9
83.8
84.3
84.9
84.5
85.2
85.3
86.0
87.2
87.9
88.5
89.0
89.3
89.8
90.1
90.3
90.8
91.2
91.2
91.9
92.7
93.1
93.2
93.5
94.7
96.0
96.8
96.5
96.9
97.4
98.5
98.4
97.4
96.4
95.7
96.8
97.4
97.0
96.5
94.7
96.7
93.4
96.0
96.9
97.1
101.6
102.1
101.8
103.5
102.9
103.1
104.2
103.0
101.2
99.3
99.0
98.0
100.6
97.8
171.3
132.4
88.3
84.5
82.9
80.2
81.5
83.7
84.0
84.1
85.0
86.7
89.2
88.6
89.7
90.4
90.4
91.2
91.3
92.0
93.1
94.1
95.3
96.3
97.0
98.7
98.9
98.8
99.3
100.7
100.4
99.7
100.4
99.7
99.0
98.8
98.6
98.0
97.7
97.5
97.1
97.9
97.4
96.4
95.9
95.4
95.1
95.8
95.9
96.4
96.3
96.3
96.4
96.7
96.7
96.5
95.8
96.0
96.0
96.3
95.5
94.9
94.3
94.1
93.4
92.3
92.2
92.0
93.4
94.7
93.1
93.3
94.4
93.9
93.9
94.7
96.4
95.6
95.9
95.2
93.8
93.5
92.9
93.8
92.7
91.5
90.0
89.2
88.5
87.9
87.5
86.6
86.4
86.5
87.2
88.1
88.5
88.7
90.4
90.5
90.2
90.4
90.0
89.9
89.6
88.8
89.3
89.3
89.4
89.6
87.3
84.4
93.3
90.6
91.8
92.3
91.5
90.1
89.8
89.5
88.0
87.9
90.1
90.0
89.7
90.1
89.2
88.6
88.7
88.7
88.1
89.2
89.5
88.8
89.0
89.2
89.6
89.7
89.3
89.4
89.6
89.7
89.3
88.8
88.7
89.3
89.3
89.6
90.3
90.0
89.6
89.4
89.4
89.2
89.9
90.1
90.6
91.2
91.1
91.3
91.6
92.0
91.8
91.5
91.3
91.6
91.5
91.4
92.1
91.9
90.7
90.3
86.3
87.9
90.7
90.1
87.9
86.6
86.1
85.5
85.0
85.0
84.4
84.2
85.4
86.2
87.0
88.5
89.7
91.4
92.1
93.4
93.4
93.7
93.5
93.5
94.1
93.4
93.4
93.3
94.1
94.4
93.4
93.1
93.3
93.2
93.9
95.3
95.2
94.2
95.4
96.1
97.9
97.9
94.2
98.9
102.3
103.2
102.9
100.8
99.1
97.4
95.1
96.3
96.3
93.7
93.5
92.8
94.1
94.3
94.7
95.0
94.9
95.3
94.1
94.6
94.5
94.5
95.6
96.4
96.6
96.2
96.3
94.6
97.0
96.7
95.4
95.8
95.2
94.8
94.3
95.0
93.2
92.4
92.7
93.3
93.6
91.9
91.0
91.2
91.0
90.9
91.8
89.9
89.6
89.3
89.1
89.9
89.9
88.7
88.4
87.3
86.6
85.9
85.4
85.5
84.1
83.0
83.6
84.9
83.2
87.7
83.0
75.1
76.5
74.7
74.8
76.0
76.9
77.8
77.8
77.7
78.0
78.5
78.5
78.1
78.1
78.9
78.5
78.4
78.5
78.8
78.6
79.2
79.9
79.8
80.3
81.3
81.0
80.9
81.3
80.7
80.7
80.8
81.5
81.2
80.9
81.6
82.3
82.3
82.6
83.3
82.6
83.4
83.2
83.8
84.0
84.3
84.4
84.3
84.1
84.4
86.0
84.4
83.7
83.7
83.2
82.2
81.5
82.8
82.2
81.0
80.6
80.8
80.3
80.1
79.5
80.2
80.0
79.6
79.9
79.3
78.6
78.6
78.7
79.3
80.3
80.2
189.5
109.1
97.0
80.5
80.3
79.6
79.4
78.7
77.9
78.1
78.2
79.3
79.3
80.5
82.0
81.0
80.4
79.6
80.1
79.1
81.0
80.1
87.2
85.5
86.0
86.2
86.2
86.1
86.2
85.6
85.1
84.9
84.1
86.1
86.2
86.1
85.3
84.2
84.8
84.7
84.4
85.1
85.5
85.3
85.1
86.1
85.9
87.3
86.6
87.5
88.2
90.0
90.4
90.6
92.3
92.1
92.2
92.1
91.7
94.3
94.7
96.4
96.2
97.4
97.5
98.4
97.4
98.9
97.8
96.7
106.2
120.6
122.4
110.1
105.2
104.4
111.8
101.7
97.3
94.9
93.5
93.3
93.3
93.1
89.8
89.9
88.2
87.6
87.1
85.8
85.9
85.0
84.5
85.5
85.8
87.1
86.1
86.3
84.1
83.1
82.0
80.3
81.5
80.8
80.8
81.5
83.8
83.4
83.1
83.3
83.5
84.1
83.7
83.5
85.3
84.7
84.6
85.2
83.5
81.8
81.4
83.3
82.2
81.2
80.5
80.5
80.5
81.1
82.9
83.2
82.8
82.0
81.9
81.8
81.9
84.6
86.8
89.2
91.1
93.7
94.1
95.6
97.4
98.2
98.9
99.0
99.9
100.9
100.9
101.9
100.7
100.3
104.2
104.2
105.5
106.3
106.0
107.3
107.5
106.4
105.4
105.3
105.1
103.9
102.5
101.2
100.1
99.1
97.6
97.1
95.8
95.8
95.8
93.9
93.6
92.9
97.2
99.9
108.3
106.8
104.3
101.1
98.2
96.9
95.6
93.5
93.7
93.1
91.8
88.3
88.5
87.8
86.7
84.2
86.0
83.1
83.8
83.9
83.5
82.2
81.0
79.5
80.4
83.1
83.4
118.8
87.5
88.3
89.2
89.5
87.6
88.9
88.8
89.7
90.2
91.2
91.7
92.6
92.0
92.6
92.2
92.5
92.6
93.2
93.4
93.4
93.3
92.6
91.4
91.3
89.3
90.8
90.3
88.6
86.9
89.4
105.4
107.1
106.3
103.6
101.5
99.9
100.0
99.0
97.7
97.0
97.1
96.3
97.2
97.0
96.2
94.9
92.5
91.7
91.8
91.1
90.8
90.4
91.0
89.3
88.3
87.5
87.6
87.4
85.3
86.7
87.2
86.9
85.8
85.5
85.1
85.8
85.1
85.3
85.8
86.0
86.6
87.7
88.5
87.7
89.5
90.7
91.7
91.7
91.9
92.7
93.5
93.4
93.4
93.5
94.3
94.2
92.8
95.1
95.8
94.8
94.3
94.2
94.1
94.3
93.9
93.4
94.1
94.1
94.4
94.9
94.6
95.3
95.2
94.5
94.2
94.0
93.1
93.4
92.5
92.1
89.9
87.9
87.9
88.4
87.1
86.3
85.4
86.6
86.2
86.5
85.9
86.1
82.9
85.3
84.4
81.3
146.1
110.7
78.3
77.9
76.1
76.5
75.4
76.9
80.6
79.9
81.7
83.9
97.5
94.8
81.1
79.8
76.3
76.0
74.8
73.9
74.7
75.6
76.7
78.0
79.1
80.2
81.8
82.7
82.3
84.9
85.5
85.7
86.6
86.8
86.3
86.8
87.1
87.8
87.8
87.5
86.6
85.7
87.7
88.4
89.3
89.7
90.3
91.1
89.9
90.8
90.1
91.5
92.1
92.2
92.4
91.9
91.5
91.3
91.0
90.6
90.4
89.4
87.0
87.4
86.0
86.8
85.5
83.8
84.1
85.2
84.3
84.3
84.6
85.5
87.5
88.0
88.6
88.6
89.2
89.4
90.3
90.4
90.7
91.3
91.2
92.0
92.8
92.9
92.4
92.9
93.0
92.8
92.9
92.0
92.3
92.1
92.0
92.2
91.9
91.2
91.0
91.3
90.1
91.7
90.5
89.5
89.2
90.2
89.5
89.3
89.2
89.1
88.9
88.0
87.9
87.9
88.5
88.3
89.0
88.5
89.2
89.7
91.4
89.9
101.4
98.7
88.1
87.3
86.7
86.7
85.7
84.4
83.3
83.9
82.8
82.6
81.5
79.6
78.1
77.1
75.9
75.2
76.0
77.7
77.2
76.4
76.9
77.6
78.8
79.1
79.0
78.9
79.1
79.7
79.0
80.4
80.5
81.2
79.6
80.0
87.9
87.1
82.2
79.3
77.2
75.0
73.3
71.7
70.6
68.9
68.4
68.6
68.5
67.3
68.8
69.9
69.0
67.3
66.7
69.6
73.1
72.4
71.0
73.4
74.7
75.9
75.7
74.1
75.0
74.9
76.8
75.9
77.8
78.8
78.2
81.2
78.9
75.0
74.4
83.4
84.9
87.3
88.5
90.7
91.5
91.3
91.9
92.4
91.6
91.2
90.5
91.0
91.5
91.8
92.5
93.0
93.2
93.4
93.0
92.5
93.0
92.2
92.0
92.2
92.3
92.3
91.0
90.9
91.3
90.3
91.4
91.4
91.9
91.3
91.4
91.3
91.8
91.6
92.3
92.5
92.3
92.4
92.8
93.1
93.7
93.6
93.6
94.1
93.5
94.0
93.7
93.7
94.1
92.6
93.4
93.6
94.1
93.8
94.0
93.5
93.7
93.6
92.7
94.1
93.3
91.6
92.3
92.5
92.9
92.9
92.6
93.1
92.4
92.9
93.8
94.2
93.9
93.8
95.3
94.9
95.2
94.5
94.5
95.8
96.1
95.8
95.2
93.4
94.8
94.5
92.8
92.5
91.5
116.7
99.0
90.6
91.5
90.1
86.4
89.9
92.0
90.9
92.6
92.9
91.9
93.2
92.5
94.0
94.4
93.7
92.7
86.4
93.0
96.1
97.6
99.0
109.2
105.7
106.7
102.8
98.6
96.6
96.1
95.3
94.6
95.3
97.7
97.8
96.0
95.0
96.3
93.1
92.8
91.6
96.5
99.3
100.0
101.7
102.4
102.0
102.1
102.4
102.4
102.1
101.8
101.0
100.7
100.8
99.9
98.2
96.8
95.1
94.2
92.3
90.4
89.6
88.2
88.5
88.2
88.6
89.6
89.9
88.5
90.1
89.8
93.6
93.4
94.2
91.4
89.0
88.3
89.2
90.8
91.2
90.8
90.2
113.6
93.3
92.2
93.2
94.4
93.4
93.8
94.9
94.8
96.6
96.4
97.0
97.4
99.5
98.8
97.4
98.8
92.5
89.8
87.9
87.2
88.0
84.8
91.2
93.0
97.5
99.3
100.7
100.2
100.2
99.3
100.7
101.9
102.3
102.7
103.4
102.5
102.3
102.4
101.2
100.5
100.3
99.0
96.8
96.0
97.7
99.8
99.1
99.6
99.0
100.4
100.5
102.4
103.8
102.5
102.4
103.0
103.4
103.5
104.2
103.8
103.7
103.9
104.7
104.9
105.3
105.2
105.7
105.4
105.2
105.0
104.9
105.8
106.3
105.6
104.8
105.3
104.8
104.9
104.4
104.3
103.2
104.8
106.0
104.7
104.3
104.9
104.3
104.2
104.6
104.9
104.7
104.3
104.0
103.7
103.9
103.7
103.4
103.4
102.9
103.5
103.9
103.7
101.9
102.9
102.4
102.3
102.2
102.0
102.6
102.9
103.1
103.8
101.6
102.8
103.1
106.2
106.2
105.7
105.4
104.9
105.8
104.5
104.1
105.5
105.6
105.0
103.8
101.8
104.8
106.5
106.3
107.3
107.0
107.7
108.0
107.3
106.8
106.7
105.9
104.6
104.0
105.1
105.4
103.2
106.1
107.3
110.0
110.1
105.8
103.8
102.2
100.4
99.2
97.9
97.8
97.3
97.2
97.8
98.1
99.3
97.2
96.5
95.1
94.8
96.4
96.8
95.5
96.9
98.3
99.6
103.4
109.5
106.1
103.1
101.9
100.8
102.2
103.8
102.4
102.5
100.9
101.4
101.9
102.4
103.7
102.8
100.3
96.8
95.6
95.5
97.3
99.6
95.6
96.7
97.4
95.4
96.3
98.3
98.2
98.6
99.5
95.9
97.2
98.6
100.3
98.2
94.7
96.8
95.7
96.6
98.7
98.2
97.6
99.5
100.0
99.0
100.3
99.9
98.6
98.5
92.3
92.7
93.0
90.6
96.0
96.0
97.2
98.0
98.7
98.2
97.2
98.6
99.0
98.1
98.0
96.8
98.0
97.9
96.2
97.7
95.5
96.8
97.2
96.2
92.5
96.8
96.2
95.4
94.7
94.6
95.3
136.3
119.5
97.2
97.6
98.2
97.8
98.8
99.3
98.0
97.1
84.5
89.2
96.9
97.4
97.8
95.6
92.8
92.9
90.8
91.4
91.5
91.2
91.3
91.1
90.7
90.3
90.3
90.9
90.1
89.8
89.6
88.8
88.1
87.8
88.2
88.0
88.3
87.9
88.4
88.0
89.0
89.7
89.4
88.4
89.3
90.3
89.6
89.0
88.5
91.0
89.9
90.9
90.9
90.2
90.9
90.5
89.9
89.8
89.8
89.9
90.0
90.1
90.1
90.0
89.5
88.5
88.7
87.7
87.5
88.1
89.2
89.0
89.2
88.3
89.4
90.3
91.7
91.5
92.3
92.1
93.1
91.5
92.4
93.1
93.1
91.9
91.8
93.7
93.7
94.4
93.4
94.3
95.0
95.1
95.7
95.6
95.7
96.2
96.1
96.1
95.2
94.7
95.2
95.0
94.8
94.6
94.4
93.8
93.9
93.3
92.3
92.4
92.0
92.8
92.4
87.9
89.5
91.1
91.6
91.3
90.1
92.9
92.2
242.3
168.7
90.8
96.0
97.5
97.1
96.8
97.0
98.4
98.1
98.5
98.8
98.7
98.1
99.9
100.4
100.2
101.1
99.1
99.9
101.9
102.0
102.3
101.6
102.9
102.0
102.2
102.9
102.6
102.8
101.5
103.5
103.0
102.3
102.9
103.2
103.2
105.0
103.5
105.3
105.3
105.9
106.0
105.1
102.1
105.0
105.3
105.3
104.9
104.1
103.7
103.6
103.1
99.2
98.0
98.1
98.1
98.4
101.3
101.0
101.3
100.8
100.0
100.9
100.0
99.6
96.9
95.5
96.9
99.7
101.5
101.8
102.5
102.7
102.8
102.9
101.7
102.3
99.6
100.3
101.8
100.7
100.7
100.7
100.9
102.0
101.4
102.0
101.0
97.7
97.7
100.2
100.3
99.1
98.5
100.0
100.8
101.2
101.4
101.5
100.9
101.5
99.3
99.8
100.2
101.3
100.9
98.5
100.1
101.1
98.9
98.3
97.5
95.8
95.2
93.8
92.7
91.2
90.6
91.0
91.2
91.8
92.1
91.6
89.0
90.2
88.6
88.9
89.1
88.6
87.3
88.4
89.0
88.7
87.9
89.0
88.0
89.9
85.6
88.3
90.3
92.7
93.0
93.6
93.9
92.8
94.1
94.8
94.3
94.7
94.7
94.5
94.9
94.6
94.7
94.6
93.5
95.4
93.4
92.8
92.9
95.0
94.5
94.5
95.6
95.2
96.1
95.0
91.5
91.8
92.7
95.3
96.2
96.9
97.9
97.3
96.0
88.2
98.3
91.4
98.3
99.5
97.1
96.3
98.4
95.6
95.5
96.8
96.4
96.6
95.8
96.1
97.3
99.2
99.1
98.4
96.5
98.2
97.3
96.9
96.5
94.7
94.7
94.7
94.2
95.4
94.4
94.1
96.3
98.3
99.2
98.1
98.7
98.4
95.8
96.9
98.3
95.6
97.5
97.4
98.0
98.7
98.4
99.2
97.7
98.2
96.1
94.6
97.4
93.4
95.1
96.1
90.4
89.7
92.3
90.9
90.8
91.7
91.3
91.4
92.9
90.5
90.2
93.8
94.7
95.0
91.4
93.6
93.4
93.6
96.3
101.7
99.9
94.2
94.9
95.3
95.2
95.9
97.1
93.4
93.7
94.0
94.5
92.7
93.3
91.0
90.3
91.8
92.1
91.5
90.4
87.7
90.0
90.4
91.3
91.7
92.2
90.3
90.3
91.4
91.2
90.6
91.2
90.0
89.6
90.2
90.0
92.0
93.1
93.1
91.0
89.3
96.4
103.2
103.3
103.4
97.8
95.8
94.3
93.0
93.4
94.2
94.6
94.8
93.2
94.6
95.1
94.1
95.2
94.5
94.5
92.9
91.7
91.9
92.3
91.6
93.5
91.4
93.4
94.1
90.7
94.7
96.9
93.1
92.8
94.5
95.6
91.1
90.7
92.1
93.1
95.5
94.8
95.4
94.1
93.2
94.6
94.7
94.6
88.1
99.0
104.3
108.4
106.5
102.5
102.4
99.4
94.9
93.6
94.1
92.5
91.3
90.2
92.0
90.4
91.9
93.0
93.0
91.9
89.9
88.6
89.1
89.7
90.2
88.9
90.2
89.4
90.5
91.6
92.0
92.9
94.4
95.2
93.2
90.9
94.8
98.3
98.3
98.8
98.3
98.7
98.2
97.6
98.4
99.7
100.2
100.8
102.2
103.1
104.0
103.3
119.4
114.4
109.4
109.1
106.3
104.8
105.5
106.7
106.1
106.8
106.8
108.1
108.9
110.3
110.4
110.2
110.8
111.0
110.9
110.5
112.2
113.5
112.9
114.5
114.6
113.9
114.0
115.0
111.8
113.1
116.3
116.5
112.2
115.2
115.8
114.5
115.6
117.3
117.5
117.6
117.8
117.4
116.5
117.3
117.8
118.4
118.1
118.2
117.0
114.8
114.5
114.6
112.0
114.8
115.0
115.1
114.1
113.6
114.0
115.9
116.3
115.2
116.3
115.5
116.3
116.1
114.0
114.5
113.9
114.8
111.7
113.2
110.7
113.8
115.3
114.8
114.3
111.9
113.4
113.9
113.0
112.7
113.3
111.9
111.4
114.0
114.2
114.0
113.4
112.6
113.8
115.0
114.5
112.8
113.9
115.2
114.9
109.9
112.6
112.7
113.0
110.2
112.0
114.3
115.5
116.2
114.7
115.1
116.1
116.2
114.3
113.7
114.7
113.8
113.9
113.3
113.5
107.8
110.3
112.9
113.4
113.5
113.1
113.0
112.2
111.9
111.5
110.7
109.9
108.2
108.9
109.0
107.8
109.2
111.3
111.3
113.0
112.5
110.4
108.7
108.4
108.1
108.7
108.5
108.2
107.6
108.3
107.3
107.9
106.9
108.6
107.4
108.6
107.9
107.1
108.9
107.9
109.1
109.0
108.4
108.7
109.1
109.6
108.4
109.1
108.9
108.3
107.8
106.1
109.4
108.0
107.8
108.7
108.5
109.9
108.7
108.3
107.5
106.1
104.3
107.2
108.0
106.8
106.9
106.7
107.2
106.5
108.5
107.6
107.5
107.9
106.7
106.8
106.7
107.0
107.2
107.8
107.2
151.0
211.9
88.3
107.6
105.7
104.8
106.5
106.1
106.5
106.8
106.4
106.7
107.4
107.6
107.6
106.4
107.5
107.9
106.5
107.3
106.4
102.3
106.1
109.6
108.7
108.4
106.6
107.2
106.0
106.4
105.6
107.0
107.4
107.0
106.5
106.0
105.9
106.1
106.0
106.3
106.2
107.0
108.3
105.2
106.3
107.1
106.8
106.9
106.6
107.7
107.1
107.1
107.1
107.2
107.5
108.4
109.0
109.4
110.2
110.5
110.4
111.0
110.9
110.0
110.6
110.2
110.6
110.3
110.6
109.7
110.2
110.4
110.4
110.7
110.1
110.3
109.4
109.3
109.4
109.8
110.1
108.8
107.3
107.7
108.6
107.2
109.9
108.4
107.2
107.5
106.8
107.0
107.8
108.3
108.0
106.9
107.2
109.0
108.4
108.2
107.5
106.6
106.2
106.7
107.3
107.3
107.3
107.5
107.4
107.0
107.0
106.6
106.5
106.0
105.9
217.1
194.7
76.0
111.0
109.7
109.5
108.2
102.1
115.6
110.5
111.7
112.0
109.2
107.9
107.0
104.5
104.6
104.2
103.8
103.7
104.6
105.4
104.5
104.5
104.1
103.5
103.1
103.0
103.1
103.1
102.4
102.7
101.3
102.8
103.6
103.9
103.9
103.9
104.0
104.1
104.5
105.0
105.0
104.6
105.1
105.8
103.0
105.4
107.5
108.4
107.4
106.7
107.2
106.5
107.0
105.9
106.2
106.6
106.3
106.3
106.7
105.6
105.4
106.2
104.8
104.0
104.8
104.3
103.8
105.9
105.1
103.0
103.5
103.3
103.0
104.3
103.9
101.8
102.5
103.6
102.2
103.5
102.7
101.4
100.8
100.8
102.8
102.3
102.0
103.2
101.0
102.3
102.6
102.4
101.5
102.6
102.2
102.6
102.1
101.9
102.2
103.2
103.5
103.2
104.3
105.1
103.4
102.2
101.9
101.4
101.5
101.8
100.9
101.2
101.5
101.0
100.5
100.4
100.4
100.9
100.1
100.4
99.0
90.3
104.5
106.2
102.0
99.1
100.4
99.3
99.6
99.7
100.1
100.3
100.2
100.5
100.5
99.2
101.3
97.7
99.3
100.1
99.1
100.0
101.2
102.0
102.6
103.0
102.5
102.6
102.6
102.1
103.3
103.3
102.1
103.0
102.4
102.4
101.6
102.7
102.8
101.6
102.0
101.9
101.6
101.0
101.5
101.9
102.2
102.7
102.7
102.7
102.1
103.1
100.8
97.2
103.1
101.8
101.8
102.7
102.6
102.8
102.5
103.0
102.5
101.5
103.3
102.6
103.9
105.2
104.3
104.0
103.5
102.9
103.2
101.1
104.3
104.1
104.9
104.9
103.0
104.1
106.5
105.7
105.4
103.8
106.6
107.3
107.3
105.9
106.9
107.4
107.0
108.8
107.8
107.4
106.4
106.6
108.3
107.1
107.4
107.9
110.3
111.6
105.9
107.0
111.5
116.9
107.9
110.3
110.5
109.6
109.1
109.2
109.0
109.7
111.3
111.3
112.2
112.3
112.1
111.5
111.5
113.1
112.4
112.1
112.7
112.5
112.9
112.6
112.4
111.9
113.2
113.9
112.8
112.5
113.2
113.2
112.7
112.4
112.2
112.3
110.6
110.2
110.0
110.7
110.6
110.6
111.1
111.4
110.4
109.6
110.0
108.1
107.2
107.7
109.8
108.8
106.6
105.3
106.3
106.1
106.7
104.7
103.9
103.9
103.2
103.1
103.5
103.1
102.5
102.7
103.6
103.0
101.5
102.0
101.8
101.1
101.5
100.8
99.9
100.3
100.4
102.3
102.1
101.2
100.5
100.1
101.2
101.3
100.7
101.1
101.0
100.6
99.8
100.3
100.6
101.9
101.6
102.0
101.8
101.6
101.8
101.6
101.1
101.9
101.9
101.8
101.9
101.4
102.6
102.6
102.3
102.2
101.4
101.7
101.6
101.7
101.2
101.9
101.8
101.6
100.7
100.9
101.7
102.2
101.1
101.3
101.0
101.1
100.7
100.0
100.7
98.3
100.6
102.3
102.1
103.3
102.9
103.7
103.4
103.3
103.0
102.7
102.4
101.8
105.9
105.4
105.6
104.7
104.8
102.9
102.3
103.8
104.4
104.4
103.6
102.2
102.9
239.0
96.0
99.3
103.9
105.8
104.9
102.0
103.5
103.5
101.8
102.7
104.8
104.6
104.3
102.8
100.1
103.9
104.1
105.7
104.8
104.5
103.9
104.5
105.1
104.2
104.4
93.6
96.3
106.2
109.6
108.2
109.3
108.9
111.7
109.2
109.6
108.8
108.6
108.5
109.1
110.4
110.4
110.0
109.0
111.8
108.6
110.8
108.7
110.7
110.8
110.7
112.0
110.4
108.6
106.6
105.6
106.8
108.1
108.9
110.1
109.8
109.3
110.0
107.1
109.4
108.5
108.7
106.9
108.9
109.3
107.6
110.2
107.9
106.4
105.5
105.4
104.9
104.9
104.9
103.8
103.9
103.8
104.1
103.5
104.0
103.6
103.0
103.8
104.0
103.9
102.5
103.0
102.1
101.7
101.5
101.4
101.5
100.2
101.1
99.7
100.5
100.7
101.0
100.3
100.3
101.0
101.0
101.1
101.1
101.0
101.3
101.6
102.0
101.3
101.3
101.7
101.7
100.5
100.9
100.8
101.1
101.6
100.8
100.9
100.1
102.3
103.1
110.9
110.9
108.0
105.9
106.1
103.9
103.0
102.3
102.8
101.9
102.9
102.3
101.5
101.1
101.8
102.6
102.0
101.7
102.1
101.7
102.0
101.7
101.4
101.5
101.8
101.6
100.3
101.3
101.9
102.7
101.8
102.2
102.2
102.6
103.2
102.7
102.4
101.7
101.2
101.5
100.5
101.8
101.5
101.4
100.9
100.7
101.1
101.6
101.2
101.4
101.3
101.6
101.4
101.5
103.8
103.6
103.1
105.9
106.9
106.7
107.4
108.1
108.5
108.1
106.3
106.4
106.7
106.0
106.9
106.5
107.0
106.4
107.5
108.2
106.0
107.7
108.6
108.0
107.3
105.9
105.1
106.8
106.9
106.2
105.7
105.8
105.7
106.2
106.7
107.2
106.5
109.4
109.3
107.7
108.3
106.9
104.9
104.7
105.2
104.8
105.7
103.8
103.5
103.1
103.2
103.4
103.5
102.6
102.0
102.0
102.1
103.0
103.2
103.4
105.6
107.8
104.5
103.5
105.6
105.9
104.7
107.8
107.8
107.1
105.2
101.0
100.9
100.6
102.6
102.0
100.6
100.0
100.2
100.5
97.6
97.8
98.9
98.7
99.0
98.3
99.5
103.3
102.6
101.8
100.7
100.4
99.6
100.1
100.7
100.0
99.6
98.7
98.6
99.1
99.4
99.5
98.9
98.8
98.0
97.6
98.0
97.4
98.7
98.6
97.5
97.2
97.8
98.4
98.5
98.1
97.6
97.5
97.6
97.8
97.3
97.5
96.7
98.5
98.2
98.7
97.5
98.4
99.6
99.8
99.7
99.4
98.8
100.3
99.8
100.2
99.6
100.2
100.8
101.1
100.7
100.5
100.8
102.4
102.3
101.1
100.7
101.7
101.6
102.1
102.1
101.3
101.3
102.4
100.5
101.8
101.0
100.3
100.0
100.7
102.8
101.6
101.6
101.4
102.0
102.3
103.3
102.0
101.6
101.6
103.2
101.1
102.8
103.2
103.2
104.3
104.7
105.2
104.4
105.1
105.4
105.0
106.4
108.1
107.5
239.9
210.6
105.6
105.2
100.5
106.8
106.8
104.9
106.5
106.1
106.5
105.2
103.5
102.8
104.1
102.5
104.5
104.5
104.7
103.4
105.4
108.0
107.9
107.1
106.8
106.2
106.1
107.9
107.7
109.1
109.8
109.0
108.3
109.6
108.6
107.0
109.0
108.4
105.9
109.7
110.7
108.0
106.2
110.9
111.3
110.6
109.1
109.0
110.0
108.8
109.3
108.4
110.0
109.9
109.6
109.5
108.8
108.7
109.5
109.7
111.2
111.8
111.0
111.6
113.9
112.5
109.0
109.0
108.5
106.7
105.3
103.5
104.9
105.8
110.0
108.2
107.5
109.8
107.9
111.1
116.6
123.2
126.4
124.5
111.9
109.7
115.2
113.8
105.5
105.4
106.4
116.2
123.8
120.8
119.6
116.5
113.5
111.5
110.9
110.6
110.2
112.8
110.8
107.1
106.4
107.9
107.9
108.5
107.6
107.9
109.2
110.0
108.5
108.3
107.2
107.4
107.3
107.1
108.2
110.0
110.0
109.5
108.0
108.2
105.7
105.0
104.6
107.5
108.2
108.0
107.1
106.0
104.2
105.1
104.2
104.3
103.5
104.5
107.6
109.0
108.6
110.1
110.5
108.2
108.1
104.6
104.0
102.6
102.0
101.4
102.3
106.3
106.4
106.50000000000001
104.80000000000001
104.0
103.2
102.4
101.60000000000001
100.80000000000001
100.0
99.2
98.4
99.6
98.5
100.1
98.4
98.3
98.8
97.7
98.7
99.7
98.7
98.3
100.0
100.6
97.4
98.9
99.1
96.7
95.2
95.6
95.9
99.1
97.7
95.6
93.9
95.9
95.7
94.7
93.7
94.6
93.7
93.9
95.2
94.1
94.0
93.3
93.5
97.1
93.3
100.0
101.7
99.7
100.5
98.3
97.6
95.7
94.7
95.7
99.1
97.0
106.5
103.3
103.6
107.5
104.1
105.3
105.2
102.3
102.1
97.8
96.7
98.9
99.9
100.4
104.0
101.7
100.5
100.4
100.1
101.5
101.0
101.4
99.0
101.1
107.2
109.3
105.3
109.0
109.3
112.4
109.4
106.8
106.3
105.5
107.7
107.8
106.7
106.4
104.0
102.9
102.2
102.9
108.1
108.6
108.6
108.1
107.7
109.9
109.8
110.4
108.7
109.8
109.2
103.9
107.3
108.7
108.3
106.4
105.6
106.4
107.5
108.0
108.4
107.1
105.7
106.6
106.8
106.3
107.1
105.0
104.1
104.3
96.6
96.1
95.0
96.8
94.7
93.0
93.6
94.2
93.2
94.1
92.9
95.4
93.4
89.2
89.5
91.1
89.4
88.5
88.2
91.3
88.7
88.1
89.2
92.8
92.9
90.8
90.3
88.9
87.7
88.4
87.7
89.4
91.1
89.1
88.6
89.7
91.0
90.3
91.4
90.8
94.4
97.8
96.8
93.9
93.1
92.6
92.6
93.0
91.7
91.6
91.49999999999999
87.88333333333333
86.02499999999999
84.16666666666666
82.30833333333332
80.44999999999999
78.59166666666667
76.73333333333333
74.875
73.01666666666667
71.15833333333333
69.3
103.5
103.0
102.1
100.7
101.9
102.0
101.9
101.8
102.4
102.5
102.7
102.3
102.5
102.4
103.8
102.7
103.2
103.5
102.4
100.4
97.9
94.3
94.9
87.0
96.0
95.6
88.7
93.6
92.6
92.9
92.3
91.9
90.6
90.6
90.1
91.6
91.4
91.4
90.6
90.2
90.1
88.4
88.9
91.5
92.7
93.5
93.2
92.6
90.6
90.8
90.9
90.0
90.0
89.6
89.7
89.8
89.1
89.5
90.1
90.0
90.0
90.1
89.4
89.2
88.2
88.4
87.5
88.4
88.0
87.0
87.9
86.4
86.4
87.0
86.1
86.7
87.8
87.9
87.2
86.3
86.3
86.5
87.5
87.7
87.1
87.0
87.1
88.1
87.9
86.9
87.3
87.1
88.2
87.3
87.2
88.3
87.8
88.3
87.0
87.7
87.9
87.9
87.5
88.8
89.6
87.4
86.7
86.6
87.5
87.3
88.6
90.2
90.3
90.9
90.5
87.6
94.3
95.6
95.1
94.1
94.3
95.5
95.1
95.9
95.0
95.6
94.8
95.9
95.5
94.4
94.5
94.3
96.2
95.6
94.9
93.5
94.0
93.4
93.9
92.8
92.9
92.9
92.9
91.4
93.1
91.8
91.0
91.0
90.7
90.9
91.2
91.9
90.7
91.2
90.5
90.8
91.0
90.8
90.5
90.5
90.2
90.1
89.7
89.2
89.5
89.3
89.6
90.0
89.5
88.6
88.6
89.0
88.9
88.6
88.9
89.5
89.0
89.2
89.5
89.8
89.2
89.2
88.5
89.1
89.2
88.7
88.6
88.1
88.3
87.2
88.0
88.2
88.1
88.6
87.7
87.4
88.5
88.2
88.5
88.6
87.4
88.2
88.7
87.8
88.0
87.7
87.5
87.9
87.9
87.1
88.5
87.4
89.1
89.7
88.3
88.6
89.1
89.0
88.9
90.1
89.7
92.6
92.4
89.7
95.5
95.8
96.1
96.3
97.3
94.5
95.0
93.6
94.0
94.7
95.6
94.5
96.1
95.4
95.0
94.3
95.0
97.0
96.4
96.5
97.1
91.8
90.7
93.5
94.0
94.6
95.7
94.9
93.4
94.5
94.6
96.1
96.8
97.7
96.8
94.8
98.0
100.5
99.0
99.6
97.4
97.3
97.8
97.4
97.2
97.6
96.0
96.5
94.6
96.1
95.5
95.2
94.7
96.2
94.9
96.4
95.3
95.1
96.0
95.7
94.4
96.7
94.1
93.8
94.4
93.1
93.8
95.0
94.1
91.7
93.7
96.6
95.0
93.1
93.0
94.1
92.9
93.8
93.8
94.5
91.2
91.5
92.5
93.5
93.6
92.2
90.5
90.6
92.5
91.6
91.7
91.9
92.3
95.0
94.0
92.2
93.4
91.3
91.8
91.6
241.9
125.5
94.0
94.0
92.2
92.4
93.0
91.2
92.2
91.1
90.5
90.7
90.0
90.4
90.4
91.0
90.9
90.2
90.7
90.6
89.9
88.4
88.1
87.6
88.7
88.5
88.7
88.3
87.5
88.0
88.0
88.3
89.0
89.7
89.7
91.6
90.7
91.0
90.9
90.5
89.7
89.2
90.4
89.4
89.0
89.1
89.2
89.2
89.1
88.5
89.9
89.5
89.6
89.4
88.7
89.0
88.8
89.8
90.0
89.7
89.8
92.6
91.1
98.3
99.3
97.9
97.4
98.6
97.9
97.7
98.5
98.1
98.1
98.9
99.4
99.6
97.8
98.5
101.2
102.2
101.6
100.2
100.8
100.7
100.3
101.1
102.7
103.6
104.3
103.5
103.5
104.3
106.5
106.4
107.0
107.0
108.9
107.3
106.9
104.9
106.1
106.4
107.1
105.8
107.3
106.1
106.7
106.2
106.4
107.2
105.2
105.2
104.8
104.1
104.2
105.6
104.8
102.5
102.7
104.2
103.1
102.4
102.3
105.4
102.6
101.2
102.2
101.8
100.8
100.1
102.5
101.5
100.5
99.9
100.8
100.7
107.0
98.6
113.6
106.6
102.8
102.3
99.4
98.4
99.9
98.8
96.9
99.2
99.1
94.3
100.4
101.4
102.5
102.0
100.7
101.2
96.5
101.0
102.7
106.1
107.0
107.0
105.2
105.0
105.9
108.3
107.6
105.7
103.8
109.6
105.0
107.0
107.5
110.2
111.5
110.2
108.7
109.6
111.5
110.9
109.4
106.3
109.5
112.8
112.0
113.0
114.3
112.1
107.1
105.7
106.6
107.1
105.9
105.9
107.6
105.7
104.3
106.2
107.3
107.5
106.5
106.9
105.9
105.8
105.6
105.0
106.3
108.6
106.6
106.3
104.8
104.3
103.6
103.0
103.9
104.6
104.4
103.7
105.1
106.3
108.2
106.5
105.2
105.7
105.9
103.8
102.9
103.7
105.8
106.5
104.2
102.1
100.7
101.5
101.6
101.5
99.1
98.1
99.5
100.4
100.7
98.8
98.5
100.1
101.8
100.0
98.8
98.9
98.4
97.4
91.7
97.2
94.0
96.9
92.7
98.1
94.7
100.7
100.0
100.5
102.4
100.9
98.2
98.0
97.7
97.1
98.1
98.2
97.6
97.1
98.8
95.1
98.4
99.6
99.0
98.2
100.2
99.8
98.7
97.9
98.0
97.7
96.5
95.7
97.8
95.9
95.6
96.8
98.3
96.7
98.2
97.8
98.7
98.5
101.1
100.9
103.5
101.7
101.1
101.8
101.4
102.4
100.6
102.7
100.1
102.5
104.4
103.2
103.8
103.2
103.5
103.5
104.5
107.0
104.5
106.6
105.0
103.7
102.6
103.6
105.7
105.4
105.0
103.8
106.7
108.0
106.8
106.5
104.3
105.6
113.5
109.6
108.8
108.9
107.8
104.5
108.0
105.9
104.4
104.8
104.1
105.5
105.6
105.2
104.1
105.0
106.9
106.6
102.6
102.8
103.9
99.8
101.9
102.4
100.5
99.4
97.1
96.1
95.7
96.7
98.1
96.8
94.1
92.9
94.0
95.5
95.3
98.0
95.9
93.9
92.3
87.5
97.5
93.8
92.5
93.4
94.8
94.0
94.3
96.9
97.3
94.4
94.4
95.4
96.0
96.0
95.1
91.6
91.2
93.0
94.6
94.5
98.2
96.7
95.3
97.7
106.7
104.0
89.3
88.7
91.8
99.6
90.0
93.4
91.7
93.2
96.1
97.8
99.7
98.7
97.8
100.2
100.2
101.8
101.2
100.9
102.4
103.5
102.1
102.3
103.5
102.2
102.7
104.1
103.8
101.0
100.5
100.3
103.4
104.6
103.9
101.4
100.5
99.4
99.2
100.2
99.3
86.8
74.3
96.46666666666667
101.3
97.7
97.9
97.4
97.5
98.7
98.6
98.4
97.4
96.8
97.1
97.1
96.1
96.0
96.2
96.0
95.5
95.5
95.0
95.3
99.3
98.8
96.2
95.0
93.9
94.3
98.3
98.5
95.4
96.1
95.0
94.6
94.6
95.2
94.4
94.3
94.0
93.3
93.0
92.8
93.4
93.4
92.5
94.1
93.4
93.6
93.6
93.9
94.0
93.7
94.1
94.7
95.5
95.2
94.5
93.8
93.1
93.8
93.5
94.2
93.5
94.2
94.6
94.4
94.1
93.9
94.3
93.6
93.1
93.3
93.5
93.4
92.5
92.0
93.1
94.6
95.5
94.3
94.6
94.7
95.2
95.2
96.7
96.9
95.4
94.0
94.1
93.7
95.6
98.1
98.8
102.2
102.5
100.3
101.4
100.5
96.3
94.7
90.6
90.1
92.2
96.1
95.8
92.5
93.9
93.6
93.3
92.1
92.4
89.9
92.3
94.0
95.2
96.5
96.3
96.8
96.6
96.9
96.4
96.0
94.8
95.8
95.9
96.3
95.7
95.5
95.2
95.9
96.0
97.2
98.2
98.9
98.2
97.5
97.0
97.0
97.0
97.4
98.2
98.3
97.8
97.3
98.2
98.2
97.4
97.3
98.1
97.9
97.8
98.3
98.2
98.1
98.4
99.0
100.7
100.1
99.6
97.8
98.9
99.0
99.1
101.0
99.7
98.5
98.6
98.7
98.9
98.5
98.5
98.1
98.9
99.3
98.4
99.1
100.6
99.8
99.0
98.5
98.5
98.6
98.9
99.9
100.3
99.6
99.9
99.5
101.7
105.1
106.5
107.3
107.2
104.8
104.2
106.3
107.1
107.1
106.2
104.5
105.4
106.9
106.8
107.3
107.4
102.4
103.7
110.9
107.6
105.7
103.0
103.3
100.5
100.9
103.7
104.3
105.2
106.0
105.5
103.3
104.7
104.9
105.3
106.5
108.1
106.8
103.1
93.4
101.1
99.0
96.7
96.6
99.0
144.0
350.0
225.5
99.5
95.8
94.6
94.5
95.9
95.8
95.4
96.4
96.5
96.7
96.2
96.8
94.8
95.7
96.1
95.1
96.8
97.1
95.3
95.1
95.5
97.0
97.0
95.9
95.8
96.7
97.8
97.2
96.0
96.1
95.0
95.0
95.7
95.6
96.0
95.3
94.5
95.3
94.5
95.4
96.7
95.5
95.1
96.6
95.9
94.6
93.6
94.1
95.5
95.6
95.0
94.3
93.5
95.2
97.2
96.0
96.0
96.3
98.6
96.0
95.6
95.3
97.1
96.4
94.8
94.1
95.4
96.0
93.6
93.2
93.3
94.3
94.3
94.2
93.5
93.6
94.0
93.0
94.0
95.6
96.9
94.3
93.0
91.8
94.0
92.3
94.6
96.5
97.2
228.7
167.1
115.3
95.8
97.6
97.9
102.9
101.7
98.0
99.4
99.3
99.2
97.3
99.1
101.3
102.1
101.7
101.3
99.6
100.0
99.9
99.8
96.6
103.1
102.4
101.7
102.2
102.8
101.5
99.3
102.9
103.9
101.5
113.6
106.4
100.1
98.1
98.2
99.0
99.3
99.4
101.9
99.1
100.5
100.0
98.0
103.0
114.9
124.1
127.6
121.5
113.9
110.2
105.4
102.7
102.9
103.1
103.7
102.3
100.6
100.9
101.6
102.1
101.4
100.0
100.2
101.3
101.2
100.9
99.9
99.7
99.6
98.5
101.4
102.4
102.0
102.6
102.4
100.7
101.3
101.2
101.5
100.9
101.0
99.6
100.7
102.6
101.0
102.0
102.5
100.8
100.9
100.9
99.6
100.3
102.0
100.4
103.5
107.2
107.4
105.5
104.7
103.8
103.5
102.6
104.1
103.5
102.9
104.5
103.8
102.8
102.9
103.5
105.3
103.8
102.7
102.7
101.6
102.3
101.1
100.9
100.1
100.2
100.0
98.8
100.5
99.5
99.1
98.4
98.1
97.9
98.4
98.6
97.7
96.8
97.6
98.6
99.6
100.4
99.8
98.9
98.1
98.8
99.2
98.7
97.8
97.3
95.1
95.2
97.1
101.1
102.3
101.7
101.3
101.3
99.3
97.7
100.8
101.7
102.5
102.4
100.3
97.7
96.5
97.1
98.3
97.4
96.7
97.2
96.4
94.9
96.2
96.7
98.5
98.1
97.0
97.4
97.0
97.0
97.5
97.3
98.2
97.6
98.0
98.5
100.7
100.4
99.8
98.5
98.3
98.9
100.3
100.0
99.8
99.1
98.4
97.7
98.5
98.6
99.0
99.2
98.6
98.6
99.5
101.0
101.2
100.7
100.3
99.2
100.7
99.9
99.5
98.4
97.9
99.6
99.5
98.3
100.8
101.7
101.9
100.7
100.0
99.8
99.3
99.3
98.7
98.9
103.5
104.0
105.1
105.2
106.2
105.3
105.3
107.1
108.5
108.5
106.1
105.0
102.2
103.2
104.0
101.1
112.1
114.2
111.6
110.3
108.9
107.3
106.5
106.2
106.7
109.7
108.1
110.3
108.3
106.0
106.3
108.7
106.6
106.5
106.2
106.2
106.4
106.7
104.4
105.9
107.6
107.1
105.8
103.6
103.7
103.5
104.4
105.0
105.7
103.7
106.3
105.9
103.7
102.5
100.9
99.8
100.3
99.9
99.5
99.3
99.7
99.7
98.9
99.0
98.7
98.3
99.7
99.8
100.9
100.0
97.8
97.5
99.4
103.3
105.2
103.6
102.4
101.7
105.6
103.2
101.6
102.6
102.7
102.0
103.8
101.8
103.6
102.1
101.8
101.8
102.8
102.3
101.7
102.9
102.4
102.6
101.9
100.8
101.5
99.9
102.5
101.9
102.4
101.5
101.3
100.7
102.0
101.5
101.9
102.4
100.9
100.4
100.7
100.2
100.0
102.3
101.1
101.8
102.1
98.4
99.7
101.6
103.1
99.3
99.7
99.8
98.3
97.1
95.7
97.8
99.4
99.8
99.1
100.7
101.6
102.3
101.0
100.5
100.6
100.2
100.1
100.9
101.1
102.3
100.7
103.9
104.0
105.1
104.5
104.9
103.2
102.4
103.7
103.8
102.6
104.4
104.5
103.8
103.6
104.7
105.7
105.3
103.1
102.0
103.6
103.1
105.6
105.0
103.6
105.2
107.0
105.4
105.3
106.3
104.5
104.3
101.5
105.1
104.6
104.6
105.1
104.8
102.1
101.7
102.8
102.7
103.5
103.3
102.1
100.7
104.5
102.1
102.4
100.8
101.4
97.4
98.8
102.5
101.3
101.7
101.8
102.2
99.7
99.6
99.4
100.4
100.2
101.5
98.3
96.8
96.7
95.6
95.3
96.4
94.9
92.6
95.1
93.7
94.8
93.9
98.5
98.7
99.0
94.9
95.6
96.5
94.5
98.5
96.1
96.9
97.8
99.7
100.6
100.8
100.8
99.8
98.4
97.6
97.8
98.2
98.5
99.3
99.1
96.3
97.8
98.0
98.2
97.5
98.1
98.5
98.2
96.7
96.6
96.6
97.6
97.7
95.1
94.9
95.6
95.8
95.4
95.7
95.4
95.7
95.1
94.4
94.1
93.9
95.2
94.8
94.9
94.0
93.8
95.4
97.00000000000001
95.30000000000001
95.25
95.2
95.15
93.0
91.9
92.86666666666666
92.8
92.73333333333333
94.1
94.75
94.0
93.95
