93.0
98.0
92.4
94.0
94.4
98.0
99.3
100.4
95.7
100.7
97.1
93.8
92.7
96.1
98.1
101.5
100.7
102.3
100.6
101.4
99.1
99.5
101.9
100.5
103.0
98.9
95.0
92.0
94.0
91.7
99.6
103.7
101.2
99.8
97.7
100.0
96.8
96.8
95.2
93.3
91.9
95.2
97.4
95.4
97.5
97.3
94.7
98.7
100.0
94.4
94.0
94.9
95.1
96.1
107.8
113.1
113.0
110.1
106.0
104.3
100.9
98.4
94.4
103.1
94.5
93.4
95.6
93.4
90.5
92.3
91.9
89.3
87.4
85.3
87.2
85.4
84.5
84.3
87.7
89.5
85.7
84.8
87.6
88.5
90.1
92.5
92.0
88.4
88.8
88.2
88.7
88.2
89.5
91.7
84.2
84.3
86.5
87.2
88.8
90.2
90.6
89.6
89.6
91.9
89.1
88.4
87.7
87.0
87.8
89.4
89.1
88.3
88.8
89.7
88.8
91.2
91.2
90.8
91.7
90.8
93.6
92.4
87.6
83.5
85.3
89.5
84.2
88.7
89.8
86.4
91.4
88.0
87.2
85.4
89.1
90.2
89.8
92.1
92.8
92.9
96.0
89.5
156.1
114.2
98.4
87.7
88.8
88.1
91.1
92.4
93.2
92.0
92.0
90.0
90.7
91.3
92.1
94.8
93.1
89.3
91.9
93.2
91.8
87.6
90.8
90.8
90.3
90.4
93.7
97.4
94.6
95.4
91.1
91.4
94.1
100.4
98.1
91.1
95.5
92.6
100.1
100.4
92.1
96.8
96.4
93.7
93.1
96.7
95.9
96.1
97.5
100.1
100.7
96.7
95.9
91.1
90.8
89.2
89.8
88.6
88.1
91.3
97.9
98.4
96.9
94.5
98.7
99.8
96.9
91.4
92.4
96.5
94.1
91.2
90.6
89.7
94.2
95.2
98.6
97.5
100.4
95.6
88.6
90.3
92.9
91.8
91.4
90.6
91.9
95.6
96.7
90.6
91.4
90.1
91.0
95.2
93.9
93.3
92.7
96.1
90.2
92.7
92.1
89.8
87.1
88.5
90.0
93.1
94.0
90.6
95.6
97.1
93.6
91.5
92.6
86.6
88.3
88.6
91.2
92.0
93.7
94.2
95.5
95.4
99.4
98.7
102.0
101.8
101.0
103.0
103.3
103.6
105.1
105.8
105.7
104.8
104.0
108.1
109.2
107.1
108.2
109.4
109.7
111.0
110.7
110.5
109.7
108.7
109.8
108.9
108.5
106.1
107.1
110.1
109.2
109.2
109.6
111.0
108.8
109.7
109.1
102.4
107.3
106.1
106.2
107.8
108.5
109.1
106.8
107.9
109.8
106.5
108.6
107.9
106.4
108.2
107.0
109.0
107.0
106.8
105.1
101.6
101.8
102.4
101.6
102.1
100.2
101.5
104.6
103.4
103.2
101.8
100.7
98.9
97.9
98.9
98.3
100.0
101.2
101.1
100.5
102.3
102.4
101.4
97.7
92.9
93.5
91.8
93.2
89.0
93.8
96.2
98.4
100.1
103.6
107.8
107.6
108.4
108.7
106.4
105.1
105.6
105.0
104.3
104.1
103.4
103.7
102.9
111.0
107.0
108.7
110.6
112.8
112.2
110.2
107.6
110.4
108.5
106.2
109.2
105.5
103.8
105.5
105.7
104.1
102.5
105.9
105.1
103.6
100.9
101.6
101.3
98.9
100.1
101.2
102.5
102.7
97.7
98.6
96.6
98.7
100.8
98.1
98.8
98.0
97.1
95.5
95.7
99.7
98.7
99.3
100.5
97.8
99.6
96.6
100.1
99.1
98.1
98.5
103.3
100.6
97.7
98.8
100.3
100.8
98.3
90.8
101.4
106.6
109.0
111.7
115.5
109.1
96.0
95.8
100.0
98.9
100.5
97.0
99.8
96.5
101.9
103.6
104.4
98.4
103.2
106.3
105.7
110.2
110.1
112.2
108.7
106.8
110.4
109.4
109.5
104.8
100.0
98.5
98.6
99.8
98.8
101.2
100.2
99.9
100.4
100.7
100.1
100.7
100.0
101.6
105.8
103.5
101.0
102.6
103.8
104.1
102.0
100.9
102.0
102.7
103.8
102.0
102.2
103.7
104.7
102.2
98.8
98.5
98.4
97.0
92.0
94.9
95.0
93.5
94.1
89.0
90.7
90.0
88.4
90.3
93.9
90.5
90.3
88.9
89.9
91.0
90.8
90.0
88.3
90.7
92.5
87.0
87.3
86.5
89.1
81.8
85.4
92.0
86.4
89.0
87.0
89.3
92.7
90.4
93.0
90.0
87.2
88.2
90.0
88.9
90.6
92.0
90.3
92.8
93.7
92.1
87.3
87.9
88.5
91.2
89.9
90.1
91.9
90.8
89.8
90.5
90.1
91.9
91.9
90.8
91.0
86.1
87.2
83.3
84.7
85.3
79.0
78.7
84.3
83.4
87.0
82.2
85.7
88.5
91.8
92.5
94.8
96.7
97.4
98.0
95.6
93.8
93.5
94.5
93.8
91.9
96.8
96.9
97.4
96.8
93.2
95.7
96.4
98.2
95.0
97.3
96.6
98.7
99.0
99.1
100.7
99.8
99.0
99.3
96.5
97.7
94.1
89.9
83.0
87.1
90.0
92.2
92.4
83.7
82.3
81.4
78.8
79.1
83.7
85.4
82.6
88.2
91.0
92.8
95.1
96.7
99.4
100.9
101.4
102.4
101.5
103.2
105.1
105.6
106.8
106.9
107.1
107.6
106.9
107.5
107.3
102.4
104.4
102.2
104.2
100.2
102.4
101.4
102.4
104.1
103.8
103.8
103.6
102.4
99.9
96.7
99.9
100.7
99.1
99.8
97.0
99.5
98.7
100.1
97.8
97.3
94.2
98.6
97.9
93.7
97.8
93.7
89.0
94.4
94.8
96.5
96.4
94.0
94.1
97.8
96.6
98.4
90.5
95.8
94.5
97.3
95.9
94.0
97.3
95.3
94.7
92.9
92.9
92.8
94.6
93.1
96.2
97.5
97.4
95.2
97.4
96.4
97.2
96.9
97.2
89.5
85.4
92.9
93.5
93.2
94.8
95.1
94.8
96.4
94.5
97.0
96.9
94.9
95.0
95.7
95.9
92.7
91.6
94.0
94.5
94.9
94.3
94.0
93.7
96.1
94.1
91.3
93.9
92.4
94.2
91.7
94.4
95.1
96.4
92.4
94.1
91.5
94.4
94.7
92.1
94.4
94.3
90.2
91.3
91.1
93.6
89.2
89.4
93.3
92.8
95.8
83.2
83.0
89.4
83.6
92.5
94.4
93.5
94.2
93.9
94.6
94.2
96.0
95.2
94.5
92.4
91.7
98.5
104.6
103.0
104.8
101.7
105.3
102.9
100.8
99.0
98.1
95.3
93.1
100.1
105.4
100.3
97.5
98.9
99.7
93.6
92.7
94.2
97.6
93.8
95.2
98.1
91.7
94.6
95.3
92.8
93.3
92.3
92.2
88.6
87.8
85.2
87.6
89.7
90.2
89.4
87.0
86.8
84.9
86.2
85.8
84.6
86.8
89.0
91.0
91.3
94.0
91.1
91.3
89.1
91.8
89.5
89.5
90.3
87.0
86.1
84.6
84.9
85.2
85.9
88.2
88.0
86.4
86.6
87.7
87.4
85.7
86.0
87.0
86.7
89.3
88.5
87.5
87.8
87.1
85.5
83.7
84.8
83.6
89.6
91.2
95.2
95.0
94.3
96.0
98.2
97.6
97.3
96.4
94.3
94.3
96.3
96.2
97.0
99.1
99.1
98.0
98.9
95.0
96.0
95.2
86.9
93.4
91.8
95.8
93.9
96.1
94.5
92.5
94.8
94.5
95.2
93.6
93.2
93.3
90.5
92.2
92.6
89.8
92.1
92.0
91.4
90.5
90.2
91.6
87.8
91.4
89.6
92.6
92.3
93.5
86.7
82.8
93.5
96.6
100.2
99.6
98.8
101.4
98.4
101.1
101.5
97.7
99.2
99.8
99.5
97.9
96.8
97.1
94.8
100.2
96.9
96.7
99.7
98.7
99.9
101.2
101.4
103.3
94.3
102.6
99.7
98.9
97.5
96.3
102.6
98.9
100.1
100.1
106.2
105.7
107.7
104.7
104.3
102.6
103.0
104.8
103.1
104.6
102.9
105.0
103.2
95.9
98.0
102.0
100.9
104.5
106.5
105.7
106.3
98.7
105.3
100.3
104.1
103.1
104.3
105.0
106.1
105.0
105.4
102.9
103.0
103.5
102.9
97.7
100.2
99.5
103.9
97.5
102.1
101.7
100.9
101.9
103.6
105.4
103.4
99.8
102.3
102.7
101.1
103.5
100.6
104.4
99.6
100.5
98.7
92.6
94.3
92.2
97.0
94.2
98.1
102.8
103.4
101.4
94.2
101.7
103.5
103.4
105.8
104.3
104.0
101.7
101.9
100.0
97.7
101.3
103.3
103.1
102.3
101.6
101.9
102.3
100.1
99.2
101.0
103.3
105.0
100.1
104.1
103.7
99.3
102.1
101.6
99.4
102.5
98.2
100.0
102.1
98.3
99.6
97.9
98.8
100.5
96.6
96.8
100.2
98.6
95.8
97.7
99.1
95.5
97.2
96.1
93.9
98.9
94.9
96.9
98.1
95.0
96.3
99.0
97.9
99.9
100.7
100.3
97.3
99.3
102.1
111.6
112.0
110.3
104.7
109.8
110.2
115.4
115.6
111.4
109.4
110.1
113.4
115.5
111.4
115.7
113.7
109.8
109.9
103.3
108.3
107.3
111.9
112.3
113.0
109.6
104.6
101.8
113.2
113.2
108.1
109.0
105.6
105.2
102.6
101.6
99.5
93.6
99.5
95.2
84.3
83.5
80.6
86.0
65.2
86.7
88.5
91.4
90.0
91.3
91.2
91.0
86.9
90.6
90.6
92.9
92.0
93.9
93.0
94.0
91.7
90.5
93.4
89.9
88.0
91.2
90.9
94.3
91.1
79.6
85.3
79.7
85.7
87.9
86.9
89.4
88.1
88.8
91.3
92.9
87.2
86.8
89.2
85.3
87.2
87.5
86.3
85.6
86.9
82.8
85.3
74.1
70.8
70.8
72.3
72.0
74.9
78.2
77.8
85.3
91.6
92.2
93.4
93.0
96.6
96.5
99.6
97.0
97.6
92.2
96.1
94.7
96.9
96.0
96.6
100.7
92.0
103.7
101.5
99.5
97.8
98.5
102.7
102.1
100.1
99.2
99.4
96.0
97.1
93.4
94.3
94.8
94.8
91.3
94.1
96.6
96.0
93.2
97.9
95.5
88.5
97.9
97.0
95.6
100.5
100.0
98.3
99.2
99.0
101.1
99.9
99.0
99.4
98.8
98.6
98.7
97.4
96.9
96.6
97.4
97.4
96.0
96.7
95.2
96.5
98.2
97.7
96.5
97.2
96.9
94.9
97.6
98.3
98.9
90.6
93.6
95.3
95.7
95.4
94.8
94.5
94.7
95.0
90.9
87.4
85.1
94.2
94.8
90.0
96.7
97.6
97.4
97.8
97.2
98.1
98.6
97.9
97.7
98.0
97.4
95.9
98.1
99.1
95.9
96.0
96.2
95.6
93.8
94.2
95.3
97.8
101.9
100.1
100.5
102.1
104.4
104.0
102.1
100.0
103.9
103.3
101.9
101.2
97.0
101.9
104.0
108.1
104.1
103.2
108.2
106.1
102.1
104.0
97.7
95.4
100.0
94.0
94.3
89.7
89.0
93.8
91.9
95.0
96.6
85.6
92.7
95.1
96.9
94.6
81.2
80.4
86.0
89.0
86.5
92.1
91.1
94.0
96.9
97.9
98.1
99.7
103.4
103.7
106.6
107.2
110.0
107.2
110.2
102.5
103.3
108.9
108.9
109.3
110.7
110.1
108.7
108.9
107.0
107.5
106.6
105.7
103.0
105.2
106.9
105.2
105.0
105.6
105.3
107.1
105.6
104.1
95.0
103.1
104.8
101.7
103.8
103.0
102.5
100.7
97.1
97.2
103.2
103.7
99.7
103.0
101.5
103.7
103.8
100.6
103.8
103.5
104.4
104.2
103.4
104.1
102.0
104.2
103.4
95.0
101.9
102.2
102.5
103.9
104.7
103.2
103.6
103.0
101.8
102.8
102.0
99.4
101.2
100.5
102.4
102.3
102.2
101.7
102.5
103.8
98.9
97.9
102.0
106.3
104.2
103.4
103.5
103.4
105.3
106.3
104.8
102.4
103.2
105.8
104.7
105.9
105.0
106.6
105.3
97.6
100.0
93.4
102.3
101.2
105.1
106.2
107.2
101.6
101.3
107.5
108.6
106.7
106.1
105.5
105.7
105.0
104.1
106.8
107.2
107.2
107.0
104.8
106.0
104.2
106.7
107.3
105.9
106.1
104.8
103.9
101.1
103.8
102.5
105.6
108.7
106.4
105.1
106.6
102.2
104.1
103.6
107.3
105.3
102.6
104.5
107.3
107.6
108.4
108.1
106.8
104.9
102.7
104.6
101.7
101.9
100.7
98.1
103.3
103.2
90.8
86.7
96.1
93.4
98.8
97.6
98.8
97.5
100.2
103.0
106.7
104.1
106.1
104.6
105.7
103.2
105.2
104.1
100.4
100.7
99.7
100.7
103.2
102.8
102.8
102.4
101.3
103.7
103.3
104.0
102.3
102.3
100.6
107.0
108.2
108.1
106.9
103.8
103.0
100.6
101.7
100.5
93.4
85.8
90.1
96.5
98.6
100.0
99.2
96.2
99.7
99.7
102.0
103.6
101.4
100.9
102.7
102.8
98.5
100.5
103.1
103.2
102.7
99.9
96.7
97.2
100.7
97.1
98.2
98.9
94.7
101.3
97.4
104.1
106.5
105.6
106.4
105.7
103.9
97.7
101.9
98.7
96.2
97.0
99.2
103.7
104.1
104.3
99.6
98.4
101.7
104.2
105.8
105.7
104.4
105.3
109.0
110.7
111.8
113.7
115.3
116.3
115.8
116.1
116.6
118.5
117.8
105.7
114.7
115.0
110.1
114.1
111.2
111.3
111.1
101.9
97.3
102.0
103.5
97.4
95.0
95.1
99.0
95.3
93.6
96.7
99.9
101.3
97.6
101.3
102.6
102.5
103.3
104.1
102.7
103.6
104.2
102.1
101.0
101.8
101.4
99.6
99.8
104.7
101.2
102.0
94.5
102.9
103.9
105.3
101.8
97.5
98.6
100.6
100.4
99.0
108.6
104.7
101.6
104.3
102.9
113.4
117.9
119.0
121.3
120.7
117.9
120.8
119.5
119.1
118.9
116.6
117.2
116.7
114.5
116.0
114.9
116.2
114.3
115.0
110.6
114.2
112.7
113.9
114.1
110.6
114.1
113.1
112.8
109.3
104.6
108.9
105.9
105.7
103.9
108.2
102.8
101.0
98.3
106.6
103.1
106.8
107.5
108.3
108.7
107.2
105.2
106.0
101.2
103.0
102.2
102.5
104.0
99.1
95.4
96.3
104.7
104.5
101.8
103.9
103.1
100.4
97.8
94.6
101.3
102.7
105.5
105.8
97.3
99.6
101.1
98.8
100.4
101.2
95.4
97.3
92.4
98.2
96.7
94.6
100.0
97.1
91.7
94.4
91.2
93.4
86.4
87.4
95.1
100.3
99.3
97.1
95.4
100.4
92.3
97.6
95.3
93.9
88.9
91.2
89.5
89.2
92.7
94.3
94.8
99.9
96.8
94.1
96.9
96.8
99.0
97.2
94.4
93.5
96.3
93.7
94.8
93.2
92.3
89.0
90.6
87.6
86.9
90.2
83.4
87.7
86.8
83.1
89.6
89.4
91.0
87.7
90.6
87.6
88.1
88.0
88.6
89.2
82.6
79.9
83.9
91.9
98.8
97.7
100.0
105.6
100.8
106.4
103.9
107.0
104.4
105.3
105.4
105.3
102.7
104.2
101.5
99.6
99.5
98.7
99.1
101.2
101.0
102.2
102.9
101.9
94.3
93.6
96.9
95.2
95.3
94.7
94.5
94.8
93.4
96.6
94.6
96.9
95.1
103.8
101.4
93.6
95.8
91.2
94.9
89.0
96.9
97.0
98.3
97.5
98.3
99.6
98.9
94.7
92.4
93.3
93.3
95.7
89.1
86.2
97.1
94.0
93.1
94.5
92.2
86.6
91.6
85.7
88.2
87.8
90.6
90.1
90.1
90.7
90.1
92.1
92.1
91.9
89.2
91.5
88.3
92.0
93.3
90.3
92.9
93.5
92.8
92.7
93.0
93.3
92.0
92.6
93.1
91.9
96.2
95.3
96.0
95.9
95.4
96.1
96.9
94.2
97.0
96.5
96.6
95.6
96.2
97.0
97.8
95.9
97.3
97.3
96.4
96.0
97.1
97.9
100.4
98.3
98.6
100.1
100.1
98.2
94.5
96.0
95.7
94.8
93.8
95.1
94.8
95.3
93.8
92.6
96.4
94.2
96.3
96.3
93.8
97.6
91.2
88.7
90.0
87.2
84.3
81.2
80.3
82.2
84.9
89.9
91.0
96.4
91.8
96.4
94.0
96.2
95.7
94.2
94.9
96.0
99.7
97.1
99.5
100.7
100.4
103.3
103.5
104.9
105.4
104.3
105.3
104.3
100.6
99.1
95.8
95.1
94.9
93.4
95.6
95.7
95.3
95.4
94.4
95.3
93.2
91.1
91.9
89.3
91.1
85.4
86.7
80.7
86.1
82.7
83.4
81.2
83.4
81.8
81.9
86.3
89.6
91.8
89.6
90.5
89.7
89.5
89.8
87.5
84.6
84.7
82.3
85.6
83.8
86.2
88.5
83.2
89.4
88.6
89.2
88.5
89.2
87.1
89.2
89.4
92.4
94.5
93.0
97.2
94.5
97.1
96.5
95.8
93.0
96.4
97.0
100.9
97.8
100.3
100.7
103.5
100.3
102.8
98.3
103.7
88.1
91.3
97.4
102.4
102.7
102.9
102.7
103.1
102.1
102.2
101.8
102.4
102.9
102.5
100.3
100.4
99.7
101.2
99.5
100.2
99.8
99.9
102.0
100.7
100.3
99.4
97.2
97.5
98.4
98.7
100.5
100.0
98.6
98.6
96.2
97.0
98.0
97.2
97.4
93.9
96.0
94.9
96.5
96.4
95.7
92.5
95.1
94.7
93.7
93.2
93.3
89.7
91.2
88.2
85.6
84.7
92.1
95.0
93.9
95.7
94.6
93.0
94.1
90.5
92.2
94.0
93.7
91.3
89.1
90.4
91.3
91.5
91.1
91.1
91.4
89.2
89.7
89.9
89.3
90.3
94.1
92.2
92.3
90.2
89.8
90.7
90.2
86.5
84.0
88.6
89.6
90.2
88.5
90.4
89.0
88.6
90.0
87.8
84.4
90.1
84.1
89.8
91.0
90.3
88.2
86.3
89.4
86.1
91.5
90.8
95.6
93.8
97.0
97.0
94.0
91.1
95.6
95.1
94.2
94.9
93.2
93.7
96.9
98.5
100.2
102.0
108.6
107.8
105.0
108.0
104.8
103.8
106.8
106.8
104.7
102.2
95.6
96.9
98.4
101.0
99.2
97.5
101.3
105.6
100.5
104.7
98.9
95.2
94.2
96.9
98.2
98.4
99.7
102.2
96.4
97.2
95.4
92.1
98.1
95.8
96.1
99.5
97.3
101.8
98.3
95.4
98.9
102.2
98.3
97.9
105.5
99.9
100.1
101.1
99.3
97.4
96.9
97.2
93.7
93.4
91.0
92.7
92.0
97.0
96.2
97.6
97.3
95.4
96.1
97.6
95.8
94.7
93.9
95.6
93.6
94.7
93.0
93.7
94.6
95.2
94.2
90.6
90.3
94.0
92.9
91.3
89.5
90.1
88.6
87.8
91.3
91.7
91.0
86.6
91.0
91.2
88.6
91.5
87.7
91.1
89.6
88.8
89.5
87.1
87.3
88.6
88.5
88.2
91.9
88.0
87.5
87.9
87.4
86.7
85.8
88.5
85.1
86.0
82.1
84.6
83.4
85.2
87.1
82.9
84.1
85.3
86.3
88.4
87.4
93.1
88.6
94.2
92.4
92.8
87.1
91.1
90.0
91.1
81.9
85.8
85.9
85.9
91.3
90.8
88.7
93.3
94.2
91.9
91.3
86.9
91.1
89.0
85.9
86.6
88.5
86.5
86.6
87.2
89.7
85.8
86.8
89.3
89.6
89.8
91.5
88.4
92.8
89.8
94.4
91.9
89.3
88.8
91.8
90.3
83.4
85.8
87.7
88.8
90.3
88.6
92.3
91.0
92.0
94.2
91.5
93.4
94.5
93.3
94.4
95.1
93.7
92.8
97.6
95.7
94.9
96.1
95.8
93.5
92.4
92.9
95.5
95.3
94.4
94.2
92.9
90.6
93.1
92.7
93.9
93.0
90.0
94.5
93.4
94.1
95.9
93.5
95.0
94.6
95.5
93.1
95.7
96.3
95.9
95.9
93.0
92.4
97.2
94.7
91.9
94.3
94.0
95.5
96.9
95.3
95.0
96.1
90.6
97.6
96.5
96.7
98.3
99.7
97.2
93.1
97.9
99.3
99.4
98.7
98.0
98.5
100.8
99.5
99.2
99.6
99.0
96.9
95.0
94.4
92.1
94.8
95.1
95.0
95.3
93.9
97.2
95.9
89.0
96.0
92.1
92.7
94.3
95.3
96.3
95.8
98.6
95.6
99.8
96.6
97.4
101.8
98.9
98.9
97.8
98.5
100.8
100.0
100.4
97.9
97.8
98.8
96.6
96.9
99.1
97.5
95.1
90.3
90.0
95.7
95.6
97.8
95.5
99.5
98.9
96.3
97.1
99.8
99.3
101.0
101.5
100.9
102.2
101.4
101.9
103.6
104.1
102.4
103.2
102.3
103.5
104.9
106.1
103.8
104.3
103.3
103.7
102.2
100.9
94.9
96.5
94.7
99.7
100.1
100.2
99.5
99.2
100.0
102.5
104.4
102.2
102.0
99.7
100.3
97.2
92.1
94.2
92.1
90.9
88.6
93.7
92.5
90.1
92.2
93.9
90.0
