86.5
90.1
96.3
101.3
104.1
102.6
94.6
85.5
88.5
88.7
87.3
90.3
78.6
89.5
69.5
297.7
90.9
87.5
79.0
80.5
81.6
80.9
79.0
79.8
78.2
79.6
81.6
80.9
80.1
79.6
78.6
79.8
81.1
78.3
79.8
77.2
74.4
75.9
77.2
77.7
73.7
69.9
73.0
75.5
77.2
75.0
73.9
75.3
75.1
75.1
72.8
72.9
72.2
73.3
73.6
70.4
73.2
71.4
71.9
73.4
76.1
78.6
76.4
75.3
73.8
70.7
74.5
75.8
74.2
71.8
68.1
71.0
70.0
67.1
65.7
69.0
69.8
73.0
67.7
67.5
71.0
71.5
64.4
64.8
64.5
64.8
65.0
66.5
70.6
65.8
62.2
61.1
63.5
67.7
65.2
64.3
67.7
68.8
68.4
67.0
66.3
61.3
59.5
63.1
65.1
63.2
60.7
64.4
60.3
58.5
63.6
68.5
68.2
68.2
67.6
66.4
63.2
62.2
60.0
59.6
63.9
64.1
65.3
66.2
66.8
66.2
63.0
68.5
64.9
68.3
68.1
61.6
62.3
70.5
72.5
72.6
72.0
70.4
70.3
70.6
69.9
69.7
69.4
68.3
70.0
70.5
68.4
63.4
67.9
69.2
71.4
70.3
69.3
69.7
70.1
69.3
70.0
67.8
67.9
69.0
68.7
65.7
65.0
67.7
63.4
64.7
70.2
71.5
70.9
68.5
67.0
66.7
65.6
116.6
207.2
128.8
60.2
61.5
63.1
63.8
63.6
63.6
64.2
66.0
66.3
65.9
66.2
67.0
65.9
65.9
66.4
65.3
65.9
65.6
65.8
66.0
65.5
64.4
65.4
65.4
62.9
69.0
73.9
73.4
71.0
71.0
69.3
69.3
68.1
68.9
68.8
68.8
69.1
70.1
70.3
68.8
69.3
68.5
68.2
68.8
67.3
68.0
67.0
68.4
69.0
61.3
59.7
62.4
64.3
64.5
69.1
67.8
66.8
68.3
62.5
65.0
60.1
62.0
60.6
64.1
69.1
69.4
68.3
69.3
68.9
68.6
68.3
66.7
67.0
68.6
56.7
57.0
63.1
60.7
62.5
67.4
64.5
66.7
67.2
66.2
66.9
65.7
63.9
62.9
62.0
62.6
60.7
60.5
60.7
61.0
61.0
60.7
61.4
60.7
61.3
61.4
61.6
62.4
61.6
60.5
60.0
61.4
58.3
62.0
62.7
63.4
63.3
63.0
62.2
61.0
61.8
61.9
60.9
61.0
62.0
60.4
58.0
58.3
53.2
54.9
56.2
57.8
57.8
65.7
67.6
66.4
61.9
61.1
60.7
59.3
58.9
58.3
58.9
57.4
58.0
58.4
57.5
58.1
57.6
58.5
59.4
60.2
61.5
61.3
61.7
62.3
62.3
62.8
63.6
62.4
63.8
63.3
65.0
68.0
66.8
67.5
66.9
65.7
66.2
66.1
66.4
65.2
65.7
65.8
65.5
66.1
65.6
65.2
66.0
65.2
65.3
64.3
63.4
62.1
64.4
65.5
66.3
66.0
64.6
63.6
65.1
64.7
63.0
63.3
63.9
62.8
63.4
62.8
62.6
61.3
63.1
62.5
64.6
64.4
65.3
66.9
83.7
66.7
67.9
69.3
68.5
68.1
67.2
66.6
67.2
67.0
67.2
66.7
66.6
67.2
66.2
67.6
68.9
68.3
69.0
68.7
67.9
67.7
68.1
68.4
67.8
66.6
68.2
67.5
68.2
67.9
67.1
67.6
67.2
66.9
66.7
67.8
66.8
68.9
69.2
68.6
69.3
68.1
67.9
68.0
67.3
67.0
67.4
66.9
67.1
66.0
67.2
67.9
67.6
67.2
66.3
68.1
67.2
67.1
67.5
66.3
66.9
64.6
66.6
67.4
65.6
66.0
66.7
66.6
66.9
66.3
65.7
66.4
65.5
66.6
66.9
65.4
66.9
66.6
67.2
66.4
65.0
67.0
66.1
61.7
54.9
49.8
48.1
51.5
55.4
58.0
61.7
62.9
67.1
69.3
75.5
84.0
87.4
86.5
83.0
80.1
79.3
78.9
79.7
75.4
71.9
71.1
72.0
72.7
71.5
69.8
69.6
69.1
67.9
67.3
67.2
67.4
67.0
68.0
68.7
70.6
70.4
72.5
72.0
70.7
69.6
68.9
67.5
69.0
68.2
67.4
65.3
211.5
133.5
67.9
66.1
65.9
65.5
64.5
61.7
62.5
62.3
62.0
62.8
64.3
63.9
94.8
92.3
64.4
64.1
63.1
64.0
64.1
63.6
62.6
61.0
60.6
61.8
66.1
67.0
69.8
69.6
71.9
58.5
52.3
60.3
59.9
63.2
64.6
58.3
56.8
65.5
65.2
65.4
64.5
63.6
64.3
63.6
64.0
63.3
64.6
64.2
64.3
64.5
64.0
64.4
64.2
63.4
64.8
66.3
65.2
64.5
64.8
64.4
64.9
63.8
63.6
66.1
65.0
65.4
65.1
59.9
61.1
62.4
63.5
62.0
61.0
60.5
60.3
62.2
61.3
60.9
61.1
64.9
61.4
63.6
60.2
62.5
63.3
64.4
62.7
61.9
62.3
62.4
61.0
59.7
59.5
58.3
60.1
62.7
59.7
65.5
65.0
66.0
66.2
65.5
64.8
66.0
65.4
64.5
64.9
63.5
63.0
62.0
63.0
63.0
62.8
61.7
60.9
58.9
59.1
59.0
58.2
58.6
58.5
56.5
56.9
56.2
55.4
56.8
57.6
56.6
55.9
56.1
55.0
104.1
89.1
58.8
58.1
57.6
54.2
51.9
52.3
52.4
51.0
49.3
53.1
60.0
62.0
62.3
62.8
61.1
61.1
63.0
63.0
63.4
64.4
64.8
64.7
64.6
63.8
64.1
64.4
65.1
64.1
65.1
67.6
68.9
65.3
64.6
63.9
64.3
65.2
64.3
64.5
66.3
64.7
67.5
65.9
67.7
67.7
66.0
66.0
67.3
66.8
60.7
64.1
63.5
63.9
64.6
63.0
63.6
61.4
62.1
62.6
61.8
62.7
58.7
57.7
59.7
62.2
63.1
64.3
63.7
63.2
63.0
63.9
64.7
63.8
63.6
64.0
64.5
65.0
63.8
62.6
61.9
62.2
62.9
58.2
57.0
54.9
53.6
49.4
43.4
41.9
52.9
65.7
77.9
79.2
76.0
77.0
91.3
56.0
70.7
69.5
68.2
67.3
67.3
66.7
65.0
67.7
67.1
68.3
67.3
65.7
63.4
67.5
68.3
68.3
65.9
66.7
63.9
64.7
66.3
66.4
66.4
66.5
67.7
66.9
66.7
65.3
65.3
66.0
66.7
65.2
66.6
69.3
66.1
65.5
62.1
65.7
66.3
64.7
67.8
70.3
74.2
66.6
68.4
65.8
64.9
64.1
65.0
64.4
64.6
65.5
65.6
67.2
67.1
66.7
67.0
66.5
66.4
66.8
66.5
66.7
66.9
66.8
67.8
67.9
67.3
66.8
66.3
66.4
64.3
64.4
66.7
67.4
67.9
71.0
68.1
70.2
70.5
69.7
69.5
68.2
68.4
67.5
68.3
69.2
67.0
67.4
66.9
66.7
66.5
67.6
65.9
66.9
67.3
65.1
64.9
65.6
66.5
66.4
64.9
67.5
67.7
68.3
68.2
68.1
66.7
67.7
67.5
68.2
68.9
67.5
68.4
68.0
67.4
68.3
67.5
67.7
68.2
67.9
66.8
67.1
66.7
68.6
69.1
66.7
65.9
65.6
65.7
65.3
66.8
65.4
65.9
67.7
79.7
91.7
92.9909090909091
99.63636363636364
106.28181818181818
112.92727272727274
119.57272727272728
126.21818181818182
132.86363636363637
139.50909090909093
146.15454545454548
152.8
214.6
235.6
272.2
266.2
266.0
266.0
266.0
266.0
266.0
265.6
121.8
68.1
69.1
69.1
69.0
69.0
68.5
68.5
66.6
68.0
67.6
67.3
67.1
66.1
65.6
65.9
65.9
66.4
64.7
66.8
65.8
66.5
65.4
64.1
62.4
62.1
63.0
63.0
65.3
66.9
66.0
64.4
64.2
64.4
63.8
64.2
63.8
64.2
65.4
64.1
65.5
61.9
63.5
64.5
64.6
62.1
55.0
63.0
64.9
65.2
66.4
64.0
65.7
66.0
66.0
65.2
65.7
65.9
65.6
65.2
64.9
64.5
65.4
64.6
64.3
64.8
65.1
65.7
66.3
64.1
66.1
67.3
66.8
66.5
67.1
85.2
83.9
65.8
66.9
66.9
65.7
67.4
67.8
67.1
67.8
65.5
66.8
66.8
66.3
66.2
64.9
65.7
65.8
66.8
66.7
66.7
66.0
65.9
69.1
69.0
67.7
67.4
67.6
67.9
68.2
66.4
67.8
66.5
67.5
67.4
67.6
68.4
69.1
67.6
69.3
69.2
68.9
61.3
66.8
72.4
71.1
68.0
72.2
69.6
70.2
68.9
69.2
68.5
68.0
70.4
69.2
69.7
69.5
70.4
72.1
89.1
65.7
65.5
61.2
64.9
70.9
71.3
71.2
71.8
71.1
70.4
69.5
69.1
69.0
68.7
68.7
68.8
68.6
67.4
68.5
68.5
67.0
59.9
58.8
69.1
79.39999999999999
93.36666666666666
105.5
72.0
70.1
72.0
72.0
70.4
72.5
72.2
72.5
74.1
73.9
72.1
71.9
70.0
68.7
69.0
73.1
76.6
77.3
78.0
76.0
70.1
68.5
69.4
71.6
73.0
72.5
71.1
71.5
73.4
73.9
67.7
65.6
75.0
75.4
70.8
66.2
71.3
70.1
67.9
69.5
70.2
71.8
72.9
71.5
71.1
69.8
68.8
69.3
68.0
68.0
67.6
66.9
67.7
67.8
67.1
67.1
67.4
104.8
128.7
67.1
68.0
68.0
68.1
68.1
68.6
67.6
67.8
68.4
69.8
68.8
68.4
70.5
67.1
69.8
70.0
69.0
68.4
69.8
70.1
69.1
72.6
72.6
71.3
70.8
72.8
69.5
70.3
71.8
74.4
67.9
70.9
65.1
65.9
69.0
69.0
71.4
70.4
70.7
69.5
70.2
70.2
70.6
69.0
68.0
68.9
68.9
68.7
69.5
68.6
68.4
69.6
69.7
68.4
69.3
69.6
69.4
69.5
69.1
71.5
71.1
69.7
68.3
72.5
70.7
67.3
69.4
72.1
72.8
72.9
70.9
71.3
71.9
71.9
72.0
72.1
69.4
71.0
67.4
64.9
63.7
64.7
65.9
65.8
66.1
66.4
66.3
65.4
65.9
65.5
65.4
65.1
64.5
66.2
60.6
54.3
54.5
55.4
72.5
72.4
72.2
71.6
74.1
74.8
74.6
74.1
72.2
71.2
70.1
68.7
68.5
67.4
68.1
69.3
67.7
68.5
67.7
68.7
67.9
68.8
66.6
67.0
67.1
66.3
66.4
64.5
65.9
63.5
55.9
62.9
64.3
69.6
71.7
69.9
66.2
63.6
58.9
56.6
54.9
70.7
70.7
68.4
68.9
69.8
70.3
70.3
70.8
70.5
69.3
67.8
66.2
66.2
66.3
66.7
67.7
66.8
68.7
68.7
68.9
69.3
68.5
68.4
67.5
66.8
66.1
66.9
66.3
66.9
66.8
67.2
68.6
70.2
69.9
68.0
69.8
69.4
70.2
69.1
69.0
69.8
69.4
68.9
69.7
69.6
69.2
69.3
69.1
69.2
69.3
69.3
69.4
69.8
69.1
68.5
70.2
70.5
69.4
70.7
70.5
69.5
69.3
68.4
67.4
67.6
68.6
68.6
68.3
68.6
68.0
67.7
68.9
68.5
65.1
63.4
64.6
65.9
66.3
67.2
66.9
66.1
63.8
65.8
67.6
68.2
67.4
68.0
68.8
68.1
68.3
69.4
69.2
69.1
70.2
70.4
69.4
70.0
69.7
70.0
69.9
70.5
70.6
70.6
69.9
70.3
70.7
71.7
71.8
71.2
70.0
64.9
67.0
69.2
69.9
69.1
69.2
69.0
69.4
69.5
70.0
70.8
70.9
71.1
71.3
69.4
70.7
71.2
71.0
71.0
71.3
71.4
71.5
71.7
70.9
71.3
71.2
72.1
72.1
70.4
70.4
70.9
71.0
71.9
72.1
73.0
73.0
72.5
72.7
72.5
73.4
73.2
73.2
73.7
72.8
72.6
73.5
72.0
72.7
73.2
72.0
72.9
73.0
73.0
71.9
72.0
71.2
71.2
71.7
71.6
74.4
70.6
70.5
71.7
72.2
67.2
69.7
70.0
71.2
71.0
73.9
73.8
73.4
73.2
72.2
72.6
71.8
71.6
71.9
71.2
72.0
72.1
71.5
72.8
66.7
63.5
61.0
58.9
63.4
63.7
60.0
58.4
60.1
58.3
62.6
65.5
60.3
58.1
57.8
62.5
68.5
72.2
72.8
71.3
69.3
69.5
68.3
68.9
66.8
69.1
68.6
68.3
67.7
67.8
67.0
68.7
67.7
67.8
68.0
68.8
69.1
68.8
71.4
70.3
69.2
69.9
70.7
71.3
71.8
71.4
71.5
71.4
71.7
73.8
72.9
70.9
70.8
71.7
72.0
73.8
73.0
72.3
71.6
71.9
73.7
73.3
73.6
72.8
74.6
74.1
73.5
72.8
73.0
73.6
73.1
72.9
72.9
73.2
73.1
72.9
72.4
74.3
74.8
74.3
72.6
68.6
73.0
74.8
74.5
74.2
74.4
75.1
74.4
75.0
74.0
74.9
75.1
74.0
73.5
74.5
74.9
73.8
74.8
74.2
73.8
74.1
74.5
73.5
73.6
73.6
74.8
73.9
74.7
73.2
74.8
76.8
77.4
75.7
76.5
74.7
74.5
73.7
74.7
73.4
74.8
75.1
73.9
74.5
73.2
73.6
68.9
70.6
68.2
72.2
73.1
73.0
74.3
73.4
73.3
73.3
73.4
71.8
72.6
74.2
75.7
75.3
74.8
74.4
73.7
73.6
74.7
74.6
73.9
73.6
73.3
74.9
74.3
74.5
74.6
74.6
134.6
131.1
103.0
76.6
74.5
73.5
74.9
74.8
74.4
73.8
73.5
73.3
74.1
73.2
70.6
71.8
72.9
72.7
73.4
72.8
72.5
72.8
71.8
72.8
72.2
71.5
72.9
74.3
74.9
75.1
74.3
74.1
73.6
72.8
73.0
72.6
72.3
72.8
72.8
72.4
72.5
72.0
72.9
73.6
72.5
71.6
72.0
73.0
73.4
72.9
72.4
72.5
71.7
72.2
72.4
73.1
74.8
74.6
73.5
74.3
74.1
73.9
71.3
71.0
72.8
72.9
73.5
73.2
71.8
74.6
75.4
75.5
74.6
73.6
74.8
73.7
74.1
73.6
72.3
73.7
73.9
73.6
73.2
72.7
72.3
73.1
72.6
73.7
72.8
72.7
72.9
73.8
72.6
73.9
73.5
73.2
75.3
76.2
74.9
73.7
73.6
73.2
73.4
73.1
70.1
68.7
69.9
70.0
71.8
72.2
72.4
72.2
71.8
71.5
72.1
71.7
71.4
71.3
71.8
67.8
68.8
64.9
65.9
70.7
70.7
69.8
70.0
69.5
70.2
65.9
67.7
68.6
70.0
69.5
69.6
69.7
69.7
69.2
70.8
70.0
69.5
69.3
66.8
68.5
69.6
70.5
70.5
70.4
71.0
68.8
70.3
70.4
71.0
71.5
70.9
70.0
70.0
70.9
70.9
70.9
70.5
70.3
70.7
73.3
73.0
72.2
73.1
73.8
72.0
72.7
73.1
72.0
72.6
72.9
73.4
72.3
72.2
72.9
71.7
72.2
70.4
65.2
68.7
74.1
78.0
77.1
74.2
68.4
69.5
70.8
70.4
69.9
69.8
70.5
71.4
73.7
72.7
75.3
75.8
76.3
61.15
53.825
46.5
76.9
79.5
79.8
79.7
78.5
76.8
76.8
76.4
75.9
75.3
73.7
75.1
76.3
76.0
74.6
73.0
73.2
72.4
67.4
71.2
73.2
74.0
74.0
72.9
72.8
71.9
73.4
67.5
69.0
71.4
76.1
110.4
98.0
70.1
69.8
70.8
69.0
65.9
64.9
67.9
69.3
69.0
68.7
66.3
69.7
70.7
70.8
69.6
67.7
67.4
67.0
66.7
66.7
67.3
66.9
67.7
67.5
66.9
64.0
65.5
67.7
66.9
67.1
67.0
66.8
66.8
66.7
65.6
68.7
68.5
67.1
67.8
66.4
67.1
67.2
66.9
66.1
62.2
64.2
66.5
69.9
69.2
69.1
71.1
71.3
68.0
67.6
67.3
66.0
65.7
65.5
65.2
65.4
66.6
67.4
67.3
68.7
67.9
68.4
67.0
68.6
67.8
68.0
67.5
68.3
67.6
68.8
67.4
64.1
64.9
65.3
64.0
64.9
65.4
64.0
65.8
65.5
65.7
65.8
66.6
64.7
64.9
64.9
66.5
67.0
66.0
64.5
64.3
66.1
66.5
66.9
67.5
67.0
66.5
66.9
66.5
66.4
67.0
67.3
68.0
67.3
67.9
67.0
65.7
66.9
66.6
65.9
67.8
68.3
67.4
66.2
68.1
69.4
70.4
65.0
64.8
63.6
59.7
58.5
58.5
60.0
63.4
65.0
64.6
57.6
61.3
58.7
63.2
67.4
69.9
71.3
72.5
70.9
69.1
68.4
67.8
69.1
58.7
48.0
52.9
81.6
103.6
90.5
84.7
76.3
66.1
58.3
72.3
79.3
79.2
77.5
71.8
63.9
58.9
58.7
59.7
60.6
62.5
63.1
64.9
66.2
66.2
66.8
67.8
68.6
70.0
71.2
75.1
92.3
90.1
83.0
75.2
70.6
67.0
65.6
63.4
62.6
62.8
62.2
61.7
61.5
60.6
60.7
59.2
56.1
52.4
58.4
57.4
54.5
77.9
85.4
80.3
74.3
68.6
65.4
62.0
73.6
91.9
92.1
82.6
78.5
74.4
71.5
69.4
67.3
65.3
64.6
63.7
63.9
64.2
73.6
85.2
84.1
82.3
81.1
79.8
78.1
76.5
74.9
73.4
72.5
72.3
74.7
75.8
75.6
75.0
74.8
75.2
75.4
74.5
75.9
71.6
74.8
76.4
77.2
76.4
77.1
76.7
77.2
76.9
81.5
100.6
73.6
76.4
76.4
77.4
77.0
76.7
76.3
75.9
76.9
77.5
76.6
77.0
76.8
76.6
76.8
77.6
76.9
78.1
76.7
77.8
77.7
78.2
79.0
78.0
78.1
74.7
81.9
86.0
87.1
83.7
77.5
74.0
71.6
70.0
68.5
68.0
67.2
67.7
66.1
66.9
62.1
63.3
65.0
64.4
64.3
64.4
64.6
64.8
63.8
65.3
64.0
64.5
64.4
64.7
64.8
64.2
65.7
64.4
64.6
64.9
64.8
65.2
64.7
64.7
65.3
64.5
64.5
65.1
59.1
49.4
46.6
47.6
49.4
54.7
68.1
69.2
67.2
65.3
63.1
61.4
61.2
57.3
44.9
39.5
54.9
68.8
68.5
65.9
64.2
63.3
61.0
57.7
58.1
58.0
58.3
58.9
59.3
59.9
60.6
61.1
62.1
62.2
61.9
61.3
63.1
63.4
64.0
64.4
64.7
65.1
65.5
66.1
66.6
66.0
66.7
67.2
67.7
67.8
68.3
67.7
67.8
68.0
68.8
68.9
69.3
69.3
69.5
69.4
69.4
69.7
70.5
70.6
71.0
70.6
70.2
70.6
71.7
72.0
72.6
72.5
72.4
73.0
72.9
72.9
72.6
73.1
73.1
73.5
72.8
72.9
73.2
74.5
73.7
182.6
201.3
77.4
75.1
73.7
69.9
71.2
72.7
74.4
74.7
75.1
75.3
74.4
73.7
73.3
73.0
73.2
73.0
70.3
68.4
69.2
70.0
71.8
72.0
72.3
71.8
70.7
70.6
71.0
71.3
71.5
71.4
71.4
70.5
71.0
71.1
70.9
72.0
72.0
72.0
70.9
70.3
70.8
70.6
69.9
70.6
71.0
71.0
71.1
70.1
71.1
71.3
71.2
71.2
71.6
71.3
68.9
69.3
69.0
68.6
67.6
68.5
69.6
69.8
69.1
68.7
69.0
69.2
63.5
65.3
61.6
60.0
63.7
69.0
71.1
72.5
73.1
73.7
73.6
73.5
74.7
74.5
73.8
73.2
73.0
72.4
72.6
71.9
71.8
71.8
72.8
72.4
72.1
71.6
72.4
73.1
73.2
73.2
73.0
72.6
73.4
73.2
80.8
76.8
70.6
70.2
70.8
73.1
73.2
68.5
65.6
64.3
62.7
66.4
65.9
67.9
69.4
68.9
68.9
69.4
69.4
69.9
69.9
70.7
69.8
70.3
69.6
69.8
69.5
69.5
69.2
68.6
68.7
68.7
68.6
68.5
68.8
68.2
69.4
69.3
69.1
69.4
69.9
66.6
68.3
69.1
69.5
69.2
69.4
69.7
69.7
70.1
69.3
69.5
69.8
69.1
69.1
69.1
68.7
69.7
69.5
69.5
69.0
69.0
67.3
66.6
64.7
63.8
61.9
59.7
58.6
56.6
55.9
55.8
56.6
56.4
55.8
55.4
55.2
57.5
56.5
56.6
57.5
57.7
57.7
58.1
58.6
58.0
58.7
58.0
58.7
58.4
59.5
59.1
59.6
59.4
60.0
60.2
59.4
60.4
60.0
60.3
61.6
61.3
61.4
60.4
60.0
110.3
87.9
60.3
101.9
62.4
61.3
60.9
60.0
59.8
60.8
61.1
59.7
62.3
62.7
63.2
63.5
63.8
63.4
65.2
63.4
63.9
63.3
62.9
61.1
63.1
64.6
64.8
64.5
63.0
61.2
60.7
61.6
62.1
62.0
62.9
62.0
61.4
61.3
62.2
62.3
62.5
61.6
62.7
62.4
62.5
62.8
62.6
62.6
63.2
63.1
64.0
63.9
63.0
63.1
62.4
62.1
62.2
62.4
62.2
63.0
62.2
62.6
61.9
62.7
63.0
62.0
62.6
63.1
62.2
62.1
62.1
62.1
62.7
64.0
64.0
64.0
64.0
64.1
63.0
62.5
63.0
62.4
63.8
64.5
87.2
65.2
64.7
65.5
65.4
64.8
63.8
63.7
63.4
64.6
64.1
64.1
63.2
63.5
64.0
64.2
64.2
64.3
64.9
65.1
64.6
66.3
66.7
66.4
66.5
66.7
66.0
65.4
65.3
64.9
65.5
65.7
65.7
66.0
66.2
65.8
66.4
66.5
66.3
65.5
65.2
65.7
65.2
65.0
65.5
65.1
64.8
65.3
64.5
65.1
65.1
64.4
76.6
93.1
84.3
63.5
63.6
64.4
63.8
64.2
64.2
65.6
65.2
64.4
64.9
65.2
65.2
65.7
65.5
65.2
67.1
68.6
69.0
68.5
68.9
69.1
69.6
68.7
69.0
68.7
68.9
68.6
68.3
68.0
67.4
68.1
67.5
67.6
68.0
68.2
67.4
68.5
67.0
66.9
68.0
67.0
67.1
66.7
67.1
65.7
65.6
64.8
64.9
65.0
65.8
66.4
66.2
65.8
65.9
65.3
65.9
67.0
66.2
66.1
66.9
67.0
65.9
66.3
67.0
67.2
67.4
66.7
67.6
68.4
67.1
66.6
64.6
67.6
67.4
66.8
67.4
66.9
67.0
67.0
66.3
65.0
66.5
64.1
67.4
71.2
75.4
72.9
70.4
67.7
66.5
64.8
63.9
63.4
61.7
62.6
64.4
62.5
64.0
63.4
62.6
63.6
63.2
64.3
64.9
65.6
67.4
66.1
65.4
65.0
64.5
65.1
64.0
64.1
64.4
63.9
64.0
63.8
64.1
66.3
66.1
65.4
64.4
63.2
63.8
63.3
63.7
63.7
62.9
61.9
63.8
64.5
64.2
63.8
64.4
65.5
64.9
64.9
66.0
64.5
65.1
65.1
65.1
65.3
66.3
65.0
64.7
64.8
65.3
64.6
64.5
64.7
64.6
65.5
65.7
66.3
66.4
66.0
66.4
66.8
66.5
66.8
66.7
65.0
64.2
61.8
64.1
65.4
68.5
68.3
66.4
66.6
66.0
65.8
65.6
65.2
65.1
65.0
64.6
64.7
65.5
65.3
65.5
65.7
66.6
66.6
67.9
67.4
68.9
67.4
67.0
66.3
66.7
66.9
66.6
67.4
68.3
68.3
68.1
69.0
68.5
69.4
69.1
69.0
68.6
69.4
69.0
68.3
69.1
68.4
68.1
68.2
68.3
68.6
68.3
68.5
68.4
68.5
69.0
68.4
68.2
67.6
67.8
68.6
67.9
68.0
68.0
68.4
67.3
66.8
67.5
67.1
66.3
67.2
67.4
67.4
68.2
68.2
68.2
68.8
69.1
68.6
69.0
68.8
68.0
67.7
67.4
68.3
67.7
67.5
67.5
67.7
68.3
67.0
67.1
66.8
67.1
66.2
65.6
66.4
66.5
67.3
67.0
67.5
67.2
67.7
67.0
66.2
65.2
65.6
65.9
65.6
66.1
66.0
66.4
66.0
66.8
68.0
67.2
66.1
66.5
66.4
67.6
67.4
67.5
68.8
67.8
68.1
69.5
69.0
69.5
69.3
68.7
68.0
66.1
67.1
66.6
67.8
70.8
70.7
70.9
71.0
69.9
69.8
69.1
68.5
68.0
67.8
67.8
69.1
68.8
67.8
66.4
67.9
66.8
67.7
66.9
66.2
67.5
67.7
67.2
66.9
67.5
68.3
68.6
68.1
68.8
68.5
68.2
69.1
68.6
69.3
70.9
71.6
70.8
72.3
73.8
71.4
71.3
70.7
70.0
68.7
69.1
69.3
68.9
68.9
69.4
68.6
69.8
68.8
69.1
68.4
68.7
68.0
67.9
70.0
71.6
71.9
70.8
69.7
69.9
69.4
69.1
69.6
70.1
70.3
70.3
69.3
71.3
70.5
69.5
70.1
70.1
70.7
70.3
69.9
70.2
69.4
69.6
70.2
70.6
70.4
70.4
69.6
69.1
69.1
68.6
69.2
68.9
69.2
69.1
69.3
68.4
68.6
68.9
69.1
69.1
68.8
69.1
70.1
69.7
68.7
69.7
69.0
69.0
68.3
67.8
68.0
67.7
68.1
69.4
68.2
69.3
69.5
70.1
69.1
70.0
69.9
69.6
70.3
69.9
70.1
70.0
70.0
70.1
70.2
70.1
71.0
131.7
147.0
96.6
70.3
70.2
69.7
70.0
69.9
70.0
69.9
69.7
70.8
69.2
69.7
69.4
69.3
68.4
68.0
69.0
70.8
71.2
70.8
71.1
70.8
72.0
69.6
68.7
69.2
69.0
69.4
69.0
69.7
70.4
69.2
69.5
69.5
69.7
70.0
71.0
71.3
71.7
72.6
71.8
70.6
69.8
69.6
69.4
69.5
69.5
70.7
72.3
71.3
71.3
71.0
71.3
71.9
72.1
72.3
71.2
70.8
71.4
70.9
69.9
67.8
71.2
71.9
72.9
72.8
71.9
71.6
69.7
69.2
68.1
66.9
65.6
66.1
66.1
65.4
65.4
65.7
64.8
66.0
64.8
64.2
64.9
64.4
65.5
65.5
66.2
66.6
66.5
66.0
66.8
67.6
66.7
67.1
67.0
67.0
67.7
67.0
67.4
67.1
67.6
67.3
66.8
66.9
68.1
66.5
67.5
67.2
66.8
67.0
67.1
67.8
67.3
66.3
66.6
65.8
65.7
65.2
65.3
65.3
65.7
65.8
66.2
66.2
65.3
65.3
65.9
65.9
66.0
65.9
65.8
65.6
65.39999999999999
65.2
65.1
66.2
65.8
65.6
66.7
68.5
69.7
70.0
70.4
71.4
70.2
66.4
65.5
66.3
67.5
67.6
67.8
66.3
66.9
66.6
67.1
64.9
67.1
68.8
70.8
71.7
71.1
70.1
69.4
68.5
67.6
66.8
66.3
66.7
65.9
65.9
65.6
66.2
66.1
66.7
66.1
66.3
67.6
67.8
67.7
67.7
67.2
67.6
68.3
66.7
69.4
69.9
69.6
70.4
68.9
70.7
69.8
70.1
69.6
71.3
71.8
71.2
72.7
70.6
72.9
73.7
72.5
70.1
70.9
72.4
68.5
67.6
67.7
67.1
66.4
64.9
65.9
65.1
64.4
64.9
65.1
66.0
67.7
68.3
68.7
68.8
69.6
69.9
69.6
70.1
70.5
70.8
70.8
71.0
70.2
69.4
71.7
74.1
75.5
79.7
81.6
82.4
82.1
81.2
80.6
78.8
78.0
74.9
73.6
73.2
72.4
72.2
69.5
68.8
68.6
68.2
68.6
69.2
71.3
76.4
52.5
53.4
66.2
65.6
65.6
65.6
65.5
65.5
66.1
66.0
66.1
64.2
64.6
64.0
64.9
64.3
65.3
64.6
64.2
65.0
66.2
65.3
65.2
64.4
66.8
67.8
66.7
65.7
64.5
65.4
65.0
66.3
65.5
66.4
65.7
65.2
64.1
63.5
63.8
62.7
63.5
62.9
62.3
61.9
62.4
62.1
61.8
61.1
61.3
62.0
62.3
62.7
61.4
61.5
61.7
62.2
64.0
64.7
65.4
67.2
66.4
65.1
64.6
64.3
63.3
62.3
62.8
62.1
63.3
63.1
61.9
62.9
61.9
62.3
62.7
62.0
61.9
63.2
64.8
65.0
67.1
65.9
68.9
70.6
68.8
71.2
72.4
71.5
67.6
69.2
69.9
68.2
65.5
63.5
62.7
61.1
61.1
61.0
60.3
59.6
58.7
60.5
60.5
62.0
63.3
62.4
61.8
62.4
62.6
63.3
63.4
63.3
63.3
63.8
66.0
67.1
69.7
69.2
68.8
70.7
70.2
73.6
67.8
66.3
65.5
64.4
63.3
62.8
62.3
62.4
61.9
61.8
61.3
61.7
62.8
61.9
61.7
62.8
62.4
62.0
62.5
62.6
62.7
62.8
62.6
63.1
62.9
63.4
63.6
62.9
63.8
63.2
63.9
64.5
66.1
65.2
65.0
64.4
65.9
65.6
65.2
65.2
65.2
65.2
64.9
64.8
64.4
65.2
68.4
66.6
66.0
65.4
64.6
65.4
65.8
65.4
65.7
66.0
66.0
66.9
66.8
67.3
69.5
71.8
71.7
72.3
71.9
70.7
71.2
72.1
72.1
72.5
72.3
71.9
71.8
72.8
72.9
72.7
73.4
72.6
72.9
73.6
73.7
73.7
73.2
73.8
74.1
74.1
74.5
73.6
75.1
75.0
73.7
74.2
75.5
75.4
78.2
76.2
75.8
75.0
73.7
72.3
72.0
78.3
73.5
74.8
73.5
72.8
71.9
70.2
70.4
70.6
69.0
68.3
68.0
67.5
68.7
68.8
68.5
68.0
66.6
66.0
65.5
64.8
65.2
64.5
82.3
74.7
66.4
127.3
101.8
65.3
64.6
65.8
67.2
66.5
66.9
67.0
66.6
66.8
67.1
66.5
66.9
67.4
67.1
67.4
67.3
67.3
67.5
67.9
67.9
68.1
68.2
69.0
68.4
69.2
68.7
69.3
69.9
69.8
69.5
69.0
67.9
68.9
68.0
68.2
69.1
69.6
69.3
68.8
67.0
68.5
68.3
69.0
69.3
69.3
69.8
68.9
68.6
68.6
68.7
68.8
68.8
68.9
69.0
69.1
69.9
70.3
69.9
70.1
71.0
71.1
70.5
70.1
70.5
69.0
68.8
68.5
66.9
68.2
66.9
67.4
66.8
67.0
67.0
66.9
66.7
67.2
66.9
66.4
67.3
67.8
67.5
67.4
67.5
67.6
67.8
68.1
67.7
68.1
67.7
68.3
68.5
68.6
69.5
69.9
70.0
71.0
70.5
70.6
69.5
68.7
69.1
71.0
73.0
72.8
71.4
71.7
71.4
73.5
73.5
76.7
78.8
80.8
77.9
75.1
75.8
75.6
75.3
74.7
75.7
75.9
75.3
75.5
74.7
75.5
74.9
75.0
74.7
73.9
74.8
74.2
74.0
74.0
74.5
74.7
74.3
74.4
76.8
76.0
75.4
74.1
68.2
65.1
63.4
63.3
61.9
62.2
63.5
70.1
75.1
78.7
79.9
79.3
80.1
81.2
80.1
79.5
79.0
79.2
79.9
79.7
81.3
81.8
79.5
79.3
78.5
77.4
77.0
77.5
77.8
78.3
77.4
77.5
77.7
77.2
77.3
77.7
78.3
77.6
76.8
77.0
75.6
75.5
73.8
73.8
72.4
73.2
72.4
69.7
72.7
75.7
74.4
74.1
74.5
74.6
72.7
71.9
72.0
71.2
71.9
71.4
71.0
70.8
70.8
70.5
71.7
71.7
71.4
70.7
70.3
69.8
69.6
70.4
70.2
62.3
67.1
68.9
70.3
68.7
69.8
67.4
66.9
68.4
68.6
126.7
106.0
70.6
105.3
110.5
75.8
70.2
70.8
71.5
71.9
69.4
70.9
70.4
71.0
72.5
72.5
72.6
72.9
73.9
73.4
73.4
74.1
73.8
72.9
73.7
74.2
74.5
75.1
74.7
74.8
74.2
74.5
74.2
75.1
75.4
75.6
75.2
76.2
75.6
75.9
76.7
76.2
74.2
68.1
64.9
68.1
70.6
72.0
72.3
73.0
73.8
73.3
73.5
74.0
73.6
72.8
73.8
72.9
73.9
73.6
73.3
72.6
72.6
72.1
73.0
72.5
72.4
73.7
72.5
73.3
72.9
73.4
72.9
73.5
72.6
73.2
73.4
73.4
73.1
72.6
73.2
72.9
74.2
73.5
73.5
74.1
74.4
73.9
74.0
74.6
74.8
76.2
76.9
77.7
76.4
76.4
76.8
76.0
74.6
75.8
75.4
74.8
74.0
74.3
73.5
75.1
79.4
79.1
77.3
75.8
76.4
74.6
74.1
73.7
74.3
73.5
72.2
72.5
72.7
73.1
73.6
73.7
73.0
73.0
72.6
72.5
72.5
72.5
71.4
71.4
70.9
71.7
70.9
70.8
71.1
71.0
71.8
71.1
70.7
71.1
70.1
70.6
70.2
70.8
69.9
70.5
69.2
69.9
69.9
69.9
70.8
69.7
69.6
70.1
69.8
70.5
70.7
70.7
71.2
71.0
70.6
70.4
70.5
70.0
70.6
70.4
70.4
70.5
70.9
72.0
72.0
72.1
73.3
73.1
71.7
71.0
71.1
71.2
71.9
71.3
71.3
71.4
72.1
71.9
71.3
70.8
71.0
71.9
71.0
71.8
71.5
71.2
71.3
71.1
70.4
70.4
70.9
75.0
73.3
74.0
73.3
73.7
74.6
76.2
76.7
76.2
76.3
75.9
75.4
74.9
73.6
72.6
72.2
72.3
71.8
71.8
72.3
72.7
72.1
72.0
72.2
71.7
72.1
71.3
70.9
70.7
67.2
62.2
59.7
65.6
69.5
71.1
70.8
68.4
71.1
72.3
72.2
72.3
72.8
72.2
72.3
71.0
72.2
71.7
71.2
70.8
70.4
70.7
70.3
70.8
71.2
70.8
70.8
69.8
69.9
69.5
70.2
69.3
70.5
71.3
71.5
71.6
71.4
71.8
71.2
70.7
70.8
70.7
71.7
71.9
71.2
71.9
71.9
72.2
72.7
70.5
71.4
72.5
73.5
75.8
74.8
73.9
73.5
74.2
72.7
72.3
72.9
72.0
71.7
71.9
72.2
72.4
72.2
72.3
73.2
73.2
72.8
72.4
71.3
71.5
72.0
72.6
72.3
73.4
72.4
72.6
72.0
72.3
71.5
71.4
71.2
72.3
71.7
72.5
74.2
75.5
74.6
73.8
72.7
71.6
76.8
77.9
73.3
75.5
77.2
77.5
78.4
78.2
77.2
77.1
76.6
76.7
76.3
75.8
75.5
75.8
74.9
74.6
73.8
73.6
73.9
74.1
76.0
75.1
74.4
74.2
74.6
74.2
74.0
73.9
73.3
73.0
73.9
73.6
73.5
73.7
75.5
75.6
74.8
74.5
75.3
74.7
74.6
74.9
74.8
74.3
75.2
76.9
81.0
81.3
80.8
80.3
82.6
81.6
79.7
78.0
77.6
77.6
76.9
75.8
75.6
76.7
75.8
76.0
74.6
74.0
73.7
73.7
74.6
74.2
74.1
74.1
76.2
77.6
77.2
78.0
79.5
81.1
79.2
78.3
79.4
79.0
82.1
80.0
85.7
94.1
78.6
116.0
109.6
106.6
105.2
101.8
96.3
95.8
92.7
89.7
86.1
83.5
80.7
79.3
77.1
75.7
74.8
74.1
73.7
72.7
73.0
72.5
72.4
72.5
73.3
74.4
74.3
73.4
73.2
73.0
72.6
72.6
72.5
72.2
71.6
72.3
72.1
71.9
71.2
71.8
71.8
71.7
72.2
72.1
72.6
72.4
72.4
71.9
72.2
73.4
72.8
72.5
72.1
72.2
72.4
72.4
72.9
72.3
72.0
71.6
70.7
71.0
70.7
70.0
71.5
71.9
72.2
73.6
73.5
72.1
71.8
70.8
70.7
71.7
72.1
71.9
71.3
64.3
86.8
104.5
73.3
72.2
71.9
71.0
71.8
72.1
72.5
72.5
73.1
73.3
74.0
73.7
73.4
73.3
73.6
73.3
73.2
74.0
73.5
73.9
73.8
74.1
73.5
74.7
75.6
76.5
78.0
78.9
77.8
78.9
81.0
82.2
76.9
80.6
80.9
82.5
82.1
82.2
81.1
81.1
80.4
79.5
80.2
80.0
82.4
82.8
83.4
85.6
86.4
86.5
86.1
84.7
82.7
81.5
80.2
79.6
78.6
78.4
76.9
78.2
77.7
79.8
79.7
78.0
77.3
78.9
79.1
79.3
79.7
79.7
79.9
79.9
79.7
79.2
79.6
78.9
78.3
78.3
127.6
108.1
77.9
77.0
77.3
77.7
76.7
76.3
76.6
77.3
77.0
77.1
77.2
76.5
76.4
77.0
77.0
76.6
77.1
76.8
76.5
77.1
80.1
79.0
77.2
76.9
77.3
78.5
78.1
78.2
77.3
77.3
77.2
79.6
78.8
80.4
79.0
83.2
82.2
84.9
84.6
79.7
77.4
75.1
73.3
71.2
70.0
68.5
67.5
66.8
66.9
66.4
66.6
67.1
67.0
67.5
67.8
67.5
68.2
69.6
68.3
69.6
69.3
70.4
71.2
71.0
70.9
71.2
70.8
71.2
72.3
72.2
71.6
71.7
71.1
71.7
71.0
71.5
71.6
71.8
71.7
71.4
71.5
72.5
71.7
71.5
72.1
72.4
73.1
72.9
72.9
72.6
72.9
72.8
73.1
73.0
73.3
73.5
73.0
73.1
72.8
73.1
73.4
72.6
72.5
73.8
74.4
74.1
74.0
73.0
73.8
74.1
72.3
70.9
68.9
64.9
63.6
62.3
62.5
62.8
62.1
61.4
62.4
64.7
68.5
70.1
71.6
72.3
73.7
73.8
75.0
74.3
75.2
74.0
74.8
75.3
74.9
75.1
75.6
74.9
74.2
75.0
74.6
74.9
74.7
74.9
75.1
74.5
74.7
74.1
74.8
75.0
73.9
74.6
74.8
74.6
74.3
74.2
74.1
74.2
74.1
74.1
73.9
74.4
74.3
75.4
74.8
75.0
75.1
74.9
74.8
75.3
75.5
75.5
75.6
76.6
76.7
76.3
75.7
75.2
75.9
75.9
76.0
72.8
68.2
65.4
64.2
65.3
70.3
73.3
82.8
88.5
89.9
89.8
88.7
88.5
89.1
89.2
88.5
89.5
90.6
89.6
90.2
90.6
90.7
90.8
89.8
90.9
90.8
88.4
88.8
86.8
85.8
92.8
99.2
100.0
104.2
106.5
107.3
110.4
108.3
109.4
106.2
103.9
100.3
100.0
97.5
97.0
97.9
94.2
91.8
92.1
90.7
93.1
92.1
91.2
90.0
88.8
88.0
86.2
85.3
84.8
84.0
84.3
84.4
83.5
83.0
81.1
77.7
76.2
75.8
74.7
74.1
74.8
75.0
74.6
77.5
78.1
85.7
92.9
100.2
102.7
106.6
105.1
106.3
106.2
104.4
105.0
100.4
102.0
99.3
93.1
87.5
83.0
80.5
79.0
76.1
75.0
73.6
72.8
72.8
72.8
72.3
72.6
72.0
72.7
71.8
71.5
70.9
71.2
71.1
72.1
71.1
70.7
70.7
70.7
69.7
70.0
69.8
70.1
69.8
68.9
70.0
70.0
69.6
69.3
69.5
70.0
71.2
70.7
71.8
72.1
70.6
70.8
71.1
70.3
69.6
69.5
69.7
70.1
70.7
71.4
70.4
69.8
70.4
71.7
70.9
70.8
72.0
72.5
69.9
69.6
69.2
69.8
70.6
71.4
71.8
74.6
74.2
70.3
68.8
67.4
66.9
64.9
64.0
68.3
70.8
72.9
74.6
75.2
74.4
75.9
76.7
77.2
81.3
82.2
79.6
81.5
78.3
81.0
81.8
186.4
138.9
86.5
83.3
82.7
83.9
82.7
82.3
81.4
81.2
80.1
79.9
80.7
81.9
81.3
82.0
82.4
84.3
84.1
83.0
86.0
87.2
86.4
82.6
81.3
80.4
80.7
80.9
78.3
79.9
82.5
84.2
90.3
87.7
85.7
85.6
83.6
78.8
74.1
70.2
68.3
68.7
67.0
63.9
63.0
61.6
61.3
61.6
61.9
62.1
61.8
62.8
63.3
63.2
61.9
61.9
63.5
64.3
63.6
63.5
63.6
63.2
63.2
63.4
64.8
67.0
65.9
67.6
71.2
67.8
66.4
65.6
65.6
65.2
65.7
67.1
66.9
66.8
68.4
69.2
71.4
73.1
74.4
75.2
73.6
73.1
73.1
72.1
70.5
73.9
75.6
76.1
76.3
76.3
129.0
119.7
78.9
78.1
78.3
77.0
73.9
72.5
71.6
70.2
69.7
70.0
70.0
70.1
69.9
69.9
67.2
68.9
70.0
75.4
73.1
72.3
72.0
71.1
71.4
71.1
71.5
71.4
70.4
69.9
69.8
69.6
70.1
69.5
69.6
69.0
69.4
69.1
69.5
69.9
72.5
74.7
74.4
74.0
73.3
73.8
73.9
74.1
74.1
81.3
87.0
84.1
81.0
80.7
80.8
80.6
79.3
83.7
82.4
87.2
88.3
86.8
87.5
86.4
84.4
84.8
84.3
82.2
79.6
77.8
75.9
74.5
73.1
72.3
72.6
71.2
71.7
71.5
71.5
70.7
70.6
70.9
71.4
71.0
71.1
71.7
71.5
71.9
71.4
72.3
71.6
71.9
71.3
71.3
70.9
71.0
71.3
71.1
71.3
71.2
70.7
71.0
71.0
71.1
69.8
69.5
70.0
69.9
71.5
71.5
71.8
71.0
70.7
70.2
68.7
65.9
67.2
68.0
68.2
67.5
68.3
68.2
68.2
68.3
68.8
68.8
68.8
67.9
67.9
68.9
68.4
68.3
68.5
68.3
69.0
68.0
68.4
68.5
68.4
68.6
68.9
68.7
69.3
68.7
68.6
68.8
69.1
68.5
68.3
68.8
67.8
67.8
68.0
67.9
68.0
68.1
67.6
67.9
73.1
74.3
73.8
73.8
73.6
72.6
89.3
58.6
78.0
71.4
73.3
71.3
70.9
69.8
68.7
68.3
67.8
67.8
67.2
68.0
72.2
73.0
76.0
73.8
72.6
73.3
73.1
73.5
73.3
101.5
82.3
80.3
78.3
79.2
80.5
80.4
78.3
76.2
74.9
73.3
72.5
72.1
71.8
71.8
71.7
72.0
72.3
72.4
72.0
71.8
71.1
70.6
70.2
70.1
69.6
69.3
68.5
67.8
67.1
66.7
66.1
65.8
65.0
65.6
65.8
66.1
65.3
65.0
65.0
64.8
64.7
64.3
64.8
64.4
64.4
64.0
64.3
64.5
64.3
64.9
64.6
64.8
64.5
64.4
64.3
64.7
63.6
64.2
65.0
64.8
65.1
64.4
64.9
64.6
64.5
64.8
64.9
65.3
65.0
66.4
67.2
65.8
66.5
67.0
66.1
66.0
66.3
65.6
65.1
65.0
64.8
65.5
65.4
65.7
66.6
65.3
66.2
65.1
65.5
65.6
65.2
64.9
65.3
65.4
65.4
65.6
65.3
66.3
66.5
66.8
66.3
66.5
66.1
66.2
65.3
65.4
65.2
64.4
165.8
139.6
63.9
60.4
60.1
60.4
60.7
60.8
61.5
62.1
64.0
62.4
61.5
62.1
62.4
64.3
70.2
63.8
59.5
61.3
63.2
64.5
65.3
64.9
64.6
63.6
63.1
62.4
62.3
61.4
62.0
61.8
61.7
61.8
62.1
62.2
62.9
63.1
63.5
63.2
63.1
64.4
64.4
64.0
65.0
65.0
65.0
64.4
64.5
64.8
64.7
65.0
64.2
64.3
64.6
65.1
64.5
65.2
65.5
65.6
65.8
66.1
65.6
65.8
66.2
66.0
66.7
66.8
66.9
66.7
67.2
66.8
70.4
73.1
72.1
71.6
70.7
69.9
69.8
70.7
70.9
70.6
70.4
70.9
70.9
70.3
70.6
70.4
72.5
72.1
70.9
70.0
69.6
70.2
70.0
70.0
77.0
77.3
76.2
76.0
76.6
80.2
83.1
82.2
81.6
79.0
78.2
77.2
76.2
76.2
78.1
77.4
80.5
81.0
79.4
78.0
76.8
78.4
79.0
78.9
79.3
78.3
77.4
76.6
75.7
75.7
75.0
74.8
74.3
74.1
74.3
74.3
74.5
75.8
77.0
76.0
74.6
74.1
73.2
73.9
77.3
71.0
74.5
74.5
75.6
77.3
76.5
76.4
76.1
75.4
75.1
74.7
74.7
75.3
74.6
74.2
74.4
73.8
73.8
74.0
74.5
74.0
73.9
72.4
72.5
71.9
70.7
69.9
70.2
70.5
70.6
70.4
71.6
71.2
70.4
72.3
73.2
72.2
71.8
73.9
74.9
75.2
82.4
79.3
74.1
73.5
71.6
70.9
71.4
95.7
88.4
70.8
77.7
77.5
80.0
81.0
86.1
84.0
84.5
83.7
82.6
79.3
76.4
76.6
75.5
75.0
75.1
75.1
75.1
75.0
75.0
75.0
75.0
76.0
76.3
79.7
80.4
80.0
78.5
77.5
77.4
78.4
77.1
76.9
76.9
79.1
81.5
80.0
81.0
80.3
80.1
78.2
77.4
79.3
78.2
79.7
77.4
79.4
78.8
80.5
79.6
79.4
84.9
84.1
82.5
83.5
82.4
80.3
79.5
79.3
79.1
77.5
77.4
76.9
76.4
75.0
74.7
73.9
74.1
74.5
74.1
73.3
72.9
72.7
72.9
72.6
73.0
72.6
73.1
74.4
76.3
75.2
74.5
74.0
73.7
74.0
75.1
74.2
74.5
75.1
75.9
75.0
75.5
77.4
74.9
74.5
74.5
74.1
73.6
73.3
74.0
73.7
75.7
77.0
75.5
74.6
74.3
73.8
72.8
72.7
74.8
74.3
74.0
73.2
73.2
72.9
72.3
72.4
72.3
72.9
73.3
72.7
73.4
72.2
72.2
71.7
72.5
71.9
71.7
71.4
70.8
71.1
71.5
70.9
72.5
72.9
72.3
71.3
71.0
70.5
71.0
70.2
70.6
70.2
69.0
69.7
69.3
69.8
70.0
69.6
71.5
66.0
91.2
76.3
74.7
73.2
71.2
71.4
69.5
70.7
71.5
70.4
70.5
70.3
70.6
69.7
68.3
69.5
69.4
68.7
68.7
68.0
67.9
68.1
69.0
68.6
67.2
68.1
66.4
68.2
69.2
67.8
67.0
66.2
66.6
64.9
64.6
64.1
63.9
67.2
68.1
68.8
67.9
67.3
66.9
64.7
64.7
65.1
64.3
64.4
64.5
65.3
65.2
64.7
65.1
65.7
65.0
64.8
64.9
64.5
63.9
63.7
63.4
64.8
65.0
63.9
64.5
66.9
72.3
72.9
69.8
66.7
66.3
65.8
65.9
65.6
65.1
64.6
65.1
66.3
66.3
68.0
72.7
73.2
72.8
72.3
71.7
71.2
71.1
70.0
70.3
70.0
71.2
71.0
70.8
71.2
72.0
71.6
71.2
71.2
71.5
71.1
69.9
69.8
70.4
70.6
69.7
68.6
68.4
68.1
68.6
69.0
69.0
69.0
69.4
69.6
70.1
70.8
70.2
70.7
70.8
71.0
70.9
70.6
71.0
71.1
71.3
72.0
72.9
72.2
71.5
71.6
72.1
71.9
72.2
71.1
71.1
71.4
70.4
70.6
70.9
71.3
70.7
71.1
71.5
71.4
72.7
71.1
70.1
70.4
70.2
69.9
70.8
70.0
70.3
70.1
70.4
70.6
69.4
69.0
68.9
68.7
68.1
68.6
68.6
68.9
68.6
69.1
68.6
69.6
69.3
70.2
68.4
68.8
68.4
69.2
69.5
69.1
68.7
68.4
67.8
67.7
68.7
68.9
68.4
68.9
68.5
68.9
68.4
68.9
69.8
70.6
69.9
70.3
69.6
68.6
69.3
69.2
69.3
68.8
68.6
68.9
68.0
68.0
68.4
67.7
67.9
67.6
68.2
68.3
68.2
69.0
68.7
69.3
70.1
68.4
68.6
67.7
68.5
67.9
67.8
68.5
68.1
68.0
68.5
68.8
67.8
68.2
68.0
69.3
68.9
68.7
68.1
68.5
69.3
69.3
68.3
67.7
67.4
67.4
75.3
70.0
69.6
79.4
81.2
78.5
76.0
74.8
73.6
73.2
72.4
71.1
72.9
75.0
69.7
72.5
72.3
73.7
73.7
74.5
72.8
74.3
74.7
74.3
75.0
72.8
71.3
70.9
71.3
70.8
70.4
70.0
70.4
70.8
72.1
70.8
70.8
70.4
70.0
69.6
70.3
70.7
70.6
70.4
70.8
70.8
70.4
70.7
72.9
73.8
72.5
71.3
71.1
70.5
69.8
69.6
69.6
69.9
69.2
69.5
69.4
68.5
68.6
68.4
68.8
69.0
68.5
68.9
68.4
68.3
67.9
69.3
68.5
68.9
67.8
67.2
66.6
67.0
66.7
66.6
66.5
66.3
66.9
67.0
67.0
66.8
66.5
66.4
66.0
67.0
67.2
66.7
67.1
67.0
67.1
66.6
66.0
66.2
67.8
69.0
67.7
67.2
67.6
66.8
67.2
66.6
65.9
65.2
65.0
64.6
64.3
65.0
65.5
64.5
64.7
64.3
65.1
64.7
66.2
68.1
67.2
66.1
65.0
64.3
63.5
64.4
66.5
65.0
64.7
65.1
65.2
63.7
63.2
62.9
63.2
63.8
67.8
68.5
68.7
68.3
69.6
68.0
67.3
66.6
65.8
65.5
65.4
66.6
65.9
66.0
65.2
64.8
65.2
64.8
65.0
69.1
68.5
66.7
65.8
64.7
64.8
64.4
64.4
64.4
64.6
65.0
66.1
65.6
64.8
65.0
63.5
64.1
63.6
63.5
62.9
62.5
62.3
61.9
62.4
63.2
63.4
63.8
64.1
64.2
64.0
64.3
64.4
64.1
64.8
65.2
64.4
64.9
64.6
65.0
66.4
66.4
67.4
66.4
66.2
65.4
64.8
65.0
65.1
65.1
65.3
65.4
65.5
65.5
65.5
65.3
65.4
64.5
64.4
64.7
65.2
65.2
64.4
64.0
64.2
64.3
63.9
63.7
63.6
63.5
62.8
62.5
62.2
62.5
62.1
62.8
62.7
62.8
63.3
63.0
63.5
62.7
63.4
64.0
64.2
63.7
63.7
63.8
63.7
64.3
64.0
65.2
64.7
64.6
64.6
63.1
63.2
62.4
63.3
63.7
62.5
61.1
61.0
62.1
61.8
62.3
62.6
72.8
79.8
66.1
67.0
75.5
72.6
74.0
75.1
73.7
72.2
72.9
74.8
72.8
70.9
71.3
72.2
72.0
70.5
68.8
67.3
67.2
67.3
67.8
67.6
67.8
67.4
66.6
67.5
70.3
68.9
67.4
67.6
67.4
66.1
66.4
65.6
64.9
65.0
65.1
65.3
65.5
65.6
65.2
65.5
65.1
65.1
64.9
65.3
64.8
64.4
64.7
64.6
65.0
64.6
64.3
65.0
64.3
64.2
67.8
68.8
70.2
73.4
74.3
72.8
72.6
71.7
70.4
67.7
67.0
65.8
65.3
64.7
64.6
64.2
64.0
64.2
64.2
64.2
63.9
63.6
63.6
63.3
62.7
61.5
59.6
60.2
60.0
60.1
60.5
60.8
61.5
61.0
61.0
61.3
61.5
60.3
60.5
60.3
59.7
61.0
61.4
61.1
61.6
61.1
60.3
60.5
61.0
60.4
60.9
60.3
59.7
59.2
57.9
59.9
60.0
66.2
69.2
68.1
67.9
68.3
68.2
69.0
69.8
71.1
70.8
69.3
68.9
69.4
69.9
68.4
68.9
72.1
66.7
66.5
68.3
71.5
70.0
70.1
69.8
71.1
75.1
92.3
93.3
73.9
73.9
74.6
73.6
75.6
75.6
76.0
74.8
75.0
74.7
77.3
74.5
72.8
72.1
71.3
70.9
70.5
70.8
70.1
69.8
70.4
70.8
69.7
69.4
68.9
68.5
68.3
68.4
67.8
66.9
68.0
67.7
66.5
66.4
66.4
66.2
66.0
66.1
66.7
66.9
67.2
67.3
66.8
67.5
67.4
67.7
67.1
66.4
66.7
66.3
66.5
66.4
66.5
66.2
65.9
65.6
65.8
65.3
65.7
65.2
65.5
66.5
66.0
66.8
66.7
66.5
67.1
66.1
65.5
65.9
66.8
68.5
68.5
67.7
67.3
66.8
66.8
66.2
65.7
65.4
65.1
65.3
67.0
66.5
66.2
67.0
66.7
71.1
71.6
70.9
70.9
71.8
71.2
70.5
70.4
71.1
71.5
69.2
68.9
69.3
71.7
69.8
68.5
67.9
66.7
66.9
65.6
64.0
64.1
65.0
64.9
63.5
63.8
65.7
70.1
70.5
70.7
68.9
71.1
69.3
67.0
64.9
65.3
66.2
66.2
66.2
64.6
64.6
64.0
63.2
63.8
63.9
62.2
61.7
62.2
63.0
66.7
90.3
70.9
71.4
73.7
74.7
74.4
71.6
68.1
66.4
64.5
65.0
64.7
64.9
63.8
64.0
62.8
62.0
61.4
62.0
63.5
65.5
65.7
65.6
63.8
62.4
61.8
60.7
59.6
59.2
58.1
57.5
57.2
56.3
56.9
57.1
57.7
57.3
56.9
57.2
57.0
57.2
57.8
58.7
58.2
56.8
58.4
57.4
58.0
57.4
57.4
57.8
57.6
58.0
58.7
57.7
58.1
58.3
58.2
59.1
58.7
58.8
58.3
58.3
58.2
57.9
58.3
58.3
64.8
65.0
63.8
60.9
60.6
58.7
59.8
60.1
59.6
60.3
60.3
61.1
60.8
60.9
61.0
61.2
62.0
61.1
61.6
61.8
62.5
62.9
61.8
63.0
66.9
66.6
66.5
66.3
67.6
70.0
71.6
71.3
69.5
68.7
68.2
67.1
66.8
67.1
67.3
67.4
68.3
68.5
68.6
68.3
67.1
67.2
67.8
68.5
67.9
67.8
67.7
68.6
68.4
68.0
67.8
67.8
66.8
66.7
65.9
65.5
65.8
66.8
67.4
68.9
68.4
68.4
68.8
68.5
69.0
68.0
68.1
68.3
69.2
68.8
68.6
68.5
68.4
68.3
68.3
68.9
68.7
68.1
67.5
68.0
68.0
67.9
68.9
69.9
70.6
70.1
75.0
77.9
79.2
79.9
88.0
65.3
73.2
80.3
78.0
78.9
77.3
75.3
76.8
82.5
78.2
79.3
78.6
81.3
79.2
81.0
77.5
79.8
80.6
80.6
84.9
86.3
86.4
88.2
87.3
89.0
88.0
86.9
83.4
80.8
80.9
76.8
75.5
76.7
75.6
77.3
78.2
79.7
80.3
79.8
78.3
79.3
80.2
79.4
79.8
76.4
82.1
84.5
82.6
79.7
78.7
78.9
76.4
75.5
76.2
75.8
74.1
70.4
71.6
73.6
73.8
73.2
71.8
71.4
69.1
68.8
67.5
66.3
67.4
67.6
67.4
67.3
66.4
65.9
66.8
66.7
66.8
66.8
69.2
68.3
68.0
68.1
67.3
67.1
67.3
65.9
64.7
67.2
68.9
68.7
71.4
70.8
70.8
69.5
69.2
69.9
69.0
71.7
70.7
70.1
71.3
70.6
68.7
70.5
70.9
73.2
73.5
72.6
74.3
73.1
75.7
75.5
73.2
76.4
74.8
75.3
76.6
77.1
78.4
76.3
76.9
78.8
77.8
78.1
77.0
76.9
80.1
79.4
76.4
78.3
77.4
74.8
73.5
74.9
74.2
74.8
72.4
70.7
72.7
74.2
72.0
72.5
73.1
73.1
73.0
72.3
71.9
72.0
71.1
71.4
70.7
69.1
69.0
68.9
68.3
70.5
71.5
72.0
73.6
74.6
71.0
74.5
73.6
71.9
73.2
71.5
71.3
72.1
71.0
69.3
69.0
68.9
70.7
68.4
67.7
69.4
70.5
72.2
72.4
71.3
68.4
70.7
71.8
71.1
70.5
69.2
68.7
69.3
71.2
71.5
70.0
70.0
69.3
71.4
71.4
69.1
67.7
68.8
68.3
66.1
68.3
68.6
65.0
65.0
72.5
73.2
74.7
73.3
75.5
77.2
76.9
83.1
81.9
78.8
75.5
74.8
75.6
77.2
81.9
83.9
85.8
87.6
87.6
85.4
80.6
77.6
73.5
73.3
72.5
70.6
68.4
67.3
63.9
66.8
66.5
67.5
71.9
71.4
72.1
73.4
73.4
74.3
74.9
77.1
86.8
84.4
79.1
84.7
85.1
84.9
80.0
82.6
85.0
82.8
80.3
76.3
80.5
74.1
74.3
71.3
72.2
71.6
68.5
73.5
100.5
88.9
69.1
61.9
59.4
58.0
58.1
57.6
56.0
55.2
56.0
57.0
59.4
57.8
59.3
59.3
57.9
55.3
53.7
53.0
56.0
59.7
75.8
74.4
72.2
71.1
70.5
69.0
72.6
76.7
74.2
72.3
69.8
70.6
66.9
62.4
61.2
58.2
56.1
56.8
54.8
54.5
59.5
57.2
58.1
58.3
59.5
58.1
56.7
56.6
57.0
56.2
56.8
58.2
58.3
59.1
59.6
60.9
61.7
58.6
57.3
56.5
58.7
58.7
56.4
55.7
56.4
59.7
60.4
59.8
40.5
49.0
62.4
60.1
56.3
59.5
57.3
54.2
51.2
64.7
64.5
59.7
56.4
62.1
61.1
65.5
64.3
64.2
65.6
68.8
70.7
76.3
69.2
65.8
62.9
60.8
64.7
64.2
66.0
63.4
65.9
61.1
63.2
62.5
63.9
64.7
68.2
67.5
67.8
69.9
68.0
65.2
64.5
65.4
66.6
68.5
70.4
62.6
66.8
71.6
69.5
73.3
76.2
67.8
82.6
65.3
71.3
75.1
70.7
68.7
73.0
73.4
72.1
70.3
74.5
74.5
71.7
70.2
70.5
71.4
75.1
76.5
75.7
76.4
78.1
75.6
73.3
72.0
72.0
70.8
70.2
72.7
73.6
71.8
72.6
71.8
71.8
74.3
71.6
70.6
78.1
77.5
78.5
79.8
74.4
78.0
78.9
75.8
83.2
85.4
87.6
87.9
86.8
89.1
91.8
93.6
94.0
92.2
89.8
98.8
95.2
85.3
82.5
79.6
74.8
69.9
67.7
67.6
67.4
66.9
66.1
66.2
69.3
70.9
69.3
71.2
71.1
73.1
72.4
71.0
68.8
72.5
72.2
68.3
66.6
69.8
69.9
72.7
69.8
69.7
69.7
68.9
68.1
65.3
64.6
68.2
68.6
76.6
78.0
78.6
72.3
74.5
74.4
73.5
77.8
70.3
73.2
70.8
69.1
68.2
65.9
65.5
66.5
65.3
67.8
72.9
70.1
66.8
68.3
73.6
71.2
69.2
72.7
76.3
72.8
68.2
68.1
71.1
72.0
68.9
74.8
75.6
61.3
77.3
75.6
78.6
81.6
77.6
80.1
81.3
80.4
80.5
80.6
80.0
82.7
116.5
81.9
83.2
73.0
65.9
62.5
58.8
57.3
56.0
55.7
55.6
57.8
59.1
57.9
58.7
129.0
66.0
65.4
62.5
60.0
60.0
69.5
74.0
73.7
71.8
71.0
68.0
66.5
64.3
61.9
60.3
59.2
58.4
58.3
58.4
58.5
59.0
60.5
60.0
59.5
58.5
59.6
60.2
60.2
60.1
60.1
59.1
60.0
60.3
61.3
61.8
60.9
60.3
61.1
61.3
61.4
61.4
61.3
60.8
61.7
63.0
62.2
63.4
62.8
63.1
63.1
62.5
62.5
64.4
63.7
63.6
64.2
64.2
63.9
63.9
63.9
64.9
64.4
64.5
65.2
64.5
64.9
63.7
63.9
65.3
64.5
64.7
65.0
64.9
65.4
65.1
65.6
64.9
65.2
64.8
64.7
64.4
64.4
66.2
68.0
66.5
64.4
65.1
65.0
65.2
63.5
65.1
65.2
65.8
64.8
64.6
65.3
64.0
64.0
63.2
64.2
64.6
63.4
64.6
65.6
64.0
64.5
63.9
62.8
62.9
63.1
63.9
63.9
64.3
64.7
63.8
64.5
64.3
63.7
64.8
64.0
64.2
63.9
65.8
64.8
65.6
65.2
65.4
65.7
66.0
66.1
66.1
65.9
66.5
65.5
65.9
65.2
65.9
66.0
66.7
66.5
67.0
67.0
66.6
67.0
66.6
67.5
67.3
66.1
65.9
65.6
67.1
66.2
66.8
74.9
81.3
83.8
83.7
82.2
81.7
79.3
79.0
82.3
82.2
80.4
83.6
82.5
83.4
85.1
84.3
82.0
80.7
80.9
83.4
81.5
79.2
78.8
78.7
79.2
82.6
80.3
81.3
89.0
89.2
86.1
82.1
79.6
77.9
77.8
76.2
76.9
75.4
73.3
103.9
64.2
73.6
73.8
72.8
72.3
72.4
73.0
72.4
72.7
71.0
71.6
72.2
74.0
73.4
75.7
75.1
73.0
71.3
73.9
79.3
73.6
72.7
74.2
72.7
73.2
73.1
73.7
74.5
73.8
72.2
72.4
73.1
72.2
73.5
73.5
72.4
72.9
74.2
74.6
74.8
73.4
74.1
75.0
74.3
74.3
73.7
74.9
73.8
74.3
73.1
73.6
76.0
77.0
76.3
78.3
77.4
76.7
76.9
76.8
76.5
76.1
75.6
74.1
75.7
76.0
77.6
76.5
75.2
76.1
76.7
76.6
75.4
76.3
75.6
74.5
76.9
77.5
77.7
76.1
75.4
77.5
77.4
76.0
78.1
76.3
78.1
77.1
75.8
76.5
76.6
76.2
75.9
76.3
76.2
76.5
76.1
77.6
80.3
77.9
77.8
76.5
75.8
76.5
76.7
77.1
77.7
75.7
78.0
76.0
76.4
76.3
76.1
75.7
77.3
75.6
75.7
78.0
76.6
78.8
77.8
79.2
76.7
74.8
78.9
76.8
73.9
76.0
74.3
75.1
75.1
76.3
82.1
77.9
77.6
77.3
77.7
76.2
74.1
75.6
74.2
72.7
72.6
82.3
81.5
86.1
88.6
85.7
84.8
85.5
88.1
88.5
90.0
87.2
86.7
85.9
84.6
84.9
87.0
89.3
86.9
83.0
87.7
87.6
86.1
84.4
81.4
96.5
143.5
67.2
84.1
89.2
90.7
87.7
85.2
82.3
80.9
80.2
82.5
82.1
80.0
81.1
81.5
80.5
82.8
84.0
86.9
87.4
89.5
93.2
98.7
102.3
104.4
107.7
115.7
109.1
113.1
115.9
115.8
115.9
113.5
113.1
111.2
112.5
111.8
111.3
109.6
109.5
108.6
106.3
104.2
104.7
101.1
90.6
77.2
68.9
66.4
63.0
60.2
57.7
56.6
55.9
55.6
56.0
55.7
60.0
54.6
65.5
65.2
64.3
64.6
66.7
67.0
67.9
68.0
67.5
67.4
66.2
64.3
62.5
61.2
59.6
58.7
58.4
57.3
56.3
57.4
58.6
58.0
58.0
59.3
58.9
57.4
57.2
59.0
60.0
59.2
59.4
59.9
59.6
59.0
59.3
60.4
59.9
60.6
61.0
61.4
61.5
61.0
60.8
60.9
61.4
60.7
61.5
61.9
62.2
62.4
61.6
62.9
61.3
62.1
62.5
62.5
62.8
63.6
64.0
64.0
63.7
64.4
64.2
64.9
65.0
64.6
64.9
65.6
65.8
66.1
66.2
66.4
67.2
67.5
66.8
67.4
67.9
67.8
67.6
68.0
67.7
67.1
68.2
68.5
71.7
69.8
67.6
66.7
66.6
65.8
66.2
67.1
66.3
67.4
69.4
135.7
177.4
144.7
79.1
70.7
69.5
69.3
49.5
71.8
72.2
74.7
73.8
72.2
70.6
69.4
68.9
67.8
67.3
66.9
66.6
67.1
66.8
66.7
66.5
66.6
66.9
67.0
66.5
67.9
67.9
68.1
67.9
68.2
68.2
68.6
69.2
68.1
67.5
66.6
66.6
65.9
66.9
66.9
66.6
66.4
66.1
66.8
66.6
65.8
65.9
65.4
66.5
66.0
67.1
66.1
67.4
65.6
65.9
66.4
65.8
66.4
65.4
65.7
64.6
63.5
62.7
63.9
64.2
64.0
63.7
64.6
64.7
65.1
64.7
64.1
64.5
64.5
64.3
65.3
64.0
64.1
64.5
64.8
64.3
64.1
64.9
64.6
65.2
64.3
64.8
63.6
63.1
62.0
61.3
62.1
62.9
62.6
62.5
62.8
62.7
62.7
63.5
63.0
63.5
63.1
62.5
62.7
61.6
62.7
63.1
62.1
62.2
61.6
62.5
62.2
62.1
63.0
62.4
62.9
62.8
62.5
62.5
61.9
62.4
61.7
61.2
62.6
62.1
61.6
62.1
61.9
62.3
62.3
61.5
62.1
61.6
62.5
62.4
62.5
61.7
61.0
62.4
60.8
60.5
60.4
60.6
61.3
60.9
61.4
61.2
61.9
61.2
61.5
61.2
96.9
112.3
63.8
62.0
62.0
62.5
61.1
60.0
59.8
59.7
61.5
61.5
60.7
59.9
60.3
60.3
59.6
60.3
60.0
59.3
63.1
72.5
61.4
62.0
60.8
60.3
59.8
59.7
59.8
59.6
61.0
63.9
62.1
61.3
61.2
59.8
60.4
61.7
63.8
63.8
64.5
63.7
63.3
62.2
60.2
60.7
60.3
58.6
57.9
58.7
57.3
58.0
57.6
57.2
57.4
58.6
59.4
63.9
62.3
59.8
58.2
57.2
55.8
55.9
54.8
54.7
55.1
55.2
55.1
56.7
56.2
57.3
57.2
57.3
57.1
59.1
61.1
60.9
59.5
59.9
59.9
60.1
60.3
60.2
60.3
59.9
60.3
59.5
59.6
58.6
60.0
60.3
59.8
59.2
59.1
59.4
60.2
60.4
59.7
61.1
60.3
60.5
61.3
68.6
69.7
73.7
73.2
69.4
68.0
67.2
67.7
66.7
65.8
67.3
67.9
65.6
62.7
61.2
59.9
59.6
60.2
61.1
60.3
59.8
62.1
66.5
67.8
68.3
71.7
72.7
71.5
70.7
72.1
72.8
72.7
72.2
131.5
103.0
70.3
68.8
67.4
66.2
67.5
67.0
68.0
61.3
60.9
61.5
59.0
70.3
75.7
76.0
76.5
75.3
75.1
73.6
73.4
73.4
73.4
72.6
72.4
72.3
71.8
71.3
71.3
71.9
71.9
72.8
72.2
73.6
72.5
73.0
75.9
76.0
77.8
77.9
77.1
77.6
77.5
79.6
82.2
83.8
83.2
85.0
82.9
89.4
87.4
84.3
91.6
85.8
82.3
80.0
77.6
77.8
77.4
78.1
79.2
79.5
79.1
79.5
77.5
77.2
77.3
77.2
76.5
78.8
78.9
77.5
78.7
79.1
77.3
77.4
78.3
78.8
77.7
76.4
74.2
74.1
73.8
77.5
77.4
78.2
76.6
73.7
73.7
71.6
69.4
68.4
65.8
64.1
63.5
63.3
63.8
65.4
67.7
65.8
64.3
66.5
66.8
65.0
63.2
62.4
61.7
63.3
64.5
63.4
63.7
63.1
63.3
62.5
62.7
66.2
65.6
64.2
64.5
64.8
64.3
64.0
62.9
62.1
62.0
61.5
62.8
61.1
61.0
61.6
66.2
68.7
67.2
61.5
62.6
63.7
63.5
62.0
65.6
67.4
66.3
68.4
70.3
69.7
70.6
70.2
70.9
70.1
70.0
72.0
72.7
73.6
71.8
71.5
72.4
72.6
72.6
72.9
73.8
73.9
74.6
75.8
74.8
74.4
75.2
76.5
75.4
76.0
75.5
74.1
75.0
74.4
75.3
73.4
73.7
73.7
73.9
73.1
73.0
73.8
73.4
73.7
74.1
73.9
74.5
73.7
75.4
74.9
74.9
73.7
73.7
73.9
74.0
72.9
71.8
71.5
174.8
81.7
69.4
69.5
70.6
70.0
70.4
72.0
74.6
75.0
71.5
61.4
57.5
55.9
55.6
55.6
56.2
57.7
58.2
60.0
62.0
61.3
61.7
62.0
61.7
62.0
61.8
61.4
60.8
61.1
60.9
59.7
59.1
59.1
59.2
59.0
59.0
59.2
58.9
58.7
59.4
59.1
59.3
59.5
60.3
60.4
61.6
65.3
63.3
59.0
57.5
57.0
57.5
59.0
61.5
64.0
65.6
69.1
73.4
72.3
71.8
72.2
65.4
74.0
73.2
73.2
74.0
72.9
71.5
71.3
72.1
184.8
127.6
71.7
70.3
69.5
69.9
71.1
71.7
71.8
72.3
73.4
74.3
73.4
73.0
73.5
73.0
72.6
72.0
72.0
71.5
71.9
71.5
71.0
69.5
69.3
70.9
71.3
71.1
71.0
70.8
70.8
71.0
71.9
73.4
76.6
78.6
80.4
79.1
79.2
79.6
78.3
78.6
79.0
78.5
77.6
68.5
65.8
65.1
64.4
64.0
63.9
63.2
63.9
65.8
71.3
70.9
69.4
68.8
68.5
68.1
68.6
67.8
67.0
68.9
68.8
68.9
69.9
70.3
71.4
70.3
69.3
72.0
73.0
71.8
71.0
71.9
74.3
77.7
77.7
77.4
80.0
80.5
82.6
84.6
80.2
78.8
77.8
78.2
78.6
77.7
78.8
78.6
77.6
78.3
78.5
79.8
79.8
80.1
81.7
83.2
81.8
83.5
82.6
81.7
82.8
83.5
83.3
85.4
85.4
85.2
85.1
83.9
81.1
80.5
80.5
79.7
69.0
65.5
66.0
69.0
65.7
64.6
64.2
64.7
62.8
61.0
60.0
60.2
61.2
61.4
61.1
61.8
60.9
61.7
61.8
61.4
61.2
62.1
62.4
64.2
69.3
66.8
65.7
65.4
67.5
66.1
66.0
65.8
63.2
61.7
61.7
65.9
66.8
65.3
63.6
63.2
63.6
68.0
68.8
66.8
66.7
68.9
75.0
76.8
73.4
74.0
71.5
73.2
74.9
68.0
65.4
62.800000000000004
60.2
68.7
70.6
67.9
71.5
71.3
77.1
78.0
74.4
72.7
74.9
72.5
74.5
75.9
75.5
75.3
75.2
75.8
76.1
76.7
76.6
77.0
77.5
76.9
86.5
77.1
167.9
78.2
76.8
75.6
76.2
76.80000000000001
