89.3
89.2
88.1
87.0
89.2
89.9
90.8
90.7
90.4
91.4
91.7
94.8
96.3
93.4
90.0
89.2
88.2
87.2
86.0
85.5
84.7
83.7
83.9
84.6
86.2
89.4
92.7
96.2
99.1
100.7
160.0
286.0
244.1
95.2
94.8
94.9
93.6
92.4
91.4
91.3
90.5
88.5
86.2
84.7
83.5
82.5
82.0
81.6
81.5
82.2
82.5
82.7
82.1
80.6
80.1
80.3
79.6
78.5
77.6
77.0
75.9
74.6
73.3
69.9
68.7
68.2
68.9
55.5
71.7
71.3
70.2
70.2
70.4
70.9
70.6
70.4
71.3
70.8
70.5
69.9
69.2
69.6
70.4
70.2
69.8
69.0
68.8
68.8
67.9
68.0
67.7
67.4
66.9
67.5
68.5
69.0
68.7
68.8
69.0
68.5
69.5
70.2
69.7
68.8
68.2
67.4
67.5
68.2
68.5
104.7
128.5
69.1
68.8
67.7
67.5
66.6
63.9
62.4
62.6
62.6
63.1
63.2
63.2
63.0
62.5
63.0
62.9
62.5
62.2
61.5
60.8
61.1
60.3
60.8
60.9
60.6
60.4
60.1
59.6
60.2
59.7
59.6
60.0
59.9
60.0
60.2
61.5
61.3
61.2
62.0
61.5
62.3
63.7
61.7
62.7
61.3
63.3
62.4
63.0
63.1
63.0
62.9
63.1
63.7
63.9
64.0
63.6
63.8
63.7
67.9
71.2
68.6
65.6
63.2
63.1
63.9
63.9
64.2
64.8
65.1
63.4
62.9
63.8
64.6
63.2
65.5
65.3
63.4
62.4
62.5
68.8
83.2
80.9
80.1
80.1
76.1
78.4
77.3
76.0
77.8
73.2
68.7
69.4
69.8
69.5
68.9
68.0
68.3
68.4
69.2
69.3
69.6
69.7
69.7
69.1
68.4
90.0
102.7
68.8
68.0
68.4
68.1
68.0
68.0
67.1
67.6
67.3
68.2
68.2
68.2
67.9
68.0
67.9
67.9
68.0
68.0
67.5
68.3
66.8
67.2
68.0
66.9
67.4
66.4
68.5
68.2
67.1
67.6
68.0
67.2
67.1
67.0
68.5
67.9
67.7
65.7
67.1
67.5
67.1
66.3
67.3
67.3
67.6
67.9
160.6
131.8
67.9
68.3
68.1
68.3
68.3
68.0
65.9
68.0
69.4
68.8
68.9
69.5
69.9
69.8
70.4
70.8
70.4
71.4
72.2
73.2
75.0
75.0
76.7
77.2
78.0
79.3
80.4
81.4
81.3
81.2
81.3
82.0
81.9
81.9
82.3
82.8
84.5
83.7
85.7
85.1
83.2
85.5
85.9
85.6
86.9
87.8
88.9
88.1
86.0
87.7
90.0
90.2
90.8
91.9
90.2
92.4
92.9
93.1
95.5
101.4
117.3
137.6
132.5
120.5
112.8
111.0
108.4
104.4
104.5
105.1
105.2
105.6
105.3
105.3
105.0
105.0
106.2
112.1
126.9
134.3
122.7
111.2
103.6
100.5
97.6
95.6
94.3
94.3
94.8
93.9
92.8
94.6
93.7
95.0
95.2
98.5
97.5
97.8
98.0
105.9
114.8
128.2
117.8
108.9
102.9
100.3
98.7
98.2
180.4
148.1
98.8
96.9
95.7
94.7
93.9
93.1
92.9
93.8
93.5
92.7
90.9
88.3
88.3
88.0
87.8
87.6
87.0
83.8
82.3
80.4
79.7
79.7
81.4
83.7
83.2
82.7
82.8
84.2
84.1
82.0
82.2
82.4
83.6
80.0
79.1
79.2
80.1
80.6
80.6
79.5
80.2
80.8
79.7
78.9
79.3
76.4
75.4
76.1
77.1
77.7
79.4
79.6
79.1
78.3
78.2
77.6
76.9
77.3
77.4
73.6
72.5
73.7
76.0
76.1
75.7
75.7
76.0
76.2
75.2
149.4
74.6
75.9
76.0
75.7
75.7
76.1
75.8
69.5
67.6
70.8
74.4
74.5
74.4
75.0
76.5
76.3
76.0
74.6
74.6
73.6
73.6
75.4
77.1
76.9
74.9
74.4
74.3
74.7
74.7
73.7
72.5
74.0
75.0
74.6
75.1
74.5
73.8
74.5
74.0
74.0
74.9
76.9
75.8
75.9
74.1
71.8
71.6
73.0
72.9
73.1
76.9
76.2
77.2
78.7
77.9
78.2
78.4
78.1
77.6
78.4
74.7
75.4
75.3
77.0
78.0
74.7
76.5
77.5
78.0
78.4
74.4
75.4
96.5
124.7
76.4
78.5
78.8
74.7
73.3
55.9
56.2
74.6
81.7
83.2
81.1
81.6
76.4
73.4
77.9
79.0
76.7
80.1
79.3
73.2
78.6
80.6
79.0
77.7
77.3
78.9
78.5
73.3
76.8
80.5
82.5
76.0
79.1
82.0
82.0
74.7
74.0
74.7
79.6
79.2
76.5
79.8
81.0
78.3
71.4
68.7
76.3
79.3
79.4
77.2
80.4
77.8
79.8
76.9
74.9
78.5
77.1
78.1
74.9
76.4
73.7
76.5
78.3
75.0
78.3
84.3
85.5
83.3
78.3
80.1
82.5
84.2
84.8
80.7
79.7
83.9
84.8
83.1
83.5
84.8
86.2
87.0
86.0
86.1
86.4
87.5
130.2
106.5
85.2
87.4
87.6
88.7
79.8
84.7
86.1
85.7
83.8
85.2
86.9
87.3
87.1
85.1
86.8
87.3
86.9
86.6
81.4
82.5
83.9
86.1
85.5
83.4
83.8
87.2
87.0
87.1
84.9
84.7
85.7
86.6
86.1
84.4
83.0
85.8
78.5
78.8
79.8
80.7
81.2
81.4
81.4
82.0
82.9
82.9
82.2
82.5
84.5
138.6
92.7
82.3
82.7
83.0
82.6
82.0
81.3
80.3
79.8
79.8
79.6
78.2
77.6
76.2
77.8
79.3
79.5
79.7
80.1
79.3
79.2
78.3
78.0
77.6
77.8
76.3
76.4
76.8
75.2
79.9
82.5
78.8
75.4
75.0
74.7
75.2
74.9
74.7
74.8
75.1
74.6
74.0
73.7
73.4
73.0
72.9
71.2
71.5
72.1
71.8
71.9
138.4
201.0
94.3
69.9
67.9
68.7
68.0
67.5
66.6
65.7
64.6
64.4
63.1
63.3
63.0
60.4
61.0
61.8
62.5
63.3
62.7
62.3
62.0
61.5
60.6
61.3
61.9
62.2
61.7
75.7
126.5
95.3
64.2
65.1
66.1
66.7
68.0
68.3
67.1
64.9
64.3
62.1
64.8
64.2
63.5
63.4
63.6
64.2
64.7
65.3
63.2
62.4
62.0
61.8
62.3
63.0
63.3
62.4
62.6
63.4
62.9
63.5
65.0
64.7
64.5
65.3
65.2
64.6
62.9
62.6
63.9
64.6
64.1
64.1
63.8
62.6
64.1
64.3
64.5
65.0
64.2
64.1
65.7
66.3
66.3
67.3
66.8
65.5
65.0
66.0
66.8
67.4
67.5
67.4
67.3
66.5
67.4
69.5
69.2
69.8
70.7
71.5
71.6
70.7
71.5
71.8
72.2
71.7
70.9
70.7
71.5
71.3
70.9
71.2
71.7
71.2
71.1
71.4
71.0
70.3
71.5
73.2
74.7
74.5
72.9
72.5
73.3
74.2
74.9
75.1
75.0
75.6
75.9
76.5
76.1
76.1
77.4
77.7
78.2
77.8
77.4
77.1
76.6
77.1
79.6
81.3
79.6
79.8
80.4
81.1
81.5
81.5
81.6
82.8
83.9
83.9
84.3
83.1
83.6
84.8
83.6
83.3
85.1
86.9
87.8
90.9
92.6
90.6
89.5
85.5
82.3
88.1
82.4
78.9
79.8
81.3
82.0
82.2
82.8
84.4
85.3
84.3
85.6
86.4
87.0
87.4
87.1
88.1
88.4
98.2
118.7
90.1
104.6
118.9
88.3
86.6
86.1
85.5
86.1
85.5
85.2
84.5
84.6
84.6
85.6
84.3
83.2
83.3
82.7
83.1
83.0
83.3
82.1
82.4
82.0
82.6
83.1
83.8
83.2
83.6
83.6
83.3
83.9
85.8
85.5
84.4
85.0
85.9
86.1
84.9
82.5
85.5
87.4
85.6
83.7
83.7
82.5
79.9
79.2
78.5
79.4
79.5
78.7
79.0
80.7
79.4
78.5
77.3
76.9
74.0
73.5
73.7
72.5
86.7
115.7
75.0
75.9
76.7
81.1
84.7
82.7
79.7
78.7
76.6
77.6
77.7
72.6
70.4
71.2
73.8
74.2
75.0
75.5
76.6
73.5
72.7
71.4
72.3
72.7
73.5
73.9
73.8
72.3
71.2
71.9
72.7
74.2
70.8
70.6
70.1
71.4
71.8
71.6
70.9
70.9
71.5
71.9
72.9
74.4
76.0
75.1
76.0
76.8
75.7
72.7
71.6
71.5
72.3
72.8
73.2
71.9
70.7
70.5
71.8
73.1
73.6
74.1
76.7
91.0
78.6
74.8
75.1
74.7
74.5
74.4
75.0
80.4
78.6
75.8
74.3
74.6
67.5
68.4
74.3
73.3
75.2
77.8
79.4
80.5
81.7
79.9
77.8
76.9
76.8
77.6
79.3
96.1
93.0
82.6
77.4
75.0
76.5
76.8
75.5
74.1
74.4
74.5
76.7
77.1
78.3
80.5
81.9
82.1
81.2
78.9
76.9
76.5
77.7
78.0
77.2
76.5
78.0
74.4
74.5
75.9
76.4
77.7
78.1
79.8
81.4
82.3
83.3
81.9
81.2
81.0
80.6
80.2
80.6
79.2
78.9
79.9
79.8
81.0
85.1
89.7
93.7
103.6
86.7
84.9
83.7
83.7
82.8
82.5
85.0
84.7
83.8
82.5
82.1
81.0
80.4
81.5
81.9
82.3
83.1
83.9
83.4
82.7
83.0
84.1
84.1
84.0
83.2
83.4
83.1
82.5
81.7
81.5
82.2
82.2
81.8
81.9
83.8
89.0
192.8
92.3
90.9
89.6
88.1
88.0
86.8
87.2
87.5
87.1
86.4
86.5
86.3
86.3
87.0
88.4
87.8
88.1
86.4
85.5
86.6
86.3
86.5
86.3
87.0
86.3
85.6
85.0
85.1
84.4
84.7
83.3
83.7
85.5
84.7
85.0
84.0
84.5
84.9
84.6
84.2
84.2
85.2
84.5
84.2
84.2
85.2
157.1
84.1
87.0
85.2
84.8
84.0
84.7
84.9
87.1
89.3
92.8
90.5
86.7
86.2
85.8
83.0
84.6
85.2
90.4
87.4
85.9
84.9
84.5
85.1
85.0
84.7
85.1
85.2
85.1
84.9
84.2
84.5
84.1
83.6
84.4
85.5
84.6
85.4
85.2
84.6
85.1
85.7
84.5
84.6
84.3
181.0
84.8
84.8
82.8
89.2
86.0
81.8
80.1
80.8
81.7
80.8
80.4
80.5
79.9
80.3
80.2
81.6
80.7
81.0
81.7
80.0
79.9
80.0
81.0
81.4
81.5
81.1
81.2
80.5
81.3
80.4
80.4
80.3
80.3
80.0
80.4
80.9
81.3
81.6
81.2
80.9
80.8
80.5
81.3
81.2
80.7
80.8
78.3
79.5
78.7
80.2
80.6
80.3
80.5
80.4
79.9
79.5
79.6
80.1
80.3
80.1
80.4
80.5
80.5
80.3
80.4
80.3
79.4
85.5
92.0
89.0
84.3
81.5
80.1
79.3
79.3
168.1
222.1
151.5
78.1
78.3
77.1
79.6
81.8
83.1
84.5
85.3
87.1
88.8
88.7
88.6
90.3
90.6
87.2
83.4
81.0
80.0
80.5
79.4
79.1
79.6
81.1
82.2
80.8
80.7
80.7
83.4
85.5
85.8
85.0
85.3
85.3
84.6
83.3
84.2
84.5
83.8
83.5
84.2
83.2
83.8
82.8
82.7
83.1
83.6
109.8
161.9
80.1
79.7
81.3
77.1
83.8
85.3
81.5
79.8
79.2
79.9
79.5
79.1
78.4
78.5
78.7
79.7
79.5
79.2
79.6
79.1
79.4
80.1
78.8
77.8
77.7
76.9
76.5
76.7
77.0
76.8
77.0
76.4
76.6
76.7
74.9
75.9
75.9
75.5
75.0
74.3
74.7
73.8
72.6
73.2
72.9
73.1
73.2
72.6
70.7
65.2
51.3
57.1
58.2
59.9
60.1
55.7
57.2
63.3
62.6
68.2
95.8
56.2
42.1
46.5
53.1
53.6
45.9
54.6
55.1
52.4
49.6
54.9
56.7
57.2
59.0
60.6
62.2
63.0
62.6
63.8
67.2
75.2
70.4
82.7
90.0
65.1
61.1
58.7
59.2
60.8
60.7
60.2
62.7
60.2
57.6
56.3
59.7
66.4
65.6
3.9
35.3
59.1
89.6
57.7
57.8
57.1
57.8
58.2
58.7
60.9
60.8
60.7
64.5
74.2
67.8
62.7
64.5
65.5
67.7
70.5
71.8
73.7
77.2
78.6
79.5
79.7
77.5
77.2
76.8
75.5
76.2
76.2
77.0
76.9
76.4
77.2
77.7
78.9
79.3
80.2
78.7
84.7
83.7
84.3
96.2
98.9
94.8
90.0
86.9
85.1
82.7
82.3
84.1
87.7
85.5
86.3
83.4
80.8
81.6
83.6
92.7
93.2
89.9
108.7
105.9
82.1
82.7
83.5
83.4
83.0
82.2
83.1
89.0
89.7
89.0
88.3
88.6
89.3
89.2
88.3
154.8
88.0
88.9
89.2
89.2
90.6
94.7
96.8
98.3
94.6
92.3
87.3
89.3
90.8
84.4
79.2
76.2
75.7
76.3
75.9
74.5
75.2
73.8
71.3
72.6
73.9
73.1
71.3
70.2
69.9
70.8
69.4
69.4
69.1
69.2
69.0
70.9
71.2
71.9
73.7
75.4
75.6
75.1
76.7
77.8
79.2
81.3
83.8
87.2
89.2
90.9
93.2
94.7
96.2
97.5
98.6
99.1
99.0
99.8
97.1
139.2
101.3
95.8
94.6
93.6
93.2
93.5
92.6
92.0
90.9
89.9
90.6
89.5
88.7
87.0
84.5
84.6
83.4
81.5
80.6
79.6
79.8
78.6
79.1
79.1
78.6
77.9
77.6
77.7
77.3
76.4
75.9
75.7
75.0
74.0
74.9
75.1
74.6
75.1
77.0
75.4
75.1
75.9
75.8
76.2
77.6
77.6
77.8
79.2
81.7
82.7
84.4
83.7
84.9
85.3
85.5
86.7
86.4
87.4
87.5
87.0
151.1
85.0
87.7
85.8
86.7
86.0
86.4
85.9
86.8
86.1
85.5
86.2
85.4
84.8
84.1
84.3
84.1
83.1
82.9
83.0
83.6
83.5
83.6
81.2
80.2
79.3
78.9
78.3
77.1
88.9
88.2
87.3
81.4
78.7
76.8
76.0
74.4
73.0
72.4
74.3
77.0
78.9
81.2
83.8
85.4
86.5
87.4
88.8
88.2
87.6
87.3
86.1
84.6
85.5
84.7
83.7
84.1
84.8
85.3
86.6
86.1
145.6
43.1
84.5
85.3
85.2
84.3
83.8
82.9
82.2
81.8
81.6
82.4
83.9
83.9
83.5
83.4
82.5
82.5
83.2
83.7
82.7
81.6
82.3
82.4
82.4
82.4
82.0
82.0
80.9
80.3
80.4
79.4
78.8
78.5
79.3
79.2
79.1
79.7
80.0
80.3
80.9
80.3
78.6
79.1
79.6
80.4
80.4
79.8
79.7
80.8
79.4
79.1
78.5
78.2
76.8
77.1
77.9
78.3
77.6
77.3
77.5
78.1
77.8
77.5
77.7
78.4
78.0
77.4
76.5
76.1
75.5
75.3
74.9
75.7
75.9
75.9
75.9
77.5
77.9
77.6
80.6
81.6
82.8
80.6
78.0
77.7
106.3
112.5
76.4
80.5
79.0
73.6
73.0
73.0
72.9
71.3
79.8
78.9
78.6
76.4
73.9
73.0
73.1
73.2
72.5
70.8
72.1
81.2
81.4
78.4
74.2
71.3
69.8
68.1
69.5
70.3
72.1
72.3
72.4
72.7
73.2
72.7
57.7
71.8
71.2
70.5
69.8
69.0
68.9
71.5
89.7
65.5
65.4
65.1
65.1
64.6
64.6
64.4
63.2
61.1
61.5
61.9
62.3
61.4
62.0
61.3
63.9
64.1
64.9
65.8
65.1
64.6
65.8
65.9
64.8
63.7
67.3
66.3
64.7
63.8
62.5
61.9
60.8
60.5
59.8
59.8
61.1
62.0
62.1
60.6
61.2
62.0
62.4
62.2
63.2
64.3
65.8
66.2
66.6
68.9
69.4
70.2
70.5
72.3
72.8
73.6
72.1
73.7
72.9
70.6
70.7
70.1
68.7
67.8
66.1
65.3
64.3
63.9
86.5
69.8
63.1
61.7
60.3
58.89999999999999
56.0
64.9
64.9
65.1
64.2
64.7
64.5
99.6
101.9
89.2
64.1
64.0
63.2
62.4
61.8
61.5
61.5
65.2
71.0
70.1
69.4
69.5
68.6
67.9
67.5
66.7
65.3
63.5
63.6
64.1
63.5
62.9
64.7
62.5
62.6
63.5
63.3
63.1
63.5
62.1
62.3
62.0
62.2
63.0
63.0
63.6
63.7
61.3
62.5
62.6
63.4
63.1
64.9
64.8
62.9
61.9
62.0
61.9
62.3
60.6
60.2
59.9
60.5
61.9
66.3
65.5
62.8
63.2
64.9
62.5
59.7
54.8
54.8
54.0
53.9
56.3
61.5
69.2
59.7
55.8
59.3
56.4
57.6
55.9
53.1
51.5
81.6
51.1
50.5
52.1
51.6
50.2
49.7
49.6
103.0
198.9
190.8
47.5
47.0
46.9
47.3
47.9
51.0
50.5
48.9
47.6
47.7
47.4
47.0
46.8
47.4
47.8
48.2
49.6
48.4
48.1
49.6
50.0
52.1
53.5
53.2
54.1
54.9
61.0
57.2
57.5
60.9
63.3
62.6
65.2
68.6
69.4
73.2
80.3
77.2
80.5
84.1
85.6
86.8
87.8
88.8
90.3
91.4
102.2
96.1
97.3
107.5
158.5
102.6
103.3
103.0
102.8
102.5
103.9
106.0
102.9
100.4
97.5
104.5
93.7
93.0
90.8
87.2
84.9
83.6
82.2
79.6
77.4
75.4
73.1
70.5
68.2
67.6
69.2
61.8
59.8
59.3
57.7
57.4
56.7
55.5
54.8
60.6
62.7
58.3
56.5
55.3
54.4
56.3
50.2
49.9
49.5
48.5
50.2
47.8
48.2
49.3
52.4
52.9
52.2
53.3
53.3
54.1
58.7
55.5
58.1
59.7
60.3
61.3
63.0
64.8
68.6
70.7
71.7
73.0
76.8
79.0
82.1
94.8
88.6
91.1
94.0
98.5
99.9
99.7
101.1
103.3
102.6
102.8
102.6
102.0
102.2
98.9
103.1
92.8
93.4
93.1
92.4
92.4
91.8
90.5
90.9
90.3
88.2
86.3
85.2
84.2
83.0
89.4
81.6
80.3
79.1
78.3
77.7
76.8
75.6
73.1
71.5
70.1
68.6
68.6
68.2
66.9
65.2
64.1
63.0
62.2
62.7
62.6
70.0
70.7
71.7
68.0
64.8
61.9
59.9
60.4
60.1
58.9
57.3
55.7
59.0
57.9
59.0
57.4
55.8
56.3
57.4
58.7
57.8
57.4
58.7
59.9
60.8
60.6
60.6
61.1
62.6
66.5
64.5
64.5
65.4
66.3
67.1
69.2
162.8
263.0
263.0
250.4
219.1
124.2
111.9
90.2
96.7
75.8
74.5
94.3
98.8
92.6
88.7
86.2
84.9
84.8
85.4
85.2
81.5
83.9
84.3
91.0
83.0
81.8
83.1
84.9
81.9
80.5
80.8
78.9
77.6
77.8
76.7
75.9
75.6
74.4
77.6
75.4
73.6
73.2
73.2
73.8
72.3
71.1
75.9
78.0
79.2
78.0
75.2
72.6
70.9
74.0
70.6
68.7
67.2
66.4
66.0
65.6
64.5
63.7
67.5
64.8
62.6
63.2
58.7
58.2
61.8
61.5
61.0
62.0
60.3
59.5
59.3
59.9
62.0
61.3
61.5
62.4
61.5
61.6
64.2
68.2
66.3
66.9
66.8
67.6
68.5
67.4
68.5
70.6
70.8
69.9
71.2
74.6
74.0
76.4
72.3
80.4
85.3
86.5
84.4
83.2
81.3
80.0
78.5
76.4
75.5
74.4
73.9
74.0
73.6
76.4
74.4
73.5
71.1
70.0
72.3
73.1
76.4
77.0
73.3
71.6
73.0
70.4
68.2
66.9
70.4
70.9
69.9
73.8
72.9
70.8
71.1
72.5
72.3
72.9
71.5
70.3
70.7
72.1
71.4
72.4
75.5
74.5
72.1
72.7
74.8
75.5
75.5
76.0
76.0
76.5
76.4
77.1
76.6
79.0
89.3
79.9
77.9
76.9
77.6
77.4
76.8
77.3
76.2
74.4
72.6
71.2
74.5
73.6
72.0
81.3
74.8
72.6
72.7
72.0
70.6
69.9
69.4
68.9
76.9
84.9
83.4
77.8
74.4
74.5
79.9
79.5
78.6
79.7
82.2
79.2
80.5
86.7
85.9
85.8
105.4
142.8
120.7
111.5
157.7
124.6
110.8
108.0
102.9
108.6
74.8
74.8
73.3
72.3
73.1
72.3
72.3
71.6
71.2
69.0
103.9
109.4
65.3
71.2
72.4
73.2
65.5
62.2
61.5
60.5
59.8
57.1
59.5
61.2
62.0
63.2
64.6
67.1
73.2
74.1
73.7
76.2
78.6
80.2
82.1
82.5
85.0
86.3
85.9
84.6
84.5
85.2
84.8
85.9
86.3
83.8
86.5
86.7
84.1
85.5
121.7
94.8
90.5
89.3
87.3
86.0
82.1
82.2
80.0
79.8
78.4
80.3
78.2
74.7
71.6
71.3
71.0
70.5
67.8
68.2
67.9
71.6
72.1
68.2
76.8
76.7
72.7
69.1
67.4
65.7
63.9
62.0
60.3
61.5
59.2
57.6
56.6
58.8
58.7
59.0
60.7
64.5
64.1
65.8
64.2
67.6
104.7
229.8
181.0
66.4
71.5
72.8
73.3
73.0
79.3
80.6
82.3
85.0
85.3
87.1
86.9
88.4
89.1
88.7
88.1
89.6
92.8
96.6
101.9
103.8
105.4
104.0
102.3
101.7
102.3
100.7
98.1
100.0
99.6
98.9
97.1
98.6
98.4
97.7
96.6
96.4
94.5
94.1
93.4
91.9
92.5
91.6
90.7
90.4
89.9
89.1
88.6
86.7
87.0
86.1
85.2
84.4
82.5
81.4
83.0
83.2
82.1
81.8
81.3
80.0
79.6
78.1
77.1
74.6
72.1
71.8
71.3
71.3
69.7
68.8
68.3
68.7
67.5
67.2
69.3
70.2
69.4
68.7
67.2
69.4
68.8
67.9
66.7
66.1
63.8
63.6
88.6
66.1
65.0
65.3
65.5
65.8
66.1
66.2
66.0
65.5
64.5
64.7
64.7
64.0
64.8
72.0
71.4
67.9
67.7
67.2
68.6
68.2
67.8
69.0
69.7
70.6
72.0
71.9
72.5
72.7
73.7
75.0
76.2
77.3
77.7
78.3
78.4
80.8
82.3
81.9
82.5
93.5
101.8
112.1
104.1
103.4
99.5
92.9
82.2
80.6
79.1
84.7
93.4
93.9
90.9
85.5
83.2
83.1
81.6
80.7
80.2
79.4
75.6
77.6
73.0
67.4
67.6
67.5
67.3
67.5
67.3
69.6
70.4
69.2
72.7
73.0
70.6
73.9
73.2
74.9
74.5
75.4
73.7
74.5
75.2
75.2
77.4
75.6
76.2
77.5
76.8
73.4
77.3
79.0
72.6
73.6
75.8
73.9
72.4
75.3
78.7
82.7
83.8
79.4
80.9
81.6
187.6
107.7
85.0
84.0
83.9
83.4
83.2
82.6
81.7
81.6
88.2
93.7
87.0
84.0
81.8
80.3
79.9
79.9
79.9
79.6
80.6
81.1
80.4
80.7
80.3
79.4
79.9
80.4
79.8
79.9
80.3
80.2
80.0
79.9
79.5
79.9
79.5
78.4
77.9
77.4
77.6
77.4
77.0
76.2
75.7
75.1
74.5
74.6
74.7
74.8
73.6
73.3
73.2
73.6
72.5
73.4
74.0
74.3
74.5
74.7
74.1
73.3
73.5
73.6
73.7
70.9
69.7
71.2
70.8
69.5
72.6
71.8
72.0
79.9
80.9
79.6
78.2
74.7
70.5
66.6
64.0
67.7
82.9
102.8
103.2
63.8
38.0
51.0
64.5
60.7
61.3
60.4
59.4
60.0
61.2
60.8
61.1
65.0
65.2
65.4
68.7
66.2
68.5
70.9
71.9
73.6
74.9
76.6
78.5
79.2
80.1
86.3
80.4
79.6
79.6
79.9
79.5
79.7
79.6
79.0
79.3
79.2
79.5
79.1
79.3
79.4
81.7
75.3
74.6
75.6
74.2
73.8
74.7
74.8
75.6
76.39999999999999
165.1
76.9
77.2
76.4
77.1
83.4
77.8
76.3
74.3
73.4
72.7
71.9
70.5
69.9
69.2
68.3
67.9
67.5
66.7
66.5
68.7
66.5
66.3
66.2
66.4
65.9
66.4
65.7
65.8
65.4
64.7
65.0
65.1
64.5
64.6
69.2
66.8
66.6
66.2
64.5
66.4
68.3
68.7
68.5
69.3
68.0
69.3
70.2
69.8
69.1
73.4
71.0
71.2
70.4
87.8
118.1
77.0
75.8
76.0
77.1
77.8
77.4
76.3
75.5
75.2
78.9
74.2
73.7
73.2
73.5
72.7
77.7
91.2
97.8
93.8
95.5
87.1
82.8
79.0
75.8
83.8
72.1
69.9
69.8
67.3
67.2
68.0
65.4
63.1
60.3
58.8
57.0
225.0
194.1
206.9
184.5
62.6
62.6
63.8
65.5
64.1
62.6
62.8
61.0
58.9
59.8
64.4
66.4
66.7
67.4
72.0
69.4
70.7
70.8
72.6
73.8
70.4
71.9
78.4
78.8
79.5
79.4
79.7
78.4
77.4
82.2
77.3
77.9
78.4
77.9
77.7
77.1
75.9
75.7
76.5
76.3
78.8
77.7
76.7
76.0
80.9
73.8
73.2
73.1
74.0
73.9
72.8
72.2
70.7
69.8
70.2
70.5
70.1
70.2
69.6
80.3
71.5
67.7
67.6
67.7
66.5
66.4
65.3
65.5
66.2
66.7
67.6
68.4
68.4
68.4
78.6
69.7
68.8
68.5
67.9
67.3
68.1
69.8
71.6
70.6
68.7
69.1
70.2
71.3
204.7
216.2
207.5
71.3
71.4
72.2
72.6
69.7
67.9
67.5
68.8
69.0
68.4
68.0
68.9
69.8
74.5
70.5
69.7
69.5
69.7
70.2
70.4
70.8
72.0
72.3
71.3
71.3
71.5
71.5
70.5
76.3
73.2
71.6
71.9
71.8
71.4
71.2
71.1
71.7
71.8
73.2
76.5
76.1
75.7
76.1
81.8
76.3
75.0
74.9
74.4
73.7
72.6
72.5
72.3
72.0
70.8
70.9
71.0
72.0
71.8
77.0
71.9
71.1
70.7
71.3
72.5
72.4
70.9
68.3
67.5
66.5
65.9
65.7
64.9
77.0
88.5
78.9
76.0
73.4
72.1
72.3
72.1
72.0
75.8
73.0
71.6
70.4
70.1
68.8
69.0
73.0
71.9
69.1
67.8
65.9
65.1
63.1
64.4
63.3
63.3
62.2
63.3
61.8
61.3
62.0
70.5
66.2
66.9
68.9
68.7
70.3
71.3
71.9
71.8
73.4
73.6
71.3
67.1
67.9
68.4
75.3
69.8
69.2
69.9
69.8
71.0
69.9
69.1
68.2
68.1
68.7
70.2
70.5
70.5
70.7
81.5
71.9
73.1
72.8
74.4
76.5
78.8
78.2
78.9
79.5
76.9
76.7
78.8
78.7
79.5
89.8
79.9
79.3
78.5
78.5
79.6
76.4
72.5
72.2
71.0
71.1
71.5
71.0
71.5
71.3
81.7
73.4
76.5
73.1
72.7
72.6
72.8
71.9
72.3
72.5
72.8
72.7
74.5
74.3
73.2
80.6
73.6
76.7
74.8
75.1
75.6
74.5
77.2
79.4
77.5
78.0
76.5
77.4
288.0
124.7
98.7
87.8
85.6
83.3
80.0
79.7
80.1
80.3
80.5
80.3
82.0
82.2
80.1
75.8
74.9
99.0
91.7
91.0
88.0
82.5
79.9
79.0
78.2
77.9
78.9
79.3
78.8
80.2
80.2
79.3
87.1
83.8
84.7
81.1
78.7
78.2
78.5
79.1
78.8
78.9
79.6
80.5
81.3
81.5
81.8
89.1
83.0
81.9
82.3
81.5
83.5
83.9
83.0
83.8
89.2
109.3
111.1
101.3
94.8
94.4
99.1
84.1
81.0
79.0
77.0
75.7
74.6
73.1
72.7
73.4
74.1
73.7
73.7
74.2
72.7
77.3
71.9
72.6
71.4
70.4
67.4
67.1
67.9
67.6
67.0
67.5
67.6
67.3
68.3
69.8
80.7
76.7
76.1
74.8
72.3
73.7
74.2
75.0
73.4
73.7
73.8
73.7
74.0
73.6
75.3
86.7
78.3
77.2
77.0
77.6
79.7
79.9
81.1
82.1
81.9
82.5
82.3
83.7
83.6
84.2
92.3
85.6
85.4
86.8
86.1
85.5
84.6
84.3
83.9
83.7
84.6
84.6
89.7
87.2
86.3
99.2
86.6
86.2
86.6
86.9
87.1
86.8
85.5
85.3
85.6
86.0
86.2
86.5
86.1
86.9
85.7
86.5
85.3
84.9
84.8
84.2
83.5
84.0
83.4
82.7
84.7
79.9
84.5
84.8
85.1
84.5
123.0
303.0
117.5
85.3
83.7
83.4
83.0
82.7
82.0
82.2
83.0
83.7
83.4
84.1
84.0
85.7
90.0
91.0
93.2
94.0
93.8
92.5
92.0
90.6
89.2
87.5
85.3
83.6
82.6
81.0
79.2
77.8
78.2
78.0
85.9
95.5
89.3
86.2
83.5
80.4
78.7
78.1
78.6
77.7
77.3
77.3
76.7
76.0
75.4
74.5
74.9
74.9
75.3
74.1
73.2
73.8
73.8
74.2
73.8
72.5
74.0
79.1
75.2
73.2
73.7
73.0
71.9
71.8
71.8
71.7
72.4
71.7
71.2
72.1
72.4
72.3
74.0
75.0
76.5
76.7
76.9
76.1
75.0
76.3
76.9
77.8
79.2
78.0
78.5
77.5
78.0
78.5
78.5
76.9
80.5
82.2
81.4
82.3
83.6
84.8
84.8
84.2
84.3
84.9
85.7
86.8
89.0
89.4
90.2
89.5
86.9
84.4
85.8
84.6
83.1
82.9
83.3
83.3
85.5
84.4
82.7
81.9
81.1
80.3
78.8
77.8
77.3
76.5
76.0
75.5
75.6
75.8
74.8
75.1
75.6
75.9
76.2
77.1
77.5
75.6
74.6
76.8
78.2
77.9
77.5
81.3
79.5
77.2
77.5
77.4
78.1
77.6
76.5
76.6
76.3
76.0
77.0
75.8
76.6
77.9
76.5
75.9
76.2
76.8
75.5
74.8
74.9
75.4
75.5
76.6
78.2
80.0
80.8
81.2
80.7
79.2
79.7
79.0
80.6
80.4
78.5
77.3
77.7
76.8
79.4
77.9
77.7
79.4
79.1
79.6
76.0
76.6
73.8
72.3
73.0
72.3
72.6
73.2
72.9
71.3
70.8
71.3
72.1
73.0
72.3
70.7
71.5
71.3
71.7
71.5
71.2
72.4
72.7
76.2
73.2
72.7
69.9
69.9
69.9
69.5
68.9
69.1
69.2
69.1
69.6
69.7
69.1
69.8
70.1
69.5
68.6
71.4
72.7
73.7
84.0
86.8
80.8
76.9
73.2
71.9
71.5
71.4
70.8
70.3
69.9
69.5
69.8
68.7
68.9
69.1
69.1
68.8
68.9
69.1
80.9
79.5
74.1
73.7
73.2
72.7
72.9
71.4
71.3
71.1
70.5
70.1
71.2
71.4
70.3
69.8
69.9
70.0
72.2
71.8
70.8
70.8
70.1
70.4
72.2
78.6
75.1
73.4
72.6
71.7
72.1
71.3
71.1
70.8
70.0
69.8
73.0
71.0
70.9
71.3
70.1
87.9
182.6
283.6
266.3
189.3
72.3
70.7
71.1
70.5
69.7
69.6
70.3
70.8
70.6
69.8
69.5
70.2
70.7
71.5
70.9
72.7
72.0
72.4
72.4
72.6
73.1
76.7
75.0
109.2
76.7
80.1
76.3
73.5
73.1
76.7
73.3
84.2
87.8
89.5
94.8
98.0
86.8
88.0
82.8
80.9
84.3
97.7
84.1
84.3
85.5
84.2
117.1
92.3
84.9
79.8
76.9
73.5
72.4
71.2
69.2
80.4
75.4
74.2
71.8
78.0
72.2
69.5
73.0
69.2
70.0
76.0
71.5
68.9
66.4
66.8
66.6
67.7
67.0
67.5
67.3
66.2
66.3
66.2
65.7
66.3
65.8
65.8
65.8
65.7
87.7
172.8
270.7
249.2
223.0
137.0
124.2
197.0
191.5
72.5
70.2
69.8
69.4
71.2
74.3
90.7
97.8
73.1
92.6
106.2
72.8
68.6
70.3
71.4
72.8
70.3
73.0
70.3
69.2
68.1
67.5
67.2
67.2
67.9
68.6
67.0
66.7
66.5
160.5
68.1
68.5
70.6
71.2
72.0
72.0
70.9
71.6
72.4
68.4
68.8
71.3
72.4
70.6
72.8
71.2
71.6
71.0
69.9
69.6
70.8
70.8
71.7
72.1
71.1
71.1
70.5
70.6
71.7
71.9
71.1
72.1
72.7
72.3
71.5
72.5
73.2
73.5
72.9
72.3
72.4
73.0
79.2
78.6
76.3
74.7
75.9
76.8
75.8
75.5
75.6
75.3
76.0
75.8
75.1
74.2
76.4
75.8
75.2
75.4
75.6
77.3
79.6
79.9
87.4
90.8
90.1
90.4
88.4
88.3
87.2
85.2
83.9
82.2
81.2
79.4
79.5
77.1
75.5
76.8
77.3
75.8
75.1
74.5
74.1
73.9
74.9
73.1
72.7
71.6
70.2
69.4
69.5
71.3
72.6
73.0
47.7
72.9
71.5
71.1
73.5
76.8
78.9
73.2
74.6
72.8
75.8
74.5
72.5
71.6
69.8
71.3
75.0
75.4
73.3
71.3
74.2
72.7
70.6
71.2
70.1
70.8
71.4
69.8
69.7
71.0
71.7
70.6
70.9
71.2
70.9
71.1
72.9
71.2
73.7
85.0
88.0
85.7
82.5
79.2
77.8
77.9
75.1
72.0
70.2
70.4
69.3
68.6
68.2
68.5
66.9
66.5
66.0
66.4
66.6
65.2
65.3
66.2
68.3
67.2
67.1
65.3
65.4
64.8
64.2
63.8
62.8
63.6
63.8
62.6
61.8
61.8
63.3
65.1
66.4
66.9
67.9
67.3
66.2
65.7
64.4
63.9
62.2
61.3
63.7
70.4
79.6
93.6
103.0
110.9
125.2
119.5
119.0
121.9
127.7
129.3
133.9
139.9
142.5
140.3
142.8
147.0
146.8
140.1
141.3
145.6
106.0
72.7
79.8
67.9
68.5
67.4
66.3
66.1
65.6
69.8
97.2
100.2
99.5
99.3
102.0
101.5
103.0
103.1
102.6
169.2
205.8
216.5
221.4
224.1
154.4
124.9
71.1
69.6
68.9
66.3
66.4
65.3
65.2
67.5
69.4
67.3
67.4
66.9
65.4
64.2
65.7
64.9
64.4
63.4
64.7
68.8
69.4
66.7
65.0
66.0
64.6
64.5
64.4
64.1
63.3
63.1
63.3
62.8
62.8
63.9
63.4
65.1
64.4
65.8
65.5
67.6
70.7
71.9
74.6
72.0
64.7
66.5
68.9
71.0
68.8
65.8
66.5
71.6
82.8
84.9
88.0
83.5
82.6
83.6
84.4
86.7
86.5
87.2
85.9
85.9
86.0
85.6
85.7
85.3
85.1
86.0
86.1
86.3
87.0
86.9
86.0
86.1
86.6
86.7
73.3
62.3
68.2
72.2
69.9
71.6
71.4
70.1
75.5
72.6
69.1
68.1
67.0
65.8
64.9
63.6
63.3
64.1
63.9
63.6
62.7
61.9
64.3
65.4
66.3
68.4
65.3
67.5
66.2
65.8
64.1
63.5
64.9
66.1
170.1
190.2
200.0
203.8
94.7
67.5
65.9
66.3
64.8
63.2
63.0
62.9
62.4
63.6
64.4
63.3
64.1
63.3
62.6
63.7
62.4
61.8
122.9
66.6
70.5
74.8
84.7
142.1
143.7
65.9
67.1
66.9
67.3
66.8
68.3
68.0
67.5
67.9
67.0
66.1
64.5
63.2
62.5
64.5
68.2
70.2
70.3
67.7
66.4
65.7
64.7
64.4
63.7
62.9
63.1
63.2
63.6
62.0
62.2
62.1
61.7
61.7
61.7
62.7
62.5
63.3
62.9
63.1
63.4
64.7
64.5
64.0
63.6
63.7
63.1
62.7
62.8
68.1
111.2
120.5
87.4
116.6
118.9
66.8
87.3
114.4
174.2
158.1
182.1
115.1
100.1
102.5
103.6
133.2
126.9
73.5
69.5
67.4
66.4
67.5
69.3
69.8
70.7
70.9
106.9
86.2
78.0
77.2
76.0
75.2
72.5
73.2
72.5
74.5
73.3
73.1
72.4
75.5
75.2
73.7
72.1
72.7
74.2
76.0
84.9
83.5
81.9
82.3
83.5
83.9
83.6
82.3
81.1
80.3
81.5
81.8
82.8
82.0
80.5
79.3
80.2
83.4
83.8
83.9
81.4
81.5
81.9
80.0
81.1
84.5
85.9
83.2
82.7
84.2
83.8
83.3
86.1
85.3
83.2
84.7
84.8
85.7
85.2
83.3
83.3
81.4
83.2
82.6
82.2
81.5
80.3
79.0
80.0
81.7
85.4
86.7
83.8
84.8
83.4
81.2
82.4
81.3
82.8
85.0
82.5
81.5
82.0
81.9
81.6
81.0
78.0
79.9
80.0
82.5
87.0
84.2
82.4
80.5
80.0
78.4
77.2
77.7
77.1
84.5
84.2
82.6
81.6
81.3
79.4
80.4
81.4
92.05000000000001
97.875
103.7
96.3
126.8
177.3
134.3
134.3
135.6
135.7
137.5
138.8
136.8
143.2
155.0
153.4
153.8
149.5
121.8
73.2
81.7
90.2
80.036
79.20400000000001
78.372
77.54
76.708
75.876
75.044
74.212
73.38
72.548
71.71600000000001
70.884
70.052
69.22
68.388
67.556
66.724
65.892
65.06
64.22800000000001
63.396
62.564
61.732
60.900000000000006
60.068
59.236000000000004
58.403999999999996
57.572
56.74
55.908
55.076
54.244
53.412
52.58
51.748000000000005
50.916
50.084
49.252
48.42
47.588
46.756
45.924
45.092
44.26
43.428
42.596
41.763999999999996
40.932
40.1
65.4
83.9
83.0
79.9
77.9
74.3
72.0
93.8
137.4
144.9
186.8
133.5
89.0
94.4
95.6
86.4
86.2
84.2
83.3
88.8
95.3
93.7
91.4
91.2
87.7
83.6
81.2
80.0
79.4
78.4
78.5
79.5
82.7
87.7
83.2
79.8
77.8
81.5
120.3
203.3
181.6
96.3
89.4
92.0
90.9
86.8
91.4
96.3
92.0
88.8
86.8
87.8
84.5
82.0
80.8
79.5
80.0
78.2
74.9
73.8
73.1
74.7
89.1
97.3
92.0
90.1
88.9
89.2
86.7
84.3
81.8
78.3
77.8
78.3
77.1
75.6
75.7
76.2
76.1
74.6
74.2
72.2
71.4
70.7
70.4
72.1
70.3
70.2
70.5
70.8
70.3
193.5
248.4
303.3
168.86666666666667
129.1
70.0
71.8
72.8
73.3
74.5
75.0
75.2
75.5
75.9
75.8
76.0
75.4
76.5
79.7
78.7
78.6
80.2
73.9
76.8
77.2
78.5
81.3
81.3
80.7
81.7
82.1
83.5
82.7
83.8
83.4
83.2
82.5
82.0
81.5
82.4
82.9
84.4
82.9
84.1
85.4
86.9
89.4
89.6
88.8
88.8
89.5
89.1
89.0
88.9
88.5
88.4
88.3
88.2
88.5
89.0
88.6
88.2
89.4
90.5
89.4
87.4
88.9
89.3
89.8
89.5
88.6
89.6
93.3
90.5
88.7
86.4
87.0
86.3
85.2
84.2
85.4
84.9
85.1
84.7
82.6
82.2
81.5
81.8
82.4
83.0
82.1
81.5
83.6
82.3
81.4
81.9
89.9
95.1
95.1
94.9
86.7
83.3
84.8
83.9
81.7
78.7
78.2
77.4
77.3
77.4
78.1
77.7
77.9
79.5
79.1
79.1
78.9
78.1
76.7
77.9
78.7
80.9
79.3
78.3
77.6
77.0
76.5
76.1
75.2
74.8
75.7
76.6
76.2
76.3
76.4
77.8
78.7
79.3
77.5
77.2
78.0
77.9
78.2
78.6
77.8
77.0
77.3
80.2
78.1
77.0
78.9
79.0
79.0
79.4
82.3
81.9
80.5
81.1
80.5
80.1
79.0
77.7
79.6
85.3
85.7
86.5
85.8
84.1
86.8
86.7
86.9
86.5
85.6
86.4
86.1
87.1
86.1
86.0
87.2
85.8
85.6
84.5
84.0
84.5
83.4
82.8
82.2
81.6
81.2
83.5
81.7
83.2
83.6
86.6
87.1
88.0
88.4
89.2
89.6
89.0
89.8
88.7
88.5
88.1
87.2
87.6
87.6
89.6
91.4
98.6
102.6
96.9
100.0
100.7
91.7
90.4
89.0
91.1
90.6
89.3
89.9
87.9
93.0
90.2
88.3
87.4
86.7
85.9
84.7
90.2
91.1
88.0
89.1
87.9
83.6
83.6
81.6
79.4
79.1
79.3
81.9
84.4
87.0
87.0
85.7
85.3
85.2
84.8
83.1
82.1
81.5
80.9
81.7
85.5
85.2
83.6
83.2
83.1
83.0
83.3
82.8
81.1
81.5
80.2
80.5
80.8
80.6
79.5
80.0
81.3
81.3
81.1
80.1
79.6
79.3
78.3
78.6
78.6
78.6
77.6
78.4
78.9
78.5
77.8
78.3
79.1
81.9
81.7
81.0
80.8
80.5
79.7
78.0
78.2
79.4
80.4
81.2
80.6
80.5
81.0
82.0
81.1
80.5
82.8
85.1
84.6
84.2
83.7
84.5
85.8
83.1
83.0
84.6
85.1
85.6
85.0
83.7
82.9
82.2
83.3
84.7
87.5
86.4
86.5
87.5
85.4
86.1
89.1
93.9
91.5
88.0
84.8
85.4
86.5
71.8
48.9
83.6
83.8
83.5
83.8
82.9
82.3
82.0
81.8
80.7
81.1
78.9
78.8
76.8
76.4
75.4
73.9
73.4
73.7
73.4
74.2
73.9
75.1
74.8
73.7
74.5
74.5
73.2
165.8
353.6
345.6
228.7
78.0
75.2
74.7
74.9
77.8
78.1
76.8
84.3
82.6
87.0
89.1
86.8
87.5
83.9
80.9
79.3
77.6
77.8
77.9
77.7
78.3
81.8
80.4
80.0
97.0
96.5
92.2
88.5
86.2
85.6
83.6
82.1
80.4
79.9
79.8
79.1
78.6
76.9
75.1
74.0
73.3
73.6
72.5
71.4
71.2
70.3
70.1
69.9
69.8
69.4
68.1
68.2
68.0
67.8
67.6
70.1
72.6
72.4
74.6
76.7
76.5
77.1
78.1
78.0
77.9
79.4
78.6
80.2
81.2
79.6
79.7
79.9
79.6
79.8
81.3
80.3
79.6
79.8
78.8
79.0
79.5
79.3
79.1
79.5
79.4
79.6
79.6
79.2
78.7
79.2
80.1
80.4
80.9
81.1
80.6
80.2
79.5
79.9
80.8
82.6
83.7
82.5
83.6
83.6
83.7
83.0
83.5
83.2
81.9
81.7
80.5
81.2
82.7
82.7
83.8
84.0
83.5
82.1
81.8
82.2
80.9
79.2
79.0
78.7
78.3
80.2
79.8
78.5
79.4
79.3
79.0
78.8
77.8
76.9
76.4
76.3
76.1
77.0
77.1
76.6
77.2
77.2
77.2
76.6
77.7
77.9
79.8
78.5
77.7
77.1
76.8
77.8
77.3
77.2
77.2
166.6
330.0
293.6
278.9
77.1
77.6
77.0
76.6
77.3
77.0
76.4
76.3
76.5
77.4
78.3
77.8
77.6
78.5
78.5
79.7
80.1
78.7
78.4
78.2
77.8
77.0
77.0
76.1
76.3
73.5
73.3
75.7
78.4
86.4
89.9
87.5
87.0
88.6
95.2
102.9
110.5
112.1
113.3
112.9
113.4
107.0
97.4
91.7
91.3
91.2
90.0
87.9
85.4
83.2
83.0
80.9
76.7
73.8
71.6
69.5
68.0
65.7
64.3
63.1
61.9
61.2
60.6
60.1
62.2
61.7
63.2
65.1
67.0
69.0
72.6
75.3
76.3
77.1
78.6
80.1
81.3
81.7
82.2
81.9
83.1
84.9
84.1
88.5
88.5
86.5
84.2
89.4
89.4
90.3
94.2
95.5
95.4
97.9
100.1
98.0
98.0
96.0
96.5
94.5
94.1
91.1
89.6
86.6
85.7
83.3
80.7
100.3
108.2
103.1
196.4
97.7
158.7
161.8
109.8
117.5
126.0
95.1
77.7
76.8
76.3
74.9
73.5
73.0
71.6
71.8
72.2
72.0
71.6
71.5
71.3
71.2
72.4
73.0
73.7
73.1
74.1
73.6
73.3
73.3
73.0
72.8
72.7
73.0
74.0
74.3
74.3
74.3
75.1
76.8
78.8
78.2
79.0
79.0
78.0
78.2
77.6
81.9
82.1
80.8
80.9
79.2
79.0
78.9
77.8
80.3
81.6
81.8
82.4
81.2
83.4
82.8
82.7
81.8
81.9
81.1
80.9
80.9
79.5
80.5
82.2
82.2
81.9
81.2
84.7
83.8
82.7
82.9
84.2
84.3
82.7
83.4
85.6
85.2
85.7
85.4
85.1
86.4
86.4
85.4
85.3
85.7
84.7
84.6
83.7
84.2
82.5
85.0
83.8
83.9
83.6
83.8
82.5
84.3
84.4
84.5
84.9
86.8
86.6
85.9
87.0
87.1
86.8
86.4
86.3
86.8
86.9
87.8
89.5
89.9
89.0
89.0
90.2
90.5
90.3
90.4
89.3
89.8
89.7
89.6
90.5
90.8
91.0
91.2
90.9
90.4
89.7
89.9
90.1
92.3
92.2
92.0
91.7
91.0
91.5
91.9
91.3
91.4
95.8
102.0
99.4
97.8
96.0
95.2
94.5
93.4
92.0
90.4
89.5
90.2
90.3
88.8
88.2
88.3
88.1
87.6
86.8
87.4
87.1
87.5
88.0
89.8
90.6
91.6
90.4
91.2
90.3
89.8
88.6
88.8
88.9
89.1
90.4
91.4
91.3
90.8
90.4
90.1
89.9
89.3
89.6
92.2
91.7
91.6
91.2
90.7
90.0
89.9
89.4
90.9
90.7
88.5
89.2
90.3
89.9
90.2
89.6
91.1
91.1
89.9
91.7
91.0
95.0
93.5
93.2
92.7
92.3
92.9
92.1
91.7
92.2
92.8
91.8
94.0
96.0
93.7
92.4
92.6
92.6
91.9
90.8
91.6
91.1
93.5
94.8
94.0
92.0
91.9
91.6
90.3
88.5
88.5
88.9
88.4
90.1
90.1
92.7
95.0
92.3
89.9
89.1
88.1
86.5
85.1
86.2
86.0
83.4
82.7
82.8
83.3
83.0
85.0
89.6
88.7
87.1
87.2
85.1
85.6
86.9
86.0
86.3
86.7
87.0
85.7
84.2
83.8
84.1
84.5
83.6
84.5
85.0
83.8
85.4
85.3
85.7
85.8
85.9
85.3
84.0
82.8
85.6
86.8
87.5
87.3
87.0
86.0
84.8
84.8
85.2
85.3
85.1
84.3
83.5
84.1
85.7
84.1
85.0
84.6
83.9
85.0
85.2
85.5
85.7
87.2
91.9
91.7
90.1
87.7
86.6
86.4
92.0
102.3
105.3
98.4
92.2
92.6
92.1
90.4
89.2
86.5
86.2
84.7
84.4
84.1
83.7
85.2
84.7
82.9
83.0
83.0
82.4
81.9
83.0
84.5
85.1
88.2
88.1
89.2
88.6
88.0
88.0
86.4
85.4
85.6
85.9
88.1
90.1
87.9
88.4
88.2
87.4
91.6
90.7
90.0
90.1
89.3
88.4
88.2
88.4
87.5
86.7
86.5
86.5
87.1
87.9
89.1
89.1
88.7
87.5
88.5
88.7
88.8
89.1
89.5
88.7
92.4
97.2
97.8
98.9
97.1
94.2
92.2
88.3
88.4
89.6
88.7
87.5
86.0
85.2
83.8
85.3
85.3
86.5
88.2
90.9
89.7
88.4
87.8
89.0
90.8
90.8
90.7
89.5
88.0
87.2
86.4
87.9
88.7
87.8
88.1
91.6
91.6
89.1
89.6
86.7
86.5
86.6
86.3
87.0
85.9
85.2
85.8
86.3
85.9
85.6
85.4
85.2
84.5
85.2
85.8
86.0
86.1
84.9
85.2
85.9
87.1
86.5
86.7
86.9
85.4
85.5
84.1
83.7
84.0
85.2
87.6
85.1
85.5
84.9
83.6
87.7
87.6
86.9
87.5
88.6
87.0
87.0
87.5
88.0
87.1
86.1
86.8
87.1
87.0
87.5
87.2
87.0
87.3
86.3
85.5
86.9
86.5
86.9
87.2
86.0
86.5
85.4
86.0
85.6
84.5
84.1
134.1
306.1
207.1
85.0
85.7
86.0
84.1
83.8
85.3
84.8
84.7
82.9
82.4
81.8
81.8
82.2
84.8
84.6
82.5
83.5
83.2
83.0
82.7
82.1
83.1
85.6
84.8
83.1
86.5
85.6
84.1
83.2
83.8
84.3
84.2
83.2
83.4
83.4
85.2
84.3
84.2
84.4
85.3
88.9
87.9
86.1
85.8
84.3
84.1
84.2
84.4
84.5
84.8
82.8
83.7
84.1
84.4
82.9
84.7
86.9
86.2
84.6
84.9
84.3
83.5
85.5
85.1
85.0
85.0
84.7
85.2
85.1
83.5
84.6
86.2
86.1
93.2
88.8
89.1
99.7
100.9
97.1
96.8
99.0
97.4
94.0
90.8
88.4
85.7
86.1
85.0
83.6
81.9
82.7
82.5
82.1
81.5
81.2
81.6
80.5
80.1
79.5
81.2
84.9
83.1
82.2
80.2
80.1
78.3
78.6
78.8
78.9
78.9
78.9
79.7
79.6
78.2
79.6
80.5
79.4
79.9
79.1
78.6
79.0
77.4
78.3
78.8
79.0
79.3
79.4
79.1
79.3
79.3
79.4
79.7
80.4
81.6
80.6
80.8
81.2
81.2
82.3
82.0
83.0
82.6
81.1
83.0
82.4
81.3
80.6
82.3
81.0
80.4
82.8
83.7
82.2
84.8
86.1
88.1
84.8
87.2
86.6
84.8
84.7
85.8
86.9
83.4
86.7
85.7
83.3
82.9
83.3
82.3
81.9
83.8
83.2
82.8
83.5
84.2
206.3
295.9
298.6
299.0
299.8
300.0
300.3
300.4
301.0
301.0
301.0
300.7
203.5
194.3
124.1
130.5
154.3
172.8
204.7
298.4
299.9
133.1
84.4
83.5
88.9
85.8
84.4
82.2
82.8
85.0
95.9
145.6
229.7
296.7
293.7
86.8
84.2
84.2
83.9
84.3
84.5
82.2
81.9
81.2
79.9
82.8
83.2
80.0
79.2
79.8
79.3
80.5
80.2
78.7
79.3
82.1
81.6
81.2
83.3
80.9
79.9
80.7
82.0
80.3
81.1
79.6
79.0
78.7
82.2
81.4
82.2
84.2
83.7
82.4
86.0
85.0
82.9
80.8
80.1
80.0
89.6
106.6
108.2
95.2
89.2
83.6
80.5
78.3
77.4
77.0
76.9
76.9
75.6
75.6
75.4
74.9
73.6
73.1
73.4
73.5
72.9
73.0
72.9
72.7
72.4
72.5
73.2
72.8
72.3
72.4
72.4
73.0
73.7
73.8
71.8
71.6
72.3
73.4
72.9
71.9
71.3
70.9
72.9
73.7
73.6
72.9
72.8
72.7
73.0
74.0
75.1
75.6
77.5
76.5
74.8
73.8
72.9
72.3
72.2
72.9
72.6
72.5
72.2
72.4
75.5
80.2
78.7
76.1
75.1
74.2
74.2
75.8
75.7
75.3
74.5
74.6
74.6
74.2
73.5
73.5
72.6
72.1
70.9
72.0
72.1
72.1
71.5
71.8
72.1
72.3
72.6
72.2
71.4
71.6
71.2
70.8
70.7
72.4
80.7
90.7
89.7
86.1
85.4
90.6
99.0
90.2
89.6
92.0
88.9
86.8
89.2
86.4
90.8
89.0
86.2
87.3
89.5
90.6
88.7
86.1
95.0
89.7
93.1
89.4
87.2
85.1
74.6
74.3
73.9
74.6
75.8
76.4
77.3
76.4
75.9
75.5
74.2
74.6
75.0
74.4
75.7
74.8
74.7
74.9
75.1
73.7
72.7
72.1
71.2
70.4
70.1
71.9
71.8
61.0
72.7
72.1
76.3
75.5
76.3
78.1
82.3
84.8
87.1
88.5
86.9
91.6
90.6
86.9
83.1
82.7
108.0
117.1
95.2
91.3
85.9
83.7
82.0
80.0
78.0
77.2
76.0
74.8
73.9
72.8
71.8
72.1
72.2
71.1
71.1
70.9
71.2
70.5
70.2
70.0
69.5
67.2
66.5
66.9
67.4
67.8
68.1
67.4
67.2
67.9
67.9
66.2
67.1
67.5
67.4
67.4
67.4
67.1
67.2
66.7
66.2
66.3
66.6
67.8
68.2
68.5
68.4
67.5
67.1
67.1
67.0
66.8
66.0
67.1
66.0
65.9
65.9
65.3
65.3
66.0
65.8
65.9
65.6
66.7
67.4
68.3
68.6
68.7
68.9
69.7
69.8
68.7
69.3
69.6
70.2
70.5
69.5
69.0
69.5
69.5
69.4
70.4
69.0
70.4
69.8
69.4
70.0
70.8
70.6
71.4
70.8
71.0
71.4
71.1
70.6
71.6
72.2
72.4
73.0
73.0
72.8
72.8
75.1
78.9
80.1
76.5
73.3
73.0
71.8
70.9
70.2
70.1
70.3
70.2
70.8
78.9
85.3
82.5
74.8
69.7
68.0
67.8
67.1
67.6
67.5
68.4
68.7
67.8
68.7
68.8
69.1
67.9
67.6
67.7
68.2
68.8
67.6
67.6
68.2
67.8
68.3
67.7
68.8
68.0
68.4
69.0
68.7
69.0
68.7
68.9
69.9
70.2
70.6
69.8
70.3
70.6
68.9
69.8
69.7
69.1
69.0
67.9
67.8
67.5
68.8
68.8
69.7
69.9
72.0
71.6
70.5
69.5
70.7
70.0
68.4
70.4
72.0
70.5
69.3
70.4
70.9
70.8
71.0
77.9
99.0
101.3
96.8
92.3
90.1
89.3
86.5
84.9
84.1
84.3
83.9
82.8
82.3
83.4
87.6
88.4
87.3
85.6
85.6
85.9
86.6
86.0
84.6
84.2
84.0
83.0
81.5
83.9
89.0
92.7
89.6
95.4
96.3
91.4
79.4
74.3
72.8
69.1
67.1
67.5
67.4
67.1
65.1
73.4
80.3
76.2
74.6
75.4
78.2
81.0
81.9
90.6
82.9
83.2
80.9
73.9
72.4
74.3
74.6
72.9
70.7
70.0
68.8
67.0
67.1
68.3
70.2
71.1
70.9
71.0
72.6
72.0
72.0
73.0
72.7
74.0
75.1
76.5
79.0
79.3
80.5
82.0
83.7
85.9
87.1
88.4
90.2
91.2
92.7
94.5
95.8
96.5
97.0
99.0
99.9
100.1
100.3
103.0
102.3
101.8
104.6
104.4
106.0
106.7
106.5
106.2
106.1
106.7
106.3
102.1
99.7
97.6
94.2
90.9
88.3
86.3
84.6
82.5
79.5
78.1
76.7
76.6
76.3
76.0
74.9
73.3
73.6
73.7
72.0
71.9
72.0
74.3
75.3
75.5
74.3
71.9
71.8
71.2
69.6
69.7
70.1
69.7
68.1
67.3
67.5
67.8
67.8
68.0
67.2
66.5
66.9
68.7
67.3
65.5
66.0
65.9
66.8
67.8
68.8
68.4
68.5
68.4
68.7
68.4
71.2
69.4
67.5
78.8
192.3
148.1
87.3
85.3
87.0
89.8
93.7
96.3
97.2
94.4
92.3
91.5
96.7
99.6
104.8
95.6
94.8
95.4
94.8
95.9
97.7
99.2
99.9
100.4
100.2
100.7
101.4
101.6
102.8
104.1
103.5
100.6
100.5
98.4
98.4
96.0
95.6
94.8
94.3
92.2
92.5
92.1
94.0
93.8
91.7
90.8
87.2
85.9
84.5
83.7
81.6
79.8
77.8
75.6
74.4
75.8
78.5
75.2
73.5
73.3
72.4
73.1
72.6
71.9
72.2
71.9
69.4
69.2
69.3
66.6
65.4
65.6
65.3
65.3
65.2
65.2
65.8
65.6
64.7
64.3
64.1
64.1
64.9
65.2
65.5
65.4
65.1
66.6
69.1
68.1
66.5
66.0
66.0
66.1
65.7
66.5
65.3
65.4
65.4
63.9
63.1
63.2
62.3
63.8
63.0
60.8
60.1
59.4
60.9
60.7
59.6
59.3
58.7
59.2
63.4
68.5
66.2
63.5
64.1
62.6
61.8
61.7
60.9
60.5
61.2
63.2
64.8
67.4
71.4
75.6
79.6
81.4
83.7
86.6
90.6
92.7
94.0
95.5
97.6
100.7
100.1
101.9
102.8
102.9
101.5
101.3
99.9
99.0
101.1
106.6
117.7
168.7
251.3
223.1
108.0
107.5
103.2
95.1
92.0
88.2
85.5
81.0
79.8
78.9
78.4
76.1
75.5
75.2
76.8
77.3
77.6
75.8
75.7
72.5
71.3
72.4
73.5
70.8
68.6
67.7
66.6
65.0
64.3
63.2
63.4
62.9
63.1
63.3
62.4
62.8
62.3
62.3
61.9
61.7
62.8
62.1
64.6
64.0
61.3
61.0
59.8
63.8
65.3
70.1
69.8
66.0
64.7
63.9
68.7
133.8
77.5
74.1
69.9
67.4
67.1
67.1
66.2
66.7
66.4
64.9
64.3
65.1
64.6
65.5
67.4
52.9
38.39999999999999
60.2
71.8
74.3
74.7
76.0
79.6
83.5
85.2
85.6
87.3
88.9
90.4
91.6
92.4
93.7
95.3
95.6
96.8
96.7
97.7
98.4
98.5
97.9
100.5
99.5
99.2
98.8
100.7
100.6
101.1
101.8
98.4
95.5
94.2
92.4
90.6
90.4
90.3
89.9
89.9
89.6
90.8
91.7
91.3
91.1
89.4
86.6
83.1
82.2
81.0
81.2
78.4
75.1
74.0
72.1
72.8
71.1
69.6
69.7
69.2
68.2
68.9
69.3
68.1
67.6
66.6
65.9
65.1
64.4
64.0
64.2
64.0
62.4
63.1
62.5
62.8
63.4
63.2
63.0
62.6
61.0
61.6
62.7
62.2
61.6
59.9
59.4
58.6
58.4
58.2
57.9
56.5
56.8
57.7
57.4
57.7
55.6
55.9
54.9
54.2
55.6
58.0
57.5
57.2
59.0
57.8
56.9
56.3
55.4
55.1
54.5
55.1
55.0
54.6
53.7
52.3
52.2
51.7
51.5
58.4
87.3
106.4
110.2
111.1
114.6
117.1
118.1
119.8
121.3
119.8
119.1
124.0
143.8
145.3
135.1
115.4
97.6
89.8
77.0
77.6
76.1
74.8
73.2
72.7
72.3
70.5
69.3
67.8
68.0
70.0
72.2
70.5
70.5
71.5
69.9
69.9
68.4
68.5
68.9
67.9
67.4
67.7
66.3
65.5
64.0
64.2
63.4
63.2
64.2
63.3
62.9
63.0
62.9
62.4
62.1
62.3
62.1
61.6
60.7
60.9
60.4
59.9
59.8
59.4
59.4
59.7
60.3
58.2
57.9
57.0
57.0
64.7
65.7
64.3
63.5
62.6
60.1
58.8
58.4
57.8
57.3
56.1
55.5
55.8
55.1
54.5
55.5
57.1
56.8
63.1
77.4
88.2
92.5
98.5
104.8
111.8
117.4
120.6
118.2
117.1
115.2
114.6
114.5
114.5
115.8
115.8
115.8
114.7
111.6
110.1
109.9
110.2
108.8
109.5
108.9
111.7
83.4
87.2
66.3
68.2
69.6
79.7
90.1
93.2
90.5
86.3
80.6
75.4
71.2
67.8
65.3
62.6
61.9
62.2
62.0
62.2
61.1
61.6
61.7
62.7
63.4
62.6
61.3
61.3
60.2
59.5
58.5
58.9
58.4
57.9
57.8
56.8
56.5
57.0
56.5
56.0
56.6
56.4
55.6
54.8
55.4
55.4
55.3
54.0
55.2
54.3
54.0
54.8
57.7
57.9
57.0
57.3
55.9
55.2
54.9
54.4
54.4
54.4
56.1
55.4
54.5
54.0
54.1
54.1
54.9
54.6
53.8
53.5
53.7
54.0
54.1
54.0
53.7
53.4
53.3
82.8
164.3
286.6
269.7
62.4
63.8
86.7
182.0
112.6
73.2
76.6
94.8
159.2
231.4
232.9
202.1
186.1
184.7
183.6
182.8
181.1
180.5
178.7
177.2
176.7
176.7
177.3
178.0
178.9
179.6
179.8
179.9
179.7
179.9
178.6
178.8
179.6
179.9
179.2
179.9
178.8
177.0
177.0
132.7
107.7
110.3
108.9
107.7
107.6
106.8
110.0
108.6
110.6
105.5
86.9
98.3
100.8
100.4
101.4
98.4
99.3
98.1
95.3
100.8
109.6
95.6
94.9
96.7
134.4
141.6
151.9
155.8
155.6
125.5
79.9
92.8
74.9
68.8
122.9
66.3
62.3
60.8
60.4
61.7
64.3
62.8
62.3
63.1
64.0
62.8
61.6
62.2
61.9
60.9
59.6
59.5
59.2
58.7
59.4
59.6
59.1
58.2
58.5
58.0
57.5
58.4
58.0
57.8
56.4
57.0
58.1
58.1
57.7
57.7
58.3
58.1
58.2
58.0
57.9
57.5
57.4
56.9
56.8
55.8
56.5
56.9
56.8
56.5
56.3
56.3
56.2
56.9
56.5
56.5
57.0
56.9
57.5
57.3
56.9
57.0
57.5
57.2
57.1
58.1
58.3
66.4
60.0
79.5
110.0
57.4
57.3
57.0
56.4
56.8
56.6
56.3
56.0
55.7
56.5
58.9
60.1
59.2
58.4
58.0
57.4
56.8
55.9
55.3
54.6
54.4
54.8
54.7
57.5
57.3
57.1
56.6
55.9
55.4
55.3
55.3
55.8
89.3
83.9
76.2
134.0
155.2
181.2
166.4
67.1
67.1
65.7
52.9
52.8
53.2
53.4
53.2
53.6
53.8
53.5
53.4
54.2
55.1
54.1
55.1
57.6
56.8
49.8
63.4
71.3
104.7
142.4
146.8
146.0
136.5
