86.1
88.0
83.9
87.6
87.1
88.1
87.3
88.1
90.1
90.8
294.9
330.5
314.6
157.0
80.1
79.3
78.1
77.1
77.7
77.2
77.4
76.7
85.9
84.7
92.5
86.7
87.0
87.8
85.7
84.4
83.4
83.7
83.2
85.2
87.0
80.3
85.9
88.7
86.1
86.1
84.7
83.5
83.0
82.0
81.0
81.4
114.9
120.9
78.5
80.2
81.6
82.9
84.4
84.0
83.5
83.3
86.7
84.0
83.9
83.6
80.9
82.4
82.9
81.4
81.6
85.2
86.9
83.7
81.4
78.5
77.0
77.5
77.7
76.0
75.7
75.8
76.1
75.1
75.7
76.2
76.7
76.7
76.0
76.1
74.9
75.7
76.4
76.9
76.2
77.2
77.0
77.2
77.2
76.7
76.1
77.0
76.3
76.4
76.7
76.6
77.6
77.7
77.2
77.5
78.2
78.5
77.9
77.6
77.6
77.0
78.4
77.7
77.9
77.8
78.1
78.3
78.8
79.4
79.7
79.5
79.4
79.2
79.4
79.9
79.1
78.3
78.5
78.8
77.9
77.8
78.2
77.7
78.0
77.3
77.0
77.0
76.7
77.0
77.4
77.6
77.4
78.5
78.4
78.1
77.8
78.5
78.2
78.1
78.7
80.0
81.9
86.5
88.3
89.1
88.7
89.1
85.6
87.9
85.6
84.9
82.7
81.8
82.8
82.5
84.3
83.0
84.3
84.6
83.9
86.4
85.3
90.1
88.8
91.1
89.0
87.8
85.1
85.3
83.5
81.4
81.6
82.0
81.5
82.9
83.2
82.4
83.8
86.3
136.8
101.6
82.8
82.3
82.9
82.7
81.9
81.2
81.3
80.7
80.6
80.0
79.6
80.5
80.7
79.9
80.2
80.2
79.0
79.0
87.5
93.4
93.7
91.1
90.1
87.5
84.4
84.1
84.1
82.6
81.5
80.4
79.5
79.0
79.6
77.8
77.1
77.3
77.7
78.7
79.8
78.5
78.3
78.7
79.3
78.4
78.4
78.3
79.3
78.6
80.1
80.1
80.5
80.4
80.4
80.2
81.1
80.2
80.4
79.4
78.5
78.8
79.6
79.6
80.1
80.1
80.0
82.9
95.9
95.7
90.2
87.0
85.4
83.0
86.9
84.0
82.0
79.4
81.8
85.7
85.6
82.8
81.8
79.7
80.4
80.1
79.3
79.4
79.7
78.8
78.8
79.6
80.2
80.3
79.8
80.4
80.7
81.5
79.8
80.4
81.7
80.9
80.7
80.9
81.7
81.5
80.9
81.6
82.3
82.5
84.0
83.4
83.8
83.5
82.5
83.1
83.1
83.6
84.0
84.1
85.0
88.7
90.8
90.2
88.6
87.1
86.9
86.8
86.1
86.2
85.9
89.0
92.0
87.4
88.7
86.2
85.4
84.3
86.3
87.0
86.8
87.5
86.9
85.7
87.4
85.9
88.4
87.0
85.7
86.0
87.3
86.1
85.3
84.2
85.0
84.3
83.5
84.0
83.0
83.0
83.3
82.4
82.0
80.9
81.9
81.1
80.9
80.5
79.9
80.3
79.8
80.3
80.6
80.6
80.2
80.7
79.9
79.6
80.5
79.0
80.5
79.5
79.1
78.1
77.8
77.8
78.3
79.0
77.8
79.7
79.7
79.1
79.4
79.1
79.3
80.4
79.7
80.9
83.8
82.1
81.1
81.8
81.1
79.8
79.3
79.7
79.5
79.6
79.5
79.9
79.5
79.8
80.8
80.1
79.9
80.0
80.3
80.5
81.0
80.0
80.3
81.2
134.8
138.8
85.1
86.9
89.6
84.9
83.4
84.1
84.0
86.6
88.4
93.2
97.0
96.9
94.9
93.5
93.9
92.2
91.7
91.8
90.5
86.9
85.7
84.6
83.3
84.6
84.4
83.2
83.6
83.4
83.0
82.7
83.4
84.0
83.3
81.5
82.8
87.3
88.5
86.2
84.4
83.4
82.8
80.5
80.6
79.9
80.5
79.0
80.0
80.0
80.4
81.2
82.2
83.3
82.6
84.9
84.5
83.8
84.4
83.5
85.0
83.2
83.1
83.5
82.7
82.5
82.9
82.7
82.9
83.4
82.7
81.2
81.0
81.8
83.6
83.4
82.5
83.2
82.1
81.0
81.2
80.9
80.1
79.5
80.1
80.4
80.8
80.4
80.9
82.1
81.8
82.3
90.3
88.6
86.3
85.2
84.4
83.1
81.9
82.6
81.6
82.4
81.1
81.4
82.2
82.7
83.6
82.7
82.1
82.3
82.6
83.9
83.0
81.9
81.8
82.1
82.8
83.4
83.7
84.2
82.8
83.0
83.1
82.6
82.4
83.1
85.1
85.7
89.3
93.4
94.3
94.9
95.0
96.4
96.1
96.4
95.3
96.1
97.9
99.3
98.8
97.8
95.9
96.7
97.6
99.3
100.3
100.8
101.2
100.9
98.9
97.2
96.6
95.4
94.6
94.1
94.1
95.4
96.7
97.3
97.0
95.2
97.1
97.1
96.9
95.9
95.7
98.1
97.2
100.9
102.3
100.8
98.3
98.3
98.2
96.6
98.8
104.0
103.5
103.1
103.6
97.5
107.1
106.8
101.3
103.0
101.5
100.5
99.5
97.7
96.7
95.5
99.8
99.5
97.0
95.6
94.8
92.3
93.4
93.3
94.4
93.8
93.4
91.3
92.6
89.6
91.0
90.1
90.9
89.7
86.6
86.8
86.2
86.1
85.0
86.6
86.2
88.8
88.5
93.3
93.6
92.3
93.0
100.9
105.1
102.4
99.2
95.7
96.7
93.6
92.8
90.7
89.0
205.4
151.7
93.3
91.0
90.1
90.2
88.9
88.8
90.6
89.7
91.1
89.6
88.0
88.9
89.3
88.5
87.5
88.9
87.8
88.1
89.2
87.0
86.7
87.0
86.3
87.1
85.8
86.1
97.9
113.0
113.7
117.9
108.3
115.6
111.6
110.5
106.1
103.6
102.0
100.8
100.8
99.9
99.9
99.6
98.1
97.3
96.7
97.4
102.3
104.2
102.5
100.8
99.9
97.7
97.8
98.9
98.0
97.0
98.5
100.9
99.0
99.3
98.4
98.6
100.5
98.4
98.5
96.0
96.3
94.3
94.5
93.7
92.6
91.0
90.3
89.6
90.4
90.3
90.5
91.8
91.3
89.7
91.0
91.0
91.9
91.4
90.2
90.7
93.0
91.7
92.9
91.0
91.1
89.8
92.4
99.0
106.0
108.8
111.2
108.8
106.9
104.1
100.3
100.8
100.5
100.6
100.3
99.6
98.0
99.3
100.3
101.5
103.7
101.8
102.9
100.7
101.8
102.9
106.6
106.7
114.8
140.0
115.4
107.3
106.4
104.9
104.1
102.6
102.3
102.0
101.5
101.3
100.1
101.3
100.8
102.8
108.8
105.9
104.4
103.7
104.7
147.3
172.6
119.4
116.5
111.8
110.4
109.1
108.3
105.4
103.6
104.3
104.5
104.2
105.3
105.0
103.3
103.1
102.7
103.8
104.6
106.1
105.6
106.5
105.4
104.9
106.4
106.1
106.6
106.4
107.9
106.7
105.0
105.5
103.1
103.7
102.7
102.5
102.9
101.4
98.7
102.9
101.3
100.2
100.6
100.7
103.1
106.1
103.6
102.3
102.5
102.5
101.3
101.9
101.9
100.9
103.9
101.7
101.5
101.8
102.1
101.0
101.5
98.3
99.4
103.8
110.6
114.5
116.0
113.6
115.4
110.1
105.6
103.3
101.5
100.1
103.0
103.0
106.2
106.0
105.4
101.6
101.7
100.8
99.1
97.8
97.4
97.0
97.2
95.2
94.6
93.5
94.9
95.6
94.9
93.8
94.2
94.5
104.7
106.4
103.7
99.5
97.9
100.7
101.9
99.1
99.5
98.5
97.6
96.6
97.1
97.0
96.6
96.3
95.1
94.5
95.6
95.7
96.0
97.4
96.1
95.2
97.3
97.5
94.9
95.2
94.6
95.0
94.0
93.2
92.6
94.3
93.6
93.1
93.0
91.0
92.4
95.5
93.9
92.0
92.0
91.5
91.7
93.1
92.6
92.6
92.2
92.7
91.9
92.8
92.1
92.8
92.1
92.2
91.7
91.1
91.2
93.4
93.4
92.3
91.9
93.5
93.6
93.0
92.1
92.9
92.2
94.1
93.4
93.1
94.0
95.8
96.9
97.4
97.1
105.7
111.2
161.5
113.7
110.1
108.3
110.2
109.6
108.7
107.1
106.4
109.4
109.3
108.4
107.0
105.8
105.4
104.9
103.8
104.8
104.2
104.5
105.2
104.1
104.3
103.9
104.8
103.9
127.1
229.1
110.3
106.3
106.2
104.6
103.9
102.8
104.8
105.7
106.4
105.3
102.1
103.6
104.4
105.8
107.0
113.2
116.4
115.5
115.7
117.4
117.1
116.2
116.7
117.0
116.9
116.2
115.8
115.9
116.5
118.6
117.4
115.7
115.0
114.3
114.1
113.2
114.3
116.3
115.4
118.3
116.2
117.7
116.9
114.0
112.7
115.0
114.9
114.3
115.7
115.4
114.3
113.8
113.3
116.3
116.4
114.7
115.1
118.1
120.8
117.8
116.5
116.4
116.1
115.0
113.8
113.9
115.3
115.9
118.4
125.6
123.7
120.3
116.5
115.8
114.6
113.8
113.0
111.6
113.2
110.8
112.4
231.3
208.4
139.3
130.2
118.6
115.3
111.8
111.3
109.5
108.6
109.5
109.3
108.6
109.6
110.0
109.8
108.2
110.0
108.6
109.0
107.8
106.7
104.8
105.7
104.3
105.2
106.7
106.0
105.2
104.7
104.6
108.7
112.9
113.0
109.1
108.1
106.9
107.8
108.6
108.3
109.2
108.3
108.7
108.9
106.0
103.6
106.9
105.3
105.3
105.0
103.3
104.3
103.5
102.0
104.4
103.0
102.3
102.5
103.4
102.5
102.2
105.8
103.3
103.3
103.9
105.2
104.1
107.0
107.8
109.0
109.2
108.5
108.5
108.6
107.7
108.7
109.0
108.4
108.7
108.6
109.5
107.4
107.3
106.8
106.5
106.4
108.9
108.2
105.9
106.2
105.8
107.1
106.7
106.6
106.0
105.9
107.6
107.3
108.0
106.5
106.4
107.3
107.5
106.3
106.2
108.9
108.9
106.5
106.9
107.3
107.9
107.9
108.0
107.6
105.9
107.1
106.2
106.2
107.1
107.8
107.0
105.9
103.7
101.9
102.1
103.0
100.9
102.3
102.5
101.2
100.5
101.0
101.8
102.9
103.2
102.9
102.1
108.0
114.6
114.3
112.4
111.2
108.8
107.3
106.0
105.3
107.6
107.5
107.1
107.0
107.1
106.7
106.9
113.3
115.6
113.5
111.8
110.0
111.9
110.3
109.1
109.4
108.3
107.4
107.5
106.9
108.8
107.3
105.1
105.0
104.6
106.1
104.9
107.1
105.9
104.7
107.8
106.2
105.0
106.3
106.0
106.1
111.0
106.2
103.0
100.9
100.1
98.9
99.1
98.9
97.3
96.6
96.8
96.3
97.5
96.1
97.3
96.3
97.8
96.9
95.5
96.7
96.3
95.9
97.4
97.0
97.1
96.5
98.6
98.0
96.8
96.9
96.4
95.1
94.0
96.0
96.5
95.6
98.0
97.7
98.3
97.4
96.6
97.2
95.8
94.5
94.2
92.7
93.3
94.7
92.8
92.6
92.8
92.4
92.9
93.0
93.4
95.7
93.8
95.1
95.2
94.3
95.6
95.2
96.3
97.5
96.3
96.0
95.7
97.4
98.2
105.3
105.5
106.6
105.4
106.6
107.1
108.4
107.9
106.0
104.6
104.3
103.6
105.5
105.4
106.9
110.1
109.3
108.7
113.0
112.7
112.5
111.1
109.9
109.3
107.6
107.6
108.8
108.5
107.5
106.7
106.4
107.1
106.2
105.2
105.6
104.8
104.5
105.8
105.4
107.1
104.5
105.6
106.5
107.4
106.0
105.4
105.0
103.9
104.1
106.6
109.1
109.1
108.1
111.5
108.9
110.2
110.5
107.6
107.4
106.9
108.1
109.8
112.5
114.2
111.6
109.4
180.0
117.5
111.1
108.6
113.4
110.3
109.2
107.7
107.2
108.4
107.0
106.7
105.3
105.6
103.6
102.8
105.1
108.0
114.0
121.6
110.9
105.7
103.0
100.1
99.6
99.7
99.2
100.0
99.7
98.9
98.7
98.7
98.3
100.6
101.5
100.4
99.2
99.9
98.7
98.9
98.7
98.4
98.4
97.0
96.8
95.7
95.4
95.7
96.7
94.1
94.3
94.1
93.7
92.7
93.4
93.3
92.1
93.0
93.5
92.5
91.7
92.1
93.0
91.9
92.3
92.8
92.5
91.9
90.2
93.1
91.5
89.9
89.7
92.2
94.6
94.4
96.8
94.5
93.8
91.6
90.9
90.0
90.2
88.0
89.3
88.5
89.2
88.9
87.8
87.9
87.9
87.0
86.3
87.5
86.5
86.4
86.3
86.3
87.3
87.3
85.9
87.4
85.6
85.9
85.6
85.4
85.5
85.0
84.6
85.6
84.1
84.4
83.8
84.2
84.8
84.4
84.0
83.5
84.1
84.0
83.3
83.2
82.7
81.7
82.7
81.5
81.4
81.4
81.9
81.9
80.8
82.8
85.6
84.8
85.0
84.8
84.9
84.0
85.1
86.5
87.1
86.5
84.7
86.8
86.9
87.0
85.3
86.1
85.8
87.8
88.4
88.7
86.7
87.3
86.9
85.9
88.2
88.4
87.2
88.6
88.0
87.2
87.6
87.7
88.9
88.5
105.0
130.0
87.6
87.5
86.1
85.8
85.2
85.8
85.4
85.3
87.0
86.2
85.6
85.0
84.4
85.3
87.4
85.7
84.6
84.7
85.9
84.7
85.3
86.9
87.2
85.3
84.7
83.9
85.2
84.2
83.7
82.8
82.9
84.7
84.1
85.3
84.1
83.8
83.1
88.6
95.8
94.8
92.2
90.3
92.6
113.8
128.3
97.9
92.7
90.1
88.8
89.1
91.2
89.9
88.3
88.4
89.4
88.0
88.0
86.3
86.6
86.7
86.7
85.9
86.6
86.8
86.6
87.9
87.9
88.2
88.5
88.4
88.1
87.2
87.4
88.8
90.7
89.9
89.3
89.0
89.3
97.8
103.6
95.7
94.9
94.2
90.6
89.8
93.2
90.5
90.1
89.6
88.9
90.7
91.7
92.3
91.4
91.0
90.7
91.2
94.0
94.6
93.6
92.2
92.5
91.8
92.9
92.6
92.4
92.6
92.8
94.4
93.9
93.0
93.1
92.7
92.1
92.3
91.6
91.1
91.3
91.5
91.5
90.7
90.9
90.2
89.9
89.3
89.4
89.2
89.2
90.3
90.0
90.5
89.8
89.6
90.4
89.0
89.0
89.4
87.5
91.8
89.8
89.0
90.7
89.7
89.0
88.9
88.4
87.4
90.1
90.5
91.5
91.3
90.6
92.6
92.6
92.2
90.0
89.6
90.5
91.0
90.9
92.3
91.5
95.5
96.5
94.2
93.5
92.1
95.2
93.0
91.1
90.7
90.6
90.1
88.0
89.5
88.4
90.4
91.5
96.1
93.9
90.7
89.6
90.2
89.5
88.0
87.9
88.3
88.5
87.7
86.9
86.5
85.8
85.2
83.9
85.2
84.4
83.1
82.6
84.1
83.9
83.5
83.1
83.2
82.8
83.8
83.3
83.0
83.4
81.1
81.7
82.0
81.6
81.9
82.1
81.2
82.3
82.7
81.9
82.8
80.7
81.5
83.0
82.5
83.3
83.3
83.1
83.4
81.9
82.4
81.6
83.1
81.3
80.9
81.3
80.8
80.7
80.9
84.1
100.3
127.3
103.2
99.0
94.7
91.1
89.7
89.4
88.4
94.2
101.2
98.5
97.3
92.9
91.1
89.8
89.5
89.2
88.6
89.4
88.5
89.0
89.2
89.5
89.8
91.1
92.2
90.7
90.7
90.6
90.7
91.4
91.0
91.7
91.6
91.2
93.3
94.1
93.7
91.1
90.8
90.6
90.8
91.0
90.2
88.3
91.3
92.0
91.6
91.4
91.2
91.2
92.0
91.7
91.4
90.9
90.5
90.4
89.5
92.1
91.4
90.6
89.9
86.3
82.2
82.6
80.9
82.9
82.8
83.2
83.0
82.0
85.4
91.5
90.1
91.3
89.4
88.2
85.7
83.9
80.6
82.3
93.7
94.0
91.7
90.9
90.5
89.8
88.5
91.7
93.8
92.9
99.4
101.0
95.1
93.2
90.1
90.5
92.2
91.5
90.9
90.8
88.7
87.8
88.5
89.4
89.2
88.8
88.7
89.0
88.2
88.6
89.2
89.3
95.4
107.4
99.8
95.0
94.6
94.0
93.3
93.0
93.8
93.7
93.5
93.4
92.9
92.2
93.8
93.5
92.0
92.0
91.3
92.4
92.6
93.5
93.5
92.2
93.1
91.7
92.3
91.9
92.0
92.5
92.5
92.2
92.5
94.2
93.4
94.6
95.3
95.7
97.5
96.5
107.3
102.1
96.3
103.0
111.7
111.6
110.9
135.5
110.2
107.1
104.6
103.5
102.0
105.9
111.9
117.5
115.1
111.5
108.1
107.6
107.2
107.0
107.6
109.2
104.7
167.5
187.4
172.5
199.4
132.9
108.6
107.7
104.3
99.3
93.9
99.6
101.8
101.2
101.5
102.5
103.4
102.5
103.2
103.7
103.2
129.1
194.8
155.7
103.1
103.4
107.7
106.4
104.0
104.1
104.0
103.5
103.2
103.4
103.9
103.6
102.8
103.2
102.7
104.5
104.7
104.6
104.4
104.6
103.9
104.4
104.9
105.4
103.8
105.0
106.7
105.2
104.6
104.6
105.7
105.6
104.4
104.0
105.2
105.0
105.5
105.7
107.9
105.4
104.6
104.4
105.9
110.7
109.1
105.0
108.2
105.6
104.7
103.5
104.3
104.9
105.2
106.0
106.5
105.6
105.8
104.6
104.4
104.1
103.6
104.5
104.5
104.7
104.5
104.7
104.0
103.2
102.6
102.1
103.0
103.9
104.7
106.6
109.5
108.9
109.2
121.5
110.3
108.2
112.3
110.2
113.0
110.4
113.7
111.0
110.7
110.6
106.3
103.8
99.9
99.5
100.7
114.1
108.5
103.2
102.2
108.6
104.4
100.2
99.6
99.3
98.6
98.1
97.7
97.9
98.4
102.1
102.4
104.1
99.5
97.3
97.3
96.4
95.7
95.6
95.4
96.6
95.8
95.1
95.1
95.0
94.2
94.8
95.9
93.9
94.0
93.4
93.4
92.5
92.2
90.9
90.9
91.1
92.1
91.4
91.1
91.2
90.6
90.0
90.7
89.4
89.8
89.5
90.0
88.3
91.0
88.6
90.0
90.2
89.6
88.9
90.8
90.6
88.9
89.3
90.0
89.7
91.1
91.4
94.4
98.9
96.5
94.5
96.0
100.4
96.5
95.2
94.3
94.7
93.7
93.2
92.8
93.3
92.0
91.6
92.6
92.7
92.6
93.3
93.9
93.1
92.3
91.4
90.9
90.9
91.1
91.6
92.2
91.9
92.5
91.5
91.4
90.9
91.2
90.8
91.3
90.4
90.9
90.2
90.4
91.0
90.7
89.2
88.4
89.2
88.9
88.9
89.4
89.8
90.1
89.8
89.8
90.8
89.7
90.6
91.3
92.1
90.4
90.5
93.2
98.0
99.7
95.1
95.4
99.5
94.9
92.3
90.6
89.0
89.3
88.4
95.1
92.9
90.5
89.3
88.7
88.7
88.7
88.3
88.4
91.1
91.6
90.2
89.7
89.1
88.9
91.8
90.0
89.0
88.6
135.9
102.8
90.5
87.4
87.7
87.6
87.2
88.6
88.0
87.1
86.4
86.1
85.8
86.9
85.4
84.9
84.5
84.4
85.0
84.6
84.6
84.8
84.1
83.7
92.6
98.4
93.4
92.9
91.4
89.7
89.9
89.7
89.4
90.3
89.5
89.0
90.2
90.8
90.0
90.0
92.6
98.6
95.7
93.1
97.8
102.0
98.3
101.0
96.2
94.4
96.3
92.3
91.5
91.1
91.5
91.2
91.0
94.3
92.2
91.5
89.8
89.0
90.8
90.6
90.8
90.4
90.7
90.9
89.8
90.0
90.9
90.8
90.6
90.4
90.1
91.5
90.2
89.5
90.0
90.2
90.4
91.2
90.5
90.3
90.4
90.4
90.7
89.5
90.4
90.3
91.4
90.5
88.6
89.6
89.0
88.4
89.9
89.6
89.7
89.6
89.7
90.1
89.1
95.7
94.5
92.3
90.4
90.9
96.6
108.0
105.5
99.1
96.1
94.8
95.1
94.6
94.0
93.3
92.8
93.9
98.3
96.7
95.6
96.1
95.5
95.0
95.0
94.4
94.0
93.7
94.8
95.2
94.7
94.4
95.5
94.2
94.3
94.1
95.4
97.5
98.6
96.0
95.1
94.8
97.2
95.5
94.5
97.2
111.7
117.0
108.3
103.6
102.2
100.3
100.0
100.3
99.1
99.2
98.1
99.6
98.6
97.8
98.3
97.7
96.8
96.3
97.6
97.9
98.3
98.5
97.7
98.0
101.0
101.1
100.8
101.7
101.4
100.7
100.5
111.8
118.3
121.1
132.8
166.3
112.7
109.7
112.1
111.0
111.2
111.8
109.5
110.4
111.2
111.0
111.8
110.1
110.1
109.8
106.0
105.4
110.7
111.2
111.7
110.5
107.6
109.6
107.5
106.9
107.6
110.3
107.0
106.9
108.8
109.2
104.9
104.0
106.6
108.0
104.6
106.0
104.2
105.1
107.4
106.2
106.2
104.9
105.3
110.1
109.9
108.3
108.4
109.3
106.7
104.8
105.2
103.8
101.5
103.4
104.7
102.5
103.8
105.5
103.8
104.4
104.7
101.5
101.6
102.2
102.3
104.0
102.3
99.9
100.0
100.8
99.9
105.2
106.6
106.6
107.1
109.5
106.7
105.0
101.6
101.7
102.2
101.0
105.4
99.6
101.0
100.7
102.1
101.1
103.2
101.7
102.8
101.5
102.7
102.9
100.7
98.7
99.2
98.5
98.3
98.1
97.7
97.4
97.4
97.7
100.4
107.7
102.4
101.3
98.9
106.3
108.2
103.9
103.0
98.5
99.4
98.5
99.5
101.7
107.2
107.5
102.7
102.8
107.9
97.8
103.5
102.2
110.0
110.5
109.1
108.3
113.9
116.2
117.2
118.5
114.6
108.0
111.2
102.4
102.5
103.1
102.8
106.5
102.6
104.6
104.9
104.2
106.4
105.5
111.3
111.2
114.3
111.9
114.2
110.8
123.9
130.4
136.8
198.5
172.0
108.8
101.2
99.8
102.1
99.2
105.3
104.1
104.7
104.1
104.1
103.4
106.0
110.9
104.0
101.7
102.1
97.8
95.6
95.2
93.4
100.0
166.5
112.6
102.8
102.0
98.7
100.6
106.3
103.5
101.5
100.0
99.1
99.1
97.4
98.5
96.1
96.7
98.3
96.5
96.8
99.2
96.8
103.5
97.7
97.0
96.4
96.5
95.8
95.9
96.7
98.0
97.0
97.0
97.7
99.5
98.2
98.2
99.4
97.3
95.5
95.3
98.9
98.4
95.4
94.4
93.3
94.2
94.9
96.0
96.4
95.8
95.0
97.5
95.1
94.7
93.5
96.2
101.8
100.8
98.5
101.1
103.4
102.3
98.6
97.9
96.5
97.9
101.8
99.7
98.9
94.8
94.0
94.5
94.3
94.0
95.4
95.2
96.2
95.9
97.5
99.2
98.1
98.7
100.2
99.3
96.8
96.9
99.3
96.6
95.9
95.7
95.2
96.7
95.9
108.0
101.9
96.2
93.9
93.9
93.5
95.7
95.2
94.5
94.6
94.2
93.7
94.2
95.1
95.3
94.3
94.0
94.2
94.5
104.5
98.4
94.5
94.1
92.9
92.8
92.5
93.3
92.8
97.0
110.6
101.8
99.6
96.0
97.3
96.2
98.1
96.5
96.0
96.2
95.1
101.6
96.7
93.8
92.1
91.5
90.7
91.0
90.9
92.6
97.8
105.6
103.5
97.9
94.7
93.4
93.7
93.4
92.8
92.0
91.7
93.4
93.3
91.9
92.2
91.8
91.3
92.8
93.0
92.2
93.0
92.3
92.3
100.2
102.0
108.9
101.1
98.1
97.5
94.8
93.3
92.0
91.2
90.7
91.2
92.2
96.9
93.2
92.6
92.4
92.0
92.2
92.7
94.3
96.9
94.4
103.2
102.0
99.3
99.6
99.5
98.2
94.4
94.1
92.7
97.5
94.7
92.3
93.2
98.6
95.7
95.0
94.1
92.0
92.0
91.8
92.1
91.0
91.3
101.1
97.6
94.0
93.0
102.8
104.7
104.9
105.8
104.2
100.1
99.9
101.4
103.3
103.7
104.3
108.0
116.1
114.9
113.0
118.4
110.9
105.2
108.2
106.9
103.3
104.7
104.8
105.0
107.7
105.9
105.2
104.2
103.4
103.4
103.9
103.5
105.2
111.9
106.5
104.1
103.9
103.6
104.6
104.4
104.1
106.2
103.7
102.7
103.0
102.4
103.9
103.2
103.2
106.4
108.3
103.2
98.10000000000001
102.8
101.6
101.9
101.4
102.3
104.4
103.6
103.9
102.6
102.7
102.8
102.5
102.6
103.0
101.5
107.5
106.0
101.7
102.2
100.0
105.0
114.7
108.9
106.9
109.7
115.0
110.6
106.0
105.9
107.9
104.6
102.5
106.8
105.8
107.2
95.0
107.3
107.4
102.7
100.4
96.8
94.8
94.4
94.6
94.2
93.8
93.6
94.8
94.6
94.5
95.2
94.5
94.7
95.5
96.8
103.7
100.4
97.3
96.1
94.4
94.7
94.6
94.5
94.9
96.0
95.8
95.8
95.9
97.1
97.5
97.1
96.8
97.6
97.1
97.7
98.7
97.8
97.9
97.2
97.0
96.6
97.0
99.4
97.9
100.1
102.2
105.5
102.0
105.2
102.4
102.9
103.4
102.8
101.4
100.3
100.7
103.5
100.7
99.7
99.6
100.5
101.0
99.8
101.2
101.9
100.7
100.0
100.1
99.5
104.1
101.9
99.2
98.9
97.8
98.1
98.5
98.2
98.1
97.7
97.6
97.5
97.0
97.3
96.8
97.0
98.2
101.2
101.2
98.4
96.9
95.7
95.4
95.6
95.8
97.3
96.4
97.4
95.6
95.6
94.1
94.6
95.1
95.4
95.9
96.0
97.4
94.9
94.8
94.2
97.5
96.3
94.9
97.3
94.5
94.8
95.8
96.1
100.4
101.1
103.9
100.7
91.6
92.5
96.5
97.5
104.8
125.8
126.2
105.9
103.4
101.3
97.9
96.2
94.7
96.4
102.3
104.3
102.8
95.8
94.8
94.4
95.9
96.7
97.0
98.2
98.0
98.0
97.4
98.9
98.6
98.3
99.1
99.0
99.2
98.9
98.0
97.2
97.2
97.5
97.6
97.5
97.1
96.7
97.4
97.7
97.5
96.8
97.4
98.0
97.2
98.1
100.1
96.6
96.5
96.6
96.0
95.6
95.2
94.7
94.1
94.3
94.9
95.4
95.4
95.7
94.4
95.7
96.5
98.3
96.1
96.0
95.2
94.3
95.3
95.4
94.4
94.9
94.2
95.6
96.8
99.5
96.8
95.3
95.1
94.7
95.1
94.6
94.3
94.1
94.7
94.1
95.2
94.4
94.4
94.2
94.2
94.1
95.2
94.1
94.3
101.5
97.0
96.5
95.2
93.6
92.8
97.8
96.7
96.6
93.4
93.5
92.3
92.5
92.2
92.7
91.4
93.7
91.4
92.1
91.5
90.7
90.5
91.4
90.9
93.5
98.5
152.1
133.5
96.1
95.7
94.4
92.2
91.4
92.9
92.7
96.9
99.1
98.9
95.1
113.4
98.8
96.2
95.2
93.2
93.5
94.1
99.2
98.4
95.0
93.7
93.6
95.4
95.2
93.4
92.6
93.0
92.5
94.4
93.2
93.3
96.3
100.8
98.2
94.5
94.3
95.6
93.2
93.5
92.5
91.8
94.2
102.3
97.2
94.3
93.1
93.0
92.9
92.0
92.3
92.6
92.8
92.3
93.8
92.8
93.3
92.7
93.7
93.8
93.2
92.7
93.1
97.3
104.8
103.9
98.2
98.2
95.3
95.1
96.1
95.3
99.8
94.7
93.4
92.3
92.4
92.4
93.2
92.0
91.8
92.7
96.5
102.0
97.4
94.6
95.5
100.2
95.7
93.6
91.6
92.0
91.0
92.3
91.1
91.2
90.7
91.3
91.1
91.2
90.9
91.6
94.5
96.3
96.3
96.3
96.1
94.4
93.7
91.3
170.3
130.3
115.0
114.4
106.0
90.5
108.4
96.1
89.0
96.6
94.7
93.8
92.1
89.8
118.2
92.1
88.8
87.8
88.4
87.1
85.8
85.2
85.6
86.0
88.1
87.5
92.8
90.6
87.7
88.5
91.3
89.0
87.3
88.0
86.9
91.0
121.7
89.3
86.9
86.6
87.2
86.2
86.9
87.4
87.9
86.7
84.4
83.8
84.3
83.8
84.0
83.7
85.6
86.0
84.1
83.1
84.9
84.7
84.3
83.9
85.0
84.7
83.8
86.5
89.3
85.8
85.3
85.2
85.4
84.6
84.9
83.5
82.6
84.2
83.1
82.9
86.3
85.1
85.0
85.2
84.0
85.6
83.8
83.9
84.2
84.4
90.2
92.0
87.9
89.4
89.5
90.7
129.6
101.9
102.5
93.6
92.4
94.5
97.2
95.1
93.8
94.3
91.7
91.6
91.9
90.4
90.3
87.6
89.9
89.0
89.2
88.2
88.0
88.1
88.4
90.1
89.2
89.2
89.0
91.2
93.3
93.9
94.9
92.0
89.7
88.6
90.9
91.4
89.7
89.4
89.8
90.7
89.8
89.5
89.1
89.0
89.8
92.3
91.4
90.8
91.4
90.5
92.2
91.8
90.8
91.4
91.0
90.2
89.2
88.8
88.9
88.7
88.6
87.0
88.9
88.7
87.5
90.6
95.4
92.0
92.0
93.5
91.0
91.7
88.6
89.0
88.0
87.9
87.1
87.2
87.1
88.0
88.3
88.3
90.9
90.7
90.8
89.2
89.0
91.0
88.8
88.7
89.1
88.4
87.3
86.9
88.4
87.4
86.5
85.9
86.3
86.4
87.1
94.1
95.3
93.5
92.8
93.1
91.5
92.6
92.3
92.5
91.4
90.8
88.4
90.5
93.1
100.2
97.8
97.4
96.7
96.2
93.0
93.0
95.9
99.2
101.8
97.6
94.6
95.1
97.3
97.1
95.3
94.6
94.7
92.7
92.9
92.9
93.5
92.4
93.6
94.6
93.3
91.5
92.0
91.5
90.9
93.4
92.3
90.1
90.0
90.5
90.7
90.7
89.9
70.9
0.3
94.7
89.9
91.7
90.9
89.8
88.6
88.0
88.1
86.6
85.4
87.8
94.0
93.0
88.7
89.9
91.4
104.2
106.8
91.1
88.4
88.6
85.1
81.0
85.9
95.7
93.6
86.4
122.6
87.8
87.3
90.9
90.0
89.2
92.1
90.1
87.1
87.8
86.4
85.8
86.6
87.2
86.6
87.2
90.4
88.4
88.9
92.0
92.3
88.5
87.1
86.3
85.0
86.3
88.6
88.7
87.9
86.8
86.7
89.6
92.0
93.2
93.0
92.4
90.8
90.9
90.5
90.9
90.0
91.7
90.5
91.7
90.6
90.6
90.2
91.2
91.2
90.3
88.8
91.2
89.7
89.6
89.2
88.0
89.5
89.3
88.7
88.9
87.4
86.9
86.6
87.1
87.0
86.3
87.9
86.5
86.6
86.6
86.8
87.2
88.5
87.6
87.0
85.6
88.3
93.5
90.8
90.1
89.9
89.3
88.0
89.9
90.3
90.1
94.8
95.2
95.2
93.8
92.6
92.7
92.2
90.6
91.7
90.7
90.3
90.3
90.9
92.2
92.2
91.1
89.8
91.7
91.6
90.5
91.1
90.1
90.1
90.0
92.0
86.0
91.0
91.2
90.4
89.2
88.5
87.9
86.4
85.6
85.5
85.3
84.3
85.8
85.7
86.5
86.4
86.7
89.1
91.8
89.8
93.2
98.4
97.8
95.4
95.5
96.4
94.6
93.3
93.6
93.9
94.3
96.9
95.2
93.3
91.4
92.0
93.4
92.7
93.3
92.9
91.6
91.5
89.6
91.3
91.0
91.2
90.9
90.1
90.4
92.3
90.6
89.1
88.6
89.9
90.5
92.8
92.0
89.7
92.9
94.1
89.7
90.4
88.5
90.3
88.7
88.6
89.3
88.5
87.0
86.5
87.3
88.0
87.6
87.4
87.2
86.5
87.8
87.8
90.5
96.1
95.2
96.6
98.7
99.8
99.2
92.2
95.4
93.2
93.3
90.2
89.2
90.2
96.0
99.7
98.3
97.7
93.6
93.0
93.7
91.9
91.6
93.3
93.6
92.0
91.4
91.8
91.5
92.3
92.6
91.7
91.9
92.8
90.5
90.4
90.2
90.6
90.3
89.1
88.7
90.4
89.3
90.6
92.5
93.8
92.6
94.0
94.4
95.9
94.4
163.1
135.4
91.2
90.7
90.4
90.4
87.8
88.1
90.0
91.0
90.7
90.5
89.5
92.0
91.4
92.5
95.0
90.1
90.5
90.2
91.0
90.4
90.6
90.0
90.7
89.5
91.3
97.0
93.3
101.7
100.8
103.7
103.4
99.6
97.6
95.7
96.7
95.4
93.8
93.5
92.3
94.3
93.0
93.7
94.7
94.8
94.7
94.6
93.5
93.4
93.7
93.6
92.9
92.7
93.4
93.4
93.6
93.4
92.8
91.7
91.3
92.5
91.7
91.3
91.7
91.8
93.8
93.8
92.7
93.4
94.3
93.2
92.7
92.8
95.5
92.9
92.8
92.0
93.3
94.4
92.8
92.8
93.2
93.6
93.3
95.2
95.8
101.7
102.5
103.8
102.2
100.2
102.1
101.2
102.6
99.1
97.7
99.4
98.9
99.5
97.3
97.9
99.8
95.8
96.7
95.8
97.3
97.1
98.0
95.6
96.7
95.0
96.1
94.9
94.5
95.9
96.3
97.2
97.3
96.5
96.2
96.5
95.1
95.2
96.3
97.0
95.9
94.9
94.8
94.69999999999999
