76.3
77.1
76.4
75.3
75.5
75.3
76.7
75.0
74.8
75.2
73.6
73.4
74.2
74.6
75.8
74.6
74.4
75.5
74.0
75.7
78.3
74.5
74.1
74.1
74.4
72.9
71.9
72.6
72.6
73.9
73.2
74.8
83.2
78.9
76.0
77.0
76.6
77.2
77.6
74.4
73.5
72.7
73.9
73.8
72.6
73.1
72.5
71.5
71.6
71.9
71.2
73.0
72.0
71.2
70.9
70.9
71.6
73.9
74.1
74.2
73.5
73.3
72.3
70.9
70.7
70.8
70.6
71.0
70.9
75.6
75.9
75.4
76.2
76.3
75.6
74.4
74.5
71.7
69.9
69.8
69.9
71.0
69.9
71.1
71.1
69.0
68.7
69.2
70.0
68.4
69.1
69.3
69.3
69.6
68.6
69.0
69.5
69.5
72.1
72.2
73.3
73.8
74.8
83.6
100.3
87.5
88.2
90.7
85.5
81.8
78.2
79.5
75.5
76.1
74.9
73.8
72.7
71.3
71.2
70.5
70.4
70.0
73.5
73.6
72.7
72.6
71.4
72.1
72.7
73.8
71.5
72.4
73.1
73.3
73.3
74.2
73.3
73.0
73.4
73.8
73.8
73.3
74.0
72.6
73.3
75.2
74.6
75.9
76.1
75.5
76.8
76.8
75.9
76.5
74.9
76.4
76.4
75.7
75.9
76.1
76.4
76.0
75.6
75.7
75.8
76.2
76.7
76.8
77.3
76.2
77.4
77.1
76.4
76.8
76.0
75.0
75.7
76.3
76.1
76.0
75.3
74.7
74.4
74.3
75.3
74.5
75.7
75.8
75.7
75.7
74.3
76.1
76.0
76.0
76.2
76.0
75.2
75.4
75.7
75.8
76.6
91.7
149.7
184.9
241.9
136.8
83.7
75.1
74.0
75.0
75.7
75.5
75.1
74.4
75.3
74.9
76.2
75.2
73.8
75.5
76.0
77.3
78.3
86.1
91.1
81.8
77.3
76.8
73.6
72.4
70.4
68.9
69.0
68.8
69.4
70.2
70.4
68.4
72.3
72.1
72.5
72.8
73.3
73.8
74.1
73.5
75.8
74.8
75.2
75.4
75.3
75.8
75.4
75.2
75.6
76.8
75.6
74.4
75.6
76.2
75.2
75.8
75.6
74.6
75.3
76.9
75.8
74.4
75.4
75.7
75.4
74.9
76.8
76.4
75.4
75.8
75.0
74.2
74.5
74.3
75.0
75.7
76.2
77.4
75.5
75.6
74.7
75.0
75.0
75.4
75.2
74.1
73.9
75.2
75.3
74.0
80.3
91.5
83.8
80.7
78.2
76.0
75.2
74.1
73.7
73.2
71.6
71.1
70.0
69.4
69.9
69.0
68.9
68.1
68.0
67.9
67.6
67.9
67.6
67.3
67.5
67.5
68.7
68.5
68.8
68.0
68.3
67.6
67.4
68.4
67.5
67.7
66.7
65.8
65.4
67.0
70.5
71.7
72.1
73.5
72.9
74.3
73.5
75.2
76.1
75.4
74.9
76.3
74.4
74.6
75.1
74.7
76.0
74.5
75.1
74.5
75.0
75.2
74.5
74.4
76.0
75.0
75.2
75.7
78.0
83.2
74.9
72.5
76.0
76.2
73.0
73.7
74.8
74.0
74.1
74.6
75.0
74.9
75.3
75.8
76.1
77.1
78.2
82.7
82.7
82.3
84.0
82.1
81.7
81.5
80.6
81.3
80.5
81.0
95.7
94.1
98.9
93.8
89.7
91.1
90.2
89.5
88.9
87.9
87.2
86.8
86.2
86.1
86.2
84.7
84.5
84.4
84.0
84.5
83.7
83.2
82.9
83.6
82.9
81.9
82.2
82.7
82.1
81.1
80.5
80.4
79.9
77.6
74.7
72.3
70.1
69.2
70.1
74.9
80.7
85.4
87.9
89.3
91.2
91.0
91.2
90.9
91.3
91.3
91.2
98.4
93.9
91.3
89.6
89.8
89.1
88.0
87.2
87.3
87.2
87.3
87.4
87.0
86.3
86.1
87.5
86.0
86.0
86.0
85.7
86.1
85.2
82.2
78.1
75.4
71.9
70.3
67.5
68.7
66.1
64.3
62.9
62.8
62.5
61.3
60.2
67.9
68.2
67.5
64.8
64.4
64.8
65.4
63.4
63.2
63.6
62.8
63.5
63.3
63.2
64.6
66.9
69.3
69.8
69.1
67.7
67.2
67.2
65.8
65.6
66.2
65.4
65.4
64.6
65.9
66.7
72.9
79.1
72.9
70.7
70.2
70.0
69.4
69.6
68.2
68.0
68.2
67.6
67.4
67.7
68.0
67.9
67.1
67.6
67.6
68.2
69.6
71.3
75.3
77.4
77.7
73.2
70.8
71.6
69.8
70.7
76.5
83.8
81.0
68.2
68.3
65.9
64.4
63.1
66.8
70.3
68.7
65.8
62.7
61.6
68.6
69.9
67.2
65.4
63.0
59.1
58.0
55.7
55.7
54.2
53.4
53.5
52.5
56.8
64.5
64.7
64.0
64.0
63.9
63.8
65.1
65.3
67.9
68.5
69.2
68.9
69.9
71.4
70.5
71.5
71.3
71.5
73.5
72.9
70.6
70.9
70.5
70.8
71.1
71.5
71.0
70.2
153.0
80.7
69.8
69.3
69.3
69.4
69.2
69.8
69.3
69.2
69.2
68.8
68.3
68.5
68.9
68.4
68.5
68.5
68.6
68.9
69.1
69.7
69.0
69.2
68.8
68.5
67.7
67.5
66.3
65.3
64.5
63.3
64.7
64.5
66.2
74.8
79.9
79.7
83.4
78.6
75.9
74.3
73.6
71.4
70.7
69.2
68.7
66.8
66.6
66.8
66.4
66.4
66.1
66.2
66.6
67.0
67.0
66.5
66.4
66.7
66.6
66.6
67.3
67.5
68.9
68.9
70.8
75.1
75.1
76.0
76.3
76.3
75.4
76.6
76.6
75.8
77.3
76.0
76.1
76.8
76.3
76.4
75.9
76.1
75.1
75.0
74.2
74.8
74.6
75.6
75.8
75.0
74.9
76.0
83.1
80.2
76.6
75.1
73.8
72.0
71.4
70.8
69.6
69.5
70.5
64.7
66.9
67.7
68.9
66.5
65.4
64.5
64.8
63.5
63.7
63.2
62.6
62.4
62.2
65.9
77.5
82.4
82.6
79.6
79.3
77.7
77.0
83.2
89.0
83.1
83.8
85.2
84.0
83.3
82.7
81.6
80.5
78.1
77.5
77.6
82.0
81.8
80.3
79.2
77.8
77.7
78.4
78.3
78.2
78.6
78.3
79.6
78.8
78.0
77.9
78.2
77.9
77.6
78.7
79.8
78.3
78.4
79.3
79.5
79.4
79.5
79.8
80.8
80.6
81.1
129.6
187.6
137.8
82.1
83.5
85.9
87.0
87.1
89.5
90.5
92.8
95.6
95.6
95.9
96.3
96.1
96.7
97.5
97.9
98.5
98.4
96.5
95.3
94.6
92.6
91.5
90.5
90.6
90.5
90.4
90.2
89.0
88.9
87.7
87.9
86.7
86.2
86.8
86.6
87.3
87.4
86.4
86.3
85.8
85.5
85.1
86.2
82.7
84.6
84.5
84.7
84.6
84.1
83.5
84.3
84.2
85.1
84.2
83.7
83.7
84.5
85.1
85.0
85.0
86.1
85.3
86.6
84.9
85.1
85.2
85.3
83.9
85.3
86.0
85.7
85.8
87.4
87.2
86.8
85.9
86.4
86.7
87.2
86.5
87.6
86.5
85.9
86.7
87.2
86.5
86.4
86.5
85.5
86.3
86.4
86.7
87.3
88.9
87.6
87.6
87.4
87.6
87.3
87.6
87.1
87.5
87.4
88.4
88.5
88.0
88.7
88.2
87.2
87.9
87.4
89.1
91.4
86.8
88.3
88.5
111.6
74.2
73.2
69.6
68.6
66.0
63.2
60.0
59.1
70.6
77.9
78.3
76.9
75.5
74.3
73.7
73.2
72.3
71.8
72.4
72.4
72.9
73.0
72.3
72.6
73.6
73.8
74.3
74.1
73.8
74.0
74.1
76.2
76.1
76.3
76.0
75.6
75.4
75.4
74.8
74.3
74.6
74.4
74.6
74.5
75.2
75.3
74.5
74.9
74.9
75.1
73.6
72.4
72.3
72.7
73.5
74.4
74.8
74.9
74.9
75.2
74.4
74.8
74.8
75.6
75.7
75.4
75.4
75.6
75.7
74.8
75.1
74.9
75.3
74.2
74.2
74.5
73.8
74.1
74.2
74.2
72.6
71.6
74.0
75.5
75.0
72.6
74.2
74.2
73.4
73.2
72.6
72.5
71.9
71.2
70.5
70.3
70.2
69.6
68.9
69.1
68.6
68.2
67.8
68.6
68.2
68.3
68.5
69.7
69.9
69.4
70.3
70.3
71.3
71.4
70.2
70.2
71.2
71.2
71.0
70.2
70.6
71.2
69.7
69.7
69.2
70.9
71.7
72.1
72.0
72.2
71.5
71.6
72.6
73.3
73.1
72.4
73.5
72.3
70.6
70.1
70.3
68.6
67.5
68.2
67.5
67.9
68.3
67.6
67.2
67.6
66.8
67.2
67.2
67.2
66.6
66.1
65.8
65.8
65.7
66.1
65.9
66.3
66.4
65.3
67.6
67.7
67.1
66.5
66.2
68.9
71.1
71.0
70.7
70.9
69.2
69.0
68.7
68.3
67.3
68.3
67.2
67.1
66.7
66.6
67.2
67.1
67.2
65.9
66.1
66.2
66.1
67.0
66.8
69.4
70.0
69.3
71.3
79.3
73.6
71.7
72.0
72.0
71.8
71.5
69.2
68.5
68.7
67.8
67.7
68.6
68.1
68.0
154.2
71.9
68.8
70.8
68.7
69.0
71.7
72.7
85.9
84.1
81.7
73.2
68.7
72.7
71.1
69.5
69.1
70.1
68.5
67.7
67.3
66.7
66.4
66.2
66.0
65.9
66.1
66.0
66.4
66.9
66.8
66.7
67.1
67.2
66.9
67.2
67.3
67.3
68.4
69.2
69.1
68.3
68.6
68.2
68.4
68.8
68.5
68.6
69.0
68.6
68.4
68.9
68.4
68.3
68.4
68.4
68.4
67.2
68.2
68.4
68.7
69.7
70.2
70.6
70.9
71.3
71.3
72.2
68.6
68.8
68.8
68.4
68.0
67.9
67.7
67.2
67.0
67.0
66.8
67.0
67.3
67.0
66.9
67.2
67.0
67.2
67.8
67.7
68.1
67.6
67.4
67.3
67.4
66.6
67.1
66.7
66.2
65.7
65.5
65.5
64.8
64.3
63.7
64.5
64.8
63.9
63.9
63.7
64.9
63.6
63.5
63.4
64.1
63.2
63.4
63.4
62.8
63.0
62.9
62.2
62.6
62.9
63.2
63.6
63.9
63.6
64.4
63.2
64.2
64.6
65.2
65.0
65.0
65.3
65.5
65.8
66.5
66.3
66.5
67.0
66.3
66.3
66.6
67.6
67.7
67.7
67.5
68.9
68.2
68.2
68.7
68.5
68.3
67.7
68.9
68.4
67.9
67.7
68.2
68.0
67.5
68.5
73.1
76.3
75.6
78.6
76.4
76.4
75.1
76.0
73.9
67.9
64.3
64.1
64.7
66.0
63.5
61.8
58.8
59.6
62.4
63.0
63.9
65.4
65.3
66.0
66.2
67.2
65.7
66.4
66.4
66.2
66.0
66.3
66.2
66.0
66.6
66.2
66.8
66.7
67.3
67.1
66.2
65.9
65.9
66.0
65.7
65.1
64.9
65.1
65.6
64.5
65.0
65.0
65.2
65.1
65.6
65.6
64.8
66.1
66.3
66.8
66.4
66.0
65.2
65.0
66.5
66.3
66.1
65.9
66.0
66.4
66.6
67.5
67.3
68.8
68.2
67.9
68.6
67.4
68.0
68.3
69.0
68.0
67.3
67.8
67.5
67.4
67.6
67.6
68.3
68.8
68.2
68.5
68.3
69.5
69.1
66.8
64.5
57.0
59.2
51.0
45.2
42.7
41.6
41.2
40.8
40.5
41.1
40.8
40.6
40.9
40.8
40.7
40.4
40.4
40.8
40.1
40.4
40.2
39.4
39.6
39.0
39.2
39.4
39.0
38.9
38.7
38.6
38.1
38.1
37.9
38.1
38.0
37.9
37.8
37.8
38.0
37.7
37.5
37.1
37.0
36.9
36.8
37.0
37.3
37.3
37.2
37.2
37.3
37.2
37.2
37.3
37.1
36.8
37.0
37.1
37.1
37.0
37.1
37.0
37.0
37.0
37.0
37.1
37.1
37.4
37.0
37.3
37.1
37.3
37.0
37.0
37.1
37.0
37.0
36.8
36.9
37.1
36.9
36.7
37.0
36.9
36.8
37.1
36.8
37.0
36.5
36.1
36.7
37.8
38.3
38.3
38.2
37.7
37.9
37.9
37.9
37.6
37.1
37.5
37.8
38.4
38.8
37.9
39.4
39.7
40.4
40.3
39.9
39.1
38.8
38.0
38.0
38.2
38.2
37.8
37.7
37.7
37.7
37.8
37.8
37.7
37.2
37.2
37.7
37.6
37.9
37.1
37.2
37.1
37.1
36.6
36.6
36.7
36.8
36.7
36.6
36.1
36.4
37.0
37.0
36.7
36.9
36.8
36.8
36.7
36.7
36.6
36.9
36.6
36.7
36.5
36.5
36.3
36.5
36.6
36.5
36.3
36.7
36.7
37.0
37.0
36.2
36.1
36.1
36.1
36.4
37.0
36.7
36.1
36.3
36.6
35.1
36.4
37.0
37.4
37.2
37.0
36.7
36.6
36.4
37.1
38.3
38.3
38.0
38.1
38.0
37.6
37.3
37.0
36.7
36.4
36.2
36.3
36.9
36.9
37.2
37.4
36.8
36.8
37.0
37.1
36.9
37.3
37.1
36.8
37.0
37.7
38.6
38.0
38.4
38.1
38.8
39.3
39.5
39.7
39.7
38.6
38.4
37.6
38.0
38.2
38.3
38.3
37.7
38.0
37.9
37.9
37.9
37.4
37.8
37.1
36.9
36.3
36.0
36.1
36.4
36.5
36.8
36.8
36.3
36.0
36.5
36.2
36.2
36.0
36.0
35.8
36.3
36.9
37.0
37.1
37.3
37.5
37.5
37.1
37.0
36.8
37.0
37.0
37.1
37.3
37.0
37.5
37.3
37.1
37.0
37.3
37.1
36.9
37.7
37.5
37.2
36.8
37.1
37.1
37.4
37.9
38.0
38.0
37.8
37.8
38.2
38.0
38.2
38.3
38.8
39.0
39.2
39.8
39.4
39.1
38.9
38.4
38.7
38.1
38.6
38.3
39.0
39.1
39.1
38.2
38.7
38.2
38.7
38.5
38.4
37.7
38.9
38.9
38.4
38.6
38.6
39.2
39.1
39.0
39.5
40.6
40.9
41.1
41.1
41.0
40.9
41.1
41.7
41.6
41.6
41.8
41.6
41.9
41.4
42.1
42.1
41.9
39.7
38.1
38.9
39.5
40.1
40.0
39.7
38.5
38.9
39.4
39.5
38.9
38.2
37.3
37.9
37.6
37.4
37.1
37.0
37.1
37.2
37.2
37.0
37.4
37.4
37.9
38.0
38.0
38.0
38.4
38.4
38.2
38.0
37.5
37.9
38.4
38.4
38.1
38.4
38.5
38.8
38.1
38.3
38.7
38.8
38.3
38.2
38.5
38.5
38.9
38.4
38.0
38.0
38.0
38.3
38.0
37.8
38.1
38.0
38.8
38.1
38.0
37.8
38.1
38.5
37.8
38.0
38.1
38.3
38.2
38.0
37.7
37.9
38.0
38.0
38.0
38.2
38.0
37.9
37.7
38.0
37.9
37.9
38.0
37.7
38.0
37.9
37.8
37.8
37.4
37.9
38.2
37.8
37.7
37.4
37.8
38.0
38.0
39.4
40.6
38.8
39.8
44.0
44.1
43.7
43.1
43.4
43.3
43.0
42.9
42.4
42.3
42.0
42.3
42.1
42.2
42.2
42.0
42.6
42.2
42.3
42.1
41.8
41.2
41.6
41.7
41.4
41.2
41.2
40.8
40.7
41.4
41.5
41.1
41.5
42.0
42.2
41.9
41.5
41.2
41.4
41.3
40.9
41.4
41.3
41.0
40.7
40.9
41.1
40.9
41.0
41.0
40.5
40.2
40.5
41.2
41.0
40.7
40.9
41.2
41.4
41.0
40.9
40.9
41.0
40.9
41.0
41.2
41.0
41.1
41.5
41.3
41.1
41.0
40.5
40.8
40.9
40.9
41.0
41.1
41.0
41.3
42.0
41.8
41.3
41.0
40.7
40.5
40.7
41.2
41.2
41.3
41.1
40.9
41.1
41.7
41.8
41.2
41.0
41.0
40.3
40.6
40.6
41.3
41.0
41.4
41.4
41.3
40.8
40.8
41.3
41.7
41.6
41.0
41.3
41.2
41.3
41.1
41.5
41.5
41.2
41.3
41.3
41.0
41.1
41.2
41.0
41.0
41.0
41.1
40.9
40.6
40.4
40.2
40.5
40.4
40.3
40.2
40.1
40.0
39.8
39.9
40.2
40.1
39.1
39.3
39.5
39.9
39.5
39.0
39.0
39.0
38.9
39.1
39.1
39.5
39.2
39.1
39.5
39.3
39.0
39.0
39.1
38.9
39.2
39.6
40.2
40.1
40.0
39.8
39.8
39.5
39.6
39.0
39.3
39.7
40.1
39.8
39.7
39.6
39.6
39.0
39.3
39.3
39.2
39.7
39.8
39.4
39.6
39.1
39.0
39.5
39.6
39.1
39.3
39.7
39.1
39.1
39.9
40.2
41.1
43.0
43.4
42.2
42.1
41.3
41.6
41.1
41.5
41.5
41.2
41.1
40.9
41.0
40.8
40.7
40.0
40.0
40.3
40.3
40.1
39.7
39.3
40.0
39.5
39.4
39.5
39.8
39.5
39.3
39.0
39.0
39.1
39.0
39.1
39.6
39.7
39.2
39.7
39.0
39.4
39.4
39.3
39.3
39.3
39.6
39.6
39.4
39.7
39.8
39.9
39.7
39.9
39.8
39.7
39.6
39.9
39.9
39.6
40.0
40.2
40.8
40.5
40.4
40.0
40.0
40.0
40.1
40.5
40.2
40.4
40.1
40.8
40.5
40.3
40.3
40.2
40.3
40.0
40.0
40.3
40.5
40.0
40.0
40.0
40.0
40.0
40.2
40.5
40.5
40.3
40.1
39.9
39.8
39.6
39.7
40.1
40.2
39.6
39.8
39.8
39.8
39.9
39.5
39.6
39.4
39.4
39.6
39.5
39.6
39.7
39.5
39.3
39.4
39.8
39.4
39.1
39.0
39.0
39.6
39.2
39.4
39.2
39.2
39.1
39.2
39.4
39.3
39.1
39.1
39.2
39.1
39.5
39.2
39.3
39.1
38.9
39.0
39.1
39.1
39.2
39.6
39.0
39.5
39.4
39.2
39.1
39.3
39.0
39.9
39.3
39.3
39.1
39.0
39.1
39.1
39.2
38.9
39.1
39.1
39.2
39.0
39.0
39.0
39.0
39.5
39.4
39.6
39.3
39.0
39.0
39.1
39.2
39.0
38.6
38.6
39.0
38.9
38.8
38.7
38.6
39.0
38.9
38.9
39.0
38.8
39.0
38.8
39.0
39.9
41.6
41.6
41.0
40.9
40.6
40.6
40.1
39.9
40.0
40.0
39.8
39.5
40.0
39.6
39.6
39.2
39.1
39.9
39.4
38.8
39.0
39.7
39.1
39.2
39.0
39.0
39.2
39.0
38.7
38.8
38.2
38.1
38.3
38.1
37.9
38.0
38.0
38.0
38.0
38.0
37.8
37.9
38.4
38.4
38.0
38.0
37.9
38.0
38.0
38.0
37.9
38.0
38.1
37.8
37.9
37.7
37.5
37.7
37.6
37.6
37.8
37.6
37.7
37.4
37.7
37.9
38.0
37.9
37.6
37.9
37.3
37.8
37.9
38.0
37.3
37.6
37.6
37.8
38.0
37.9
37.9
38.0
37.8
37.8
37.8
38.0
37.6
37.4
37.2
37.6
37.8
37.8
37.1
37.1
37.2
37.5
37.4
37.1
37.0
37.0
37.3
37.0
37.2
37.0
37.2
37.1
37.4
37.7
37.4
37.3
37.0
37.0
37.0
37.2
37.3
37.1
37.1
37.1
37.2
37.4
37.6
37.4
37.8
37.4
37.6
37.4
37.3
37.0
37.3
37.0
37.0
37.0
37.2
37.3
37.0
37.1
37.0
37.1
37.0
37.0
37.0
37.2
37.2
37.0
37.0
37.0
37.0
36.5
36.8
36.7
36.8
36.9
36.8
36.9
36.4
36.4
36.6
36.7
36.9
37.0
36.8
36.8
37.0
37.0
36.8
36.9
36.4
36.6
36.5
36.9
36.9
37.0
37.0
37.0
37.2
37.0
36.9
36.7
36.9
37.1
37.1
37.0
37.0
37.0
36.9
37.0
37.0
37.0
37.0
37.0
37.0
36.9
36.6
36.9
36.9
37.0
37.0
36.9
36.8
36.7
37.0
36.9
37.0
37.0
36.9
36.9
37.1
37.1
37.0
37.3
37.0
37.0
36.7
36.7
36.6
36.7
36.6
36.8
36.8
37.1
38.4
38.4
38.0
37.9
37.4
36.8
36.4
36.1
36.2
36.1
36.6
36.6
36.9
36.8
36.1
36.5
36.3
36.5
36.6
36.5
36.6
36.5
36.9
37.0
36.5
36.6
36.3
36.1
36.5
36.0
36.1
36.0
35.9
36.0
36.0
36.0
36.0
36.0
36.1
36.0
36.0
36.0
35.9
36.0
35.8
36.0
36.0
36.1
36.0
36.0
36.0
36.0
35.8
36.0
36.0
36.1
36.4
36.0
36.0
36.0
35.9
36.0
36.0
36.0
36.0
36.0
36.0
36.0
35.9
35.8
36.0
36.1
36.0
36.1
36.0
36.0
36.0
36.0
36.0
36.1
36.0
36.0
36.0
36.0
36.0
36.0
36.0
36.8
36.9
36.9
37.8
37.8
37.7
37.3
36.9
37.3
37.6
38.5
41.0
43.6
42.0
41.9
46.6
51.2
86.9
40.3
40.2
39.3
39.2
39.0
39.2
39.3
38.1
37.2
34.2
38.9
27.8
47.1
47.6
48.2
35.5
33.2
31.8
30.2
31.2
31.6
31.6
31.4
31.3
31.2
31.0
31.0
30.9
30.9
30.9
30.9
30.7
30.2
30.5
30.3
30.0
30.1
30.1
30.3
30.7
30.5
30.2
30.6
30.5
30.3
30.3
30.6
30.6
30.6
30.1
30.4
30.7
30.7
30.7
30.5
30.6
30.1
30.2
30.1
30.0
30.0
29.7
29.8
29.5
29.4
30.0
29.8
29.8
29.3
29.3
29.4
29.3
29.3
29.7
29.3
29.7
29.3
29.4
29.4
29.7
29.4
29.6
29.8
29.7
29.4
29.5
29.5
29.6
29.4
29.3
29.2
29.3
29.6
29.9
30.0
29.9
29.4
29.4
30.1
30.0
30.5
31.0
31.2
31.0
31.0
30.4
30.0
30.1
30.1
29.6
29.3
29.3
29.6
29.6
29.1
29.2
29.1
29.4
29.2
29.5
30.0
30.0
29.8
30.0
30.1
29.8
30.1
30.2
30.2
29.9
29.9
29.8
30.0
30.1
30.1
30.3
30.3
30.0
29.5
30.5
31.0
31.4
32.5
34.4
46.1
37.1
34.7
34.2
34.1
34.0
34.8
35.6
36.3
36.9
37.5
37.7
38.0
38.0
38.2
38.5
38.3
38.8
38.9
39.0
39.4
38.9
39.1
39.0
39.3
39.2
39.8
41.1
42.0
40.5
39.2
38.4
37.8
37.9
37.2
35.9
34.2
32.6
31.7
31.0
31.1
30.7
30.7
30.7
30.9
31.0
30.6
30.0
30.0
30.1
29.9
29.8
29.8
29.8
29.6
29.4
29.4
29.0
29.2
29.6
29.4
29.3
29.4
29.8
29.6
29.9
29.7
29.6
29.3
29.4
29.8
29.8
30.4
30.0
30.3
30.0
30.2
30.0
29.7
29.4
29.1
28.9
28.9
29.2
29.0
28.9
28.9
28.6
28.6
28.6
28.0
28.3
28.0
28.0
28.0
28.2
28.0
28.0
28.0
27.9
27.9
28.0
27.8
27.8
28.3
28.1
27.9
27.8
28.0
28.0
27.9
27.4
27.0
27.0
27.1
26.9
26.7
26.7
26.8
26.6
26.5
26.5
26.5
26.5
26.9
26.9
26.3
27.2
27.6
27.7
28.3
28.5
28.8
34.8
40.8
33.9
33.8
33.9
33.6
33.1
33.0
33.0
33.0
33.0
32.9
32.4
32.6
32.5
32.6
32.0
32.1
32.2
32.1
32.0
32.0
32.0
32.0
32.1
31.7
31.9
31.9
31.4
31.7
