77.6
77.5
75.5
77.6
73.1
73.0
71.3
71.0
74.6
72.7
69.1
71.9
69.4
69.0
69.9
69.7
72.8
75.7
87.5
87.5
89.1
91.9
94.1
94.0
91.9
92.6
96.7
99.3
99.8
97.5
96.4
96.4
95.9
98.6
95.0
93.8
95.5
95.5
95.9
96.7
99.5
96.9
95.9
95.9
95.1
94.2
94.0
94.1
93.5
93.5
91.7
91.5
87.7
96.8
99.0
95.3
88.2
97.4
107.5
99.7
94.1
96.2
91.5
90.1
89.5
87.5
88.1
86.4
88.7
92.7
94.9
89.6
89.8
89.6
95.3
86.8
92.7
94.9
89.9
97.0
91.3
87.9
90.7
92.4
88.0
93.2
89.5
88.0
88.3
85.7
97.6
92.8
86.8
88.8
93.6
90.3
92.6
88.0
91.0
89.6
91.0
88.9
90.9
90.3
89.6
87.5
85.2
80.9
81.4
88.1
84.9
80.0
87.2
85.7
78.5
75.7
74.7
73.5
73.4
74.2
73.7
72.8
72.6
73.4
74.0
73.5
74.8
73.7
74.0
74.9
75.3
74.5
77.8
77.7
79.6
78.9
77.4
87.1
87.9
87.4
90.0
90.3
87.8
89.6
86.0
86.1
86.3
83.7
82.8
81.0
83.5
82.1
83.6
83.0
82.0
86.7
88.2
88.8
85.5
83.8
83.5
81.5
81.3
82.5
85.7
93.2
89.5
82.6
84.5
83.4
87.3
89.6
88.6
91.6
89.1
86.7
82.9
87.3
86.7
83.9
81.7
79.8
80.7
80.9
82.1
91.1
86.0
83.4
81.9
82.0
79.8
84.4
85.5
82.2
81.2
82.5
85.2
88.1
87.1
89.6
90.8
88.9
89.0
88.5
87.3
85.2
84.1
84.4
83.9
86.2
86.8
87.0
86.4
84.3
85.3
86.1
91.1
88.4
84.2
83.4
83.2
82.4
81.2
80.9
90.5
89.7
90.2
88.9
88.0
86.8
87.0
84.9
85.4
89.3
87.2
85.3
85.2
84.2
85.0
86.5
85.4
87.0
85.6
85.5
83.5
84.5
83.5
76.0
76.2
75.1
75.6
79.4
81.5
81.0
79.4
84.0
80.9
78.9
137.3
182.6
145.8
80.1
78.0
80.3
80.0
81.5
80.6
80.5
80.9
80.3
82.0
81.6
81.8
81.1
82.5
83.0
82.6
81.5
82.4
83.1
84.9
83.6
81.0
77.9
74.8
72.8
74.4
74.7
74.7
79.0
79.3
77.7
89.7
84.5
81.5
80.3
83.2
83.0
81.2
80.0
79.6
78.0
78.1
78.5
75.4
73.3
73.6
74.3
75.5
79.9
76.9
78.9
79.5
80.4
82.5
83.0
84.5
87.9
91.0
91.0
86.4
81.8
80.9
84.5
84.8
80.4
81.1
80.1
85.6
85.0
83.2
82.1
81.7
80.2
83.0
85.4
85.4
86.4
85.6
86.7
82.6
80.9
80.9
79.8
78.9
78.2
77.6
79.7
81.9
81.8
83.7
82.2
80.7
78.5
78.6
80.8
80.2
79.8
82.7
83.3
82.7
80.4
85.0
85.7
85.7
86.5
84.3
84.3
82.9
85.0
84.4
84.8
83.4
82.3
81.0
81.6
84.4
85.0
86.5
87.2
85.2
85.2
86.6
81.9
78.4
80.1
77.9
78.3
82.2
78.9
79.2
82.9
80.6
82.8
81.7
78.9
80.0
81.4
85.4
88.2
89.3
88.0
91.0
89.7
87.6
86.1
84.0
84.5
85.2
84.9
83.5
90.4
93.1
94.4
91.6
93.4
90.9
86.8
87.7
85.7
82.7
169.8
134.1
83.0
79.9
79.5
79.2
80.0
79.3
81.4
81.8
84.0
86.1
90.2
86.8
92.4
87.7
88.2
86.9
84.5
86.5
85.9
84.7
86.7
88.1
88.2
88.5
86.3
84.8
85.0
81.8
85.6
87.2
81.8
82.0
80.0
80.4
78.9
78.2
79.0
80.7
79.4
84.2
79.3
79.9
83.5
86.3
85.9
88.9
90.9
87.3
85.0
83.5
78.5
80.9
84.0
83.8
80.3
76.2
78.5
79.9
77.7
78.9
78.5
79.0
81.0
81.2
80.9
79.8
82.4
80.1
84.4
85.2
83.4
81.4
81.7
84.1
81.8
76.9
79.9
86.1
86.1
85.5
83.0
81.1
84.7
80.7
82.3
82.0
83.7
84.9
85.3
83.2
81.4
82.1
81.6
81.0
80.4
83.2
87.4
90.3
97.9
84.4
86.9
84.4
90.0
89.9
86.7
83.8
85.1
84.8
84.8
84.0
85.0
85.6
81.7
85.0
86.8
84.5
83.8
84.6
85.2
84.9
85.2
86.6
88.8
87.6
86.9
85.8
85.2
84.6
85.0
87.9
85.3
85.3
84.1
83.8
85.7
86.3
86.7
87.0
87.9
90.3
89.4
86.9
89.6
86.3
88.8
88.3
87.9
85.8
86.5
84.1
83.9
85.5
85.2
86.7
86.7
85.1
85.1
85.3
88.3
89.0
86.6
85.7
87.7
88.9
88.4
87.1
90.0
89.9
87.9
88.5
86.5
89.0
87.3
88.6
87.5
88.0
89.1
87.7
86.2
85.5
84.1
84.8
84.6
86.9
87.4
84.0
94.8
87.1
82.0
82.7
89.3
87.2
84.3
83.9
81.7
83.1
79.6
79.3
80.8
80.9
79.9
79.1
84.0
81.2
85.7
84.9
84.1
79.3
80.8
80.0
79.8
79.9
78.4
77.8
78.0
78.7
79.5
78.8
79.6
79.2
79.6
88.5
83.6
88.0
86.8
91.6
87.9
85.8
83.1
82.5
82.5
81.5
80.4
80.2
81.4
80.8
80.9
82.8
88.2
93.3
89.8
88.9
85.5
82.9
81.8
79.6
78.8
78.5
78.9
79.3
80.0
83.4
85.6
79.9
81.2
82.6
84.8
94.5
89.8
83.9
83.6
82.1
80.4
81.4
81.0
81.4
82.0
85.4
82.0
78.6
79.2
80.0
79.1
78.6
80.9
79.3
78.0
80.4
80.1
80.9
80.9
77.9
75.8
73.5
78.8
75.1
74.3
73.7
75.1
72.9
73.1
73.2
74.5
76.6
73.5
72.9
68.9
69.7
72.2
70.5
70.5
69.9
69.8
69.2
69.1
69.5
69.8
68.7
70.1
80.5
88.6
86.8
84.3
81.5
80.9
82.1
80.6
80.4
80.4
81.3
78.3
76.8
76.9
76.3
76.0
74.0
76.5
76.6
76.5
78.2
78.3
79.5
79.6
83.4
82.7
81.2
80.8
82.0
79.6
78.9
79.7
82.9
81.4
80.9
80.2
80.0
80.8
81.0
80.4
79.3
78.6
79.8
80.4
82.9
82.1
81.2
79.9
77.5
77.6
76.8
76.9
76.8
83.6
88.8
83.1
83.7
83.1
85.5
86.1
83.5
95.2
96.6
85.3
82.2
82.3
79.8
76.1
76.0
84.0
81.6
83.3
81.4
80.9
81.7
82.9
82.9
80.3
83.1
82.9
82.1
82.3
82.3
84.7
83.0
80.9
82.0
81.9
82.5
83.1
86.2
85.4
85.5
90.0
88.2
92.1
91.3
90.8
90.8
90.7
89.9
89.3
86.6
90.5
91.0
88.3
87.1
87.0
82.8
83.2
81.6
84.2
83.4
82.9
82.2
82.3
83.7
82.0
81.9
84.1
86.6
83.2
82.1
82.8
83.3
84.1
90.1
88.6
86.3
85.6
86.5
87.1
87.8
86.9
88.1
85.9
84.8
87.0
85.5
86.7
90.3
90.3
89.9
88.4
87.9
87.9
86.5
87.1
88.4
88.3
85.7
84.8
86.4
86.7
87.0
87.4
86.6
86.3
88.9
88.7
90.9
91.9
91.8
87.8
90.3
96.0
93.4
91.3
87.8
86.0
85.1
86.7
85.3
85.4
85.4
85.8
87.2
86.9
88.7
101.9
95.6
95.7
94.6
93.1
85.4
83.4
81.5
81.2
82.1
80.9
81.8
82.2
82.8
83.3
83.1
83.0
83.6
83.4
84.2
88.2
87.4
89.2
87.3
86.8
89.7
90.1
91.4
88.6
87.5
88.9
84.7
82.1
79.6
78.6
78.6
78.5
78.6
78.2
77.5
77.8
79.4
78.0
81.8
88.9
82.2
80.2
81.1
91.5
89.4
88.7
84.3
82.2
78.7
79.3
79.1
78.8
80.7
78.5
76.3
77.4
76.1
75.9
78.6
80.6
78.4
78.3
78.7
78.5
80.2
81.4
82.0
75.1
91.8
90.1
87.0
84.5
84.0
84.6
81.3
79.3
78.7
78.2
77.8
78.3
77.3
77.1
76.0
76.0
75.4
75.0
77.3
75.6
75.0
74.6
75.5
75.3
76.4
77.7
75.4
81.3
83.2
81.3
78.4
77.3
78.3
72.9
72.7
72.0
70.3
70.1
70.6
69.7
72.8
82.1
75.7
73.6
77.6
80.7
82.4
75.3
76.7
76.0
76.0
73.6
74.0
78.0
81.9
82.5
81.7
77.5
79.2
80.8
81.0
78.3
80.8
80.4
84.5
78.0
77.3
74.7
76.6
76.4
84.6
85.8
84.7
85.5
83.5
86.4
85.0
86.3
82.7
82.1
83.2
80.7
86.3
89.5
88.8
87.8
86.9
83.6
82.6
84.6
83.0
80.7
80.9
82.7
84.1
83.6
83.5
83.0
85.5
77.5
81.4
77.6
74.0
74.8
75.2
76.0
79.2
81.8
77.9
77.0
78.5
78.7
78.1
74.9
72.5
74.0
78.8
76.8
78.0
75.9
79.1
81.0
80.3
79.9
77.9
78.3
79.1
77.8
78.7
81.1
80.6
78.6
79.9
80.7
81.6
80.7
78.9
78.1
80.5
75.2
70.6
69.5
67.5
66.5
72.3
79.5
74.5
74.8
77.1
75.6
73.5
75.3
75.3
75.0
73.7
75.8
75.1
73.3
72.1
71.8
73.6
73.4
72.8
75.3
74.4
75.2
73.7
73.5
73.3
73.2
74.0
74.3
73.1
73.5
74.2
73.2
72.3
71.5
71.6
71.4
72.0
73.1
72.5
71.6
73.0
72.5
74.3
77.6
78.5
78.1
73.1
74.9
75.9
75.9
74.7
71.7
71.3
72.9
73.1
72.4
72.6
74.4
70.2
69.0
70.0
73.7
81.6
78.3
74.5
73.1
77.0
77.1
78.6
81.0
77.4
78.0
77.6
78.3
75.6
78.3
79.0
79.7
79.8
78.0
77.9
77.6
78.4
78.4
78.5
78.1
77.8
80.4
78.1
78.1
78.6
78.0
77.6
77.2
78.3
78.0
78.6
80.4
79.9
79.0
75.0
73.8
74.8
73.8
74.3
74.0
75.3
76.3
74.7
74.7
76.1
75.9
76.4
76.8
72.8
74.4
77.4
73.8
72.7
74.0
74.7
71.4
70.7
70.8
71.9
71.5
72.0
75.1
74.5
75.4
75.0
75.3
75.8
79.4
75.3
76.2
83.6
83.2
79.4
80.8
80.8
78.3
77.9
77.3
78.7
80.0
78.7
78.7
79.1
80.2
81.3
79.7
80.2
78.4
76.9
77.9
76.2
76.5
79.0
76.8
76.4
77.7
77.0
77.6
75.8
75.8
77.5
78.0
77.4
81.8
83.6
81.4
81.9
79.6
78.6
79.1
77.6
76.7
78.2
77.1
76.8
77.5
80.0
79.1
78.7
78.3
77.2
77.3
78.5
78.6
81.9
88.9
80.9
80.1
80.6
81.4
81.8
84.3
83.1
81.8
76.6
79.8
77.2
77.7
77.8
76.1
77.7
78.2
77.0
79.7
75.2
74.9
73.7
74.8
72.8
108.3
89.3
78.3
80.1
80.9
79.7
79.7
79.3
79.4
76.5
75.4
74.0
73.6
73.8
74.2
74.4
73.6
76.7
78.0
75.1
77.9
74.6
73.1
73.9
75.6
73.3
78.2
74.6
76.9
77.4
71.5
72.7
71.5
70.0
68.7
71.9
71.8
71.3
74.8
76.1
78.0
76.3
75.0
76.8
74.4
76.8
78.2
78.0
74.7
75.4
75.4
73.7
75.2
75.1
76.5
77.3
77.0
75.4
75.7
75.0
76.6
78.5
78.3
77.4
76.6
76.8
77.8
78.7
77.2
79.4
78.7
76.2
77.2
79.3
77.1
77.7
76.5
76.9
77.0
77.6
77.6
77.8
76.8
77.5
79.3
77.6
79.4
79.5
81.9
80.8
78.7
76.7
74.3
75.9
76.6
84.6
86.0
88.3
89.4
90.0
88.9
92.8
90.8
90.8
92.5
93.6
90.9
89.1
87.8
89.2
90.9
90.2
88.0
85.9
85.8
86.1
87.6
88.4
90.4
88.0
85.4
87.0
87.6
83.7
82.2
81.9
82.8
82.9
86.3
87.7
86.1
83.8
83.5
85.6
84.9
86.6
84.6
86.6
85.1
88.5
87.3
85.6
87.3
81.1
82.1
80.7
84.0
82.1
79.8
80.3
78.7
77.9
78.0
81.4
84.8
83.2
81.2
79.4
81.7
85.1
89.0
84.5
82.0
80.1
79.9
80.6
80.9
81.0
81.6
81.8
82.0
82.3
81.5
80.8
101.2
95.0
87.9
88.6
82.9
80.6
78.2
78.3
77.3
77.2
76.8
77.6
77.7
83.7
92.9
96.8
90.6
89.1
86.3
89.4
88.9
88.3
85.5
87.1
87.7
88.1
88.5
88.4
90.6
90.7
90.2
85.8
86.4
87.00000000000001
