68.0
69.3
76.8
84.5
88.1
92.2
95.8
96.4
92.9
88.9
85.4
83.5
81.4
79.6
77.4
75.9
74.7
73.9
73.2
77.7
97.3
129.8
100.8
73.1
74.8
75.6
79.8
75.6
77.4
77.6
78.1
79.3
78.5
80.1
81.0
81.7
80.8
79.0
81.6
84.5
82.9
81.6
80.8
82.7
84.4
84.7
84.6
87.2
92.9
93.6
93.7
92.2
87.1
83.7
77.8
71.8
67.8
65.8
63.9
63.6
62.3
61.3
60.7
60.1
60.6
61.0
62.2
63.8
64.2
65.2
66.5
66.5
66.3
65.9
70.0
75.4
81.2
80.9
80.7
81.9
78.7
76.0
74.3
74.0
75.7
73.8
75.0
76.5
78.0
75.3
71.9
82.6
79.1
78.5
75.8
75.4
73.9
73.8
70.9
68.2
67.8
66.9
66.3
65.2
65.8
67.0
67.8
67.2
66.6
67.0
66.6
65.7
64.4
66.9
55.2
61.7
71.8
75.2
77.0
79.0
79.3
79.3
79.1
79.4
79.4
80.8
75.2
77.5
118.7
120.1
103.4
86.5
85.1
83.4
78.6
70.3
73.4
81.4
83.9
84.2
82.2
80.0
77.5
76.2
75.7
75.5
75.8
74.6
75.4
73.3
66.2
65.8
76.3
85.9
86.9
87.6
88.0
87.8
87.4
87.1
87.1
85.2
82.8
82.3
83.9
72.7
67.4
73.4
84.5
82.1
71.3
67.9
68.1
69.8
68.3
71.7
73.6
74.5
73.0
70.6
75.5
77.6
78.4
79.3
80.1
80.2
80.2
80.7
77.4
75.3
80.4
82.7
83.5
82.6
82.3
81.3
81.5
81.2
80.6
71.9
74.1
77.1
78.8
78.5
77.7
76.6
75.8
76.2
76.5
77.0
77.1
77.3
77.5
74.4
62.1
63.2
69.6
72.8
71.6
74.3
73.6
63.2
75.2
96.8
100.5
94.2
87.1
84.9
84.3
84.8
87.6
89.2
88.2
90.1
90.9
92.1
93.4
91.4
86.4
86.5
86.0
86.7
85.6
84.1
82.2
80.7
77.0
68.8
73.5
79.9
80.3
80.7
79.7
79.1
78.5
77.0
76.1
74.4
72.8
71.3
70.4
70.5
71.7
71.4
71.8
72.5
72.3
105.1
84.8
71.9
71.8
71.6
70.6
70.5
69.6
69.4
69.4
69.4
69.8
69.6
69.7
70.7
73.0
67.3
65.0
64.6
67.5
67.7
73.5
78.9
80.9
80.3
79.4
77.9
77.1
76.5
75.9
74.9
74.4
74.2
73.8
73.9
73.7
73.0
72.7
72.9
72.7
72.3
72.3
71.8
71.5
71.8
73.4
78.5
80.6
82.7
79.9
89.5
83.8
81.4
78.3
76.2
75.9
75.6
75.2
73.3
72.1
71.9
72.7
72.3
72.4
73.3
72.4
72.0
71.6
71.2
71.1
70.1
69.7
69.9
70.3
71.0
69.4
65.8
66.0
69.1
72.2
74.7
75.2
71.6
68.8
67.2
66.4
64.8
62.1
59.6
56.8
57.2
58.6
58.7
60.1
61.3
62.0
61.8
62.0
62.7
63.2
64.0
73.4
78.0
70.6
71.8
75.2
80.7
81.1
79.2
77.4
75.1
74.9
72.7
72.6
71.4
71.1
72.7
72.8
71.0
70.0
70.4
65.5
71.3
74.4
75.5
76.6
77.2
74.6
72.4
72.5
72.3
73.2
72.6
72.4
73.2
72.9
73.0
73.6
73.1
78.2
74.9
75.5
76.1
77.1
75.2
76.3
76.4
78.2
77.5
78.4
76.7
79.1
79.4
82.4
80.5
79.7
80.7
80.2
79.1
79.6
79.4
80.5
82.4
81.1
82.7
78.3
86.3
88.5
88.2
86.0
87.3
87.4
90.1
89.9
91.0
89.4
93.4
93.9
95.1
95.3
90.7
92.1
95.9
93.3
90.4
86.2
84.0
82.8
81.6
79.7
79.7
78.4
74.7
75.7
75.6
74.7
73.5
73.1
74.5
72.4
72.8
74.6
71.9
71.4
71.3
71.0
69.4
67.8
69.6
70.6
68.7
67.9
70.2
69.1
67.5
68.8
69.4
69.2
68.7
68.8
69.7
68.3
68.3
67.7
67.1
68.0
66.9
66.5
65.7
67.2
65.8
65.6
66.9
65.5
66.9
66.1
66.3
65.9
66.8
65.9
65.5
66.3
65.3
64.5
66.2
68.3
68.4
67.2
69.3
68.0
69.6
69.0
68.4
69.1
66.8
68.5
69.2
69.4
70.1
69.6
70.4
69.5
70.1
68.6
71.7
71.7
68.4
70.9
68.2
66.9
66.4
65.9
65.8
65.6
65.3
65.2
64.2
65.5
65.3
63.9
65.1
63.4
63.0
63.0
64.0
63.2
64.8
64.2
62.1
64.7
66.3
65.4
65.3
65.5
63.6
64.0
64.1
62.7
62.7
65.5
67.3
66.9
66.2
66.3
165.5
64.5
64.2
66.4
64.8
64.5
65.8
66.9
66.1
65.5
65.5
66.4
66.3
66.1
66.5
67.9
64.5
66.0
67.0
66.7
66.5
65.2
65.8
65.9
65.8
66.1
67.0
65.8
65.7
66.0
65.1
66.7
65.9
65.3
65.6
66.3
65.6
63.9
64.2
65.6
65.5
65.2
67.1
66.2
66.3
67.3
67.6
67.2
66.6
66.9
67.1
67.3
68.4
68.8
68.6
67.9
67.6
68.3
68.2
66.3
69.2
68.1
68.2
68.9
69.6
68.8
68.7
70.0
70.9
71.1
71.2
70.7
71.5
71.2
72.7
72.5
73.1
73.0
72.8
73.6
73.7
73.8
74.7
73.6
72.5
73.4
73.2
73.6
73.6
73.4
73.5
74.5
78.4
80.4
81.7
82.0
80.8
80.7
79.8
79.1
78.2
77.4
77.8
77.9
78.2
77.6
76.1
77.2
75.9
76.8
77.3
76.0
109.4
150.1
75.1
76.2
75.5
76.1
76.5
76.8
76.5
76.2
76.9
75.8
76.6
75.5
76.6
77.3
77.4
77.2
76.9
77.2
76.2
77.0
72.6
77.1
78.1
77.4
76.2
76.6
76.4
77.1
76.2
76.1
76.3
76.7
76.5
75.2
132.9
116.2
79.6
82.6
79.4
77.1
76.0
75.6
74.3
73.5
73.0
73.1
72.1
72.0
71.5
71.6
71.3
71.4
71.7
72.1
70.7
72.2
72.2
71.9
71.8
71.7
72.0
72.6
73.6
73.6
72.8
74.6
72.9
73.1
72.5
72.9
72.5
74.3
75.5
75.0
73.8
74.2
75.2
76.7
74.3
74.4
72.9
73.2
74.1
74.0
74.0
73.3
73.3
74.3
73.8
89.8
134.4
80.0
78.3
75.0
73.4
72.7
70.5
71.6
67.0
71.6
69.1
69.8
69.0
68.0
67.3
67.5
67.4
66.9
66.7
66.5
66.3
67.4
67.3
67.9
68.1
68.3
66.9
68.2
68.1
67.2
68.3
67.7
67.7
68.8
69.7
70.1
67.5
62.9
67.7
65.9
66.5
65.8
65.5
65.2
64.8
65.3
65.5
64.8
64.8
65.3
66.2
65.6
64.9
65.6
65.2
66.2
66.2
66.4
66.7
66.6
65.1
65.8
66.4
66.8
149.5
119.7
64.8
65.2
65.5
66.2
64.6
65.2
65.8
65.1
66.2
66.2
65.6
65.8
66.3
65.8
64.7
65.1
65.7
65.6
66.3
65.7
65.3
65.6
66.1
65.4
64.8
65.3
66.4
66.4
65.6
66.6
66.6
65.4
65.9
66.4
66.3
64.9
66.0
65.1
66.0
67.0
66.9
67.4
67.6
66.7
67.2
68.1
67.9
67.8
68.2
69.3
68.4
67.3
66.4
65.4
66.4
65.1
66.2
65.7
70.1
191.7
64.6
65.8
64.7
65.4
65.0
65.6
65.6
65.1
65.5
65.2
65.7
65.1
64.3
64.9
64.2
65.0
64.6
65.9
64.8
65.1
65.1
63.8
64.9
65.4
65.7
65.6
65.3
65.5
65.8
66.7
68.2
67.5
65.9
67.1
66.7
66.9
66.7
65.7
65.2
65.1
62.2
65.9
63.3
64.5
63.8
63.8
64.3
64.4
64.3
63.8
64.1
63.9
64.6
65.0
64.4
65.3
66.3
66.9
67.5
176.2
124.3
66.9
68.1
68.5
68.8
69.4
69.7
67.6
68.7
68.0
68.9
67.4
67.7
68.7
68.3
68.2
68.5
69.9
69.9
69.8
70.1
70.8
71.4
71.8
71.4
71.2
71.9
71.9
71.3
71.6
71.6
70.9
71.6
71.5
71.9
72.4
71.7
72.1
72.5
72.2
71.8
72.2
71.5
71.8
71.8
72.3
72.3
72.7
73.0
72.9
73.0
73.5
74.0
74.1
73.9
73.1
73.2
73.2
74.1
73.3
73.4
73.6
74.3
74.0
74.4
74.5
75.0
75.9
75.7
75.5
75.6
76.5
76.2
76.4
76.4
76.2
75.4
76.0
75.6
74.5
75.3
74.7
74.8
74.5
75.1
75.2
75.5
75.8
75.8
75.4
75.2
75.6
76.4
75.8
76.0
76.1
76.0
76.5
78.2
78.8
78.5
75.4
75.8
76.5
76.8
76.0
74.5
73.3
75.2
73.7
76.1
76.9
76.3
77.5
78.2
79.6
76.0
75.1
75.8
75.7
76.1
77.6
76.7
77.6
77.6
77.2
76.4
76.3
77.0
78.5
76.4
76.5
79.1
78.6
77.8
77.0
77.6
77.8
77.9
77.0
77.2
77.0
77.2
78.2
76.3
78.2
77.6
78.5
78.1
77.3
77.8
77.0
76.3
77.3
78.5
76.6
76.1
75.9
75.8
75.3
76.2
77.2
76.0
75.8
76.0
75.1
75.6
75.6
76.1
76.1
76.1
75.6
76.7
76.5
77.5
76.1
75.6
75.3
75.9
75.8
75.3
75.5
75.6
75.2
75.3
75.0
77.6
78.4
78.2
76.2
75.2
75.3
74.5
74.9
74.3
74.1
74.6
74.7
75.5
75.7
75.6
74.8
76.5
74.8
74.5
74.8
74.8
76.4
76.4
75.8
76.5
76.5
77.4
77.6
77.4
77.5
76.7
76.8
77.2
77.2
77.6
78.2
77.2
76.6
77.4
77.5
76.9
75.9
75.9
75.4
76.7
76.4
75.6
76.1
75.2
76.2
76.7
76.7
76.8
76.7
77.5
76.4
75.6
76.0
76.5
76.3
76.9
75.9
74.2
74.9
74.1
118.4
77.0
74.6
74.9
73.2
73.2
75.3
75.6
74.4
75.4
75.3
74.3
75.6
75.7
75.4
74.7
74.6
74.7
75.9
75.0
75.0
75.0
75.4
75.5
75.3
75.6
75.4
76.1
74.7
74.3
75.8
76.4
76.3
75.6
75.8
74.9
74.7
74.6
75.9
75.8
74.7
75.9
76.2
75.8
75.9
75.8
73.7
75.7
74.8
75.5
76.8
76.6
75.7
73.8
75.3
74.4
73.4
72.7
75.3
74.3
73.6
73.4
73.7
73.1
74.3
73.9
75.0
74.8
75.8
77.2
77.1
76.3
77.3
77.9
77.0
77.9
76.8
76.8
76.6
75.7
76.2
77.2
76.7
75.7
76.4
75.5
76.5
77.5
75.9
77.8
76.4
76.5
75.7
76.2
76.8
76.4
77.2
76.5
76.3
77.0
76.8
77.3
77.0
77.4
76.8
77.1
77.1
140.1
109.8
77.1
77.7
77.7
77.1
76.1
78.4
77.3
77.0
76.7
76.8
77.2
77.0
77.1
78.1
77.8
77.6
77.6
77.8
77.8
78.5
78.3
80.1
78.6
77.9
77.3
77.9
78.0
77.1
77.7
77.6
77.1
77.2
76.8
77.8
77.9
78.1
76.9
78.9
78.8
78.8
77.8
78.8
79.7
78.5
79.4
78.8
80.5
78.3
78.1
78.8
78.0
76.8
79.1
78.3
78.6
77.3
77.3
77.5
77.6
76.4
76.3
77.5
79.2
79.6
79.4
79.8
79.6
78.7
79.2
78.2
79.1
79.2
79.2
79.8
78.7
78.1
79.5
78.9
78.2
73.1
75.9
79.1
76.7
76.6
77.4
78.0
76.9
77.0
75.8
73.9
75.3
75.0
74.7
73.3
73.8
73.4
73.8
74.5
73.6
72.2
72.2
73.5
73.5
72.6
73.2
72.7
71.8
72.5
72.4
73.7
71.8
72.3
72.0
71.4
71.6
71.2
72.7
72.3
72.0
73.3
73.6
72.1
73.7
72.8
72.1
72.2
72.7
70.8
69.8
70.8
70.2
70.8
70.3
70.5
71.8
71.4
70.6
70.4
71.0
69.7
70.2
69.0
71.4
70.0
69.8
71.0
69.5
68.7
68.6
70.8
71.2
72.3
71.6
71.3
69.1
68.8
69.7
71.6
70.3
70.6
71.9
72.0
71.3
70.8
71.3
70.8
71.0
70.4
69.8
69.4
69.3
70.3
68.5
68.3
68.5
69.4
70.9
68.1
68.5
69.1
67.7
67.4
67.3
68.7
66.9
65.9
66.8
66.7
65.9
65.1
64.6
64.4
63.9
64.5
66.5
65.1
65.3
65.8
64.4
64.7
65.7
66.5
68.6
70.9
68.6
68.4
70.1
67.9
67.9
69.0
68.9
69.3
70.2
69.4
68.7
67.8
67.8
67.4
66.6
65.8
66.6
68.0
65.9
64.3
65.2
67.1
68.3
66.3
66.2
64.1
64.7
64.0
63.8
63.5
64.2
64.0
64.7
63.0
63.3
65.0
64.0
63.6
63.9
64.4
63.3
63.0
62.8
62.8
60.9
62.1
62.0
62.3
61.9
61.8
63.4
62.3
62.9
63.1
63.4
63.9
62.7
61.9
62.6
61.4
63.0
62.3
64.3
65.2
63.1
62.7
62.7
63.3
63.1
62.6
62.5
62.8
64.2
63.4
63.1
62.2
63.9
63.1
65.1
65.9
64.7
64.6
64.9
64.9
65.2
63.7
64.1
63.8
62.1
61.6
61.2
60.9
61.3
61.2
61.4
61.2
61.6
61.1
60.3
60.9
60.9
61.6
61.9
61.7
60.8
59.7
60.1
59.6
58.5
55.4
58.7
59.1
61.6
65.8
66.4
67.3
68.2
68.4
67.4
67.5
68.0
67.0
66.7
67.5
66.9
66.8
66.8
66.1
66.6
68.1
67.6
68.6
68.2
67.6
67.1
71.4
76.1
71.4
70.8
69.9
69.4
69.2
68.9
69.2
69.3
70.1
70.8
71.2
70.8
70.3
71.0
70.2
69.7
69.7
71.4
70.3
71.5
71.5
71.2
70.9
70.3
70.7
73.2
71.0
69.9
69.0
69.2
68.6
69.1
69.0
68.4
67.9
66.3
65.5
64.7
64.6
64.7
64.6
63.9
63.5
64.0
65.1
64.2
65.2
66.1
64.7
64.6
64.5
65.2
66.5
64.5
63.6
62.3
61.8
62.4
62.3
62.4
61.8
62.5
61.6
62.1
61.5
62.9
62.6
61.9
61.5
61.9
62.8
62.7
62.7
62.9
63.0
64.2
62.7
62.6
62.2
61.7
62.4
62.5
63.0
62.5
64.4
63.5
61.9
61.8
62.0
62.0
61.9
61.8
61.7
61.8
62.1
62.6
62.3
62.5
62.0
62.2
64.4
64.1
62.9
61.8
62.3
61.8
62.6
62.5
62.6
64.3
68.1
67.4
65.9
66.2
65.6
65.8
65.4
64.7
63.9
64.8
64.6
63.1
63.7
63.1
63.7
64.4
62.8
63.0
62.8
62.5
64.7
64.6
64.5
63.9
64.0
64.4
63.6
64.6
64.4
65.8
65.0
63.4
64.4
65.0
62.4
62.9
63.5
62.2
62.6
62.1
62.0
61.8
62.2
62.5
62.4
61.6
63.8
64.6
62.3
63.2
62.7
64.1
63.3
64.5
66.0
64.9
64.9
65.3
64.5
64.9
65.3
63.4
63.8
64.4
64.3
63.6
64.3
64.6
62.5
64.4
64.4
65.4
66.1
64.7
64.1
63.8
63.9
64.6
63.8
64.0
63.6
64.1
63.0
62.9
63.1
63.2
63.0
63.1
62.7
63.3
64.0
63.5
63.2
64.1
65.3
63.6
64.4
64.0
64.9
64.5
62.2
61.4
70.2
61.9
61.7
61.3
61.1
62.5
61.8
66.1
66.3
67.0
66.9
66.9
65.1
68.0
68.8
66.7
67.2
66.2
67.3
65.9
65.6
70.3
67.8
68.2
67.9
69.4
65.1
65.7
64.7
67.9
66.9
71.4
65.8
67.3
65.4
67.5
66.7
63.9
63.5
66.4
65.1
65.7
61.4
64.0
62.5
66.0
72.9
71.6
70.1
70.1
67.9
66.8
68.7
68.3
67.9
69.0
68.5
68.1
69.4
67.2
67.8
66.7
66.7
67.0
65.1
67.1
67.9
67.4
66.8
67.1
66.4
68.3
66.0
68.0
68.7
68.3
68.0
68.3
69.4
72.5
73.3
73.0
72.2
70.8
71.0
71.7
72.1
71.9
72.1
72.3
70.0
70.3
68.6
68.8
70.1
69.6
70.1
70.1
70.5
71.7
72.8
72.1
69.5
67.5
65.8
69.6
72.0
66.7
68.6
71.0
68.7
68.8
67.1
65.1
67.0
69.8
67.4
67.4
65.9
65.1
66.1
69.1
65.7
63.7
61.9
62.7
63.2
60.1
58.5
61.3
62.0
75.3
72.6
67.8
69.9
64.9
66.1
66.5
64.4
64.8
65.7
67.9
68.0
66.6
65.6
66.8
70.1
66.9
64.0
65.4
65.6
63.9
65.0
63.3
65.4
65.5
63.7
63.8
62.6
62.8
64.5
63.8
63.5
63.7
64.5
62.6
62.3
62.9
62.4
62.9
62.8
60.4
62.2
61.8
61.3
61.1
61.1
61.4
63.6
62.6
61.4
60.4
61.4
60.9
59.2
61.3
61.1
63.1
63.3
62.2
61.9
63.7
63.1
63.6
62.4
62.2
58.8
59.7
60.6
60.6
60.5
58.5
58.8
58.9
58.4
57.6
57.9
57.8
60.6
59.1
58.3
58.4
57.4
58.6
59.5
58.2
58.4
57.9
57.9
58.2
57.3
57.0
56.1
56.5
56.9
58.0
59.1
58.9
57.5
56.7
57.6
56.4
55.4
85.0
77.5
59.4
60.0
60.3
60.2
59.5
60.5
61.7
62.2
61.9
61.2
62.1
65.8
67.3
68.1
67.9
68.0
69.0
67.3
66.2
70.7
71.5
71.2
67.0
68.0
70.7
71.2
76.7
75.6
72.2
78.1
78.6
75.7
76.4
73.9
72.3
70.7
70.4
71.4
70.0
70.0
71.4
71.1
70.4
72.5
72.0
73.3
71.6
69.9
70.3
69.9
70.1
70.7
70.2
68.5
67.2
67.7
67.3
65.0
65.9
65.0
63.9
64.1
64.5
63.7
66.1
68.1
69.6
69.5
68.7
68.1
68.3
68.0
68.0
68.6
67.5
68.1
67.7
66.4
66.9
67.8
66.0
65.4
68.0
67.1
66.8
66.4
65.7
67.8
76.4
80.7
82.4
81.1
79.4
78.5
76.3
75.2
75.3
72.1
70.2
68.3
67.3
66.9
66.4
65.9
65.0
64.9
65.2
64.6
65.5
66.1
66.1
66.0
65.7
65.7
66.2
67.0
66.1
66.5
66.2
66.1
66.5
65.7
66.8
66.6
66.8
67.9
66.2
66.3
66.2
66.9
67.9
67.2
66.6
67.3
66.7
67.7
67.9
69.0
67.5
66.6
67.6
67.3
66.7
67.9
68.4
68.0
66.8
68.7
65.6
64.1
62.7
63.1
63.2
62.7
67.4
64.7
64.8
66.2
68.7
70.2
69.2
71.0
70.4
71.7
71.8
74.1
73.3
74.1
73.8
72.6
73.0
71.9
71.3
70.5
71.4
79.6
87.2
92.7
91.2
87.9
84.0
81.4
75.6
75.1
80.3
80.3
80.1
77.8
76.8
76.2
76.6
75.0
74.7
74.6
73.7
73.5
74.2
74.0
73.6
73.8
73.1
72.6
72.6
72.1
73.1
73.1
72.8
71.7
71.3
71.2
71.6
70.7
70.8
69.8
70.5
70.1
70.9
70.9
70.6
70.2
71.1
70.5
71.1
71.3
72.1
72.2
70.9
70.8
71.5
71.8
72.2
73.0
73.2
73.5
73.9
71.9
69.3
68.4
67.7
67.6
66.6
66.5
68.8
68.2
68.1
68.1
68.3
67.0
69.3
69.5
70.1
69.7
69.5
70.0
70.8
72.7
71.6
71.8
72.4
72.3
74.5
73.1
71.3
73.2
73.7
73.1
71.9
72.0
72.2
72.6
72.8
73.3
73.2
73.8
73.9
73.5
73.3
73.3
73.8
74.1
74.1
75.4
74.0
72.8
74.3
72.9
73.0
73.3
72.8
72.9
73.0
74.0
74.6
74.9
74.6
74.1
74.1
72.7
72.9
73.5
73.8
73.7
74.6
74.2
75.0
75.5
75.3
74.3
74.3
76.6
75.5
71.6
153.9
83.4
77.8
76.9
76.9
78.7
103.3
84.4
78.2
75.7
77.3
82.7
82.7
82.7
80.8
79.1
78.0
78.3
80.2
81.8
81.9
79.7
81.5
77.9
78.2
78.0
78.3
76.5
74.8
76.4
76.2
75.6
74.6
72.3
72.3
71.3
70.9
69.6
69.6
69.0
68.5
68.0
68.1
66.2
65.0
65.0
64.3
63.8
64.6
64.3
64.1
64.1
65.2
63.9
64.0
63.0
62.6
62.4
61.9
62.3
62.1
60.8
61.0
61.2
61.8
61.0
60.8
61.2
60.9
60.9
59.2
60.0
59.9
61.1
59.9
60.1
59.9
59.6
59.4
60.5
60.1
59.1
58.0
58.7
59.4
59.3
59.7
59.2
59.4
58.5
59.1
58.3
59.2
59.0
59.2
59.0
60.6
58.7
58.9
57.4
58.3
57.2
58.1
58.3
58.8
58.5
59.5
60.7
59.9
58.6
58.3
59.4
58.5
57.6
61.9
60.4
59.3
59.7
60.4
60.4
58.5
59.2
58.7
58.4
58.7
58.6
59.6
59.5
60.0
59.5
59.1
59.1
59.9
58.5
58.4
58.7
59.1
59.1
59.9
59.5
58.8
59.2
62.6
62.2
63.4
63.2
60.7
60.0
58.6
62.3
59.6
60.3
59.5
59.7
60.6
60.9
60.4
60.3
59.6
61.6
60.6
62.1
61.5
62.5
65.8
64.5
65.7
66.1
65.5
66.8
68.8
71.2
69.9
67.0
66.7
65.0
65.0
64.5
65.2
66.1
66.1
65.6
65.6
65.1
65.8
65.3
64.9
67.1
68.2
67.6
68.5
70.6
67.2
70.3
72.3
71.5
71.2
70.1
69.2
69.8
73.2
82.2
85.8
89.39999999999999
81.84
79.86
77.88000000000001
75.9
74.6
72.5
71.9
73.3
69.2
67.7
69.5
70.4
71.2
69.5
70.8
69.8
69.6
70.6
69.6
71.6
70.4
69.0
69.9
69.1
69.4
66.5
68.1
69.0
69.8
70.5
69.3
70.1
69.4
70.1
69.6
68.7
70.3
71.7
68.4
69.7
70.5
68.9
69.5
69.8
71.0
69.4
68.8
68.1
71.1
70.5
71.5
71.7
70.0
69.9
69.6
68.5
67.2
67.1
69.1
69.1
69.7
68.5
68.0
69.3
70.1
68.4
68.0
68.6
68.1
70.0
68.6
69.5
67.3
68.7
69.3
69.5
69.9
73.0
70.7
70.5
70.4
71.4
69.5
69.5
75.2
73.7
72.5
74.5
74.3
73.6
73.7
72.1
58.0
72.6
73.1
70.8
72.0
73.0
72.0
71.9
73.0
72.6
72.3
71.2
70.5
70.1
71.4
71.3
70.1
70.2
71.0
70.6
71.1
72.0
72.4
73.8
74.7
76.2
74.5
73.9
76.7
74.7
73.9
73.8
74.7
75.2
72.9
72.9
72.0
70.8
70.8
72.6
73.0
78.6
79.0
75.0
71.7
70.2
70.7
71.2
70.1
70.5
69.4
70.1
69.2
69.9
68.1
68.6
68.4
68.4
68.0
68.7
67.2
68.1
66.9
67.0
67.7
68.6
67.4
66.7
66.0
66.1
65.0
65.7
66.0
67.9
68.4
68.1
67.2
66.6
66.3
66.3
67.0
69.0
68.0
68.1
67.2
68.9
66.7
65.9
64.8
68.3
68.2
66.2
66.5
66.3
65.8
66.2
65.7
66.9
67.0
66.0
66.4
65.7
65.4
65.4
67.0
65.6
65.4
65.6
65.0
68.3
67.2
64.9
65.6
65.8
65.9
66.2
65.6
65.4
65.5
66.0
65.8
65.3
65.7
65.3
65.3
64.8
64.4
66.6
65.5
64.3
63.9
66.0
64.9
64.0
64.4
64.0
66.1
65.0
67.4
66.6
65.8
64.1
64.5
65.5
66.4
66.0
69.8
68.3
68.2
67.1
67.0
67.2
67.2
69.0
69.6
68.8
67.3
65.5
65.0
65.4
67.1
67.7
69.4
71.9
72.9
71.9
72.3
72.9
72.0
71.1
66.76190476190476
64.14285714285714
61.523809523809526
58.904761904761905
56.285714285714285
53.66666666666667
51.04761904761905
48.42857142857143
45.80952380952381
43.19047619047619
40.57142857142857
37.95238095238095
35.333333333333336
32.714285714285715
30.095238095238095
27.476190476190474
24.857142857142854
22.23809523809524
19.61904761904762
17.0
16.3
100.4
68.8
68.3
68.0
68.3
67.1
67.4
67.4
67.5
67.9
66.1
66.5
67.0
67.3
67.9
66.5
67.1
67.0
65.2
66.0
65.6
65.7
66.1
64.7
66.7
66.1
65.7
64.4
64.0
66.5
64.9
65.4
64.6
64.0
64.0
64.8
65.2
65.1
66.1
64.3
67.1
65.4
93.9
90.0
63.9
63.8
64.3
68.5
68.7
69.1
73.5
72.4
74.3
76.0
72.0
73.5
72.0
71.3
73.7
69.9
70.6
69.8
70.7
71.9
72.6
68.7
70.4
73.5
71.3
71.3
67.9
70.7
70.8
71.0
70.2
71.8
69.4
70.3
73.7
71.8
70.2
72.6
71.0
69.8
72.0
72.7
73.0
72.5
71.9
71.5
70.2
69.4
71.0
70.8
70.8
66.7
69.3
69.7
69.8
68.6
67.7
68.5
68.1
69.7
68.2
67.8
69.6
71.3
70.6
73.1
72.5
70.4
70.5
72.9
71.2
68.6
70.9
72.1
71.5
71.2
71.2
67.8
68.9
67.6
66.6
66.8
66.5
66.9
67.4
66.6
67.5
67.1
67.4
67.1
66.6
68.1
67.9
68.0
67.1
67.1
67.7
68.4
67.2
70.6
71.0
66.9
68.0
68.3
65.8
67.1
66.1
67.0
70.6
67.5
64.4
