32.63333333333333
48.849999999999994
65.06666666666666
81.28333333333333
97.5
340.4
343.5
217.5
58.2
67.5
67.5
66.8
65.9
63.3
67.5
63.4
71.8
72.0
73.0
73.0
71.1
69.0
71.9
75.0
74.8
74.9
69.8
65.6
54.2
64.8
62.0
59.2
59.3
57.95
56.6
62.2
62.3
58.6
58.2
56.8
58.5
59.2
57.6
55.6
57.6
58.4
58.9
59.2
61.4
65.1
67.2
62.6
61.5
60.6
59.1
60.9
60.5
63.6
64.7
64.6
63.2
62.3
61.6
61.4
61.2
60.2
61.1
59.9
60.6
58.1
58.5
58.5
60.2
58.8
61.1
59.4
58.6
59.5
62.8
62.6
73.4
76.1
74.3
75.6
80.5
82.6
78.9
88.4
82.1
78.9
83.2
80.7
76.5
78.2
69.1
66.2
65.2
64.8
63.2
62.3
63.6
69.1
63.5
64.6
64.8
66.5
69.9
66.5
71.2
70.8
69.5
67.6
67.9
68.3
65.3
67.3
66.2
69.2
65.7
65.5
65.4
63.4
66.7
65.7
62.2
63.6
64.8
63.0
64.4
62.6
64.8
63.1
61.6
62.2
63.1
64.5
63.4
64.0
64.4
63.0
66.3
66.8
64.6
62.4
64.5
65.2
64.5
66.5
66.6
63.4
63.4
65.1
65.2
65.6
65.2
62.6
63.6
64.0
60.5
62.5
65.4
63.2
63.8
63.3
62.9
64.7
61.1
66.0
78.2
82.2
78.0
77.5
69.1
66.1
61.6
61.6
63.2
61.2
64.7
61.1
58.2
60.2
58.5
59.9
61.8
63.3
63.8
61.5
60.8
58.9
60.0
61.9
61.3
62.6
62.7
59.2
60.6
62.8
61.4
63.5
67.6
62.8
66.5
66.1
66.2
63.7
63.9
62.1
64.1
66.2
66.5
64.6
62.7
62.9
65.0
63.4
65.9
65.3
65.1
62.2
62.8
65.8
61.9
66.8
63.9
64.3
65.1
65.3
63.3
65.1
63.4
62.5
66.1
63.9
66.2
63.5
63.2
71.6
65.4
65.9
67.7
66.4
71.8
67.9
71.3
68.9
69.9
66.7
67.5
66.2
63.4
65.0
65.5
64.6
69.0
63.2
64.3
65.1
64.8
63.5
69.6
65.6
67.4
65.5
66.2
71.6
73.7
67.1
67.9
69.4
70.8
67.4
71.8
70.9
66.4
78.7
79.2
93.7
268.2
174.9
89.3
98.0
93.1
91.3
87.6
89.4
88.2
89.3
86.3
87.6
84.0
80.6
82.7
88.2
87.1
85.6
84.8
86.0
93.0
99.2
92.6
86.0
88.0
83.3
84.0
73.5
74.3
69.0
63.7
64.7
62.2
59.8
58.4
57.5
60.2
62.5
58.1
60.8
54.7
56.2
59.7
57.3
61.7
59.5
63.3
59.9
59.1
57.4
62.1
59.3
61.0
61.2
60.2
62.4
62.2
59.5
63.6
78.2
272.6
274.9
275.0
275.0
275.0
275.0
275.0
275.2
199.7
80.8
61.6
61.5
66.4
64.2
61.2
61.2
61.1
60.4
61.1
61.0
65.5
61.0
60.9
59.8
61.0
59.9
62.6
61.6
60.6
61.8
61.0
62.9
60.8
61.1
63.4
64.4
61.8
60.1
59.1
62.1
65.2
64.6
66.9
65.4
64.1
62.4
65.0
56.6
62.1
65.4
73.8
73.1
80.2
77.4
76.9
74.1
69.0
64.7
66.7
63.4
62.6
62.3
63.5
62.8
64.0
64.1
64.8
70.9
68.3
71.3
71.2
71.7
68.6
64.4
69.9
72.1
73.1
67.9
67.1
70.0
70.9
68.9
64.1
68.4
68.4
64.1
68.9
66.1
71.6
78.6
84.4
81.5
74.6
75.9
71.6
73.1
77.7
71.6
69.4
73.1
76.6
75.0
78.2
70.0
70.4
74.1
77.6
78.0
75.1
73.5
73.3
74.1
70.4
71.3
68.7
66.5
70.5
72.5
66.6
70.7
68.6
69.2
69.0
68.4
67.9
68.4
70.2
71.3
74.6
73.7
70.0
73.3
69.3
65.1
65.0
64.6
64.8
67.3
65.5
64.9
64.8
68.1
63.9
63.8
65.4
67.6
67.0
69.1
71.6
72.6
71.0
69.8
65.2
65.3
70.7
72.9
73.3
81.1
83.3
78.5
84.1
78.8
78.2
80.0
71.3
72.0
74.3
73.0
71.1
66.6
66.1
70.6
65.2
68.3
65.1
68.1
65.0
71.8
72.8
72.1
83.6
86.7
94.1
92.1
76.7
76.6
73.6
77.3
73.4
75.3
76.3
74.1
70.6
70.0
72.2
69.0
68.9
71.5
69.9
72.4
72.2
72.7
69.2
68.4
64.1
64.7
67.9
67.4
66.2
67.1
65.3
67.1
64.4
67.2
63.8
68.2
67.2
69.7
65.4
63.3
66.5
67.0
67.7
72.0
70.7
73.1
67.2
63.6
65.7
70.3
75.7
72.4
70.6
72.5
71.7
69.7
68.8
67.9
68.0
68.0
69.7
68.8
72.9
82.7
81.3
84.9
79.8
82.2
84.0
72.7
72.5
76.5
74.5
79.2
80.5
78.8
74.5
74.8
69.5
75.9
81.8
89.1
80.9
80.9
77.8
80.8
77.0
78.3
75.0
70.2
71.8
72.8
72.6
73.1
66.6
66.2
79.3
75.8
71.5
72.6
74.2
77.2
84.7
90.6
87.3
92.2
90.3
88.1
84.8
83.7
80.4
78.4
71.7
76.1
73.8
71.6
68.1
77.2
78.9
81.0
81.2
77.8
77.4
78.6
78.2
78.9
78.5
72.2
72.1
70.8
70.2
77.2
85.3
86.4
84.4
84.4
91.9
88.9
99.7
108.5
106.2
96.2
97.0
94.9
93.1
82.5
81.6
75.8
71.9
76.2
77.6
69.6
73.4
70.0
70.2
66.4
67.7
66.7
67.4
67.5
68.1
68.3
68.8
72.4
72.8
73.9
71.6
72.1
74.1
74.1
75.3
75.5
87.8
95.0
92.6
97.5
97.4
91.8
80.5
80.7
79.5
78.9
75.8
71.5
74.2
66.0
63.3
70.4
86.9
74.1
72.4
70.2
65.0
64.1
62.3
61.8
61.1
57.2
53.8
57.2
56.8
56.3
60.3
68.3
67.4
67.6
67.3
65.9
63.7
63.7
63.3
65.7
67.2
66.7
64.4
64.7
65.1
65.8
64.6
64.3
63.4
63.3
63.3
68.1
68.6
65.0
71.1
71.8
70.9
70.3
71.9
68.5
68.5
69.6
71.0
71.0
72.3
70.7
68.4
65.5
71.3
72.5
64.9
64.7
68.6
63.2
62.4
66.0
70.6
73.7
71.6
70.5
69.0
68.0
65.9
68.8
68.9
67.8
66.1
66.6
63.9
66.3
69.2
68.7
66.3
67.9
66.7
66.1
67.2
68.3
68.4
73.4
73.9
70.3
68.7
67.1
69.2
73.0
70.6
76.4
79.8
89.9
91.8
96.7
97.4
94.2
102.4
104.0
109.6
111.2
106.9
106.7
110.4
108.4
109.7
104.2
110.5
111.7
111.5
107.1
109.9
102.3
113.3
107.7
102.8
105.2
102.1
100.2
99.9
92.5
91.2
88.6
82.0
80.7
71.5
65.3
65.5
59.7
60.6
55.6
57.2
62.3
62.5
60.7
59.2
64.2
61.4
60.5
63.2
60.1
61.5
58.0
59.4
54.9
60.4
61.2
60.7
60.8
58.3
60.4
61.6
61.8
59.9
58.1
58.3
57.3
62.9
60.6
66.7
65.6
64.5
65.7
66.7
63.5
62.0
59.4
59.6
57.9
60.2
61.5
62.3
62.7
63.3
60.3
59.4
59.1
57.9
58.4
58.7
56.9
58.6
60.4
58.7
60.3
60.0
61.0
60.6
57.9
57.9
60.2
63.0
62.3
69.1
62.7
65.7
67.0
66.6
63.6
65.2
61.4
64.5
60.6
59.0
62.7
63.2
67.2
64.1
67.0
65.4
63.7
61.0
60.5
60.1
61.1
59.7
60.2
60.5
60.6
63.3
60.7
61.8
62.0
61.5
61.4
62.0
61.2
65.8
64.1
63.5
67.8
65.5
62.5
62.7
65.6
63.4
64.3
64.2
62.3
63.4
65.7
71.8
70.7
74.9
76.0
78.0
72.7
70.7
69.6
70.1
68.2
66.0
64.0
63.3
64.2
65.9
68.0
69.8
69.7
68.4
68.1
69.0
66.5
70.5
64.9
68.4
65.0
65.7
66.3
65.9
69.8
70.6
68.4
67.0
64.9
66.8
69.8
68.4
68.1
66.9
65.4
66.3
65.6
77.1
81.8
77.3
77.7
77.8
79.1
78.8
81.9
78.6
77.8
75.1
76.4
77.3
74.2
79.0
79.8
81.0
79.2
78.4
76.3
76.3
73.7
73.6
73.3
78.5
76.3
73.5
74.0
73.0
77.6
73.8
75.6
74.7
72.3
75.1
74.6
72.5
71.8
70.8
72.5
72.3
70.5
69.3
70.5
69.6
73.6
77.8
86.0
94.3
90.7
87.5
86.1
83.4
84.9
84.6
87.5
81.6
75.5
81.6
91.3
92.5
88.8
92.1
91.0
91.0
89.3
85.5
80.4
77.6
76.5
74.4
70.6
72.5
68.8
64.8
70.1
66.9
65.7
71.5
68.8
67.7
70.4
70.1
67.7
67.0
66.6
66.6
70.1
70.8
70.1
68.5
71.1
69.8
70.6
72.1
80.7
88.5
93.7
93.0
97.3
100.8
97.4
94.7
95.1
95.7
90.0
89.6
95.2
88.1
74.9
66.4
63.0
61.3
56.2
55.8
55.3
52.5
51.3
51.9
52.5
53.5
53.6
58.3
59.1
59.7
60.1
57.8
57.7
62.4
62.7
63.00000000000001
62.88
62.970000000000006
63.06
63.150000000000006
63.24
63.330000000000005
63.42
63.510000000000005
63.6
63.690000000000005
63.78
63.870000000000005
63.96
64.05
64.14
64.23
64.32000000000001
64.41
64.5
64.59
64.68
64.77000000000001
64.86
64.95
65.04
65.13000000000001
65.22
65.31
65.4
65.49000000000001
65.58
65.67
65.76
65.85000000000001
65.94
66.03
66.12
66.21000000000001
66.3
66.39
66.48
66.57000000000001
66.66
66.75
66.84
66.93
67.02000000000001
67.11
67.2
67.29
67.38000000000001
67.47
67.56
67.65
67.74000000000001
67.83
67.92
68.01
68.10000000000001
68.19
68.28
68.37
68.46000000000001
68.55
68.64
68.73
68.82000000000001
68.91
69.0
69.09
69.18
69.27000000000001
69.36
69.45
69.54
69.63000000000001
69.72
69.81
69.9
69.99000000000001
70.08
70.17
70.26
70.35000000000001
70.44
70.53
70.62
70.71000000000001
70.80000000000001
70.89
70.98
71.07000000000001
71.16
71.25
71.34
71.43
71.52000000000001
71.61
71.7
71.79
71.88000000000001
71.97
72.06
72.15
72.24000000000001
72.33
72.42
72.51
72.60000000000001
72.69
72.78
72.87
72.96000000000001
73.05000000000001
73.14
73.23
73.32000000000001
73.41
73.5
73.59
73.68
73.77000000000001
73.86
73.95
74.04
74.13000000000001
74.22
74.31
74.4
74.49000000000001
74.58
74.67
74.76
74.85000000000001
74.94
75.03
75.12
75.21000000000001
75.30000000000001
75.39
75.48
75.57000000000001
75.66
75.75
75.84
75.93
76.02000000000001
76.11
76.2
76.29
76.38000000000001
76.47
76.56
76.65
76.74000000000001
76.83
76.92
77.01
77.10000000000001
77.19
77.28
77.37
77.46000000000001
77.55000000000001
77.64
77.73
77.82000000000001
77.91000000000001
78.0
78.09
78.18
78.27000000000001
78.36
78.45
78.54
78.63000000000001
78.72
78.81
78.9
78.99000000000001
79.08000000000001
79.17
79.26
79.35000000000001
79.44
79.53
79.62
79.71000000000001
79.80000000000001
79.89
79.98
80.07000000000001
80.16
80.25
80.34
80.43
80.52000000000001
80.61000000000001
80.7
80.79
80.88000000000001
80.97
81.06
81.15
81.24000000000001
81.33000000000001
81.42
81.51
81.60000000000001
81.69
81.78
81.87
81.96000000000001
82.05000000000001
82.14
82.23
82.32000000000001
82.41
82.5
82.59
82.68
82.77000000000001
82.86000000000001
82.95
83.04
83.13000000000001
83.22
83.31
83.4
82.9
79.7
72.0
79.1
87.1
85.5
78.7
71.6
72.2
72.6
72.7
72.4
76.2
101.9
262.0
262.0
211.3
80.3
76.0
66.9
75.8
77.0
74.8
71.8
69.2
67.2
66.4
65.9
65.0
64.9
66.5
67.9
70.9
74.3
78.1
81.3
80.6
79.8
70.6
78.6
78.6
76.2
73.7
72.1
69.6
67.7
68.2
70.4
72.4
75.3
75.7
79.5
78.3
71.3
72.6
72.7
66.5
63.0
61.0
57.9
75.3
95.6
74.5
74.3
73.2
71.6
70.9
69.6
68.3
70.1
70.4
71.9
73.7
74.6
69.6
74.9
76.6
76.9
76.4
77.2
76.7
77.4
75.9
77.2
75.0
80.0
76.6
75.9
80.3
77.9
79.0
75.8
72.9
71.2
71.5
67.4
64.9
64.2
67.2
67.8
65.3
193.0
195.2
129.5
64.0
65.5
65.8
66.6
68.6
70.1
72.7
72.0
70.8
68.5
69.2
68.6
67.3
65.0
65.1
66.8
64.4
64.6
63.4
63.5
63.1
64.1
64.3
64.3
71.5
72.4
69.6
67.6
67.9
68.4
68.4
69.8
70.1
71.5
72.4
71.2
69.5
68.4
68.8
70.0
70.2
72.1
82.5
212.3
78.3
75.9
72.6
69.1
68.6
72.3
71.5
72.8
73.7
77.1
79.1
82.3
84.9
83.1
83.5
81.7
79.4
78.6
76.3
74.6
70.4
67.1
66.5
64.9
69.2
68.2
74.9
78.8
82.7
88.7
90.4
81.1
80.9
85.3
86.9
88.1
79.4
82.1
91.2
90.4
88.8
90.1
89.6
88.6
88.2
86.2
86.7
86.7
85.9
81.7
74.3
71.0
68.8
66.7
66.1
67.9
67.4
70.4
69.8
67.8
68.5
66.9
63.6
61.5
62.7
72.7
73.4
72.7
71.6
158.6
197.9
76.1
70.0
71.7
73.3
72.1
71.3
73.9
78.8
74.1
75.1
74.5
71.4
77.3
80.0
81.2
84.3
78.8
70.1
66.7
64.8
65.2
64.8
72.1
83.9
89.2
89.3
79.1
75.0
79.8
77.0
72.4
69.0
67.0
67.4
66.5
66.1
66.4
107.3
213.0
178.1
165.7
70.6
72.0
74.9
77.3
81.2
83.6
83.2
82.2
86.4
174.6
159.4
102.7
99.1
99.1
99.0
100.2
96.1
103.6
101.5
83.5
80.5
78.4
76.7
77.3
78.7
77.3
75.9
75.3
79.0
92.7
101.9
96.9
89.1
88.8
79.5
72.1
67.2
67.0
67.3
62.7
55.3
50.5
58.5
71.3
74.9
76.0
69.3
65.1
68.2
68.3
68.4
71.2
73.1
71.5
68.7
68.8
73.3
74.4
74.3
74.7
76.2
75.7
77.1
80.1
83.0
78.8
76.4
66.0
60.4
65.7
62.7
60.3
57.9
56.5
56.3
59.6
66.7
67.4
68.2
66.8
63.7
63.3
120.9
158.7
111.8
66.8
65.6
64.5
67.7
68.3
68.1
67.5
72.7
73.9
74.4
75.9
78.2
78.7
78.5
70.7
39.5
58.4
94.9
102.1
94.9
96.2
85.0
73.6
79.1
66.4
54.8
74.1
76.1
76.1
76.1
74.4
76.6
75.2
110.2
141.0
147.3
79.7
74.5
74.2
68.5
67.3
67.6
66.5
62.8
62.8
65.8
64.8
64.0
61.0
60.2
58.5
58.7
61.6
58.4
58.2
56.4
61.9
70.2
72.8
71.0
66.2
61.1
57.8
56.8
67.1
68.8
67.2
64.3
65.8
70.1
69.0
65.9
62.9
62.4
61.1
60.7
61.4
64.8
64.3
64.4
63.6
63.5
67.0
71.3
71.8
75.5
76.8
79.1
82.9
88.5
93.8
94.5
93.3
95.7
91.4
96.1
95.0
85.9
69.7
60.4
78.3
82.9
77.4
77.7
69.3
69.2
62.5
63.8
67.8
70.6
79.7
74.8
67.5
60.8
58.0
57.0
63.0
62.4
60.6
56.3
61.0
62.2
63.6
67.3
67.5
62.4
63.7
65.2
64.9
64.3
63.9
63.8
67.3
66.8
65.8
65.3
66.4
66.2
65.3
65.9
67.9
68.9
70.8
67.3
70.2
67.1
66.4
65.5
66.4
63.4
61.6
60.2
61.6
66.3
69.4
70.0
68.8
73.8
80.7
81.9
82.2
110.6
81.6
75.8
80.8
83.4
82.0
85.2
81.8
80.7
78.1
77.6
77.8
76.3
80.0
77.5
78.6
74.3
71.1
68.5
65.6
68.2
75.4
80.3
83.5
100.3
105.5
108.1
100.8
92.7
82.4
80.3
79.1
73.3
68.7
70.2
67.4
60.1
61.7
61.1
62.6
62.7
63.3
63.6
63.4
66.1
64.3
69.6
76.2
74.7
77.9
75.6
70.1
73.3
74.5
70.1
68.7
66.6
62.1
63.4
62.3
98.8
65.0
64.5
64.5
65.2
64.1
66.0
65.0
62.4
63.7
66.0
65.2
65.2
65.2
64.8
68.5
68.5
67.5
68.2
99.2
67.3
64.9
66.2
66.8
66.9
65.7
64.7
66.3
62.1
62.1
65.6
65.3
67.1
65.4
66.0
62.8
64.1
64.5
68.9
65.2
69.6
71.2
67.4
60.1
68.9
68.7
65.2
64.2
63.8
65.1
67.3
70.5
67.7
60.2
63.3
68.5
60.3
67.0
64.8
54.7
60.2
72.1
69.0
67.0
71.6
68.7
67.3
65.5
64.5
68.3
89.1
88.8
86.0
88.2
85.6
80.1
80.6
77.7
74.3
81.7
84.1
109.9
87.2
79.7
83.9
83.0
75.8
74.1
83.5
90.5
86.9
87.5
77.5
66.7
70.3
66.4
66.3
61.2
62.9
57.7
57.4
58.9
65.8
64.4
68.0
66.3
65.0
67.4
69.8
66.6
66.6
64.2
68.0
73.0
71.9
70.1
71.8
71.1
68.9
70.3
72.7
74.8
68.2
72.9
102.3
87.6
72.2
67.3
72.9
72.4
68.1
69.3
67.0
73.7
68.5
67.3
65.8
69.5
74.8
70.2
64.0
69.7
66.7
68.3
62.4
74.4
74.2
73.9
71.0
70.6
68.3
69.9
68.1
71.4
72.4
102.5
108.1
101.9
93.9
84.1
84.9
73.2
69.5
65.3
60.5
63.0
61.7
60.6
63.1
56.0
54.7
60.3
67.4
67.0
60.6
66.3
61.0
60.8
61.3
63.7
59.7
59.8
62.2
62.0
61.5
64.8
66.0
68.9
69.8
68.4
65.4
69.9
71.8
69.8
69.4
70.9
73.4
71.5
75.7
75.7
76.6
71.3
74.8
71.3
72.0
63.0
74.0
72.3
73.7
73.8
74.5
75.1
73.8
76.2
76.4
73.9
75.3
75.0
71.1
80.2
78.0
78.8
76.6
99.2
90.2
80.8
81.3
77.4
83.9
84.6
80.4
89.6
88.5
82.1
79.9
82.8
83.0
81.7
84.4
85.6
82.0
79.3
80.5
81.4
80.2
78.2
80.9
81.2
80.1
81.7
80.4
73.0
79.2
76.7
77.1
72.5
76.6
72.1
74.8
72.9
73.3
71.1
74.9
75.6
73.5
71.7
73.6
72.8
73.1
76.5
82.3
83.0
82.7
94.2
97.1
93.7
89.0
82.5
81.4
79.5
74.9
72.6
75.2
74.9
71.2
72.3
67.6
68.6
68.6
68.2
79.1
87.0
74.4
70.3
74.8
79.8
84.5
88.0
88.6
85.3
81.6
81.4
79.2
77.7
77.1
73.2
72.4
71.3
76.4
80.6
77.8
84.2
87.5
89.3
89.3
90.1
90.8
90.8
86.8
83.2
77.0
73.9
68.4
72.9
70.3
71.2
67.3
67.4
68.7
66.3
68.5
73.9
69.7
71.9
70.7
71.3
67.6
71.3
65.2
67.5
69.0
70.4
68.9
67.6
71.2
68.7
83.9
89.3
72.8
73.2
72.2
70.4
67.7
69.9
70.8
72.9
71.2
63.4
66.4
67.1
66.3
69.8
67.8
66.2
66.7
64.6
68.1
66.4
64.2
64.4
62.6
67.0
64.9
69.5
64.2
69.0
64.7
62.8
68.5
66.4
70.9
70.9
68.4
75.2
72.3
72.9
70.5
67.2
71.6
70.4
73.0
68.7
70.7
73.4
69.7
76.0
84.1
85.4
82.3
82.7
83.5
79.9
81.8
79.0
79.8
76.2
76.5
74.3
71.7
73.5
71.0
73.6
77.0
71.6
73.5
73.4
72.2
77.7
85.2
86.3
90.6
87.7
86.3
85.2
84.4
82.5
76.4
76.5
79.0
73.2
76.1
72.5
73.1
70.3
72.7
72.3
69.0
70.5
68.1
70.2
72.6
77.8
73.3
72.2
73.2
70.4
68.5
69.3
67.3
67.4
64.7
63.8
67.6
69.8
65.8
65.6
63.5
76.8
63.6
64.2
63.4
65.4
68.8
66.7
68.8
70.4
69.9
70.5
72.3
73.8
71.8
77.5
77.5
75.5
78.6
75.8
74.7
75.1
75.6
72.6
72.0
74.4
74.4
76.4
74.9
77.3
78.7
76.7
78.1
77.7
77.8
79.0
77.3
79.7
86.5
64.8
63.0
67.2
63.6
60.3
59.9
62.5
75.6
87.5
75.7
94.6
97.1
95.6
91.7
89.7
87.1
87.0
88.1
91.0
92.7
101.6
105.1
93.4
78.8
81.4
72.2
68.8
70.5
68.4
68.8
68.4
68.1
66.0
64.8
64.8
66.7
63.3
68.0
65.7
67.0
65.8
64.3
64.0
63.8
65.9
62.4
63.8
61.7
68.4
63.8
69.1
63.3
63.5
62.1
110.4
61.3
62.9
64.3
63.3
63.9
63.9
62.1
60.4
65.9
68.2
66.6
66.5
68.6
68.8
70.6
67.6
69.7
67.2
67.7
67.4
82.5
66.0
66.3
68.5
67.3
65.1
67.2
66.2
66.0
66.4
64.6
66.7
65.0
65.6
65.6
66.2
68.1
64.6
66.2
63.9
63.7
64.7
62.9
61.5
63.2
62.6
62.6
63.6
63.1
61.8
62.0
59.7
66.2
67.1
66.1
70.1
68.0
68.3
69.6
66.6
65.8
63.5
66.8
64.7
65.7
67.1
67.8
70.6
69.6
69.0
72.7
70.3
76.5
67.0
65.9
65.4
71.8
72.1
69.3
70.7
71.4
69.8
70.7
71.0
71.4
72.1
71.9
71.3
69.5
71.4
69.5
68.9
69.2
68.2
70.0
71.4
72.1
77.0
74.7
65.6
54.7
53.8
55.2
50.9
53.7
53.9
62.8
63.4
66.5
66.8
68.6
67.4
71.1
70.0
69.9
66.8
62.4
70.3
77.5
76.2
76.5
75.7
77.0
75.1
76.2
80.3
75.1
75.3
75.5
74.6
73.9
74.2
69.6
70.3
77.6
75.4
76.1
81.8
91.9
89.0
89.4
84.3
82.3
83.3
83.2
80.2
80.3
79.8
80.5
80.0
82.1
80.3
81.8
81.2
82.9
83.6
85.3
87.3
87.0
85.5
88.2
89.0
90.8
89.3
89.3
92.4
94.4
93.9
87.3
90.5
82.4
87.9
85.9
87.1
85.9
83.5
84.3
82.9
82.5
83.7
85.6
84.3
82.4
82.8
83.7
102.7
158.2
81.8
80.9
80.2
77.9
76.6
78.0
75.7
78.6
79.1
77.8
80.4
79.0
77.2
80.1
77.0
78.1
78.5
78.6
76.6
78.2
77.7
76.4
76.3
78.4
76.5
78.6
78.1
80.7
79.2
77.9
79.3
78.4
81.7
84.1
79.3
81.2
78.0
78.0
76.8
76.0
76.3
74.2
74.4
73.9
76.5
77.8
77.0
82.8
85.5
85.5
85.9
82.8
84.6
85.6
84.2
81.3
78.8
78.5
75.7
75.7
75.2
72.6
72.8
70.6
72.4
76.6
78.4
77.7
74.8
74.8
75.6
73.3
71.0
72.0
72.7
72.2
72.7
67.9
68.4
69.7
70.0
69.3
70.3
70.0
69.2
68.4
67.5
66.2
65.5
67.1
65.8
68.4
68.3
71.0
66.9
65.7
54.5
64.4
65.6
66.9
68.7
67.4
67.0
66.7
65.9
62.9
100.3
136.3
65.9
68.2
69.2
68.4
68.4
68.4
70.0
70.3
69.8
67.9
68.4
71.6
68.6
70.8
71.7
69.8
70.3
70.9
69.9
70.4
68.7
67.8
67.4
64.9
63.0
62.1
62.3
63.1
62.2
62.0
62.7
65.7
75.6
75.0
73.4
72.2
74.0
72.7
69.5
71.5
72.0
73.5
71.9
71.9
69.1
65.9
62.9
62.7
60.7
63.0
60.3
62.5
61.3
62.8
71.2
71.7
71.6
71.0
72.2
69.0
70.3
71.2
71.5
70.6
72.3
75.6
77.2
75.3
74.1
72.6
73.5
72.8
72.3
73.4
71.0
73.1
75.2
74.2
73.8
74.2
75.8
72.2
72.8
70.7
71.2
69.2
69.8
71.9
70.8
72.9
70.8
69.2
66.7
64.8
201.7
71.0
65.9
63.4
63.5
65.2
66.1
64.2
63.7
62.9
63.4
63.8
63.9
64.0
64.1
62.1
64.0
61.9
60.8
61.3
58.9
63.7
61.6
63.0
62.2
62.8
61.8
61.9
59.3
60.0
61.2
61.5
62.0
62.0
61.6
60.4
61.0
60.2
59.0
59.3
58.6
59.9
53.9
65.9
66.1
66.9
67.7
68.4
69.5
67.4
67.6
68.5
65.8
66.3
66.9
66.1
65.5
67.2
67.2
65.0
66.6
66.7
67.6
63.1
63.9
62.5
61.2
62.9
60.5
59.7
66.9
62.4
64.3
64.4
63.9
63.1
63.3
63.5
62.0
62.5
61.5
58.0
58.2
60.8
55.7
57.6
59.7
60.4
60.4
58.4
58.9
56.1
56.9
58.8
60.8
60.2
57.3
53.0
59.1
62.4
61.9
60.9
59.7
62.7
58.4
61.4
63.5
63.7
66.1
61.4
59.9
57.7
56.9
52.8
55.7
56.3
57.1
55.7
57.2
57.9
57.7
66.6
69.5
68.6
63.9
68.7
32.7
-3.299999999999997
27.340000000000003
24.66
21.98
19.3
66.8
71.7
73.0
74.0
66.6
69.7
66.4
66.0
63.6
64.4
59.9
64.6
65.9
62.9
60.6
65.6
66.5
63.4
60.6
56.7
53.9
55.7
55.6
53.8
57.1
58.4
59.0
61.2
64.7
123.1
61.1
62.2
61.5
61.6
61.2
61.1
61.7
59.4
59.4
59.4
60.6
60.7
60.7
59.3
58.6
60.7
60.8
59.9
61.3
59.4
61.0
60.1
59.1
59.7
60.2
58.5
59.9
59.1
60.3
60.5
59.1
60.1
60.3
59.8
58.9
57.8
61.6
58.4
57.7
58.3
57.9
60.3
59.8
59.8
59.4
55.8
59.5
61.9
60.1
61.9
60.5
59.4
59.5
59.5
60.8
59.3
62.2
63.0
61.4
61.2
57.0
59.6
60.7
63.7
61.4
59.8
60.1
61.3
63.1
60.1
60.0
61.4
63.4
63.2
62.7
60.5
56.0
58.1
66.1
69.1
68.4
65.7
67.2
67.6
67.8
68.2
67.9
67.6
67.8
66.5
66.9
67.7
68.3
66.9
68.7
69.2
69.5
70.4
73.0
71.7
71.3
69.1
67.6
70.1
70.3
74.9
73.6
72.7
73.0
73.5
75.0
75.9
76.1
69.1
74.0
73.1
73.1
76.3
75.5
75.5
71.4
73.5
69.3
73.4
74.7
76.4
76.7
74.0
76.2
117.8
103.0
101.3
105.4
68.3
90.8
95.3
65.1
69.3
66.3
68.1
67.9
67.3
65.8
66.6
66.0
64.7
66.0
68.0
68.5
67.2
67.5
65.1
67.4
72.3
76.6
75.9
77.2
75.6
76.7
78.4
80.0
79.3
75.6
73.7
77.3
77.5
75.5
77.6
75.1
74.9
74.5
74.9
77.6
75.5
75.6
82.5
99.1
76.0
75.0
76.7
75.1
76.0
74.0
97.7
76.4
75.8
72.5
73.5
75.4
74.2
76.8
74.7
75.4
78.2
76.1
74.0
80.3
69.0
68.9
73.5
74.9
68.2
67.2
67.3
70.9
70.3
69.7
72.7
76.8
81.4
83.7
82.3
83.7
82.8
83.5
80.3
75.0
81.1
78.7
87.1
103.0
123.8
101.0
105.8
126.6
72.1
71.1
70.1
76.4
74.4
76.4
76.6
76.1
74.9
73.7
73.1
71.9
73.1
71.0
70.8
70.3
69.3
69.3
69.5
69.8
70.0
69.2
68.5
69.6
68.7
68.1
67.3
69.0
68.9
68.2
69.6
68.7
67.7
67.1
66.3
66.5
67.6
66.7
67.0
66.4
65.5
65.5
66.4
67.3
67.2
67.7
67.1
69.0
68.9
68.2
66.7
66.2
67.0
67.7
67.9
67.7
67.5
66.2
66.6
67.1
67.2
66.1
67.4
67.6
68.2
66.9
67.8
66.2
65.9
68.6
71.4
70.7
74.1
71.1
70.9
70.5
69.5
70.1
71.2
69.7
70.6
70.1
70.5
70.0
68.7
69.5
69.4
68.1
68.5
68.1
67.2
67.0
68.0
68.2
68.6
68.1
67.6
67.3
65.5
67.2
68.2
67.9
67.3
67.3
67.0
67.5
66.4
66.7
68.0
68.6
70.1
69.9
68.9
69.4
68.1
68.2
68.7
67.3
67.4
67.6
65.8
66.4
65.4
66.9
64.2
64.6
67.0
66.2
66.5
66.9
67.3
68.4
69.5
69.5
71.1
69.0
69.5
68.9
68.1
67.7
67.9
68.3
69.3
69.7
68.8
70.2
70.6
71.7
70.6
70.4
73.8
73.8
74.1
72.2
71.0
72.7
78.5
81.0
79.2
77.8
82.2
84.2
84.2
87.4
97.4
90.2
97.3
107.4
110.8
107.7
103.9
96.6
92.9
91.3
89.2
87.2
86.1
87.3
86.5
86.4
85.1
83.6
82.8
83.4
84.9
83.4
82.4
83.0
81.0
80.0
80.3
81.3
82.0
83.2
81.4
81.1
79.9
80.1
80.1
80.0
80.8
79.8
81.8
79.3
77.8
78.7
77.0
76.9
77.4
76.7
76.3
74.1
75.3
73.6
73.1
73.6
74.5
73.5
74.1
74.1
73.8
73.6
73.9
72.8
72.1
73.0
75.0
74.2
76.7
75.5
76.4
75.3
76.1
80.8
86.1
79.4
79.2
77.5
77.9
77.1
76.0
75.3
76.3
75.7
74.7
74.5
74.6
73.7
72.9
73.5
73.9
72.1
74.7
73.5
73.4
73.3
78.0
77.1
76.9
76.1
73.2
73.9
73.0
73.1
71.7
71.5
70.1
71.0
72.6
71.2
73.4
72.2
72.8
72.0
73.1
72.7
72.9
72.5
74.1
73.5
74.2
73.1
75.3
72.7
72.6
72.6
74.6
75.7
76.5
75.4
78.2
76.9
76.5
79.5
77.9
78.8
78.5
80.2
84.3
86.2
86.1
85.5
84.1
82.5
83.3
83.3
81.9
80.8
80.8
80.4
75.4
75.6
76.1
78.1
84.4
93.0
82.7
84.6
82.3
77.2
77.3
80.1
82.8
80.8
80.0
77.4
75.4
73.8
70.8
70.9
67.8
67.3
68.2
68.7
67.7
68.8
69.4
70.0
69.3
70.2
71.8
69.8
72.2
72.1
70.3
69.2
70.1
70.4
68.9
68.0
69.2
69.2
70.8
68.7
68.5
68.7
68.6
70.1
68.4
67.6
67.9
67.6
67.9
67.6
67.1
67.2
67.5
67.4
66.6
69.1
66.8
67.0
68.3
73.9
72.7
70.8
70.3
69.5
68.3
66.5
68.5
71.2
69.3
69.6
68.0
68.3
67.6
67.0
65.9
65.7
66.1
66.5
66.3
65.9
66.7
65.8
69.5
68.9
71.8
69.9
68.3
68.5
66.3
67.0
67.8
68.7
68.6
68.5
67.5
66.9
65.2
66.2
66.8
66.1
66.5
66.3
65.0
67.1
65.9
64.9
69.8
58.6
62.9
60.9
62.6
61.5
62.8
61.8
59.3
58.9
59.3
58.0
57.1
56.7
57.5
56.2
55.8
56.2
55.1
55.8
56.4
56.0
55.7
56.3
55.8
57.2
57.3
57.5
57.3
58.6
58.7
58.3
56.9
57.4
57.4
58.0
57.9
59.9
58.6
59.6
58.2
59.6
57.2
58.7
58.9
60.0
58.5
58.3
58.6
58.6
56.8
57.9
59.0
59.1
57.7
59.1
59.7
60.7
60.7
60.3
58.5
62.4
61.1
63.4
61.8
61.9
61.6
60.3
59.9
61.0
62.8
62.4
60.2
59.1
57.6
58.1
61.5
60.2
61.2
60.5
59.3
59.8
59.7
59.1
59.4
58.6
57.9
59.3
58.1
60.3
59.0
58.7
65.7
62.6
63.7
63.1
62.4
61.5
61.1
61.3
63.0
61.1
61.7
61.4
63.6
61.5
59.5
60.9
60.3
59.4
63.3
61.5
61.2
63.4
62.2
61.8
62.2
62.8
62.9
62.5
60.7
61.7
61.3
61.6
61.2
61.2
60.5
63.0
60.6
64.3
65.8
64.3
65.3
62.6
94.3
152.7
128.7
66.2
68.1
70.8
70.7
69.2
68.2
68.6
69.1
69.0
68.5
68.3
67.5
70.3
72.9
77.0
71.2
85.9
90.3
90.2
87.3
83.7
81.0
82.1
80.9
82.1
82.1
82.8
79.5
81.6
79.9
82.7
90.2
87.1
83.1
80.8
81.1
81.5
84.8
81.1
79.4
77.9
75.9
119.7
120.9
95.4
83.4
88.8
89.9
86.6
87.6
85.8
78.4
72.6
79.7
84.4
81.8
80.0
77.9
77.0
74.1
71.3
68.6
67.1
66.3
65.7
63.7
66.7
65.3
66.0
65.5
65.2
65.0
64.1
65.8
64.1
65.1
60.6
64.6
62.8
64.2
62.1
63.6
63.2
62.2
60.1
60.2
61.8
60.7
64.3
63.5
63.5
62.0
61.6
60.9
59.2
60.6
62.8
63.1
62.6
61.9
62.4
61.6
60.6
59.0
58.1
59.2
58.4
56.6
57.2
57.6
57.3
55.5
60.0
60.0
60.1
59.9
58.2
58.8
59.9
58.3
60.1
59.1
60.4
61.4
61.3
61.7
60.7
60.6
59.8
58.6
57.1
59.1
59.2
58.2
59.2
61.1
62.8
62.4
62.0
69.5
72.3
76.6
75.8
73.0
70.7
67.3
65.9
65.8
65.4
64.1
64.3
62.7
63.1
64.1
65.6
64.0
64.1
61.8
62.4
68.6
63.7
72.5
69.1
69.9
68.7
70.5
66.8
69.0
69.7
70.4
70.3
70.0
68.3
66.3
64.1
64.8
67.6
68.6
69.8
67.7
67.4
67.2
65.6
69.0
70.2
63.4
63.1
63.6
65.1
65.5
70.5
69.6
64.8
65.7
65.1
62.8
62.0
63.8
62.8
60.9
68.7
67.8
68.2
69.3
69.5
68.6
66.3
65.1
65.8
62.4
64.3
64.3
66.3
66.0
68.0
66.7
67.8
65.2
64.1
67.2
63.0
61.4
61.0
60.9
62.9
64.1
62.3
65.5
63.6
65.8
64.0
61.3
61.6
62.6
63.0
62.8
65.0
63.8
61.3
61.3
62.5
63.7
64.7
65.6
70.0
71.8
72.2
70.6
70.8
71.5
69.6
70.1
66.2
63.9
63.3
64.4
64.3
66.8
68.0
69.8
71.2
70.6
69.9
71.2
79.5
77.4
76.5
76.2
73.1
74.8
76.0
76.9
77.2
78.6
75.5
74.7
81.0
82.7
80.6
78.1
76.7
73.0
74.6
73.0
73.0
73.9
73.4
72.8
71.4
74.1
70.0
71.4
71.6
72.1
75.2
78.0
79.6
78.4
78.1
80.1
77.3
78.8
76.2
77.2
78.2
77.0
74.2
78.7
83.8
83.4
80.6
78.4
78.7
79.5
81.9
81.1
84.2
88.6
88.5
86.8
88.1
89.5
87.6
87.0
82.4
82.4
81.2
80.7
77.2
77.1
75.9
73.1
73.8
72.9
73.0
71.1
70.7
70.0
73.2
73.7
72.3
71.9
70.7
70.9
70.1
71.6
72.8
77.0
73.9
72.5
71.5
71.2
72.8
71.3
69.7
70.8
68.2
68.5
69.0
69.3
71.1
73.7
74.0
75.9
80.6
80.6
84.3
84.9
81.7
78.6
76.2
83.1
81.0
77.9
84.6
82.1
80.8
79.6
81.4
81.4
89.1
87.9
88.0
66.6
69.8
84.5
82.0
79.3
77.4
74.7
74.2
73.4
74.0
73.9
71.5
74.6
76.2
76.3
76.7
77.4
78.0
75.8
74.9
75.9
75.9
73.8
71.7
71.7
73.7
71.4
72.3
72.8
72.1
72.8
72.2
72.0
70.9
71.6
71.5
70.4
69.3
70.9
74.1
75.5
74.6
75.3
76.4
75.3
74.1
73.8
70.7
72.8
72.0
72.0
72.5
74.5
74.6
76.2
78.0
78.1
83.2
78.9
82.1
81.7
81.7
80.9
78.6
77.8
79.0
77.8
76.4
76.1
74.7
75.1
74.2
73.3
70.9
73.1
71.0
72.8
73.9
73.2
74.0
72.7
72.3
73.2
72.3
71.7
69.5
73.0
72.1
70.7
84.5
74.3
72.2
71.2
69.6
72.9
71.9
73.0
71.6
73.5
74.1
71.6
73.7
75.2
75.7
75.1
74.5
74.2
75.6
75.9
73.1
73.8
73.9
73.7
75.3
78.2
75.0
74.3
74.6
71.7
75.1
75.5
74.7
77.7
79.7
81.4
82.3
83.2
86.4
87.2
86.9
86.5
84.7
83.1
81.7
78.3
79.8
80.4
77.5
78.4
78.9
80.3
79.9
82.2
81.4
83.5
79.9
83.0
81.4
83.6
82.4
82.6
81.9
81.0
79.9
78.8
80.7
82.3
81.4
81.9
78.6
77.4
76.8
75.9
76.7
76.0
104.2
99.4
116.7
132.5
111.0
103.0
101.8
99.7
101.5
108.6
103.1
113.4
120.9
136.4
132.8
129.8
101.1
97.2
91.4
98.0
99.5
96.6
96.2
96.9
97.3
97.8
94.2
86.4
87.4
85.8
90.5
94.3
93.8
94.2
92.9
94.0
92.3
93.4
94.0
94.5
96.0
92.2
91.9
93.6
93.0
79.9
87.7
92.9
90.0
94.0
89.3
95.9
91.4
86.8
85.9
91.1
93.8
87.4
85.0
90.5
96.9
93.9
95.7
93.2
97.8
103.1
100.6
91.5
95.6
95.4
99.5
98.9
98.0
97.1
95.47692307692307
94.21538461538462
92.95384615384616
91.6923076923077
90.43076923076923
89.16923076923077
87.90769230769232
86.64615384615385
85.38461538461539
84.12307692307692
82.86153846153846
81.6
80.33846153846153
79.07692307692308
77.81538461538462
76.55384615384615
75.2923076923077
74.03076923076924
72.76923076923077
71.50769230769231
70.24615384615385
68.98461538461538
67.72307692307692
66.46153846153847
65.2
63.7
74.5
73.2
75.5
74.5
72.6
72.7
71.7
70.2
71.2
71.9
71.5
69.7
70.1
68.7
69.4
67.6
68.0
68.7
69.0
67.4
69.4
69.8
71.2
69.2
68.1
67.3
69.2
69.6
69.5
70.0
69.0
68.9
68.3
69.1
68.6
69.1
67.5
67.5
67.1
67.2
66.6
66.5
67.4
71.1
69.9
70.6
69.2
70.3
67.0
68.9
66.2
65.9
66.0
65.1
64.2
64.2
64.3
65.4
64.1
65.1
65.3
64.6
64.1
65.4
66.2
66.4
65.9
65.5
66.1
64.6
65.2
63.7
62.8
61.8
60.7
56.9
59.6
60.8
70.4
71.6
74.4
72.5
72.2
72.0
71.4
70.5
70.8
68.6
68.2
68.7
67.0
67.0
68.8
69.1
71.7
53.8
31.6
73.9
77.8
76.6
76.3
76.2
74.9
71.2
76.8
77.6
78.0
76.5
75.0
76.2
77.0
76.6
79.1
77.2
76.1
76.5
76.1
77.1
75.9
76.0
75.8
78.1
78.5
79.8
79.9
81.5
84.8
85.6
83.6
82.9
83.2
83.5
83.7
83.1
83.3
82.8
81.5
80.7
80.4
80.5
81.3
80.3
80.3
84.7
85.4
82.8
81.6
80.1
78.5
81.7
80.8
81.1
80.5
80.6
78.9
78.7
80.2
78.0
79.1
78.7
78.9
79.0
79.1
80.7
80.7
85.2
85.8
89.4
91.7
94.6
95.2
97.0
96.4
100.6
100.6
98.6
93.8
92.8
91.0
85.8
82.5
79.5
72.8
72.5
68.9
82.2
75.1
81.9
87.8
90.7
91.5
88.5
91.1
90.0
87.8
85.2
83.8
82.5
82.2
83.6
86.0
78.3
78.4
80.3
79.6
75.1
71.9
71.6
75.8
74.0
73.8
72.5
70.3
69.1
69.6
70.2
70.3
68.7
66.8
67.4
66.7
65.9
66.8
67.7
66.2
66.4
68.7
68.2
67.5
65.0
64.6
62.7
62.5
61.3
59.3
60.3
60.6
60.8
58.7
62.3
64.5
64.1
65.0
67.5
71.6
72.4
72.3
68.2
68.7
73.5
63.9
60.3
60.3
66.1
65.4
64.8
60.3
58.8
50.7
27.5
4.299999999999997
231.2
52.4
53.8
52.9
54.1
54.4
53.9
53.2
57.1
56.8
58.4
57.6
56.6
55.6
55.2
54.9
53.8
54.7
55.3
54.7
54.8
55.5
56.0
55.0
55.7
55.3
56.1
58.2
60.3
58.4
57.6
57.9
60.3
61.3
62.4
64.9
63.2
61.5
63.7
62.6
63.0
64.1
65.7
66.0
64.4
62.7
62.5
62.0
60.2
57.1
57.2
56.0
56.6
58.7
57.6
59.7
57.9
60.9
61.4
61.1
65.6
62.9
62.5
66.0
64.5
66.5
69.4
68.3
68.6
65.3
64.7
65.2
65.6
65.2
63.8
63.2
66.2
67.7
67.0
65.2
65.4
65.4
67.2
65.2
68.1
68.8
68.7
69.4
70.1
69.0
68.9
67.7
68.9
73.2
71.1
71.0
74.3
75.2
74.5
71.8
75.3
75.2
73.7
72.1
71.7
73.6
75.4
78.9
76.9
76.7
77.7
78.2
75.6
77.3
74.0
74.8
74.1
75.5
76.4
76.3
110.0
174.8
239.60000000000002
226.35
252.125
277.9
299.7
301.3
239.9
95.3
94.8
90.8
88.7
87.1
86.5
87.5
86.9
85.3
84.0
87.1
86.7
89.2
87.5
85.7
81.7
78.8
80.3
82.3
82.0
81.3
85.5
82.8
81.2
81.0
90.7
122.6
167.4
149.9
77.8
76.9
76.6
74.2
83.7
77.8
83.5
164.1
259.2
264.9
240.0
78.2
75.9
74.7
76.4
77.8
79.4
76.7
78.1
75.5
79.4
74.9
75.3
72.3
73.1
75.7
71.5
68.7
67.3
70.1
76.8
72.7
69.5
69.6
71.7
73.0
71.0
69.1
71.4
71.8
72.1
73.4
75.6
86.8
88.3
84.1
86.0
88.2
84.6
80.2
83.1
74.8
86.6
96.3
89.4
98.2
98.2
100.3
103.1
106.2
133.4
154.1
137.2
94.8
99.3
107.3
88.8
86.7
86.4
135.3
157.8
151.1
84.0
83.1
85.9
83.5
81.2
75.8
81.7
92.4
101.5
163.8
91.6
92.8
90.1
90.1
92.9
91.9
90.6
91.0
96.2
96.0
97.6
90.1
92.1
92.8
92.6
90.8
89.3
89.5
88.0
89.6
88.5
89.6
87.6
86.8
88.0
85.3
85.6
133.3
90.3
137.2
156.2
197.2
171.4
142.4
139.3
198.5
271.0
162.4
169.2
218.9
159.1
144.4
188.4
83.2
85.3
85.1
86.0
85.8
110.4
154.8
130.8
168.9
149.4
86.1
109.0
152.4
84.0
79.7
79.6
79.2
78.0
74.6
81.8
83.3
81.8
80.7
91.9
91.1
94.2
92.7
90.1
88.8
89.1
89.8
86.7
88.9
86.2
85.8
85.0
87.3
86.2
84.1
83.8
79.6
78.7
75.1
73.1
73.3
84.4
82.1
81.0
83.0
79.0
81.2
78.8
80.2
75.9
79.1
79.5
81.5
79.2
83.0
81.7
80.3
82.8
82.1
80.7
79.0
81.6
79.8
79.3
80.5
79.1
78.2
80.0
80.7
79.7
78.0
74.1
74.6
81.3
83.2
82.6
81.5
78.2
72.3
73.4
73.5
71.5
70.0
76.9
81.8
89.2
86.8
88.0
88.2
89.4
103.9
86.7
93.1
90.1
115.5
154.7
143.1
83.7
83.7
83.6
82.9
79.1
78.8
79.2
80.6
76.8
78.3
82.7
79.4
110.9
123.9
139.2
141.6
120.6
112.3
110.3
109.5
107.7
108.3
109.8
113.8
115.9
125.9
142.3
138.7
93.9
93.2
93.2
91.7
93.6
92.9
92.6
94.3
92.3
92.3
92.2
98.8
114.3
106.8
89.4
186.7
202.0
94.1
92.8
92.5
91.9
91.2
90.8
91.6
93.4
91.0
91.4
107.2
137.8
147.2
125.0
97.1
101.4
101.6
151.8
131.2
88.0
88.6
87.4
173.4
215.9
106.7
90.8
89.6
88.8
89.6
89.3
89.5
87.6
86.4
86.5
87.4
87.8
87.8
87.8
86.4
87.6
89.2
88.4
87.8
88.5
87.6
87.3
89.1
89.0
86.1
84.7
84.7
84.9
83.7
86.6
85.3
87.4
85.5
87.5
87.5
91.0
99.6
103.8
92.0
88.0
85.4
84.0
83.9
80.7
87.8
86.5
83.0
82.2
90.8
90.1
90.0
92.8
92.6
93.2
92.0
89.3
87.9
87.4
85.4
89.9
90.6
89.8
90.3
88.6
94.5
93.8
96.9
97.6
96.4
93.0
92.2
89.7
88.2
87.3
88.1
92.5
109.0
88.5
83.7
81.6
154.0
220.0
221.7
190.2
90.4
89.6
91.0
90.4
89.3
89.0
87.8
88.0
85.6
85.3
84.5
85.1
84.3
84.4
82.2
79.5
80.3
79.1
80.4
80.8
79.7
81.1
83.2
81.6
80.0
82.4
82.7
81.2
85.6
88.0
89.9
97.2
100.5
99.5
99.7
96.0
108.0
98.5
91.4
82.6
85.4
99.9
93.3
220.2
160.2
94.7
206.6
166.6
165.6
177.9
177.3
106.6
96.6
91.4
89.9
88.7
94.0
97.2
104.3
107.2
108.2
109.0
110.0
111.3
113.2
114.7
115.3
116.0
116.0
116.0
116.0
116.0
115.3
115.0
115.0
115.0
115.0
115.0
115.0
115.0
115.0
115.0
115.0
96.5
74.5
47.2
47.0
47.0
47.0
47.0
47.0
47.0
100.8
126.2
125.0
124.7
124.4
