316.0
316.0
314.6
314.8
314.2
314.0
242.9
146.5
48.0
47.9
47.4
47.1
47.0
47.0
47.5
48.0
48.2
49.9
49.5
48.5
47.2
47.0
46.6
46.3
45.3
47.0
46.7
46.8
48.0
51.8
54.8
55.3
60.7
75.4
74.8
75.6
74.0
33.1
95.7
74.3
74.2
74.6
76.9
75.6
73.8
72.7
68.1
66.4
67.8
68.7
69.9
69.9
69.8
68.2
66.1
66.7
65.2
66.0
64.1
63.6
64.6
64.7
63.3
63.2
59.2
59.4
58.5
58.4
58.5
59.4
59.7
58.4
59.1
59.3
58.7
59.4
55.5
50.8
51.4
47.3
42.6
55.5
64.3
58.3
59.7
56.4
58.7
58.6
57.8
58.2
56.4
54.8
57.5
59.3
57.6
56.9
58.6
58.8
39.0
58.1
59.4
56.0
53.8
55.0
58.2
54.4
52.1
53.5
53.9
51.2
50.3
52.4
56.2
54.3
62.6
60.0
60.8
60.8
61.2
62.8
65.9
69.9
68.6
65.6
63.9
62.1
60.5
59.6
63.3
62.3
60.8
60.7
64.4
61.4
61.2
58.4
57.5
58.9
57.4
57.7
57.4
55.4
53.3
52.5
53.9
56.9
57.8
54.8
59.8
64.8
67.5
69.2
69.1
69.6
67.7
69.3
62.8
58.0
52.5
48.9
48.4
51.1
53.4
53.5
54.5
55.4
56.4
57.0
60.4
60.1
60.9
60.6
61.2
60.5
60.3
60.1
59.4
59.4
59.5
59.7
59.0
59.9
60.8
60.5
61.0
61.6
61.9
62.5
62.3
62.7
63.2
62.6
62.4
62.5
62.7
63.2
63.3
62.1
63.4
64.1
63.9
63.5
64.4
63.5
63.3
63.5
62.9
62.9
62.7
62.8
62.9
62.9
62.3
63.8
63.9
63.6
63.0
63.1
63.1
63.2
63.3
62.3
63.3
63.4
64.7
64.8
63.9
64.0
63.6
63.1
62.6
62.4
62.0
61.6
62.1
62.2
62.0
62.9
62.4
62.2
63.8
63.4
62.8
64.5
64.3
64.0
64.7
64.2
63.4
63.7
64.7
65.2
63.8
65.0
66.8
65.4
65.5
65.2
65.5
64.3
82.7
65.9
66.8
68.6
68.1
64.4
63.9
65.1
63.8
64.2
64.6
63.4
62.0
62.4
62.3
64.1
63.4
63.2
65.6
65.9
65.7
64.5
73.5
74.9
76.5
74.2
71.4
71.1
69.7
67.8
71.2
75.4
74.8
73.1
71.7
71.6
64.9
62.3
64.7
72.6
75.6
80.5
78.4
77.0
75.7
74.5
75.4
77.1
77.1
77.5
78.6
78.1
81.5
81.9
80.2
80.4
83.3
85.0
82.1
84.3
82.2
77.2
70.6
66.8
58.2
59.4
60.3
58.2
58.8
63.5
62.7
60.1
57.9
57.9
59.8
60.5
59.6
59.5
59.6
64.5
63.5
63.6
62.2
68.2
62.0
68.2
63.8
67.6
67.2
68.6
62.4
64.1
64.4
60.9
59.9
60.5
60.1
58.5
59.0
57.5
57.7
53.8
59.2
59.5
60.6
62.3
62.7
63.7
64.5
65.3
65.9
65.7
65.6
66.2
65.5
65.9
65.8
65.6
64.7
64.6
64.9
65.4
65.4
66.2
65.4
65.5
65.2
64.7
65.3
65.1
64.0
64.6
65.2
64.3
64.2
64.2
63.6
64.1
66.0
65.1
63.2
64.6
64.3
63.9
65.4
65.0
66.0
63.6
65.8
65.8
65.7
66.4
65.9
67.9
68.7
68.6
68.7
69.0
69.4
69.6
69.2
68.8
68.2
68.6
69.9
73.3
70.0
69.0
68.7
69.8
69.6
69.6
71.4
73.1
72.9
74.8
74.4
76.6
71.1
70.5
78.5
74.4
78.0
76.6
76.9
75.3
78.6
74.0
71.7
70.3
74.1
67.4
67.3
73.2
66.4
71.3
71.4
70.0
76.0
73.8
75.4
75.4
77.1
78.8
75.4
70.2
68.9
64.2
64.8
64.1
64.7
64.3
63.9
64.5
63.8
62.5
63.7
62.7
62.0
62.4
61.4
60.3
59.5
59.5
63.4
61.9
58.7
57.2
57.7
58.4
59.0
60.0
59.2
58.8
60.9
61.5
61.9
60.7
59.3
60.8
61.4
60.9
63.0
63.7
64.8
64.9
66.0
68.0
65.6
63.7
65.3
64.5
64.2
66.7
64.9
66.1
64.1
67.2
65.1
64.0
64.7
65.8
67.6
69.3
67.5
65.6
65.0
65.5
66.6
68.3
67.8
67.7
69.3
67.3
65.8
66.8
64.8
69.6
68.2
68.0
67.7
66.9
66.8
66.9
66.8
68.9
68.8
67.5
66.5
68.0
70.9
67.9
69.7
73.7
74.0
77.3
78.0
70.1
69.6
76.0
77.3
76.6
75.9
72.2
70.4
68.2
67.0
65.0
63.6
62.9
63.9
65.4
64.0
65.9
64.7
65.3
65.8
65.2
65.3
65.8
64.2
67.2
67.4
67.3
67.7
67.1
67.4
66.5
75.5
70.3
67.7
70.7
71.8
70.7
71.0
72.2
68.4
66.2
65.7
65.6
64.4
64.7
65.0
64.6
64.3
63.8
63.3
63.1
66.3
64.4
64.3
64.5
67.6
66.2
65.7
66.3
65.4
65.3
64.7
68.7
69.7
71.4
70.8
67.3
64.8
63.8
64.0
64.1
62.2
65.1
63.5
68.2
67.8
66.5
67.2
64.1
70.8
66.7
66.9
64.1
68.2
66.2
65.6
65.1
63.0
65.7
67.0
65.7
64.9
62.1
61.7
64.1
68.7
71.4
71.8
72.4
70.5
66.5
63.7
63.3
62.7
61.0
62.6
61.8
62.9
62.8
62.5
64.2
64.9
64.1
65.3
64.7
63.5
64.0
189.5
126.5
62.6
64.4
62.9
62.3
63.6
62.2
63.6
64.0
66.8
65.4
65.6
63.3
64.5
63.1
59.8
68.2
63.4
60.5
58.0
63.2
59.2
58.3
57.9
59.7
60.7
60.5
63.6
65.4
65.1
66.7
64.5
64.3
64.5
64.5
65.8
64.8
63.6
65.4
64.3
64.1
65.2
64.6
64.0
63.5
62.9
63.1
62.9
63.5
66.0
67.1
67.3
65.1
66.5
65.6
64.9
64.8
66.6
65.5
65.3
66.1
66.5
67.2
67.5
65.4
65.7
68.0
66.3
66.7
67.1
66.9
66.4
65.9
66.4
65.5
65.4
65.3
66.1
67.5
67.1
66.3
65.5
65.7
68.0
69.7
69.1
66.2
66.2
63.8
63.6
65.0
64.2
62.2
62.0
60.9
57.9
56.5
55.7
55.2
57.9
60.3
60.1
59.0
59.7
62.9
65.4
69.2
69.3
69.9
70.3
71.6
77.5
76.8
73.9
74.2
73.4
71.1
69.6
66.8
69.3
68.6
67.6
67.9
67.7
67.2
67.2
67.8
68.2
68.8
68.0
68.3
72.5
78.5
74.4
76.4
76.8
78.9
80.8
77.8
77.2
75.8
79.8
75.2
70.5
69.4
74.5
74.0
72.1
74.6
75.8
73.2
73.3
75.6
74.2
78.0
74.3
73.7
71.7
69.1
67.7
67.7
67.3
67.2
66.6
68.4
71.2
69.3
70.4
70.8
69.4
69.0
69.1
69.7
67.8
68.8
67.5
67.2
67.6
67.0
68.9
68.0
67.4
67.5
68.6
68.8
69.5
69.4
69.8
70.4
69.5
70.0
69.7
70.4
69.7
68.7
69.8
69.3
70.2
69.0
69.3
70.0
71.1
72.0
71.5
70.3
70.8
70.8
71.8
248.5
254.0
254.0
254.0
254.0
190.1
73.5
74.9
74.5
72.7
73.7
73.7
74.3
73.2
74.8
76.0
77.0
77.0
77.2
77.2
77.7
79.8
80.1
80.6
79.9
80.1
80.2
81.0
80.2
79.7
81.7
83.2
83.7
84.0
84.7
85.5
84.9
87.6
85.9
86.3
88.1
92.1
93.6
93.9
94.0
95.0
94.6
96.8
93.0
92.2
91.8
91.2
91.4
94.1
95.1
96.2
94.8
97.5
96.7
96.8
96.8
98.5
95.8
95.6
97.1
92.6
90.7
90.9
91.5
90.0
89.5
92.2
92.6
117.5
95.4
90.2
90.1
92.4
93.2
90.0
89.8
89.9
91.9
90.8
92.1
93.4
93.7
86.6
84.2
82.1
82.7
82.8
83.0
86.7
87.3
87.2
89.6
90.5
93.0
96.1
98.3
94.0
90.0
87.8
83.2
81.1
83.3
89.2
85.9
85.2
85.7
86.0
84.6
82.5
81.7
81.2
80.7
81.5
81.8
83.7
85.8
86.1
86.2
85.3
84.5
84.3
85.2
85.5
85.7
85.2
111.5
91.7
102.0
86.5
74.8
67.6
64.0
64.8
65.8
69.1
71.4
74.9
77.9
80.3
82.5
84.4
86.6
89.3
86.7
87.6
88.5
88.4
91.0
92.2
93.4
95.3
96.9
96.8
97.1
97.5
97.0
96.4
96.5
96.4
95.7
97.3
96.3
96.7
96.5
96.0
97.2
98.0
98.0
97.3
96.1
98.4
94.2
101.6
95.2
96.6
95.1
89.9
86.4
84.3
83.1
82.5
83.5
84.3
84.5
84.6
86.5
86.7
88.4
90.1
90.5
91.0
92.0
94.8
99.4
101.6
97.6
94.8
92.8
90.8
88.7
87.8
87.2
89.3
92.1
89.0
88.4
91.4
94.8
95.4
92.3
88.1
83.3
80.9
81.1
83.7
88.2
78.4
76.6
78.4
80.9
81.9
82.5
79.4
80.7
79.3
36.0
41.9
45.0
100.0
95.2
88.0
83.7
81.9
82.5
81.0
77.2
78.6
84.4
90.9
82.1
79.4
77.4
76.5
78.1
81.4
80.8
83.8
76.1
71.7
69.3
68.1
69.3
68.5
68.5
66.8
67.1
67.3
68.1
68.6
68.1
68.2
67.9
69.6
74.3
75.0
74.3
74.8
74.6
77.0
77.0
77.5
76.9
77.5
79.1
81.2
79.7
80.8
79.5
79.3
79.1
81.0
81.3
82.1
82.3
82.6
82.4
84.2
84.3
84.9
84.6
84.6
84.3
84.6
84.1
83.7
83.9
85.7
84.9
84.5
85.0
85.7
86.4
85.8
85.3
84.0
82.9
81.8
81.1
80.0
78.9
76.3
75.9
75.5
74.0
73.3
73.7
72.6
73.3
83.9
79.3
74.7
74.9
76.3
75.7
76.1
75.5
73.3
71.6
73.6
70.4
69.9
70.3
66.0
21.9
26.8
64.3
68.0
69.3
70.3
68.4
68.1
69.1
68.5
69.1
69.2
71.6
70.9
74.4
83.5
77.7
75.1
78.9
76.1
79.1
78.3
77.9
77.1
72.8
73.2
76.1
71.7
70.5
71.2
71.4
72.1
72.4
71.1
68.9
69.4
67.7
69.3
66.1
65.3
66.9
66.5
66.6
68.0
68.2
69.5
70.3
69.8
69.5
69.8
70.3
71.0
70.8
71.9
71.6
71.9
72.9
71.9
72.5
73.3
74.7
73.0
72.8
74.2
75.5
75.6
77.3
77.4
76.7
76.4
76.7
79.0
78.8
63.4
79.4
80.6
78.9
79.8
78.3
77.8
76.7
77.3
78.1
84.6
81.2
82.1
89.5
88.5
85.1
82.6
80.2
76.5
73.5
74.9
77.1
77.4
80.0
78.7
76.4
73.8
71.1
69.9
68.6
66.9
65.3
65.6
66.4
67.2
68.1
69.9
68.7
67.3
67.6
68.0
69.0
68.7
70.3
70.4
70.6
71.7
73.7
72.5
71.6
73.0
71.6
71.8
72.0
72.2
73.8
74.5
74.6
75.0
75.7
75.9
75.3
75.6
74.8
75.2
76.8
57.0
75.4
76.4
78.0
78.3
81.5
83.0
81.5
79.8
80.1
80.0
78.5
78.3
79.2
82.4
83.5
82.6
82.0
82.3
81.1
80.3
79.2
78.3
78.5
77.9
77.6
78.1
78.0
78.1
78.0
77.4
77.6
77.9
77.7
77.6
78.5
79.9
77.3
76.5
78.3
77.5
77.9
78.7
78.1
77.3
78.3
77.9
77.8
78.9
78.2
78.1
78.3
77.3
81.8
82.5
80.3
80.6
79.3
78.6
77.7
145.4
79.3
78.7
79.2
78.4
78.1
78.5
78.2
80.8
82.8
81.0
80.7
80.5
67.3
72.5
84.2
85.7
86.0
85.8
85.6
89.9
88.2
84.7
83.6
85.7
84.9
83.8
83.8
83.9
85.0
85.7
85.8
86.3
87.2
89.5
91.3
74.7
60.7
45.3
60.7
75.4
74.2
71.6
69.6
71.2
70.7
68.6
67.3
66.4
66.4
66.8
67.3
67.5
67.4
68.0
67.7
68.0
68.4
69.3
69.7
70.0
70.4
72.1
73.2
75.2
75.8
76.9
77.4
77.3
78.3
78.8
80.6
82.4
85.6
96.6
83.7
84.6
85.5
86.4
86.7
86.6
85.6
85.9
85.8
86.7
87.4
91.3
88.8
77.9
74.4
74.4
73.8
73.1
73.0
72.1
72.7
72.0
72.7
74.1
76.1
77.3
77.8
77.8
78.5
78.7
79.2
81.7
84.9
84.4
84.2
79.0
78.4
81.7
80.7
76.7
75.4
73.8
71.7
68.9
69.6
172.0
75.9
70.6
71.0
72.9
73.1
73.1
46.5
41.9
75.1
76.7
77.1
78.2
78.8
78.1
79.0
80.7
80.4
82.3
82.3
79.7
79.4
79.3
78.9
77.9
78.1
77.9
78.2
78.4
78.2
77.6
78.4
78.8
79.9
81.5
80.4
80.9
82.6
87.5
85.0
77.8
74.9
73.8
72.2
69.6
67.8
66.6
65.8
65.4
64.7
64.7
65.0
70.2
69.2
68.1
66.7
67.1
66.9
67.4
66.5
66.2
67.2
67.5
69.2
70.2
71.0
72.9
75.5
76.2
75.0
75.0
75.7
77.9
76.7
75.9
75.7
76.9
76.8
77.6
78.6
79.0
79.1
79.1
80.5
83.2
83.1
83.1
82.9
83.4
83.9
83.6
83.2
83.5
84.0
84.0
83.6
83.5
83.9
83.7
88.9
81.9
78.7
77.8
76.7
75.8
75.8
76.2
75.3
75.4
75.8
76.5
75.7
75.9
76.6
77.9
78.7
78.8
79.4
79.5
79.3
79.3
79.9
80.7
80.8
80.5
82.4
83.3
83.3
87.5
87.0
85.7
86.4
85.2
83.3
82.3
82.2
81.8
82.1
86.9
129.4
126.7
96.4
96.9
98.0
97.6
100.4
97.3
92.4
90.7
90.5
95.0
97.2
98.3
97.8
93.9
89.5
87.2
82.6
79.8
78.4
77.5
77.1
79.2
77.9
76.4
74.8
75.4
75.4
76.3
78.1
79.1
79.6
80.3
81.3
81.6
82.5
83.0
83.6
84.8
85.2
85.5
88.6
82.4
79.0
80.4
83.9
88.0
89.3
87.4
132.8
114.5
82.3
81.5
80.0
79.3
78.6
79.1
78.7
78.9
78.8
79.1
81.1
82.3
83.2
82.9
87.6
92.0
87.0
84.0
84.4
80.9
80.6
81.0
80.1
79.3
76.9
75.9
74.1
73.0
73.0
72.7
73.0
72.8
73.0
74.1
77.9
80.3
77.4
77.1
77.3
77.4
77.0
77.7
80.4
84.0
83.1
83.6
79.0
76.8
71.3
66.0
64.4
65.1
66.2
67.0
67.2
67.9
69.2
70.1
77.9
78.6
76.9
76.4
76.6
76.3
77.1
77.4
78.2
79.1
79.5
80.5
81.5
82.1
82.9
83.5
83.5
90.8
134.8
85.6
85.5
85.5
86.6
87.5
87.6
86.5
86.9
86.6
86.4
86.2
86.3
86.2
86.2
86.7
86.9
87.5
87.3
87.0
87.5
87.4
87.3
87.7
88.3
89.0
89.6
90.5
90.4
90.6
91.0
96.5
94.6
92.3
95.6
96.9
98.6
99.7
99.1
97.8
93.6
90.1
85.3
81.8
79.5
77.7
106.8
105.5
76.1
76.7
78.4
79.3
79.2
80.8
81.8
81.4
82.7
84.4
84.6
85.0
85.2
86.6
87.6
87.2
87.4
88.1
88.7
88.6
88.8
90.2
91.0
91.5
90.5
91.8
91.3
91.4
91.3
92.1
91.9
91.8
92.7
92.4
91.6
91.8
91.5
91.6
91.6
92.2
91.7
93.2
93.1
92.7
92.7
93.9
93.8
93.6
93.9
93.3
94.1
94.1
95.2
94.5
94.5
94.5
94.8
94.3
95.3
94.3
94.3
93.9
94.6
133.6
115.7
95.3
93.4
92.2
92.5
91.5
92.5
93.0
93.0
91.9
91.6
92.8
93.4
96.4
98.2
95.5
92.0
89.1
91.0
92.9
87.8
83.2
80.5
79.2
78.8
77.4
75.0
74.5
73.8
73.8
74.3
73.5
73.9
74.9
76.0
76.5
75.8
76.8
77.2
78.0
79.0
79.2
80.6
81.5
83.0
82.8
83.4
82.1
83.1
83.5
83.7
84.6
84.5
84.7
85.3
85.7
88.3
88.5
109.5
101.9
87.3
87.5
89.4
91.30000000000001
89.4
88.9
89.2
89.3
88.7
88.9
89.3
89.4
90.2
89.7
91.1
90.7
92.7
72.3
82.5
88.5
89.7
91.6
88.8
87.3
88.4
86.4
84.3
83.1
84.0
81.1
79.3
78.7
78.1
76.8
78.1
77.0
77.6
78.3
77.9
79.0
79.5
81.2
86.8
85.2
86.1
86.4
86.6
86.2
85.5
85.0
84.7
86.2
88.6
86.9
86.7
87.4
88.9
89.3
105.8
104.6
87.9
86.4
85.0
85.1
85.8
87.6
86.8
85.8
86.0
86.4
86.7
87.3
87.4
86.5
87.7
88.3
89.6
89.2
89.0
89.1
89.5
89.6
89.3
88.9
89.2
89.3
90.0
90.9
99.7
95.7
95.6
92.7
91.1
90.4
90.0
89.8
89.4
89.7
90.5
90.7
92.8
96.6
91.0
90.8
91.8
88.4
89.6
85.4
83.4
80.1
78.1
77.1
75.1
73.6
73.1
73.1
73.1
74.6
75.8
78.0
76.7
76.0
75.0
74.3
74.3
73.4
73.5
73.0
73.5
74.5
76.6
72.4
69.8
68.8
69.8
70.0
69.4
69.9
70.6
71.1
72.5
76.7
76.2
75.4
73.8
75.5
74.2
74.0
72.9
73.4
73.7
73.3
73.3
73.7
74.5
75.2
76.6
77.1
78.1
79.2
80.9
82.8
82.3
80.1
79.5
78.6
80.2
80.4
82.5
81.8
82.4
82.8
82.3
82.5
83.3
84.4
86.0
87.9
85.4
84.9
84.8
85.0
85.6
86.1
90.6
88.8
89.2
89.0
89.6
89.9
91.0
93.5
91.8
89.1
86.7
86.7
91.4
90.4
90.8
89.0
89.0
87.8
87.7
88.3
90.3
87.4
84.9
84.8
85.5
92.1
94.6
94.4
88.1
89.5
94.6
94.1
92.7
89.1
86.7
84.6
117.1
83.0
77.2
77.0
75.7
75.2
72.3
70.7
69.6
68.8
68.8
69.5
69.7
69.1
69.9
74.8
74.6
71.7
71.0
70.8
72.0
71.3
71.9
71.9
71.8
72.0
72.0
72.6
72.4
74.0
74.8
74.9
74.7
75.5
77.7
79.6
79.3
78.8
80.2
81.2
82.0
82.0
85.1
85.2
84.1
82.1
83.3
82.9
83.0
83.8
83.0
83.4
84.7
85.1
85.6
81.9
79.3
78.3
80.6
85.8
83.4
81.8
82.1
80.4
80.4
80.6
81.0
81.4
81.4
80.0
82.6
88.4
87.3
85.2
83.8
86.5
86.3
85.7
86.3
87.9
86.8
88.2
84.8
83.8
80.5
78.4
77.0
79.3
77.5
70.5
69.5
70.0
69.6
68.5
67.7
69.3
68.1
69.0
77.2
77.0
79.4
82.2
82.7
84.1
85.6
85.0
86.4
88.0
86.7
84.8
84.2
82.7
80.7
79.3
80.0
79.7
78.4
77.9
77.8
77.6
78.8
78.7
78.7
78.7
78.6
77.6
79.5
80.8
78.0
78.2
77.7
78.3
77.4
77.4
78.6
79.0
79.5
79.3
79.5
80.0
80.0
80.9
81.4
81.9
81.4
82.4
82.8
82.4
82.2
82.7
83.0
83.0
110.0
109.0
83.9
84.6
84.2
84.2
83.9
84.7
85.5
85.0
85.5
82.4
83.7
84.5
83.3
83.7
82.7
83.4
83.2
83.9
83.8
83.7
84.3
85.5
84.8
85.2
86.7
87.1
107.9
158.0
149.3
117.7
86.2
87.0
87.6
89.0
89.4
88.6
88.5
90.3
93.3
93.2
92.9
92.8
91.4
90.0
89.3
88.8
89.2
88.5
88.2
87.7
86.5
85.7
84.5
83.5
81.9
80.9
79.7
79.1
78.3
78.0
77.8
77.1
77.5
83.4
77.0
81.1
78.4
78.6
79.7
81.7
80.2
80.3
79.7
80.1
81.7
81.1
83.9
81.6
81.3
84.3
85.5
86.0
84.3
79.2
79.0
79.8
81.2
84.3
89.6
88.7
87.3
87.9
86.3
87.4
81.5
83.7
86.2
86.1
81.8
80.2
77.6
75.4
73.1
72.8
72.0
72.5
70.0
66.6
66.5
66.0
66.2
66.1
66.0
66.4
66.3
66.3
67.7
68.0
68.2
68.0
67.9
67.9
70.1
71.4
71.5
73.7
73.0
74.3
75.3
76.5
75.8
76.3
76.4
76.5
77.9
77.0
75.9
75.6
74.9
74.8
74.9
74.1
75.7
76.1
75.2
73.8
73.8
74.4
76.0
74.0
74.2
78.2
78.9
79.4
78.0
76.9
76.5
77.5
76.8
76.0
74.5
74.2
74.4
76.2
82.3
82.9
82.0
87.4
71.5
78.0
79.2
77.9
76.3
76.5
77.5
76.3
75.8
77.0
78.4
79.2
79.2
79.1
81.6
82.1
78.9
75.8
74.1
75.0
80.8
79.4
80.4
86.7
84.4
75.7
78.9
84.3
87.7
90.1
89.9
88.1
86.4
84.6
82.7
82.2
81.7
80.0
81.1
82.6
83.4
81.6
80.5
79.4
81.3
81.3
82.3
83.3
84.0
83.8
84.7
86.9
88.2
87.1
86.2
87.5
90.4
91.1
89.5
89.1
88.2
89.5
89.4
90.0
88.8
87.5
89.4
91.0
91.9
91.6
92.8
93.7
91.0
92.5
93.2
95.2
95.1
91.4
91.8
92.4
92.2
91.7
92.5
93.1
93.9
93.3
93.8
96.1
94.8
91.1
93.4
96.3
93.1
96.2
96.7
96.1
90.6
86.8
89.3
93.5
92.6
90.4
89.5
89.0
90.8
92.5
90.8
91.9
88.6
89.4
89.9
93.0
93.8
89.7
90.0
91.5
90.8
88.0
87.0
86.9
88.1
88.2
88.8
87.5
85.3
84.1
82.3
80.8
80.6
79.3
79.4
80.4
88.4
86.4
89.1
86.3
86.5
87.1
82.9
79.7
77.8
78.2
76.9
76.0
79.7
79.1
78.8
73.3
79.5
85.7
92.4
88.8
86.7
86.6
88.4
88.1
87.6
87.2
87.3
88.2
89.2
89.2
90.0
90.3
91.7
90.4
91.6
91.4
91.9
92.2
92.8
91.8
91.3
91.4
90.7
88.2
88.8
88.6
88.7
77.4
79.8
83.8
87.2
87.3
86.0
85.1
84.1
84.4
85.0
85.2
84.6
85.0
84.9
84.4
84.4
84.9
84.9
85.2
85.3
85.3
85.3
85.1
86.2
86.0
87.1
87.0
87.0
85.0
86.9
86.4
88.2
88.4
89.2
88.4
88.3
88.9
87.8
85.7
82.7
79.6
77.1
74.9
74.2
73.7
71.3
68.6
66.6
67.4
56.5
61.1
59.0
62.9
66.0
67.7
67.7
68.3
67.8
66.2
64.7
63.3
63.1
64.7
65.9
66.5
66.5
66.9
67.4
67.4
67.4
67.0
66.7
67.5
68.1
69.2
70.3
72.3
73.6
74.4
74.8
75.9
75.9
76.9
77.4
78.0
78.8
80.7
82.4
83.9
83.0
84.3
83.8
84.7
83.9
81.4
79.5
76.2
72.4
70.1
68.9
77.6
83.0
71.2
72.3
72.8
73.9
75.1
74.7
74.5
75.2
74.8
75.2
75.4
75.1
75.0
75.5
74.8
75.9
75.4
75.8
75.9
76.9
78.9
76.0
73.2
71.8
72.5
73.5
76.5
75.0
76.4
69.0
73.0
78.6
84.2
88.7
89.6
87.1
84.3
81.4
78.7
76.9
75.8
76.0
74.7
75.5
74.7
73.3
74.2
74.7
73.1
70.3
71.9
72.0
70.5
69.5
68.4
67.7
67.3
67.4
67.2
65.5
63.9
64.0
64.8
65.6
61.7
61.6
63.7
66.6
69.3
71.4
69.9
68.4
67.2
67.3
70.1
72.4
71.9
71.3
70.8
68.7
65.7
63.1
62.1
61.2
61.2
60.6
60.2
59.3
58.5
55.4
51.3
47.8
47.3
44.6
45.5
46.1
43.8
44.9
82.9
67.0
46.2
45.8
45.0
45.0
45.1
45.1
44.9
45.3
46.2
47.1
48.0
48.2
47.9
47.9
47.6
47.9
48.8
49.3
48.7
48.9
48.9
48.4
49.3
52.1
49.0
52.5
58.7
64.0
66.9
68.4
68.9
68.0
64.2
63.1
65.4
64.7
65.5
63.3
61.9
64.0
64.7
65.6
65.3
61.3
62.2
61.9
61.6
63.0
57.5
58.7
60.6
61.4
61.5
63.1
62.4
62.6
62.8
63.7
59.1
54.4
53.7
56.1
57.7
59.9
61.3
62.2
63.1
63.2
62.9
62.8
63.8
64.2
64.0
65.8
66.1
66.3
67.0
65.4
65.1
65.7
66.1
65.1
65.7
66.1
66.7
66.7
67.1
66.2
64.4
94.1
97.7
65.4
65.8
66.5
67.5
66.8
68.4
69.4
69.4
69.4
68.1
66.8
68.3
66.8
64.0
63.7
62.2
63.6
63.9
65.5
65.2
64.1
64.2
64.0
64.2
63.9
64.1
64.2
64.5
65.1
65.7
67.8
67.7
68.0
68.2
69.2
68.0
68.3
68.5
68.9
69.2
69.4
70.1
68.8
66.8
65.9
67.5
68.8
69.6
70.1
70.7
68.3
67.5
66.9
127.8
97.7
67.1
68.2
66.6
65.9
66.5
66.3
67.0
67.6
68.1
68.9
69.8
69.7
69.4
67.7
114.1
100.4
67.0
68.6
69.9
72.0
73.9
74.5
70.9
67.8
66.5
67.1
67.2
67.5
67.8
68.4
68.2
68.9
70.0
73.3
71.1
79.5
79.1
77.6
79.3
83.1
86.8
90.3
85.3
77.5
70.6
66.4
64.1
62.4
61.2
60.9
61.8
62.0
62.2
63.3
63.4
63.7
62.4
62.7
62.7
63.4
63.9
64.3
64.6
66.0
65.7
65.2
66.6
66.8
65.7
66.1
64.3
63.7
63.4
64.0
64.2
66.7
67.5
66.5
65.8
65.4
64.7
65.1
65.2
65.7
66.4
66.5
66.2
65.9
63.6
64.5
63.4
63.3
66.4
69.1
68.9
70.8
69.9
68.0
66.1
65.2
66.3
66.4
66.8
67.1
68.3
68.9
69.6
70.2
67.4
68.8
74.6
80.8
80.9
78.1
76.0
75.0
73.7
72.6
71.8
70.7
76.1
73.3
71.1
71.5
72.9
73.5
74.2
74.6
74.7
74.5
75.0
75.3
75.6
75.9
76.6
77.0
77.3
78.2
78.4
79.2
80.0
84.8
84.7
85.9
85.4
85.2
85.4
86.4
86.7
90.0
88.6
89.5
88.6
88.0
86.6
85.2
84.8
84.6
83.8
81.7
81.2
80.1
78.7
76.8
75.7
74.8
74.1
74.7
74.5
74.7
75.2
75.8
76.1
74.8
75.4
74.7
74.4
74.3
73.9
73.6
74.5
75.1
74.4
74.4
73.4
73.4
73.3
72.7
71.5
71.7
72.6
72.8
72.5
72.2
70.4
72.1
70.9
71.0
70.6
70.0
71.4
72.3
72.5
72.5
73.1
73.1
72.4
71.0
71.3
71.7
72.1
72.4
73.0
71.5
71.1
71.2
71.9
70.2
71.8
71.9
76.1
78.1
76.2
73.4
71.6
70.1
69.1
68.4
69.4
70.1
69.9
70.3
69.6
69.1
70.5
70.3
70.2
70.5
70.7
69.8
70.3
69.9
69.3
70.7
70.7
69.9
70.2
70.7
71.0
70.2
69.8
70.0
69.3
70.0
69.9
70.6
71.5
71.7
71.7
71.8
70.1
69.5
69.8
69.7
69.2
68.7
68.7
68.7
68.5
68.8
68.4
68.9
70.9
71.2
70.8
70.9
71.2
70.2
70.1
71.3
71.8
71.7
71.7
71.2
73.0
72.2
72.5
71.6
71.8
72.7
72.6
71.9
71.7
72.6
71.5
72.3
72.1
72.5
72.8
73.7
73.3
73.0
74.4
73.7
73.9
74.2
73.9
74.1
74.0
74.7
74.7
74.9
75.9
84.4
89.1
86.6
83.5
79.2
74.9
79.0
83.1
81.7
77.1
77.1
77.8
78.7
77.9
79.2
78.3
75.2
74.1
72.8
97.8
134.0
119.3
78.5
73.9
73.6
73.0
73.2
72.7
73.5
72.2
72.8
74.6
75.2
74.1
73.6
73.5
71.7
73.9
74.3
74.2
74.7
74.1
74.4
74.4
73.7
74.6
74.4
75.2
74.6
73.9
73.2
73.9
75.7
74.2
74.9
75.8
75.4
77.9
76.7
76.9
77.5
77.1
75.7
76.1
75.5
75.3
73.5
74.1
74.6
73.7
73.8
74.3
74.3
75.4
76.6
75.8
77.3
77.2
77.2
77.2
76.0
77.3
76.5
75.9
75.9
76.9
77.2
77.3
78.3
79.1
80.4
81.7
82.4
84.9
89.2
88.5
85.2
81.8
83.9
80.9
79.4
79.3
80.4
81.6
84.1
81.4
79.5
84.0
85.4
86.7
153.3
120.2
85.9
86.9
85.7
85.9
85.2
85.6
84.5
86.1
88.9
87.4
87.9
87.2
89.4
86.4
90.5
92.9
91.8
91.6
91.5
93.2
92.2
92.6
93.6
91.6
95.4
95.9
100.4
100.3
99.5
102.7
101.4
98.5
98.6
102.9
101.8
103.4
103.1
103.1
102.8
102.7
102.1
101.4
101.3
101.0
100.7
101.2
99.0
99.6
99.4
96.8
97.5
94.6
93.5
92.3
91.5
90.9
91.4
91.9
94.1
96.9
97.6
98.4
96.5
95.6
94.7
94.4
93.5
93.2
92.4
92.0
91.4
91.9
91.1
90.4
89.2
88.0
87.9
87.9
87.5
87.5
88.4
88.7
88.3
89.4
89.0
88.8
90.1
89.1
89.8
90.2
89.6
88.0
89.2
90.2
90.6
90.9
90.5
89.1
87.1
87.3
91.0
90.2
86.7
86.1
85.4
86.1
84.6
86.1
88.8
90.7
90.0
88.3
86.9
86.6
84.4
83.0
83.4
86.0
84.1
82.6
87.0
88.4
88.2
87.2
91.8
93.4
92.7
92.7
92.9
93.9
94.0
93.7
93.2
95.4
100.4
104.7
112.3
111.5
102.7
100.0
100.9
98.5
97.3
93.2
89.5
86.7
84.7
86.1
89.1
89.1
91.5
92.6
89.8
86.5
84.6
84.6
84.1
85.3
85.7
86.7
86.6
86.1
84.6
84.5
87.4
84.5
85.0
82.3
81.4
88.6
84.0
86.8
86.2
85.9
84.2
84.2
83.8
81.7
86.2
83.6
82.4
82.2
77.5
85.6
92.8
76.6
76.8
80.6
81.0
79.2
77.8
78.7
78.5
77.4
78.1
80.3
78.7
76.6
41.8
73.9
77.2
79.6
80.1
80.6
78.73333333333333
78.05
77.36666666666666
76.68333333333334
76.0
75.31666666666666
76.66666666666667
77.0
76.0
75.6
74.7
74.5
75.0
74.6
74.3
73.4
73.7
72.6
73.9
75.1
74.9
75.5
76.6
75.7
75.2
74.5
75.0
75.3
79.6
80.9
80.5
84.7
85.2
82.9
76.2
78.8
82.4
84.6
89.1
88.4
92.1
91.6
91.4
88.5
90.2
94.4
93.2
92.6
92.2
91.2
90.4
89.2
86.9
84.2
83.4
83.3
83.0
83.6
85.0
83.8
83.4
85.3
86.1
86.3
88.7
93.3
101.3
106.2
104.6
102.8
97.0
94.6
92.9
93.7
90.8
90.6
91.3
91.8
91.3
90.6
90.0
92.5
91.0
90.3
91.9
90.8
91.2
106.2
119.1
91.2
91.5
89.6
90.6
89.8
89.8
89.3
88.9
89.5
89.6
89.3
88.8
88.8
87.0
88.3
88.7
89.0
89.2
90.3
88.4
88.9
88.6
88.5
88.6
87.1
87.3
86.8
86.8
86.4
85.4
86.2
86.1
86.0
87.8
87.2
88.1
86.9
87.1
87.2
86.4
86.5
86.6
87.0
88.1
87.9
88.3
86.9
86.4
86.9
87.9
87.5
87.5
88.9
89.4
90.5
90.0
89.7
89.7
89.2
89.2
88.9
88.0
89.5
89.5
89.0
90.9
91.3
91.0
91.1
90.7
91.0
89.6
90.3
90.4
89.9
89.7
89.8
90.6
90.9
90.4
91.2
90.8
90.6
90.6
90.9
90.4
89.7
89.1
88.9
91.4
89.4
89.5
88.7
87.9
86.7
86.8
86.5
86.8
86.6
86.7
88.5
87.4
89.1
88.9
90.5
91.5
96.1
97.2
105.0
110.9
105.8
108.8
107.3
105.0
108.1
104.8
104.7
103.6
103.4
102.6
101.2
100.2
101.1
100.2
101.0
100.2
100.6
100.6
100.3
101.6
102.1
101.4
98.2
100.3
98.8
99.7
98.0
99.8
99.2
101.3
129.1
94.7
94.2
95.4
95.8
96.5
100.0
101.4
102.8
103.1
103.1
103.9
104.0
104.1
105.2
105.0
105.4
105.5
105.6
105.1
104.5
105.0
106.3
107.0
106.7
106.4
107.4
109.0
107.1
107.8
107.4
107.5
105.1
104.6
103.1
103.1
99.1
98.7
98.8
98.8
97.2
95.60000000000001
97.03142857142858
96.94714285714286
96.86285714285715
96.77857142857142
96.69428571428571
96.61
96.52571428571429
96.44142857142857
96.35714285714286
96.27285714285715
96.18857142857144
96.10428571428572
96.02
95.93571428571428
95.85142857142857
95.76714285714286
95.68285714285715
95.59857142857143
95.51428571428572
95.43
95.34571428571428
95.26142857142857
95.17714285714285
95.09285714285714
95.00857142857143
94.92428571428572
94.84
94.75571428571429
94.67142857142858
94.58714285714285
94.50285714285714
94.41857142857143
94.33428571428571
94.25
94.16571428571429
94.08142857142857
93.99714285714286
93.91285714285715
93.82857142857142
93.74428571428571
93.66
93.57571428571428
93.49142857142857
93.40714285714286
93.32285714285715
93.23857142857143
93.15428571428572
93.07
92.98571428571428
92.90142857142857
92.81714285714285
92.73285714285714
92.64857142857143
92.56428571428572
92.48
92.39571428571429
92.31142857142856
92.22714285714285
92.14285714285714
92.05857142857143
91.97428571428571
91.89
91.80571428571429
91.72142857142858
91.63714285714285
91.55285714285714
91.46857142857142
91.38428571428571
91.3
105.2
103.6
103.1
103.8
103.3
103.5
101.5
102.4
106.4
112.8
118.5
114.8
114.4
112.2
109.9
111.8
115.4
116.0
114.9
114.9
114.6
114.5
113.8
113.2
112.7
112.0
111.4
138.3
113.7
111.8
111.4
111.6
111.3
110.0
108.0
108.4
107.7
108.7
109.8
110.1
110.6
109.7
108.8
108.3
109.1
108.6
107.6
106.1
107.3
107.3
106.7
106.7
104.4
103.3
102.4
101.4
101.0
100.1
99.7
99.8
99.5
98.5
98.8
99.4
99.2
99.6
99.1
97.5
98.4
97.8
97.8
97.6
98.2
98.7
97.7
98.1
97.5
97.6
97.8
98.0
97.7
97.6
97.2
97.0
96.2
95.6
95.3
96.9
97.3
97.6
97.5
96.8
95.1
95.0
95.5
95.9
95.3
94.7
94.8
95.0
95.6
96.2
95.9
97.0
109.3
131.1
96.6
97.5
98.7
99.4
99.1
99.5
98.8
99.5
97.3
98.2
99.3
99.1
100.8
101.2
101.5
100.0
100.4
104.0
105.7
105.4
104.7
108.0
108.0
105.7
106.1
106.1
107.7
107.1
106.0
106.7
107.0
107.3
106.6
105.4
105.8
104.8
104.5
105.6
105.1
104.5
103.7
104.6
104.1
103.9
105.3
104.7
103.7
107.0
109.9
115.8
115.4
116.1
114.3
109.8
100.7
195.5
148.5
109.3
109.5
106.8
109.7
108.9
108.1
108.0
108.7
109.0
108.1
107.9
107.8
107.7
107.0
106.6
103.7
102.9
101.8
101.3
101.1
101.5
101.2
100.8
99.3
100.7
100.6
97.3
97.2
96.3
101.7
101.9
101.0
100.0
98.9
99.6
97.5
96.1
95.4
94.8
96.3
76.5
95.3
99.1
101.0
101.8
102.5
102.1
102.9
102.7
103.2
103.3
103.9
103.9
104.2
104.3
103.6
104.6
105.1
104.5
104.8
104.9
104.9
103.5
103.3
103.1
102.3
103.0
101.7
101.3
99.8
99.8
100.0
100.3
99.2
99.7
101.9
101.2
101.6
101.7
100.1
101.4
101.2
100.9
99.9
144.8
128.1
97.2
95.8
96.3
95.1
94.8
93.2
93.7
93.6
93.0
93.7
93.6
93.7
94.0
93.3
93.8
94.6
95.4
94.3
94.8
96.2
96.3
98.1
97.2
96.9
95.5
96.1
95.9
94.9
94.9
95.3
95.6
95.8
97.3
98.4
99.0
99.1
98.2
98.3
96.6
96.6
97.5
96.7
97.1
98.5
99.2
98.5
98.5
104.3
160.6
136.5
107.0
107.7
108.2
108.0
105.7
108.8
113.5
114.3
113.5
115.3
115.6
115.7
116.4
108.4
111.6
111.8
112.1
116.2
111.8
109.4
109.4
108.6
108.7
107.7
107.5
108.0
107.6
107.4
107.6
108.0
107.6
107.9
108.1
108.1
106.5
105.9
105.8
106.4
106.9
107.5
107.6
108.0
108.6
108.2
108.9
108.5
108.7
109.2
109.2
109.5
108.9
108.7
108.4
107.8
108.9
108.5
108.5
108.2
108.9
108.6
109.2
109.0
109.3
108.9
108.6
107.5
106.7
106.2
105.3
104.7
104.7
104.1
103.9
103.4
104.0
103.9
103.8
103.0
102.7
102.8
101.6
100.4
100.4
100.3
100.8
102.0
102.5
102.4
102.6
102.9
103.3
103.7
103.8
103.4
105.3
105.8
106.1
105.9
105.2
104.9
104.2
104.2
104.5
105.3
103.8
102.7
102.9
102.9
103.2
102.5
102.6
104.7
104.0
104.6
104.6
104.9
104.1
104.6
105.9
105.8
105.5
105.4
105.8
105.5
105.3
105.7
106.6
106.8
105.3
104.5
103.3
102.5
104.8
105.4
105.8
113.3
117.0
119.5
118.0
114.8
113.3
111.3
109.3
107.9
107.9
105.5
106.3
106.1
105.2
105.9
106.2
110.4
114.2
115.4
115.3
114.8
115.1
114.6
114.9
114.0
115.6
115.1
115.8
114.8
115.7
113.9
112.4
113.2
115.9
115.1
113.8
113.7
112.3
166.7
154.6
113.9
112.3
110.9
110.2
109.4
107.6
108.8
108.1
108.3
107.9
107.6
109.1
108.9
113.3
119.6
120.0
119.2
123.3
118.0
116.2
115.0
113.8
113.3
111.3
109.0
111.7
112.6
112.3
113.9
114.2
113.9
113.8
113.0
111.8
115.0
118.0
121.6
121.2
118.6
116.7
115.4
114.0
112.0
111.4
110.1
79.2
89.9
109.3
108.4
107.4
107.2
108.4
109.2
110.2
110.3
109.5
108.9
107.3
106.7
106.4
106.8
107.7
107.9
108.0
108.6
109.9
109.7
111.1
109.1
109.2
109.2
109.8
109.7
111.4
112.0
111.7
111.9
110.8
112.5
111.5
112.4
112.0
111.3
109.5
111.4
112.6
111.6
111.4
111.0
110.8
110.1
107.8
107.0
106.2
106.0
107.8
107.9
107.6
108.0
107.7
107.2
107.7
108.3
109.2
109.1
108.8
108.5
108.4
108.9
108.4
108.3
109.6
109.2
109.2
108.8
107.4
107.6
106.4
106.8
107.7
108.1
108.7
108.2
108.4
107.2
106.4
105.6
105.5
106.9
107.1
107.1
107.0
107.6
107.5
108.2
187.0
174.8
107.2
106.6
106.2
105.6
104.7
103.9
104.1
103.9
103.0
101.9
101.0
101.6
102.1
102.7
103.4
103.3
102.6
102.1
104.3
104.4
105.7
105.5
104.2
103.4
103.8
102.8
101.2
100.8
100.6
99.7
102.9
103.0
103.7
104.0
103.5
104.0
103.9
103.3
102.2
101.4
100.9
102.0
101.8
101.5
100.4
98.8
99.1
101.2
101.2
101.6
100.8
101.8
103.5
104.4
104.3
105.3
105.6
103.5
102.8
105.1
109.8
109.9
108.5
108.7
107.7
106.6
104.5
107.0
106.8
106.4
106.6
104.9
105.1
102.7
105.0
104.2
102.6
102.2
102.9
101.9
104.6
103.6
105.7
105.2
103.0
102.4
102.0
109.2
113.3
112.2
113.9
105.8
108.1
110.3
108.1
106.3
103.9
100.2
99.2
96.9
95.2
95.5
94.8
94.8
92.4
91.8
91.7
91.9
91.5
93.5
92.1
129.5
90.3
91.6
91.1
90.4
89.7
89.9
88.8
87.7
88.4
89.2
89.5
89.7
89.8
90.6
90.5
90.8
91.3
90.9
91.1
90.4
91.9
91.7
90.7
90.6
91.3
91.4
91.1
90.3
90.4
92.1
92.4
92.3
93.1
91.9
92.4
92.2
91.0
89.7
88.7
86.8
85.3
85.3
87.5
87.3
85.0
84.2
86.0
87.8
90.6
90.9
90.9
92.0
91.6
90.2
87.2
85.9
82.8
83.7
83.1
83.0
82.4
83.0
83.6
83.3
83.8
84.4
85.1
86.0
86.9
86.5
85.5
83.5
82.3
81.2
80.5
81.0
82.3
82.6
82.3
82.0
83.0
84.2
85.1
85.2
84.1
82.4
82.5
82.7
81.2
79.2
80.2
78.6
79.1
78.5
79.8
82.8
167.2
86.2
87.0
85.8
82.7
81.5
81.7
81.6
81.0
80.5
80.9
79.6
79.7
81.1
81.9
82.1
80.5
79.8
83.0
83.4
83.2
82.0
83.5
82.0
81.4
83.4
84.0
82.9
81.4
81.2
81.2
82.8
82.9
82.7
82.5
83.1
82.9
82.2
82.9
82.2
82.0
83.3
82.0
81.9
83.4
85.0
84.6
83.3
81.9
84.3
84.5
86.7
88.7
90.2
92.6
93.7
98.5
99.5
98.2
93.5
94.9
94.7
95.1
95.2
95.2
94.0
93.4
92.9
92.1
94.7
94.2
93.5
93.0
88.2
93.1
93.3
94.1
97.2
101.8
133.9
92.8
93.7
93.7
93.6
93.9
94.2
95.3
95.1
95.2
95.0
94.8
95.3
95.1
94.9
94.2
94.7
95.2
94.7
94.3
93.8
93.1
109.6
120.1
113.2
94.1
95.5
104.3
106.1
105.6
105.1
103.5
103.1
102.2
101.5
101.3
101.7
101.3
101.4
101.7
101.9
102.0
101.8
101.7
101.7
101.2
101.2
100.9
100.7
100.2
100.3
99.8
100.1
99.8
99.2
99.3
99.3
99.1
99.3
99.4
99.4
100.0
100.2
100.4
99.4
99.3
99.5
98.3
97.7
98.3
99.0
99.1
99.4
100.3
100.2
100.2
100.0
100.2
99.9
99.1
97.8
96.4
94.9
94.5
93.8
93.9
93.3
94.5
94.9
95.1
94.2
95.0
95.3
94.5
92.8
92.2
93.8
90.9
89.7
89.1
88.4
86.1
84.7
83.7
82.9
83.8
88.8
89.2
89.2
98.2
102.0
96.0
88.0
82.6
79.2
79.2
77.5
77.9
77.2
79.1
79.1
79.0
78.9
78.8
79.1
79.2
79.4
81.0
81.4
82.0
83.0
83.2
83.1
84.0
84.6
95.1
94.8
109.4
84.8
85.6
85.9
85.8
86.1
85.4
85.9
85.7
85.9
86.0
86.0
86.0
86.4
86.5
86.0
86.4
85.6
85.8
86.0
86.4
86.0
85.9
85.2
86.4
86.1
86.5
86.7
86.6
86.5
87.3
88.1
88.2
89.2
88.2
88.1
89.0
88.7
88.8
88.8
88.5
88.4
86.8
88.3
89.6
89.0
89.2
88.9
89.3
89.3
89.4
89.8
91.0
89.7
89.7
89.8
89.2
90.7
90.1
90.3
90.7
90.5
90.7
90.9
84.3
81.1
77.9
74.69999999999999
71.5
68.3
65.1
93.3
92.0
93.8
114.2
99.1
86.2
81.6
87.9
87.0
86.1
85.9
88.3
89.8
88.9
89.2
89.4
89.6
89.8
102.9
130.5
92.0
94.2
93.8
101.4
102.5
101.0
99.9
99.0
96.7
94.8
93.7
92.9
92.0
92.5
92.3
92.8
91.7
92.4
92.6
91.9
92.7
92.8
93.0
92.6
93.2
92.6
89.6
94.1
97.6
98.5
99.1
98.3
96.9
96.6
96.3
96.1
95.8
108.7
143.8
95.0
95.7
94.9
94.6
94.1
94.8
94.7
95.0
94.6
95.0
94.8
95.5
96.6
97.1
97.7
97.5
97.6
97.5
98.0
98.5
98.3
97.9
99.5
100.2
100.6
102.1
101.3
103.8
104.7
104.3
105.0
104.9
104.7
105.0
104.3
104.5
104.0
105.3
104.9
102.9
103.1
104.4
104.3
102.9
101.5
99.7
99.4
98.9
97.5
96.8
94.7
93.6
92.9
92.0
92.0
92.4
92.4
93.3
93.3
93.6
94.2
95.0
96.0
96.1
96.4
97.0
97.5
97.6
100.5
99.8
100.4
101.1
101.6
99.7
99.3
100.1
100.9
100.7
99.7
98.9
99.6
101.3
102.2
102.5
102.5
102.9
102.9
103.2
104.5
104.1
104.4
104.7
105.6
105.6
105.6
105.9
105.8
132.1
106.4
103.5
103.7
102.3
100.9
100.5
99.8
99.6
99.2
98.7
99.4
98.4
98.4
99.1
99.4
99.0
100.1
101.0
99.7
101.5
103.7
98.7
98.2
97.6
98.8
93.7
97.4
97.5
88.0
89.1
94.5
98.6
101.4
102.5
101.8
103.3
106.7
99.3
95.5
96.6
96.1
94.4
92.5
92.5
90.8
138.9
127.6
90.2
91.0
93.8
94.1
94.9
95.9
96.6
96.2
95.7
97.4
103.3
107.8
108.6
110.4
110.7
111.1
109.7
107.5
104.7
102.7
102.0
100.6
99.2
97.4
95.8
96.0
100.4
139.2
161.4
98.1
100.8
101.6
101.7
100.7
99.9
98.3
96.4
95.0
93.8
95.9
97.7
97.6
96.5
96.6
97.7
98.2
99.2
100.9
101.8
101.8
101.3
101.7
101.5
101.6
101.6
102.2
103.1
103.4
103.3
103.3
103.6
104.2
105.8
105.4
106.7
106.9
106.4
106.5
106.8
106.4
107.5
107.3
106.5
106.7
106.6
108.4
108.8
108.7
105.6
106.8
106.6
106.7
105.2
104.0
104.6
104.3
103.7
104.9
107.2
112.6
114.8
114.3
113.8
114.4
115.0
114.2
112.7
111.4
111.1
143.2
109.9
110.9
111.7
111.0
111.4
111.0
110.9
111.4
111.7
110.6
111.6
153.7
111.3
112.5
113.0
113.1
113.2
112.5
112.7
112.5
111.8
111.0
110.2
110.9
110.8
110.1
109.6
109.6
110.5
110.2
109.8
110.1
110.7
110.7
110.8
111.1
110.8
111.0
110.2
110.1
111.0
109.8
110.4
110.0
110.0
110.2
110.5
110.4
111.1
110.7
110.3
109.5
108.6
108.8
107.7
106.9
106.7
106.1
106.3
106.7
106.1
106.0
105.8
104.7
104.3
104.0
103.4
102.8
103.5
103.9
106.0
99.8
101.4
99.9
98.1
96.8
95.6
93.6
94.3
93.6
94.8
95.9
96.4
96.6
97.4
96.7
97.1
98.9
98.8
98.6
98.2
97.8
98.7
99.8
98.3
97.1
97.1
98.1
98.8
99.6
100.0
100.1
99.4
98.1
96.7
95.1
94.9
94.9
96.3
96.1
96.5
96.2
96.4
149.0
96.1
99.2
103.0
105.8
107.3
105.9
105.5
