81.3
83.9
83.2
81.9
78.8
77.2
77.3
77.8
77.3
75.4
75.0
75.2
83.5
83.1
83.6
84.3
83.0
81.5
82.4
81.8
82.4
81.4
82.2
79.9
81.1
79.7
80.1
79.0
79.7
82.2
87.2
89.9
90.8
89.1
89.7
88.8
86.1
84.3
83.3
83.3
85.1
84.9
86.3
84.2
84.0
83.9
81.5
83.7
84.5
86.1
85.9
87.4
86.7
85.9
86.9
84.8
83.2
83.6
83.8
85.2
85.7
85.9
84.7
85.0
88.7
91.6
88.6
87.6
87.2
86.2
85.2
85.5
87.3
85.6
85.1
88.9
87.7
89.3
89.6
87.8
91.9
91.8
95.0
92.9
92.7
94.1
88.2
93.0
93.8
90.6
87.5
89.1
87.0
91.5
89.0
89.5
87.9
88.7
88.7
87.4
91.8
91.3
88.2
87.8
90.5
95.4
96.1
91.3
88.7
90.7
88.2
90.8
86.2
83.1
84.1
88.5
88.3
89.5
89.1
89.8
94.2
95.0
94.4
92.6
91.1
91.4
91.8
94.9
94.6
93.1
94.7
94.4
92.5
91.6
90.1
92.4
89.4
86.0
89.3
92.0
88.9
90.9
92.7
92.2
92.6
93.0
92.4
89.7
91.1
90.3
92.1
90.1
88.0
90.1
93.6
92.4
92.8
93.0
89.5
92.9
89.8
92.1
86.7
89.8
89.5
88.7
88.5
87.4
90.6
92.5
93.0
94.0
91.9
92.3
89.3
87.4
89.5
88.8
87.5
87.8
87.1
89.9
89.8
88.7
83.7
91.2
90.1
87.0
86.9
85.7
86.7
86.9
85.7
86.5
86.0
86.8
86.7
86.1
90.4
97.6
96.6
97.0
94.8
94.6
95.9
99.7
97.6
98.8
98.8
97.4
98.6
100.6
98.9
96.4
97.2
96.6
98.2
97.9
97.7
95.8
97.6
96.0
97.4
97.6
96.6
96.6
92.0
87.1
93.4
96.8
93.2
91.8
96.9
99.6
100.9
96.6
95.0
92.1
91.4
89.5
88.1
88.6
90.1
89.7
91.0
87.2
87.7
91.1
91.0
86.6
89.4
87.6
88.9
86.2
87.8
89.9
90.1
90.1
89.5
89.0
87.9
92.5
91.1
90.6
89.2
91.0
89.6
88.2
90.2
86.0
86.4
92.1
89.8
89.1
88.7
87.6
87.9
89.0
87.7
89.4
86.8
87.4
82.7
84.9
88.1
88.8
85.6
84.5
86.5
90.6
94.2
93.5
88.9
93.6
95.1
91.3
93.8
93.2
93.6
91.9
87.2
86.8
87.8
86.7
94.4
92.7
90.5
88.1
89.2
92.1
91.8
91.7
91.9
93.5
91.8
95.5
93.9
91.3
91.8
92.9
90.9
92.2
90.6
91.3
90.8
92.3
93.1
93.8
100.7
105.3
107.7
103.8
102.6
109.2
112.0
106.8
107.8
104.3
109.1
104.8
104.4
103.6
103.6
103.6
101.2
103.9
103.8
101.4
104.0
102.3
105.2
101.7
100.2
95.4
96.9
100.1
95.9
95.3
99.1
103.1
102.2
103.0
103.8
102.9
107.2
104.1
100.7
93.5
94.6
96.4
97.2
93.7
88.6
92.3
96.0
93.4
88.6
89.0
89.1
95.5
100.3
94.0
97.7
91.9
86.0
87.8
91.4
86.1
87.2
86.9
86.6
88.3
86.0
83.5
85.1
86.5
84.5
85.9
86.2
85.1
81.7
84.3
86.0
84.1
86.6
85.8
85.2
86.9
86.9
86.3
86.1
87.7
82.1
81.8
83.3
90.0
93.0
88.2
86.3
87.3
87.1
86.9
86.2
87.5
86.4
85.4
85.4
84.7
82.9
85.7
85.5
81.2
83.2
82.7
83.2
81.8
82.6
81.4
81.4
83.8
83.7
84.9
84.4
84.6
79.7
81.1
85.0
83.4
87.4
87.9
85.7
86.6
86.2
83.2
83.2
82.8
84.6
84.1
85.0
88.2
91.4
89.0
92.1
92.2
90.8
92.6
87.9
89.6
88.6
87.5
88.1
88.9
85.1
86.8
88.5
84.3
81.3
80.6
84.6
85.6
84.6
84.7
85.0
86.9
86.4
89.3
91.0
89.9
88.7
91.1
90.8
86.3
87.5
88.8
85.2
83.8
84.3
84.9
84.8
80.9
81.0
80.8
79.9
83.4
84.4
83.0
84.3
84.2
83.5
82.2
86.0
84.0
81.9
85.0
84.7
84.6
85.8
82.9
82.0
81.7
82.8
82.3
83.6
86.4
81.6
83.8
83.0
84.6
84.7
83.1
81.0
83.7
84.9
86.5
87.4
87.1
87.6
85.0
85.8
87.0
86.0
82.3
85.5
89.1
89.5
87.2
87.2
84.9
85.4
85.0
82.7
83.2
87.0
86.1
87.8
88.1
90.6
94.3
100.5
96.2
93.9
96.8
94.5
92.3
89.1
88.0
88.8
86.8
88.1
84.6
85.2
87.1
87.3
87.4
89.1
61.7
86.1
87.8
85.2
83.6
83.3
81.8
78.0
79.3
80.0
82.4
81.0
79.6
78.1
81.7
81.8
82.2
83.7
85.4
83.1
83.8
80.2
78.4
78.0
80.7
83.9
104.3
102.3
103.6
101.0
101.0
104.9
95.6
103.4
105.4
111.6
105.5
99.3
98.6
101.5
97.7
92.5
87.8
87.6
85.4
84.2
84.1
84.8
83.6
83.1
82.7
82.3
85.8
82.7
79.9
78.9
78.5
81.7
81.0
79.1
77.9
77.2
76.7
77.1
77.0
78.6
79.0
82.8
83.2
83.0
83.0
84.1
82.5
85.7
81.8
81.1
83.6
95.3
91.9
91.7
91.5
87.7
85.5
84.0
83.1
87.1
94.5
98.5
98.7
104.3
100.0
98.2
93.1
95.5
94.2
92.2
94.7
92.2
93.3
91.5
89.6
93.6
92.0
91.0
87.9
88.6
90.1
90.4
91.2
92.5
91.7
89.4
88.2
90.4
91.6
91.2
91.7
90.3
95.0
92.0
91.2
90.8
93.0
94.2
91.9
90.6
90.6
89.0
87.2
86.4
87.7
88.3
88.2
86.8
86.1
85.8
84.7
84.1
84.9
82.8
84.5
86.9
84.5
82.4
77.4
76.5
78.0
77.4
79.3
78.4
74.3
75.9
77.5
76.8
77.8
78.1
79.6
79.1
79.5
82.5
82.2
83.4
82.2
84.5
85.1
86.4
87.8
87.3
87.4
85.9
83.4
84.9
83.0
77.4
75.5
74.9
75.1
73.6
74.7
74.7
74.3
75.7
80.2
84.6
84.8
80.1
77.3
77.8
80.1
79.7
81.3
83.7
80.8
82.6
82.6
82.7
83.0
81.9
79.8
79.7
80.6
80.6
79.2
80.5
79.3
79.3
80.6
80.7
80.1
79.1
78.7
81.0
85.0
80.9
80.2
80.9
82.4
82.2
82.3
80.1
82.3
81.8
81.3
79.9
79.4
73.9
82.1
80.8
80.0
78.6
78.3
78.9
79.0
77.1
78.8
75.8
73.3
76.0
75.2
73.3
71.9
70.1
70.4
68.1
68.8
69.0
67.8
71.1
73.2
73.6
75.9
74.7
76.4
75.3
76.7
75.7
74.7
73.3
74.7
78.2
76.3
77.1
76.4
73.1
73.0
74.3
73.0
76.4
75.9
76.7
77.3
78.0
78.6
80.0
78.0
77.8
77.6
77.4
77.4
77.2
77.2
77.3
75.7
75.1
74.9
75.5
73.3
69.5
67.7
69.0
75.0
73.1
67.8
68.2
68.2
71.0
71.4
72.0
69.4
72.9
73.9
74.3
74.5
74.5
74.2
73.1
74.2
72.8
73.4
75.0
73.8
74.3
73.7
75.0
72.8
73.6
72.4
73.9
74.8
74.9
75.1
75.0
73.1
72.7
75.8
76.2
76.0
76.4
75.9
76.3
76.8
76.9
76.6
76.7
76.0
76.8
76.1
76.3
75.3
76.4
75.3
76.2
78.1
79.3
79.4
80.8
79.4
80.7
79.8
77.8
77.0
76.1
75.4
73.4
74.1
74.5
75.9
76.5
77.7
78.6
77.5
79.0
79.2
79.7
83.5
79.9
83.9
82.5
79.6
76.4
80.3
79.7
77.1
76.5
76.3
75.3
73.0
70.5
70.4
71.6
70.3
70.4
70.9
72.0
70.2
72.1
71.5
72.2
72.5
73.1
73.7
74.5
73.2
73.1
74.3
75.1
76.8
78.0
79.2
79.6
77.8
76.4
76.8
77.1
77.2
77.0
75.4
76.4
77.0
75.0
74.9
76.0
77.1
78.6
78.9
78.8
78.6
79.8
78.3
77.2
79.0
79.8
79.5
78.2
75.6
74.3
74.4
74.3
75.1
75.2
77.5
78.0
78.6
78.2
77.2
78.8
78.4
79.1
80.1
81.7
81.7
81.1
80.1
79.8
79.6
78.2
79.3
78.5
77.3
78.5
77.4
82.7
85.6
84.3
82.1
83.0
84.0
83.5
81.3
80.8
85.5
87.0
87.0
87.0
86.9
87.2
88.0
89.0
85.9
86.7
87.2
93.1
87.7
90.0
86.8
87.3
84.6
81.7
85.3
84.0
91.3
90.8
91.5
90.7
88.5
86.0
83.7
81.2
81.3
80.3
80.0
83.8
87.6
87.3
85.6
83.8
85.2
83.7
84.9
82.9
81.5
84.4
86.3
85.0
84.0
81.8
80.8
80.9
80.2
79.0
79.7
78.2
78.6
78.9
77.9
80.6
80.4
81.7
82.7
83.4
84.0
85.5
85.7
87.4
85.6
84.8
83.4
83.5
82.3
80.2
78.6
77.5
77.1
78.3
81.3
82.2
82.3
82.5
82.5
84.2
82.9
83.0
83.4
84.0
84.5
83.5
82.7
85.7
85.9
87.1
85.1
83.3
85.3
90.1
87.1
84.4
83.4
81.0
81.6
86.0
86.0
85.6
83.6
83.3
81.3
82.2
83.1
83.7
83.3
85.5
82.5
89.6
88.7
89.2
92.8
91.3
97.4
97.8
93.6
94.0
93.8
92.0
89.3
91.4
98.7
97.9
100.1
98.7
95.3
97.7
96.9
99.3
98.2
95.6
95.9
96.6
98.0
96.2
95.3
96.4
98.6
96.8
99.7
99.3
97.1
93.2
90.9
93.2
96.4
94.5
91.3
92.4
92.5
91.2
91.4
96.2
95.4
93.1
96.3
95.8
95.5
93.3
94.7
99.5
99.7
96.5
96.8
91.7
87.4
89.5
90.2
88.9
90.8
85.9
93.6
87.4
92.7
88.4
90.1
88.0
88.1
89.2
91.0
89.8
91.4
92.6
89.2
91.5
87.7
94.6
91.1
97.8
99.3
98.4
97.5
99.1
98.9
94.8
97.0
93.7
94.4
92.4
92.7
91.6
90.9
95.4
97.9
93.1
91.5
94.4
97.1
98.6
97.9
99.7
99.2
98.8
99.9
99.5
98.5
97.8
100.0
100.2
98.1
95.7
96.6
97.6
94.9
89.4
93.6
95.0
97.3
100.6
99.9
101.5
103.6
100.4
97.2
98.8
99.3
98.7
97.3
97.0
96.2
96.1
102.9
97.6
104.6
104.9
99.8
99.7
101.4
102.0
102.3
103.6
103.8
103.7
107.3
109.2
108.0
104.2
109.4
107.1
105.9
105.1
105.1
104.6
105.2
105.4
103.5
102.2
102.2
102.4
102.2
103.2
102.6
103.3
103.9
106.4
106.7
107.8
104.1
106.3
101.8
100.2
104.0
103.4
97.5
101.5
107.6
105.3
103.6
106.1
107.7
112.3
111.8
114.0
111.8
111.1
108.9
109.6
110.8
107.8
104.3
104.3
106.0
101.7
105.4
103.9
103.8
102.1
102.6
101.1
100.0
100.0
101.8
100.1
99.8
99.8
100.6
98.3
97.8
94.6
94.9
93.5
93.2
92.9
92.8
92.2
91.8
93.3
94.0
96.7
94.7
96.0
96.3
96.3
97.3
95.4
93.0
93.4
92.4
95.9
95.5
99.0
102.6
101.2
95.7
95.9
98.2
96.8
97.9
93.8
94.2
90.3
93.6
94.0
93.9
97.8
98.7
96.4
102.9
103.0
94.6
99.5
97.1
97.3
95.7
97.0
97.3
93.8
94.8
93.9
90.9
90.0
90.5
89.5
92.7
92.6
90.7
91.3
90.5
93.3
90.3
94.6
93.4
94.4
93.5
91.2
90.1
91.3
90.5
101.4
99.3
98.7
96.3
97.3
93.9
98.9
93.0
87.4
86.1
84.8
86.8
86.8
85.9
87.5
86.5
87.5
86.3
87.5
88.5
85.9
85.8
89.9
91.8
90.6
92.0
94.9
97.0
97.9
98.4
100.4
99.1
98.8
99.3
98.2
96.3
98.6
97.8
95.9
95.3
95.7
96.3
95.1
94.7
94.1
93.1
92.4
93.2
93.3
93.6
96.0
97.8
94.5
92.9
95.0
96.2
93.4
96.9
95.8
92.6
94.5
91.8
93.3
93.5
94.1
92.4
91.1
91.1
92.3
92.4
93.0
95.1
95.5
94.0
93.0
93.3
92.2
93.0
92.3
90.0
89.2
89.5
92.5
93.7
92.5
95.7
91.4
90.8
91.2
91.0
94.0
93.0
93.9
97.6
97.7
96.8
96.2
97.6
95.6
94.9
92.9
91.1
86.4
86.7
89.3
91.7
85.5
85.1
86.8
84.0
83.1
85.1
87.8
85.3
80.0
80.3
81.4
84.6
87.6
84.8
84.1
84.2
88.4
88.8
92.1
96.2
97.2
96.7
95.0
93.7
93.9
93.2
93.2
92.4
90.4
92.5
90.9
90.2
88.3
88.8
88.0
87.3
89.8
86.5
89.0
88.4
86.4
88.2
86.0
89.1
88.5
84.5
87.4
88.4
86.9
87.8
80.8
82.7
86.3
83.5
80.8
80.5
77.5
78.6
72.6
71.7
72.5
73.6
71.9
71.6
72.1
72.9
73.6
74.6
75.0
76.0
75.3
74.4
74.1
75.1
75.9
73.0
74.6
73.9
72.1
72.3
73.0
71.7
71.0
69.0
69.5
70.2
68.4
68.5
67.2
68.0
67.6
67.0
67.0
68.0
73.8
76.7
75.8
72.3
72.1
70.6
73.8
75.0
73.2
73.7
73.0
71.3
70.9
70.0
72.1
70.2
73.9
74.8
73.3
73.2
72.7
74.1
75.4
75.2
71.9
73.3
72.7
70.2
71.8
74.0
72.9
71.9
72.6
71.6
72.8
74.0
73.6
73.0
75.1
74.2
72.7
72.5
73.7
73.8
71.5
72.3
73.4
73.4
73.8
73.4
72.5
72.5
73.1
72.5
71.5
71.7
73.0
72.2
73.9
76.3
78.8
76.4
76.4
76.1
75.3
75.8
75.9
76.1
75.8
75.3
74.6
74.5
73.2
74.0
73.5
74.9
73.8
72.6
72.1
71.4
72.0
72.9
73.5
72.4
72.0
73.7
75.9
76.3
77.6
75.9
76.0
76.8
76.5
75.9
75.4
76.3
77.2
77.9
77.1
76.9
76.1
75.2
75.2
75.9
76.3
74.5
78.5
77.7
81.8
82.3
81.2
81.6
84.2
81.5
78.6
79.0
87.5
82.8
82.2
80.6
80.7
81.1
80.6
79.1
78.0
82.0
79.3
77.1
79.5
77.6
78.4
77.9
84.6
84.4
83.0
81.3
82.0
83.1
81.6
82.7
82.2
80.6
82.1
79.5
83.3
81.8
81.3
79.5
78.4
77.9
78.5
77.7
76.8
76.7
77.7
76.2
75.7
75.7
76.1
77.7
77.2
77.4
78.2
77.3
78.3
78.1
77.3
77.6
76.9
77.8
77.0
78.0
76.4
77.9
78.7
79.6
85.8
84.3
83.7
83.0
82.0
82.1
83.4
82.4
81.3
80.7
80.2
81.2
80.7
80.2
81.7
80.3
82.5
81.9
84.5
81.8
83.6
83.6
84.7
83.8
82.8
83.3
81.7
84.4
82.5
81.3
79.1
81.2
82.9
81.3
82.0
89.2
89.7
89.8
91.9
91.1
92.1
94.5
94.1
90.5
87.1
93.2
88.8
89.2
86.7
84.5
87.0
88.7
86.1
87.2
83.7
84.9
86.5
84.4
90.9
87.6
86.8
88.1
91.5
89.3
92.3
90.2
92.6
91.2
88.6
90.4
86.9
90.7
87.0
89.5
90.2
93.3
92.9
90.7
89.3
88.6
87.6
86.7
85.3
84.2
81.7
87.1
84.5
83.2
84.9
88.3
84.7
87.4
86.7
86.3
88.6
89.7
91.9
95.8
94.3
93.2
90.0
90.9
93.1
98.6
96.7
96.1
97.4
94.5
92.1
90.4
91.4
95.4
94.2
90.5
94.0
94.1
90.1
90.0
92.2
97.1
98.0
96.6
94.7
90.2
92.4
95.4
97.8
98.0
98.4
98.3
94.7
92.7
86.3
88.8
88.4
86.8
85.8
87.8
93.3
96.2
93.6
96.8
102.1
101.6
98.9
96.8
97.9
98.1
96.1
96.2
90.7
93.6
90.5
91.4
89.6
87.5
88.7
87.6
83.2
88.3
88.2
83.8
81.4
82.6
82.0
81.0
82.0
81.4
86.0
86.3
86.7
85.5
86.1
85.6
84.2
82.9
85.2
88.3
84.2
86.3
90.2
87.6
89.3
89.9
89.7
87.4
83.0
88.0
85.0
83.3
84.4
87.6
84.6
85.2
85.3
87.5
87.0
86.9
87.5
87.1
86.3
84.8
86.4
85.2
84.7
86.4
88.2
83.1
84.4
83.8
84.4
84.6
82.3
82.7
85.7
83.9
84.0
82.3
81.7
84.4
86.0
83.9
84.3
85.4
82.0
84.1
87.1
87.3
87.5
87.5
84.1
84.4
87.1
86.0
84.3
85.5
87.7
87.8
86.7
86.7
88.8
86.4
87.1
85.7
86.8
84.6
85.6
83.8
85.8
87.3
87.4
91.2
98.3
101.9
100.2
98.6
95.2
97.3
94.8
91.3
81.6
84.0
85.3
84.1
85.4
81.8
84.6
85.5
83.6
64.0
82.0
80.1
79.4
81.2
83.3
83.5
82.4
79.4
81.1
77.1
79.6
79.8
78.8
82.1
91.9
90.2
90.7
87.0
87.1
89.1
92.9
89.8
89.8
90.9
91.2
85.1
87.3
86.1
83.6
86.8
87.4
87.5
85.2
87.6
86.6
83.3
84.1
86.0
82.9
84.5
87.1
83.4
85.3
86.8
87.2
87.8
86.4
83.9
83.5
82.7
86.1
85.9
85.9
85.2
85.6
82.6
83.5
87.5
86.5
82.2
82.5
83.8
82.6
86.1
84.4
84.7
84.5
83.8
85.6
84.6
86.3
84.7
88.0
85.7
84.9
86.4
85.2
85.1
84.4
87.4
86.9
86.6
88.8
87.7
88.0
86.9
84.9
88.7
83.6
82.2
79.6
81.9
81.7
81.7
82.3
84.0
80.6
83.1
82.9
83.2
80.2
80.1
79.9
84.9
82.5
83.6
79.7
77.4
79.8
79.9
80.2
79.0
80.3
82.4
82.1
82.4
84.0
84.3
87.0
81.3
81.6
86.1
84.6
84.6
84.0
83.6
79.0
74.9
78.0
75.8
79.1
78.8
80.2
80.4
81.9
82.5
84.1
84.9
86.7
88.4
87.7
83.0
85.4
87.4
88.0
87.2
88.1
88.0
86.0
85.2
83.9
84.0
83.1
83.9
82.0
82.5
81.5
80.9
79.9
82.1
83.6
87.6
81.7
86.5
87.3
86.2
86.7
88.7
87.4
87.3
85.9
84.8
83.9
82.9
80.7
82.1
83.9
81.1
84.5
80.3
84.2
84.3
81.3
82.6
83.1
83.5
83.0
84.1
84.2
85.8
86.1
84.4
81.1
86.6
86.1
86.1
84.0
85.0
82.5
85.3
86.6
83.8
84.5
84.5
84.5
83.9
84.8
83.8
85.4
85.2
85.1
86.7
84.1
83.9
83.6
83.5
82.8
84.0
83.4
87.1
86.5
86.0
85.3
82.9
82.1
81.1
81.1
82.8
85.9
85.0
84.7
83.5
80.9
82.1
80.9
81.6
84.8
84.8
84.3
82.3
82.1
81.2
80.3
79.6
82.0
80.0
81.8
81.2
84.0
82.9
82.4
85.0
85.5
85.3
84.1
84.1
82.4
82.2
82.3
81.1
80.2
80.1
79.6
80.7
80.9
81.1
81.5
81.0
82.1
87.0
86.7
86.3
84.3
84.7
86.9
87.8
87.8
86.5
88.5
86.1
85.9
84.2
85.6
85.3
86.0
88.6
87.3
84.9
84.8
88.2
86.5
85.1
86.6
86.6
86.3
86.9
86.1
86.3
86.6
87.3
86.9
81.1
85.6
82.5
82.6
85.3
85.1
90.2
85.0
84.2
85.0
86.8
87.5
88.9
82.8
85.6
87.7
86.9
90.0
90.2
89.2
90.8
89.0
90.5
91.1
92.0
90.9
89.7
91.1
89.9
88.3
88.8
87.3
89.5
87.1
87.8
88.7
86.3
84.1
87.2
86.2
85.9
84.8
85.6
87.7
90.1
88.9
87.8
87.2
87.0
85.8
85.0
85.5
84.1
85.0
85.3
87.5
87.4
87.1
85.0
84.3
83.6
83.5
84.3
86.2
85.2
83.3
85.4
82.9
84.2
84.0
87.1
89.8
87.4
86.5
85.9
84.9
86.3
86.1
85.7
89.5
88.5
87.8
89.0
89.7
90.4
86.7
89.1
90.9
86.9
89.0
89.7
87.4
88.6
87.5
91.6
90.5
89.9
89.1
88.3
88.6
89.7
91.6
92.5
100.1
100.8
99.2
101.6
97.4
95.0
101.1
98.5
103.4
109.9
103.4
101.0
76.4
94.7
92.0
91.0
91.5
88.0
88.6
88.1
89.0
90.4
86.6
87.8
85.7
82.5
85.2
84.6
84.1
83.9
84.1
86.6
86.4
87.4
87.3
85.4
89.3
88.4
89.3
89.4
88.4
88.6
89.8
89.5
86.0
85.7
87.3
86.2
88.3
86.2
87.6
87.4
90.0
89.5
89.8
89.8
88.6
91.8
89.7
88.9
89.8
90.9
90.0
88.9
89.2
90.5
91.8
88.2
90.3
90.3
88.1
87.0
86.5
86.7
92.0
92.8
91.2
90.2
90.1
87.1
87.2
87.4
86.3
84.8
85.7
88.0
90.5
90.0
89.0
89.1
88.7
89.8
90.3
89.7
90.9
92.0
93.2
92.8
90.3
91.9
99.8
96.8
98.4
90.9
88.5
88.0
90.6
89.0
86.9
92.6
90.8
89.9
90.8
95.5
93.3
88.8
88.5
86.2
86.7
91.3
91.8
91.2
89.0
87.3
87.3
89.5
89.2
91.7
90.6
91.4
89.7
86.7
86.6
84.1
83.9
84.7
82.9
84.2
85.8
85.9
86.1
86.6
85.4
83.1
85.0
85.8
86.6
83.2
87.4
82.0
83.5
81.2
81.2
82.6
84.3
84.1
85.9
87.8
86.2
90.0
88.5
91.5
88.0
92.6
90.1
91.6
91.2
88.9
90.3
93.1
92.7
90.1
88.6
91.5
92.5
91.0
90.0
88.9
90.9
91.3
91.9
89.1
92.4
91.1
90.1
89.7
90.2
89.7
88.7
91.9
95.10000000000001
