69.2
70.9
69.4
68.3
68.4
77.3
72.5
154.2
235.89999999999998
148.52777777777777
145.69166666666666
142.85555555555555
140.01944444444445
137.18333333333334
134.34722222222223
131.5111111111111
128.67499999999998
125.83888888888887
123.00277777777777
120.16666666666666
117.33055555555555
114.49444444444444
111.65833333333333
108.82222222222222
105.98611111111111
103.14999999999999
100.31388888888888
97.47777777777777
94.64166666666665
91.80555555555554
88.96944444444443
86.13333333333333
83.29722222222222
80.46111111111111
77.625
74.78888888888889
71.95277777777777
69.11666666666666
66.28055555555555
63.44444444444444
60.608333333333334
57.772222222222226
54.93611111111112
52.1
159.7
269.8
246.8
76.2
77.7
84.2
81.1
88.6
100.3
159.7
86.0
85.6
89.5
89.6
89.2
86.8
89.1
93.9
99.0
101.9
128.7
108.4
83.0
78.2
83.3
83.0
157.8
138.3
85.0
178.7
205.3
217.2
220.3
94.8
94.7
94.1
116.6
131.9
107.4
107.3
141.1
171.7
110.0
109.5
109.7
107.3
105.3
104.6
106.3
110.1
112.0
111.8
118.9
123.0
114.5
113.1
112.8
111.1
111.1
109.7
111.3
111.1
112.9
113.3
113.4
111.8
110.9
105.0
132.7
114.1
125.4
110.6
104.1
104.4
102.3
103.7
103.4
105.9
170.9
103.2
107.3
214.1
231.1
179.8
142.9
102.2
104.3
93.3
92.3
97.5
97.3
95.6
94.0
97.1
97.1
96.1
95.6
93.5
89.8
90.2
91.9
89.7
91.4
90.5
89.8
95.6
125.3
89.6
161.4
148.5
101.7
100.1
142.0
99.7
100.4
79.0
248.3
250.5
324.6
334.9
331.4
114.4
95.4
93.9
96.6
97.1
98.1
97.2
97.3
99.0
100.7
98.5
99.4
97.8
93.6
93.9
101.8
133.5
165.8
104.0
106.9
100.7
220.2
164.6
112.3
165.8
256.6
320.2
111.4
105.1
111.9
101.4
97.5
96.6
108.2
160.3
251.1
334.0
284.9
323.8
249.0
226.6
250.7
287.9
117.6
97.6
126.3
123.4
105.9
100.4
97.5
97.6
97.1
99.0
74.6
117.6
110.5
111.7
335.2
319.1
139.9
197.1
242.9
218.4
108.4
136.4
130.4
92.2
88.1
97.1
87.3
180.0
155.1
80.2
93.7
94.0
82.4
78.0
78.4
77.7
117.7
78.8
112.6
91.1
74.2
80.7
77.7
74.7
71.4
67.0
70.0
70.3
70.6
70.9
72.2
70.5
71.0
71.5
70.1
71.4
70.3
66.4
83.1
68.9
67.9
67.4
65.5
64.7
64.9
55.8
50.8
61.2
67.8
86.4
109.9
94.1
84.2
77.9
86.8
85.6
68.2
88.3
100.5
117.5
66.9
69.5
68.8
66.7
66.8
65.7
66.3
62.1
63.8
68.8
70.1
71.0
75.8
133.8
111.6
67.9
79.3
70.2
74.2
109.5
197.7
180.0
76.0
192.8
242.4
164.8
108.1
121.5
167.1
139.9
77.0
75.2
74.6
74.0
72.5
207.0
270.0
217.0
71.3
70.0
69.9
69.1
62.9
62.7
62.3
63.9
68.6
79.6
84.7
69.4
66.7
75.0
97.1
161.9
141.9
60.6
62.1
61.1
61.3
62.9
61.8
72.2
67.6
67.7
65.3
62.4
60.9
62.1
61.9
64.0
86.2
74.8
61.9
63.2
59.0
67.8
60.4
56.3
56.0
56.3
58.2
56.1
54.5
56.1
57.1
59.8
57.3
59.2
73.9
88.7
52.3
56.2
57.7
57.2
57.1
58.5
59.5
60.5
214.8
193.4
55.6
61.4
83.0
224.3
57.6
119.0
125.4
114.3
148.6
218.0
183.2
57.0
62.4
69.1
57.8
82.6
55.4
56.5
74.1
62.9
59.0
58.5
69.3
82.2
192.0
59.5
108.8
69.8
57.5
58.8
61.1
140.7
183.7
57.0
57.0
55.8
51.7
68.2
62.9
56.7
64.3
69.1
71.6
83.9
162.3
317.0
217.8
169.8
156.7
147.5
133.1
74.9
83.8
189.1
336.5
208.1
94.4
60.0
75.5
52.2
69.5
51.9
57.3
57.2
57.7
57.9
57.5
59.5
59.5
59.7
58.8
64.9
60.1
125.6
68.7
59.3
67.9
66.3
60.9
65.2
62.9
64.5
65.1
61.5
146.6
117.5
58.8
60.8
63.1
59.8
62.5
61.8
62.6
64.1
65.4
115.8
65.5
60.4
62.9
64.8
81.1
58.6
67.7
58.8
58.8
63.9
79.8
106.0
93.4
99.2
98.9
110.7
85.7
57.2
59.9
122.3
62.8
63.0
64.7
61.6
57.2
62.3
81.7
64.0
64.8
60.8
58.2
62.6
60.3
61.3
61.0
59.7
56.0
58.0
57.2
56.2
57.1
165.5
117.3
57.1
66.8
62.1
58.9
59.0
60.4
58.1
55.9
54.6
57.0
49.1
45.1
62.2
43.1
44.5
130.1
67.7
38.5
39.2
40.3
37.6
37.2
32.6
30.5
32.8
51.0
52.8
57.0
61.9
58.9
58.0
59.3
58.9
61.9
62.8
58.7
59.3
67.0
83.7
90.5
96.9
100.0
99.2
96.9
90.0
86.3
170.4
232.8
226.2
87.2
63.8
93.5
79.3
69.9
70.1
74.8
78.1
77.8
75.6
77.0
77.9
78.3
78.0
79.1
78.7
79.3
78.6
91.0
101.4
100.5
101.0
98.3
94.5
92.1
87.7
87.8
83.9
82.1
78.5
98.4
82.9
103.7
111.4
47.8
99.9
100.0
97.9
95.9
93.7
91.6
88.3
86.6
82.8
73.7
64.1
59.9
57.3
56.2
54.9
56.1
79.5
95.8
103.5
85.2
73.8
67.8
64.8
62.4
60.0
58.0
56.2
55.3
53.9
53.9
52.5
51.7
51.1
51.1
51.2
62.0
68.1
70.0
71.2
72.9
74.2
75.5
76.5
161.0
118.9
77.5
79.5
79.6
78.3
79.3
71.0
64.0
63.8
68.1
71.8
78.9
78.4
77.0
78.3
86.6
91.6
87.7
85.6
110.6
113.2
109.8
97.8
68.4
80.6
87.1
83.8
83.0
82.4
82.0
81.6
81.5
79.5
77.2
77.1
76.3
74.6
73.8
71.5
69.6
68.4
66.8
67.7
67.8
66.3
66.2
66.2
67.2
66.2
65.9
65.8
65.7
66.8
72.0
70.2
65.1
83.6
74.0
59.1
70.5
80.0
85.9
89.0
92.4
93.5
93.8
96.1
98.4
99.2
100.2
102.2
102.6
104.1
106.3
106.6
108.4
108.6
97.0
78.9
71.9
67.5
65.7
63.9
61.8
61.2
62.8
64.39999999999999
63.106896551724134
63.2603448275862
63.41379310344827
63.56724137931034
63.720689655172414
63.87413793103448
64.02758620689654
64.18103448275862
64.33448275862068
64.48793103448276
64.64137931034483
64.79482758620689
64.94827586206897
65.10172413793103
65.2551724137931
65.40862068965517
65.56206896551724
65.7155172413793
65.86896551724138
66.02241379310345
66.17586206896551
66.32931034482759
66.48275862068965
66.63620689655173
66.78965517241379
66.94310344827586
67.09655172413792
67.25
67.40344827586206
67.55689655172414
67.7103448275862
67.86379310344827
68.01724137931035
68.17068965517241
68.32413793103449
68.47758620689655
68.63103448275862
68.78448275862068
68.93793103448276
69.09137931034482
69.2448275862069
69.39827586206897
69.55172413793103
69.70517241379311
69.85862068965517
70.01206896551724
70.1655172413793
70.31896551724138
70.47241379310344
70.62586206896552
70.77931034482758
70.93275862068965
71.08620689655172
71.23965517241379
71.39310344827587
71.54655172413793
71.7
71.85344827586206
72.00689655172414
72.1603448275862
72.31379310344828
72.46724137931034
72.62068965517241
72.77413793103449
72.92758620689655
73.08103448275862
73.23448275862069
73.38793103448276
73.54137931034482
73.6948275862069
73.84827586206896
74.00172413793103
74.15517241379311
74.30862068965517
74.46206896551723
74.61551724137931
74.76896551724138
74.92241379310344
75.07586206896552
75.22931034482758
75.38275862068966
75.53620689655172
75.6896551724138
75.84310344827585
75.99655172413793
76.15
76.30344827586207
76.45689655172414
76.6103448275862
76.76379310344828
76.91724137931034
77.07068965517242
77.22413793103448
77.37758620689655
77.53103448275863
77.68448275862069
77.83793103448276
77.99137931034483
78.1448275862069
78.29827586206896
78.45172413793104
78.6051724137931
78.75862068965517
78.91206896551725
79.06551724137931
79.21896551724137
79.37241379310345
79.52586206896552
79.67931034482758
79.83275862068966
79.98620689655172
80.1396551724138
80.29310344827586
80.44655172413793
80.6
80.75344827586207
80.90689655172415
81.0603448275862
81.21379310344827
81.36724137931034
81.52068965517242
81.67413793103448
81.82758620689656
81.98103448275862
82.13448275862069
82.28793103448277
82.44137931034483
82.59482758620689
82.74827586206897
82.90172413793104
83.0551724137931
83.20862068965518
83.36206896551724
83.51551724137931
83.66896551724139
83.82241379310345
83.97586206896551
84.12931034482759
84.28275862068966
84.43620689655172
84.5896551724138
84.74310344827586
84.89655172413794
85.05
85.20344827586207
85.35689655172413
85.51034482758621
85.66379310344828
85.81724137931035
85.97068965517241
86.12413793103448
86.27758620689656
86.43103448275862
86.5844827586207
86.73793103448276
86.89137931034483
87.0448275862069
87.19827586206897
87.35172413793103
87.5051724137931
87.65862068965518
87.81206896551724
87.96551724137932
88.11896551724138
88.27241379310345
88.42586206896551
88.57931034482759
88.73275862068965
88.88620689655173
89.0396551724138
89.19310344827586
89.34655172413792
89.5
112.8
99.8
79.8
70.4
72.0
66.5
66.2
71.9
83.4
92.4
100.9
107.3
111.0
101.7
100.2
93.3
85.4
81.4
80.1
71.8
66.8
61.8
64.3
64.2
65.1
62.8
64.2
65.3
67.4
68.6
69.9
70.5
72.3
73.8
72.6
72.6
74.0
73.6
79.4
78.2
79.7
76.6
80.7
80.5
82.7
84.0
85.4
83.0
85.0
84.3
82.5
83.5
84.1
85.9
78.6
72.5
74.8
75.6
80.9
81.8
82.9
83.6
83.1
87.1
82.7
74.2
74.6
75.0
76.1
74.8
75.6
77.1
76.8
137.5
180.0
119.7
74.8
72.6
72.9
74.5
76.0
78.7
76.6
76.7
78.1
79.4
81.0
77.7
79.5
99.4
134.5
130.5
112.1
94.6
77.4
63.2
56.8
55.1
59.8
64.0
67.8
71.9
70.9
68.5
56.6
50.1
46.2
43.7
45.6
64.7
45.0
46.3
46.1
46.9
50.3
60.7
72.2
83.6
94.4
105.2
115.2
119.6
125.2
127.5
128.1
134.6
136.5
138.1
137.9
138.4
129.8
123.3
118.5
115.6
113.2
112.1
112.0
112.4
111.0
106.6
101.4
98.0
90.8
85.6
78.5
74.2
70.7
66.4
64.1
60.4
58.3
56.3
55.8
56.6
55.6
54.6
53.5
52.4
51.4
51.6
50.5
49.8
49.7
108.0
143.6
142.7
129.5
111.0
96.0
82.3
69.8
62.8
57.0
54.9
52.5
51.0
50.4
49.6
49.5
51.3
50.4
50.5
50.6
51.4
51.7
56.9
64.5
81.9
92.2
99.6
104.5
115.0
170.1
176.4
171.2
157.9
154.5
144.4
132.0
122.3
110.4
104.5
100.0
95.2
92.4
90.1
89.1
88.6
88.8
89.3
88.2
88.7
89.3
89.9
89.5
90.6
91.2
92.2
91.8
92.9
92.1
92.1
93.3
93.9
93.3
94.1
94.3
94.0
93.4
93.3
94.0
93.0
94.2
93.1
92.4
92.9
93.4
94.1
92.9
92.6
93.2
92.8
93.2
93.9
92.1
92.6
92.4
92.8
92.7
91.1
92.8
91.8
91.8
91.5
91.8
92.7
91.6
90.9
87.9
80.5
78.2
80.6
83.0
85.0
86.9
89.0
89.1
89.6
90.0
90.3
90.9
90.4
89.1
90.4
89.9
90.1
90.2
88.7
90.2
88.3
87.7
86.7
86.0
87.3
86.5
88.4
86.9
84.9
86.5
85.3
84.6
84.1
84.7
85.7
84.7
83.8
84.0
76.4
78.8
90.3
87.9
86.4
87.0
88.7
84.2
81.7
82.5
84.0
85.7
85.4
82.7
83.3
82.4
81.3
81.0
81.1
86.8
84.3
81.0
81.1
80.1
80.5
79.6
80.0
80.9
79.9
80.8
79.8
78.4
80.6
81.3
76.8
75.0
73.9
75.7
74.8
77.8
80.4
104.5
101.5
89.1
92.1
86.9
91.9
99.5
95.6
90.5
84.9
81.8
82.5
81.7
80.7
80.7
79.4
81.8
84.3
86.7
87.2
87.4
85.8
83.0
81.3
81.6
81.1
80.4
79.1
79.3
79.2
78.7
78.2
78.7
67.3
225.2
227.4
229.60000000000002
172.6
145.2
132.3
102.1
75.3
76.7
78.5
77.4
75.7
74.1
74.1
76.0
77.9
75.9
74.4
76.2
78.1
79.1
78.5
77.5
76.7
79.1
79.2
79.3
80.1
75.0
73.0
79.2
81.9
110.6
110.4
114.7
112.1
110.7
103.2
99.2
94.7
93.6
87.9
86.4
90.8
91.4
87.6
82.3
79.8
73.1
71.6
69.1
70.2
73.4
80.9
80.3
76.9
71.9
71.8
66.0
64.5
63.0
64.2
69.8
72.3
76.6
72.2
73.6
79.7
75.8
75.6
75.3
74.8
77.0
78.0
75.9
74.5
71.9
73.0
74.0
73.5
75.6
74.8
74.9
74.7
72.9
73.7
73.4
73.3
72.0
76.0
79.9
75.5
74.1
73.6
72.0
71.9
71.4
71.5
71.8
71.8
72.9
74.8
72.6
73.7
71.7
72.4
72.5
72.9
72.7
71.8
71.6
72.0
69.4
68.9
68.7
68.5
68.3
66.9
66.8
67.5
67.0
67.5
76.0
73.5
72.4
77.0
70.6
68.4
68.9
68.6
68.0
68.5
67.9
67.7
68.3
69.6
69.2
69.2
69.4
69.0
69.3
75.9
75.5
74.6
128.3
304.9
165.1
68.8
67.5
67.1
68.1
68.1
66.3
65.2
64.8
69.4
70.3
71.3
71.3
70.0
68.6
68.0
68.7
68.8
68.1
68.1
67.3
68.1
68.2
68.8
72.4
73.3
70.2
68.6
69.1
71.7
71.0
69.2
71.6
71.9
69.7
71.2
72.5
69.9
72.6
70.4
72.1
72.2
72.4
72.2
73.6
74.6
72.4
74.9
74.4
74.4
73.3
72.6
74.8
75.6
74.5
73.7
74.2
76.3
76.3
75.6
74.0
72.8
75.6
75.8
75.4
74.2
75.2
75.9
65.2
58.3
67.4
83.9
84.2
82.9
80.4
78.2
85.8
87.3
85.5
83.3
81.2
84.6
82.4
79.1
76.9
76.8
78.0
78.3
77.4
78.5
87.5
87.5
94.7
96.2
86.8
82.2
80.3
79.1
79.3
79.6
77.3
75.7
79.3
75.2
73.8
74.4
71.4
69.9
68.2
69.3
70.6
70.8
70.8
67.7
67.2
67.8
68.8
64.0
61.5
62.4
61.6
61.2
61.1
61.0
62.2
61.2
61.2
59.9
59.1
59.3
59.8
59.0
58.8
59.5
59.4
58.3
57.4
57.3
56.8
56.4
56.8
57.6
57.6
57.6
56.7
56.3
57.8
57.0
60.6
59.0
59.1
59.4
61.0
63.3
60.5
60.7
62.2
61.3
63.4
61.5
61.4
63.6
67.1
66.9
63.4
62.2
61.9
64.2
63.7
62.3
67.8
68.5
67.3
66.8
68.0
67.3
66.1
70.7
66.4
66.8
66.9
67.0
67.1
67.3
71.9
72.7
69.7
66.5
67.9
68.8
69.3
71.2
69.7
67.9
70.8
71.3
73.2
72.5
71.2
72.1
73.0
70.9
70.5
69.5
70.4
72.1
70.5
73.0
71.4
67.2
67.2
75.2
70.9
69.8
69.5
69.9
70.8
70.1
69.7
73.6
71.7
67.2
66.5
65.6
63.2
64.0
65.0
72.9
72.9
68.9
68.5
72.1
67.7
62.5
72.5
67.7
64.9
69.0
69.9
64.3
71.4
70.0
62.4
71.1
69.7
67.8
62.5
69.8
67.7
64.1
65.4
64.1
65.6
63.8
65.3
65.5
67.1
70.5
60.5
70.6
61.4
65.9
63.0
66.0
66.5
64.7
66.6
62.1
64.0
67.2
64.4
64.6
64.8
67.8
60.8
63.8
61.8
63.0
64.7
69.9
63.5
62.0
61.6
65.7
64.6
65.3
65.7
65.6
64.9
72.3
65.7
67.1
70.9
67.0
61.9
58.9
58.5
58.9
63.6
64.8
65.0
65.7
63.2
65.7
71.7
63.8
73.9
67.3
62.5
67.2
69.5
62.9
66.5
63.0
64.5
68.5
73.0
67.9
63.7
60.2
64.8
68.1
65.9
63.7
65.6
63.2
62.5
66.1
59.6
65.6
61.9
69.4
60.0
70.6
62.8
65.1
64.4
63.6
60.2
64.2
62.7
61.8
60.7
64.3
65.4
60.5
61.1
61.5
60.4
64.3
64.6
61.0
61.7
61.3
60.5
61.6
60.1
59.6
60.4
60.5
59.8
62.1
62.5
65.9
62.2
60.1
62.4
63.5
60.9
59.3
156.8
223.7
95.3
81.8
58.0
59.2
59.9
60.1
59.5
63.0
63.4
60.2
61.9
60.3
57.8
60.0
58.6
57.0
58.8
54.2
55.9
53.8
57.9
51.7
57.0
54.8
56.1
63.1
60.7
62.1
59.3
67.7
60.4
67.5
59.0
65.6
57.4
66.1
64.1
61.9
63.8
62.1
69.7
61.7
63.0
57.0
60.7
64.5
61.7
58.4
61.1
67.1
60.7
59.3
59.5
66.2
65.9
61.8
61.6
61.8
60.1
65.6
58.6
83.8
76.0
62.9
65.0
65.2
61.1
72.9
63.9
58.3
68.9
57.5
73.2
65.4
63.1
60.8
69.3
59.0
64.8
68.8
62.8
63.3
64.5
68.7
70.3
57.1
63.0
64.3
54.3
66.0
57.2
64.3
56.2
63.7
63.3
58.8
57.2
63.5
57.6
56.7
54.1
60.4
59.5
59.1
56.8
53.8
59.4
52.8
57.4
59.2
61.2
57.8
61.6
61.3
53.7
69.1
57.8
63.4
60.1
59.1
58.2
58.9
64.0
61.7
61.3
60.8
60.4
60.4
61.7
61.8
60.9
60.0
60.8
62.0
64.1
61.8
61.8
61.8
60.3
60.2
60.3
62.8
62.1
59.0
58.4
58.2
61.4
63.0
61.0
61.3
62.4
60.6
62.3
67.4
66.4
63.3
62.4
60.6
60.5
63.0
62.7
61.3
61.6
58.5
58.9
60.3
60.5
63.4
61.2
61.5
62.5
62.1
59.8
60.0
61.2
58.0
66.9
52.0
55.5
62.0
61.5
68.8
63.2
61.6
84.4
72.5
55.9
61.1
51.3
49.2
51.4
60.8
59.5
80.0
71.2
69.7
86.2
87.6
92.4
89.3
66.7
65.9
61.7
81.4
94.5
97.5
94.9
76.3
65.1
67.7
56.3
68.2
66.4
61.4
60.8
69.2
76.6
60.9
63.0
63.7
84.3
94.1
88.2
79.8
73.4
58.0
61.2
60.7
74.8
69.7
58.2
54.4
62.9
60.7
65.5
58.5
60.4
59.3
61.1
61.2
58.6
61.3
60.3
58.9
63.2
61.6
58.7
61.8
62.3
64.0
68.9
67.0
62.4
63.7
59.7
58.5
64.7
60.9
60.9
58.2
55.9
55.5
55.1
56.0
53.7
53.7
53.5
52.6
52.8
52.1
53.0
53.7
55.0
55.0
55.2
56.1
54.6
55.0
55.2
52.8
56.1
54.4
52.9
53.9
55.0
55.8
55.4
56.0
55.8
56.8
61.3
63.8
60.9
58.3
62.6
62.7
62.2
58.0
59.0
56.8
63.2
57.4
62.2
61.3
66.9
58.7
54.6
61.6
56.2
53.7
57.4
57.9
56.5
59.1
57.6
52.3
58.5
51.4
58.6
53.7
57.1
58.1
53.4
54.3
52.5
50.8
49.4
49.5
50.6
50.7
53.2
55.3
60.9
65.5
53.9
56.7
56.2
57.6
73.6
76.9
76.7
77.9
77.6
68.5
56.4
73.4
65.9
56.7
62.1
76.4
66.5
63.8
73.0
71.1
62.0
60.2
51.7
54.6
60.0
57.2
55.0
63.5
54.9
52.7
58.5
72.9
77.6
71.6
61.5
64.5
65.4
76.7
74.5
61.9
60.9
69.8
77.7
61.8
61.9
71.7
63.3
61.5
68.8
57.3
61.1
61.9
63.6
64.2
65.0
52.8
64.7
57.8
57.6
49.2
64.4
71.0
64.6
54.2
63.9
59.7
60.4
57.5
66.7
53.6
63.1
59.4
62.9
58.2
49.8
63.6
58.9
55.6
68.6
58.5
55.5
57.2
51.4
50.4
62.7
62.7
60.3
58.2
56.1
83.5
89.2
74.2
67.6
62.9
62.4
63.5
65.8
68.1
65.1
65.6
64.6
63.0
60.6
59.5
57.8
55.4
54.4
53.8
53.1
53.7
54.2
55.0
56.9
57.9
56.5
57.4
58.0
55.9
57.4
57.0
59.3
58.8
61.1
58.6
62.2
59.0
59.3
60.4
62.2
59.0
58.9
57.4
57.7
54.8
54.3
54.3
54.8
54.8
55.3
57.1
58.0
67.3
76.6
69.2
64.5
64.8
77.7
82.4
78.0
72.4
67.2
66.5
64.6
63.6
61.8
58.3
59.6
60.1
58.8
59.4
59.5
59.5
59.7
59.6
59.1
59.3
58.6
59.7
57.4
61.9
70.9
64.6
60.6
58.6
60.0
57.4
59.4
57.2
49.5
49.8
52.5
55.2
56.0
57.7
57.5
61.3
59.3
56.7
55.4
54.7
56.0
129.7
56.3
57.8
56.8
57.7
56.8
57.2
58.9
61.5
62.7
63.3
63.0
63.4
61.6
60.3
63.5
64.7
64.7
66.3
74.7
73.6
65.2
62.2
61.6
63.1
61.4
63.0
67.8
69.1
68.5
69.6
69.0
71.3
66.0
64.6
65.2
66.3
65.6
64.2
64.8
65.7
66.1
64.7
62.5
62.8
64.9
64.7
63.9
62.4
61.5
64.3
64.0
64.4
64.1
63.4
61.1
62.6
63.4
63.2
63.8
63.0
62.8
66.3
63.4
62.5
68.0
64.6
62.1
61.2
60.7
61.8
59.4
61.2
60.6
58.6
64.7
61.8
60.1
62.6
60.0
60.2
58.4
62.6
59.5
61.1
61.0
58.4
60.5
65.9
65.2
63.2
61.7
62.1
63.0
61.7
62.5
61.5
62.2
63.5
62.5
61.9
61.9
62.1
62.3
60.8
59.6
61.2
65.8
64.5
62.3
61.8
59.7
58.5
59.1
57.7
58.5
59.1
59.9
60.0
57.5
59.3
58.3
58.9
59.6
58.1
58.5
63.2
67.3
74.1
72.8
68.5
61.2
57.1
54.5
50.2
48.5
48.4
57.6
55.5
56.1
49.6
53.4
53.6
52.5
52.4
55.5
56.6
55.5
54.0
61.2
58.5
58.1
56.9
58.5
63.3
54.4
61.9
58.5
56.8
56.2
56.4
62.5
54.5
54.0
55.6
72.3
65.5
53.6
61.3
58.4
59.8
67.9
69.1
58.1
56.2
59.0
55.8
53.9
66.4
70.6
68.8
69.7
63.1
52.3
55.7
52.2
66.6
68.9
65.7
57.1
53.7
50.8
50.3
70.7
77.1
79.2
80.7
80.5
78.9
77.6
75.2
72.5
72.9
71.1
70.1
52.7
52.2
54.6
50.8
58.0
55.6
71.8
84.3
85.2
85.9
75.1
78.0
70.6
60.1
54.0
53.6
50.9
48.0
55.8
72.8
79.5
79.1
79.6
77.8
74.7
72.1
68.1
54.3
49.3
45.1
47.9
127.7
200.8
161.1
50.7
54.7
50.4
54.9
55.7
50.6
52.7
51.4
51.9
64.4
69.9
73.5
68.5
66.7
68.6
64.8
65.2
53.2
46.1
47.3
45.6
48.9
52.7
52.6
56.2
64.2
66.8
72.7
72.2
73.8
72.8
71.4
65.4
64.2
55.8
50.8
53.7
47.2
52.3
67.5
65.1
50.7
44.2
45.3
84.8
62.9
64.1
52.1
48.1
44.6
43.7
43.0
41.4
41.4
43.3
44.1
62.5
82.6
75.1
71.8
67.0
60.0
51.4
48.7
47.0
54.3
59.8
51.1
48.8
48.0
47.4
46.0
66.2
81.2
67.0
82.7
80.0
77.1
75.1
67.7
49.3
47.5
66.8
65.6
58.3
68.3
73.9
61.2
52.7
51.9
54.3
68.0
75.8
59.6
54.5
61.6
57.6
64.0
79.0
77.5
59.4
55.7
54.2
63.4
54.8
59.1
56.4
60.3
59.1
54.4
64.8
78.0
76.0
72.6
77.1
64.3
54.8
52.6
68.3
76.2
63.0
62.6
89.3
84.1
78.5
74.9
76.9
77.7
76.9
75.2
74.2
79.3
79.2
53.4
66.7
71.8
73.4
71.3
69.2
69.2
67.5
67.4
65.2
64.9
69.9
68.8
70.2
65.4
66.6
66.4
68.5
65.4
66.0
62.9
63.8
65.8
63.5
65.5
60.1
60.5
63.8
66.5
56.9
59.5
62.3
64.2
59.1
62.3
65.6
61.8
58.1
57.2
62.7
60.2
57.8
67.0
59.6
55.9
60.2
61.8
59.4
56.5
62.3
59.9
56.9
55.7
59.6
57.1
53.5
63.5
59.9
53.7
54.9
57.7
56.9
60.7
59.4
55.5
57.6
59.1
59.3
55.9
53.6
56.7
57.0
57.2
56.0
57.7
56.0
57.1
53.3
56.3
57.3
54.1
60.8
56.7
54.2
56.3
59.7
59.9
60.4
57.9
58.0
58.6
58.2
59.5
63.5
59.7
55.7
56.7
58.7
58.4
62.4
68.2
72.0
69.9
73.3
75.2
73.8
74.0
74.2
73.67567567567568
73.51351351351352
73.35135135135135
73.1891891891892
73.02702702702703
72.86486486486487
72.70270270270271
72.54054054054055
72.37837837837837
72.21621621621621
72.05405405405405
71.89189189189189
71.72972972972973
71.56756756756756
71.4054054054054
71.24324324324324
71.08108108108108
70.91891891891892
70.75675675675676
70.5945945945946
70.43243243243244
70.27027027027027
70.10810810810811
69.94594594594595
69.78378378378379
69.62162162162161
69.45945945945945
69.29729729729729
69.13513513513513
68.97297297297297
68.8108108108108
68.64864864864865
68.48648648648648
68.32432432432432
68.16216216216216
68.0
99.8
89.0
83.8
80.2
80.5
81.5
80.0
81.9
79.3
79.6
79.1
77.3
77.8
75.8
70.5
74.9
76.0
75.1
76.0
75.9
76.1
75.8
74.6
75.4
74.7
72.9
74.1
74.0
71.0
71.0
72.1
70.2
70.5
70.4
69.1
68.0
68.7
68.1
66.6
65.6
66.4
64.3
65.5
64.9
64.2
64.1
62.9
62.8
62.5
63.4
63.0
61.1
61.3
60.7
59.5
60.2
60.0
59.3
59.5
58.5
58.9
59.9
59.0
58.5
57.5
58.6
59.5
58.0
57.8
57.0
57.0
56.8
56.1
56.7
56.6
56.1
57.0
56.6
55.7
55.9
55.7
56.6
56.6
57.2
56.7
57.5
54.6
56.4
57.6
58.5
59.4
59.1
60.1
62.5
59.6
57.7
61.0
60.1
60.1
61.7
57.6
60.1
62.0
59.0
61.4
61.2
61.7
61.8
61.9
62.8
63.5
66.3
78.0
81.4
78.4
73.4
71.5
70.8
68.3
68.5
68.8
70.3
70.4
69.7
72.1
71.9
72.0
71.4
71.2
72.2
70.5
73.8
69.4
74.0
71.0
73.9
71.3
72.2
72.2
73.7
78.5
78.3
82.4
81.0
79.0
75.4
73.9
71.0
70.8
70.6
68.9
69.9
68.2
68.1
74.3
68.2
68.1
67.4
67.5
65.2
67.2
66.3
67.5
67.3
68.7
70.2
69.1
71.8
74.3
71.2
70.9
69.6
67.3
65.4
63.9
63.0
66.9
68.4
68.5
69.4
66.8
69.3
66.7
69.2
66.5
71.8
68.7
68.9
67.5
67.8
72.2
70.1
71.0
69.7
67.3
64.2
67.0
62.9
68.6
68.8
70.9
71.5
73.1
68.8
71.6
72.6
69.0
68.5
67.8
68.2
70.2
70.9
67.5
70.3
68.8
67.3
63.7
63.5
61.7
70.9
73.0
70.8
73.4
69.5
70.4
77.5
72.4
69.2
72.4
74.3
70.3
73.1
73.1
81.6
81.4
75.2
70.9
68.4
69.5
69.9
73.5
73.1
70.2
70.0
67.2
69.2
64.1
67.9
66.5
68.5
63.1
64.8
65.3
70.7
68.5
66.6
66.1
64.6
64.7
63.2
62.3
65.4
64.9
70.2
68.3
66.4
67.6
68.0
70.2
65.2
63.9
63.4
65.9
68.4
65.2
64.7
66.6
61.9
66.6
61.2
65.9
65.8
64.8
67.4
64.4
67.4
67.7
67.5
64.3
65.5
62.3
64.0
59.9
60.1
58.6
58.7
62.4
63.8
63.8
63.2
63.1
63.8
65.4
63.4
63.5
62.8
61.7
61.1
57.2
62.7
60.5
55.8
59.2
60.3
60.0
63.8
62.2
68.1
65.6
56.0
55.4
61.6
60.4
60.7
58.1
59.4
67.7
61.5
60.0
62.5
65.6
66.7
66.3
70.3
65.1
64.5
60.5
65.3
69.7
62.5
64.6
82.4
86.4
83.1
73.9
68.5
67.0
66.2
65.6
64.7
67.7
66.8
66.7
66.9
68.4
68.0
65.9
66.6
69.7
67.4
67.4
69.9
67.7
70.7
67.2
68.9
68.5
68.0
68.6
71.5
68.8
66.7
68.3
70.0
65.0
68.1
70.0
65.3
66.4
70.2
67.3
67.6
70.7
69.9
71.1
69.3
69.3
67.0
70.9
67.5
67.8
73.3
67.8
74.1
68.0
71.4
73.9
66.7
65.7
68.9
72.9
70.2
67.5
64.4
69.4
71.7
66.2
67.3
62.8
69.5
73.8
72.8
67.0
108.3
105.8
94.6
64.8
64.8
62.3
63.0
68.9
86.2
97.9
97.4
88.6
87.4
84.7
83.3
80.9
79.7
79.1
77.1
77.6
76.4
76.8
72.7
71.7
71.9
72.3
71.3
72.4
71.8
73.3
73.1
74.9
74.8
75.4
73.8
74.6
72.6
74.4
74.5
74.9
74.1
74.8
74.7
76.3
74.6
75.3
73.4
73.2
71.2
72.2
71.0
72.9
76.0
81.7
77.3
77.0
70.1
69.8
68.9
68.3
69.0
68.3
69.7
67.7
69.2
68.4
68.5
68.5
68.5
68.8
69.1
70.7
69.4
70.2
68.1
69.5
67.9
69.0
69.3
67.7
69.9
70.0
71.2
70.3
71.2
70.7
69.6
68.6
68.1
69.8
68.6
68.7
68.2
67.2
68.3
67.6
67.8
67.8
68.4
66.9
67.4
67.8
69.0
70.5
70.3
70.9
70.0
72.0
70.1
70.0
69.7
70.3
70.2
71.6
72.3
72.0
73.7
71.7
72.5
72.2
72.5
72.1
72.4
71.5
71.0
72.9
71.5
72.8
70.4
71.8
71.5
71.0
72.1
71.6
73.2
72.9
73.4
71.5
73.6
73.0
73.9
74.6
73.8
75.7
74.3
75.2
75.0
76.8
76.6
76.5
76.7
76.7
78.1
76.8
77.5
76.5
76.6
76.7
76.8
77.5
77.1
78.6
77.0
77.1
76.7
77.6
77.3
78.1
78.7
78.3
80.1
78.9
80.6
79.8
81.0
80.6
82.0
83.0
83.8
85.3
86.9
90.7
97.7
102.7
95.1
89.0
86.9
83.9
78.3
75.3
75.9
74.8
56.5
76.2
73.5
73.4
73.7
72.2
72.8
71.3
73.4
73.7
73.4
73.1
72.4
72.6
74.5
72.0
73.1
74.8
74.4
74.8
72.3
72.9
72.3
72.4
74.0
72.9
82.6
91.3
77.7
71.7
69.5
66.1
66.1
64.9
64.7
64.1
66.9
66.9
66.2
63.5
62.7
64.3
65.8
64.0
63.0
62.5
62.7
62.4
61.4
62.0
63.2
61.5
61.5
62.2
63.2
61.9
61.1
62.2
63.3
63.8
62.2
64.2
65.0
67.3
65.9
65.4
65.5
65.0
63.2
77.4
87.0
89.0
81.8
78.0
84.1
89.4
83.0
76.8
75.1
72.1
71.6
70.7
69.4
72.4
75.6
83.9
85.3
82.8
80.5
78.1
75.7
71.6
69.4
68.7
69.6
69.3
72.4
71.6
70.5
71.5
71.9
72.2
73.1
72.8
72.9
72.2
70.0
69.7
71.4
72.5
73.4
74.8
75.4
73.8
74.9
76.1
75.1
74.6
73.8
71.2
70.5
71.1
71.8
70.5
71.1
78.0
92.0
99.7
108.8
109.9
103.1
91.7
85.2
82.3
86.6
84.3
85.3
82.2
82.7
91.2
114.1
107.6
93.0
84.5
88.9
83.4
81.7
78.7
76.3
75.8
76.0
73.3
73.0
72.8
72.9
71.4
69.3
70.7
69.8
69.9
68.3
67.7
67.2
67.1
66.5
65.7
65.1
66.0
65.8
65.3
66.3
65.5
65.7
64.2
63.9
64.3
62.6
63.8
62.2
61.2
64.3
76.9
75.0
72.0
68.0
65.7
63.9
63.2
61.4
60.4
59.5
59.4
57.3
57.5
59.3
58.1
58.8
60.3
58.0
58.9
58.4
58.2
57.6
55.8
55.5
55.4
56.1
54.8
53.7
62.9
75.0
78.2
76.7
73.4
71.1
69.5
65.7
66.0
63.3
64.2
70.0
105.7
100.8
75.3
72.9
69.7
69.0
65.2
63.3
64.4
64.2
65.5
66.6
66.1
63.9
65.1
64.6
69.7
74.7
72.9
72.7
70.8
70.8
70.7
71.9
69.8
67.2
66.6
65.4
63.1
64.6
65.0
62.5
61.6
62.3
63.6
63.8
63.5
62.4
62.2
63.5
63.6
64.4
62.0
61.8
61.6
62.4
62.0
61.4
58.0
59.1
59.6
59.2
58.2
59.5
59.3
58.8
60.1
58.9
61.4
72.6
90.9
99.7
101.8
104.2
103.4
100.2
94.4
88.7
84.0
79.5
77.5
76.2
75.0
77.7
89.5
90.0
86.4
92.1
90.3
86.6
85.1
85.4
81.8
80.9
80.6
79.7
79.4
78.7
77.6
79.2
80.8
88.4
88.3
90.1
89.3
86.4
84.4
82.4
83.3
81.8
80.8
80.1
78.3
79.7
80.2
80.0
79.4
78.2
77.2
75.9
75.1
75.8
73.9
75.4
78.1
79.4
79.2
80.3
84.1
81.8
79.5
77.2
77.5
75.6
77.1
78.2
75.7
75.7
80.4
81.6
102.0
86.0
70.7
66.6
71.8
75.9
81.2
84.5
85.3
83.7
85.1
81.7
80.6
78.7
86.6
94.49999999999999
85.0
82.1
81.9
83.4
79.3
78.7
77.7
76.1
77.3
78.9
77.6
77.4
79.2
78.6
77.7
75.3
74.8
74.1
74.1
73.6
74.1
71.5
72.5
73.2
83.0
91.2
90.3
83.0
79.2
75.4
74.6
107.5
101.0
99.1
93.0
99.8
138.9
122.6
105.8
95.3
89.1
85.8
83.0
80.3
78.3
80.3
76.6
76.4
76.2
76.6
78.9
76.4
75.8
77.0
76.2
77.7
77.7
76.9
74.2
75.2
75.1
74.0
73.7
72.5
71.8
73.2
70.7
70.6
69.8
72.2
72.0
69.5
69.1
68.9
67.7
68.2
67.8
66.3
66.7
66.6
67.5
66.6
67.7
67.6
68.1
69.6
80.4
92.2
78.4
75.2
74.3
74.5
72.7
72.3
75.8
84.8
93.1
91.3
86.4
84.4
81.4
79.9
82.9
84.0
82.5
81.3
82.7
79.3
75.7
75.0
72.6
71.2
73.3
72.8
73.9
71.0
72.7
73.6
72.6
70.9
73.0
71.2
69.9
71.5
69.2
70.2
71.2
70.9
72.4
71.1
71.4
70.1
69.6
69.5
69.4
69.3
68.8
67.1
67.2
68.4
68.2
67.2
66.8
70.4
69.1
70.0
69.9
77.0
80.2
82.3
83.3
82.3
79.3
78.1
74.8
72.4
72.7
70.3
70.3
77.5
81.7
80.5
79.9
77.5
76.5
76.8
74.7
73.6
73.5
73.3
72.4
72.4
75.3
74.3
71.4
74.9
72.8
73.0
71.5
73.9
74.5
72.7
71.0
70.0
69.6
69.5
68.2
69.5
69.0
69.9
70.0
70.2
72.8
74.5
73.3
73.1
72.0
72.7
74.2
75.0
74.4
75.2
74.1
74.4
75.5
74.2
74.4
75.6
76.5
76.7
86.8
92.0
93.3
91.7
89.9
87.0
85.0
82.1
78.6
75.7
75.6
76.2
74.6
75.7
78.6
83.9
83.0
82.1
81.9
80.7
81.9
79.7
81.6
83.6
83.1
84.4
85.4
87.8
90.2
94.8
95.0
92.6
90.0
86.2
83.2
83.6
81.9
82.2
83.2
82.2
83.7
84.8
87.7
86.2
85.3
85.4
83.9
85.2
84.2
83.9
82.0
81.2
79.9
79.6
79.2
78.2
78.5
81.8
78.4
77.8
78.3
77.8
77.9
79.7
77.8
76.3
74.8
74.4
75.6
78.0
78.2
79.0
76.4
79.1
79.1
78.2
76.5
76.5
76.1
75.6
74.4
73.7
74.1
75.7
75.9
74.1
75.0
76.0
84.1
106.7
111.5
115.3
116.7
111.2
104.5
98.6
100.6
99.6
96.7
92.3
88.0
86.8
87.6
83.9
81.9
80.9
80.0
80.1
81.4
81.2
79.4
80.0
81.9
85.4
85.1
85.2
83.5
86.9
85.7
86.4
84.4
82.0
82.2
81.6
78.6
80.0
79.6
77.4
77.0
77.4
77.1
76.2
75.9
75.0
76.5
77.7
74.8
74.7
75.0
74.7
76.3
75.3
80.6
100.2
113.5
116.5
113.8
91.7
78.2
74.5
76.3
78.8
79.8
78.6
78.1
77.1
78.0
76.4
76.8
75.1
76.4
76.5
78.0
77.9
79.7
77.1
80.0
80.2
78.4
78.2
78.7
78.1
78.8
83.5
99.4
116.1
126.0
128.8
123.3
131.1
134.4
113.2
109.5
110.8
104.0
92.6
90.0
86.5
83.9
82.4
80.7
80.9
79.4
78.8
79.6
82.1
79.7
79.0
81.5
81.2
80.8
83.8
82.3
83.6
82.3
81.0
80.9
79.6
79.2
78.2
78.8
78.6
77.0
77.8
77.5
77.7
78.8
78.1
77.2
77.4
77.2
77.1
78.3
75.8
76.6
75.5
73.6
73.0
72.0
72.2
71.9
70.7
71.0
72.0
70.3
70.7
71.1
70.6
70.0
70.2
70.4
70.4
70.1
71.6
72.1
71.3
71.7
69.3
69.7
66.9
66.0
66.4
66.8
66.0
66.8
69.6
71.5
70.9
71.7
70.6
68.4
66.7
65.4
64.2
66.3
66.4
65.5
66.0
69.6
67.2
66.9
65.1
64.4
64.4
63.8
62.6
62.4
63.7
68.9
80.0
79.2
77.6
71.2
66.4
63.4
60.8
57.7
57.8
57.2
56.5
55.9
57.2
57.7
58.1
58.4
59.1
58.7
59.3
57.9
58.2
58.2
59.0
58.4
57.8
58.9
60.3
61.3
63.6
62.7
62.9
259.2
160.5
70.0
68.9
66.4
65.4
62.9
61.5
62.4
62.0
61.6
63.2
61.8
60.9
61.1
61.3
60.6
60.4
60.5
60.3
58.7
60.6
61.9
62.5
62.4
63.0
62.4
62.1
60.8
60.6
60.6
60.5
60.6
59.7
60.6
65.1
71.4
81.1
82.5
83.3
83.8
83.7
78.9
74.4
70.9
69.2
68.4
69.4
68.5
68.9
68.8
69.4
70.1
68.9
68.7
67.5
67.2
67.6
66.0
64.1
63.5
65.3
64.6
66.5
66.1
66.8
68.3
67.8
65.5
66.4
65.6
63.3
61.4
62.8
60.8
78.4
103.9
106.4
107.4
103.3
101.5
92.6
82.7
78.2
75.0
71.3
67.7
68.0
67.8
68.0
70.0
69.3
70.8
72.7
73.9
73.6
71.7
69.0
69.9
71.3
71.2
71.1
70.3
68.3
65.7
65.7
64.7
65.1
65.6
64.8
65.7
65.8
67.8
69.0
67.7
65.4
63.3
62.7
63.0
61.9
64.2
63.2
64.1
66.2
64.9
62.9
61.5
61.1
62.7
62.2
62.9
63.3
62.7
66.6
68.7
69.7
67.0
66.7
65.6
64.9
63.6
62.7
62.0
62.9
63.4
62.6
64.7
64.6
64.9
68.5
67.4
64.7
64.9
68.4
65.4
68.4
67.4
70.3
68.0
69.0
69.7
67.8
68.3
67.4
66.4
68.9
68.1
67.5
69.6
68.5
68.5
67.9
66.1
67.5
67.2
68.1
66.6
65.4
64.5
65.3
66.9
66.7
68.9
75.2
80.4
84.6
81.5
79.0
75.4
71.3
69.6
67.8
66.5
66.6
66.6
66.9
65.6
65.9
65.7
65.9
64.7
64.9
64.9
65.1
66.7
69.2
68.6
68.5
67.3
67.2
68.7
68.4
70.4
72.2
72.9
73.2
73.7
78.6
84.7
86.3
84.7
81.8
77.2
77.0
73.5
72.0
71.9
71.7
70.9
73.3
75.1
75.3
74.5
76.8
77.3
77.8
78.5
76.7
76.6
75.3
73.5
71.1
72.0
71.1
71.4
70.1
68.8
67.4
67.5
68.8
69.5
70.1
71.2
70.3
73.2
70.0
69.9
69.0
68.9
70.6
70.7
68.9
68.2
67.8
68.2
69.7
71.4
72.5
71.1
70.0
68.3
69.4
69.4
69.8
71.4
74.6
79.4
87.1
96.4
96.7
94.5
86.7
80.5
75.7
73.3
70.2
68.5
71.1
71.1
72.1
69.7
69.3
70.2
70.5
68.3
67.3
68.3
68.4
66.7
66.2
69.3
87.3
97.7
111.8
118.3
117.3
112.5
112.1
110.5
107.1
103.6
97.8
92.5
88.5
86.5
97.6
113.7
119.5
122.1
120.2
119.2
116.6
113.2
105.8
108.9
125.1
118.5
87.8
86.5
96.5
96.2
103.7
106.8
99.6
94.9
120.5
112.5
91.6
96.2
91.0
88.9
85.9
83.4
79.3
78.3
75.9
75.5
75.4
75.6
75.8
74.3
72.3
71.5
70.6
71.2
69.4
66.6
67.0
66.6
66.7
64.9
65.0
65.4
64.2
64.2
63.8
63.5
63.6
62.1
62.6
61.7
61.1
60.1
60.8
60.4
60.9
60.8
61.8
61.2
61.2
60.3
60.3
60.1
59.1
59.4
58.7
60.3
57.7
58.0
58.6
57.7
57.4
56.5
55.9
55.0
55.6
56.2
56.2
56.8
56.1
57.1
57.7
56.9
69.1
76.6
69.2
66.0
63.1
61.2
61.0
60.2
60.2
59.5
58.8
58.8
59.1
59.0
59.4
59.1
60.7
61.2
61.0
61.3
60.8
61.1
61.3
62.1
61.3
63.5
67.6
67.7
62.9
60.6
60.4
60.3
62.8
70.1
68.9
66.2
66.2
67.0
65.3
66.6
66.9
129.6
338.7
153.3
70.2
69.7
71.3
74.9
73.1
71.5
71.8
69.3
67.3
65.7
64.9
67.5
69.0
68.2
66.9
66.6
65.6
67.9
70.3
67.7
67.3
67.6
66.6
64.8
65.5
69.3
66.9
65.4
64.6
63.0
63.7
63.6
65.6
67.5
65.1
65.1
67.4
68.4
66.0
65.9
64.6
64.2
64.7
64.8
65.6
66.9
65.9
68.9
69.5
67.4
67.6
65.6
64.5
63.8
64.3
63.9
63.1
64.7
64.4
64.9
66.3
66.1
69.6
77.7
78.9
79.0
74.5
71.9
68.6
68.2
68.7
68.4
66.8
64.8
64.5
65.2
66.0
65.7
64.6
65.6
63.5
63.0
63.1
64.2
61.5
62.1
61.7
62.0
64.2
63.9
64.0
65.3
77.8
93.6
103.2
109.6
106.7
104.7
105.3
102.5
107.8
106.4
102.0
100.8
94.5
89.4
87.5
83.7
80.5
75.7
74.6
75.0
75.5
81.5
81.1
81.3
81.3
81.6
79.7
80.9
84.0
87.2
90.3
91.1
89.3
85.2
82.2
79.4
75.3
73.9
74.6
73.4
72.3
72.7
70.7
69.4
69.9
69.8
68.8
68.7
69.0
69.4
69.5
69.2
66.4
68.4
67.1
66.3
64.9
65.8
65.0
65.9
66.2
65.9
63.9
63.0
62.8
61.5
61.2
61.4
61.5
60.8
60.2
59.5
60.9
60.8
60.4
60.6
60.3
60.2
60.2
59.0
61.4
80.7
51.5
61.2
60.1
59.6
60.4
60.4
58.9
58.5
57.5
56.4
61.5
91.1
117.8
118.7
118.5
115.7
112.1
107.5
99.9
92.9
87.2
81.5
79.9
78.9
84.6
96.1
110.2
114.3
113.5
111.8
109.2
104.1
97.8
92.0
85.4
81.4
79.4
78.4
76.8
78.2
77.1
77.0
77.5
75.9
75.7
77.0
76.2
79.8
79.9
81.9
83.8
83.4
83.2
82.7
81.0
81.8
78.8
76.2
76.4
75.8
78.3
81.3
99.0
122.1
126.3
126.5
123.2
117.5
113.3
108.5
107.3
102.6
97.5
92.5
88.7
85.6
85.4
85.9
82.9
81.0
80.4
78.7
77.4
77.4
79.4
79.1
80.5
78.5
77.1
77.4
77.3
75.1
74.8
74.8
74.0
77.5
76.9
87.2
89.2
91.4
89.9
88.9
88.4
87.1
85.0
82.4
80.8
78.8
78.4
79.6
77.9
75.6
75.9
76.3
75.5
75.1
74.8
74.8
74.8
74.9
72.1
74.0
80.0
80.3
78.2
77.1
77.3
76.8
76.1
73.7
75.4
75.4
77.1
76.1
76.2
76.4
77.4
77.2
79.5
83.2
84.9
87.3
88.5
88.1
89.0
84.5
81.7
80.2
77.9
75.8
76.1
75.5
74.1
74.7
75.6
74.6
76.5
77.8
76.2
75.9
75.7
75.9
76.1
75.8
75.4
76.1
77.8
78.1
77.6
79.6
78.6
77.0
75.5
76.9
75.8
74.2
75.7
76.5
75.8
76.5
73.8
75.6
80.2
84.6
96.9
106.0
110.3
113.5
112.2
109.1
105.7
87.9
107.1
99.5
94.9
91.4
88.2
83.9
86.0
85.3
85.6
87.8
89.6
94.0
95.3
97.1
95.6
98.4
100.8
105.4
110.4
111.3
110.9
109.6
107.1
106.9
104.2
101.9
102.7
101.2
104.4
107.0
109.0
109.3
110.3
108.1
107.3
113.6
114.4
114.8
113.9
110.5
105.6
103.8
97.9
93.4
91.3
87.4
83.7
83.2
81.4
81.7
81.5
80.2
76.9
76.2
75.1
74.6
76.3
75.8
75.4
73.8
73.4
73.9
72.8
71.7
70.4
69.1
70.2
79.4
81.4
87.5
85.6
82.8
80.5
77.9
77.8
75.7
73.3
72.5
70.6
71.3
71.2
72.5
71.3
72.1
70.6
68.8
70.6
71.1
70.6
72.4
72.5
71.8
71.3
72.5
73.3
74.8
76.6
77.3
76.4
74.0
73.6
72.9
71.8
70.8
70.9
71.5
69.8
69.2
69.9
69.2
67.5
69.2
71.3
75.7
102.6
121.6
127.2
127.2
123.1
128.3
130.2
119.8
113.5
107.5
105.4
106.4
102.9
99.4
95.5
92.0
92.1
89.4
89.3
87.1
87.3
87.1
87.6
87.9
89.4
93.8
95.0
93.5
90.8
92.8
95.0
90.6
89.8
89.3
86.4
85.8
85.5
84.8
84.2
86.6
84.1
84.9
82.0
81.8
82.8
83.9
80.9
80.5
78.9
78.3
81.0
78.4
76.8
75.4
77.6
78.4
77.0
78.3
77.3
76.0
76.2
76.3
73.4
73.5
78.2
77.1
75.4
76.6
75.6
76.6
76.9
79.5
87.7
90.8
84.2
83.3
83.2
80.3
79.4
88.7
107.4
121.2
121.8
115.7
105.7
98.9
95.5
93.1
89.3
88.0
85.8
83.6
82.7
83.5
83.1
82.7
83.1
84.9
84.7
85.1
83.9
82.3
82.8
81.8
81.8
85.0
88.3
87.3
87.8
84.4
83.3
80.4
79.6
78.5
78.2
77.3
76.8
76.7
78.8
85.0
85.8
84.2
85.1
83.2
81.2
80.9
82.7
80.7
82.8
83.3
82.7
82.6
83.0
83.1
84.8
84.4
88.4
91.1
87.1
86.5
86.9
87.4
87.9
87.5
87.3
89.4
91.8
90.9
87.5
86.8
86.1
88.4
88.0
86.9
88.2
96.4
96.8
89.4
87.4
82.5
80.2
80.1
79.4
79.2
85.4
90.4
96.9
95.2
95.2
106.1
122.8
141.2
129.0
119.2
109.8
101.2
96.5
93.0
90.4
87.2
86.9
83.9
85.3
87.4
86.1
85.8
82.9
82.5
83.8
83.9
93.5
94.7
93.6
95.3
93.4
95.4
94.0
94.6
98.2
96.5
95.9
93.8
93.3
92.3
89.6
87.6
87.8
87.5
87.1
84.9
85.2
84.6
86.1
85.0
84.6
83.1
81.7
81.6
82.5
80.9
83.0
80.8
79.7
79.6
80.8
80.8
80.4
80.6
80.8
81.3
79.3
78.7
79.6
80.3
81.2
80.7
80.9
81.9
86.3
95.3
104.4
105.5
103.8
105.2
104.5
102.1
101.7
99.2
94.4
90.9
90.0
88.5
88.8
91.5
91.1
89.5
89.1
88.6
89.7
90.1
86.1
86.4
89.7
89.9
90.5
93.1
99.3
100.7
96.4
93.8
91.6
90.3
89.2
88.5
89.3
93.2
92.3
91.3
94.0
95.0
96.6
100.0
103.5
104.4
105.0
106.2
106.1
109.8
111.3
112.8
112.5
112.3
111.7
108.8
103.5
99.2
96.6
95.4
95.1
98.1
95.9
94.2
100.0
115.3
126.8
130.7
133.6
133.0
136.6
133.5
129.1
125.6
118.2
110.3
104.3
99.7
98.7
94.7
93.3
92.1
92.1
89.5
89.0
90.1
90.6
87.0
89.6
91.1
90.7
89.9
92.2
89.7
89.1
86.8
87.8
89.6
91.1
91.4
90.9
91.4
91.2
92.8
92.2
90.5
90.1
90.0
91.3
93.9
91.8
92.3
91.4
91.5
92.9
93.0
95.7
95.1
93.8
91.2
89.4
88.5
87.7
88.1
89.5
90.8
94.9
94.9
91.6
91.4
91.2
91.4
91.5
90.5
89.1
88.6
91.5
91.3
96.9
102.3
101.9
101.1
101.9
103.9
101.1
101.7
100.3
100.5
100.4
101.2
101.4
100.2
101.5
104.2
105.0
106.0
103.7
102.2
101.2
99.4
97.9
96.4
96.3
99.6
101.2
103.4
106.5
105.2
104.8
100.6
99.1
99.0
99.1
101.6
107.5
116.5
118.7
118.3
111.8
107.3
102.2
97.5
98.5
96.4
98.6
98.3
101.2
107.9
106.4
105.5
104.2
101.5
102.6
99.7
93.6
92.4
92.9
92.1
89.9
88.5
88.5
88.7
84.1
82.9
82.8
84.9
86.7
92.8
89.5
90.1
86.5
83.2
79.7
81.0
79.0
79.3
81.0
83.1
81.8
82.4
78.6
77.6
75.5
72.6
72.4
73.5
72.6
72.5
71.9
72.7
70.7
70.0
70.9
70.9
71.6
73.9
73.7
73.2
71.6
71.4
70.7
71.3
70.0
69.6
69.0
68.4
69.9
69.1
70.1
69.5
70.6
72.0
73.3
73.4
72.5
73.2
73.2
73.3
75.2
74.9
77.4
88.1
86.0
83.8
81.5
78.9
78.5
77.5
76.9
78.5
78.1
77.9
78.7
80.8
79.0
78.5
79.7
81.2
83.8
86.4
88.2
96.2
100.7
98.4
98.8
96.8
95.8
93.8
93.1
93.8
91.1
89.4
89.6
90.4
90.0
88.9
89.4
89.8
87.3
89.6
89.0
86.9
86.4
89.8
87.2
88.0
89.9
89.9
89.5
88.2
85.8
87.1
85.4
85.3
86.7
102.3
109.4
104.1
98.8
93.3
92.3
89.5
88.4
85.8
82.0
84.0
85.3
87.0
84.7
83.6
86.2
85.8
84.0
84.6
81.7
81.8
82.0
81.2
81.1
76.7
78.0
77.5
76.0
76.5
77.5
77.1
76.4
76.4
83.1
93.1
92.9
88.6
85.5
92.3
92.4
88.2
84.2
83.0
81.5
81.4
81.8
80.7
79.0
78.5
79.1
79.3
78.0
78.0
79.6
76.6
76.9
78.2
76.2
74.6
72.6
72.0
72.5
71.8
73.1
73.5
71.8
73.0
73.6
73.3
73.7
74.7
74.4
72.3
75.5
77.6
80.0
87.9
91.2
91.5
90.1
86.9
86.0
87.7
87.7
90.1
89.6
86.1
83.6
83.5
81.8
81.4
92.3
95.8
96.8
96.3
96.0
95.4
95.2
91.0
90.8
90.4
86.6
86.6
86.8
87.6
84.8
84.0
84.6
83.2
83.7
84.4
83.4
82.8
84.2
84.2
81.6
80.5
80.8
86.5
84.9
86.2
84.0
82.9
82.2
82.6
82.5
83.0
82.1
81.1
80.3
80.3
78.3
76.6
74.3
73.0
73.3
71.5
71.6
74.2
73.0
72.1
74.4
75.9
74.8
77.4
77.9
75.8
76.1
82.2
99.4
99.1
93.2
91.0
94.4
116.8
116.7
105.3
96.3
94.0
91.2
88.0
86.6
88.5
86.0
86.5
85.9
86.7
85.1
83.3
84.5
82.5
81.5
84.0
81.1
79.7
80.3
79.8
79.4
81.1
81.8
78.6
80.6
82.0
80.9
82.4
84.4
84.2
80.8
80.0
76.3
72.5
71.2
70.8
70.1
70.3
69.7
69.6
69.8
69.8
68.2
67.7
68.8
68.6
69.7
68.0
68.5
78.2
84.8
87.7
90.7
90.4
86.6
85.7
82.8
81.0
82.3
81.9
80.0
79.4
79.3
78.9
80.3
80.7
82.9
83.2
90.2
96.8
101.0
102.5
101.2
102.5
106.3
100.1
92.3
88.6
89.0
85.4
84.7
84.5
81.2
84.0
82.5
82.8
81.0
80.7
81.9
82.1
80.4
82.3
82.6
86.8
87.0
86.6
86.0
84.0
81.4
84.5
93.0
99.8
98.7
98.2
95.7
90.6
90.1
88.7
85.3
83.6
82.2
81.1
80.0
80.0
78.1
78.6
77.7
78.8
77.6
77.0
76.8
77.3
79.3
78.3
77.1
77.3
75.4
77.3
78.3
79.6
82.0
82.4
78.6
77.7
80.3
82.1
83.1
82.1
85.3
94.7
100.1
102.6
105.4
104.4
106.0
104.7
106.3
107.6
104.9
100.5
97.5
94.0
91.5
90.7
96.3
99.4
97.7
99.6
97.0
99.4
103.3
109.8
112.5
108.7
105.5
100.6
100.5
95.9
93.9
91.3
92.3
96.2
94.4
90.3
90.4
90.8
88.0
89.4
88.2
86.9
89.0
91.9
90.4
90.7
89.1
92.5
93.8
94.3
88.9
89.5
86.5
85.9
83.9
98.5
133.8
135.0
132.0
130.2
176.3
214.0
185.2
139.7
140.6
139.6
142.6
142.8
141.7
142.5
140.2
138.0
133.8
124.7
113.5
108.0
105.9
105.4
102.9
100.4
96.6
96.5
93.6
90.7
87.8
87.8
88.3
87.5
86.8
85.3
84.5
83.5
80.8
78.7
77.5
74.9
74.3
74.9
73.2
73.1
71.9
73.7
91.0
89.1
84.8
81.3
77.2
73.9
73.4
71.4
69.6
67.9
66.8
65.3
65.4
65.5
64.7
64.1
63.2
62.9
61.4
62.4
64.4
78.9
101.6
106.8
108.3
106.0
104.7
102.4
97.3
95.1
102.5
107.2
104.3
97.0
90.1
86.9
84.0
83.7
82.3
83.5
82.8
82.6
81.7
80.8
80.5
78.3
78.8
77.7
76.2
77.3
78.1
78.9
79.0
80.9
88.7
101.0
104.6
108.1
105.7
103.3
100.5
96.1
91.9
89.6
87.1
86.2
83.1
80.9
83.3
83.7
84.2
84.8
87.9
87.9
87.9
89.1
86.8
86.5
84.8
82.8
83.4
82.4
88.6
102.1
116.9
123.0
125.2
134.4
132.1
126.3
117.8
114.2
114.8
109.1
109.2
109.9
110.3
109.4
113.6
114.8
119.8
133.0
135.9
136.0
136.1
135.4
132.0
122.3
114.9
108.2
103.8
101.4
100.9
102.8
101.2
100.0
99.4
98.6
99.4
100.7
98.0
98.4
99.9
102.6
103.4
110.0
135.6
149.4
150.6
153.8
150.6
138.8
132.5
127.7
119.0
121.7
144.6
145.6
149.2
144.7
126.2
125.5
134.9
133.6
130.1
125.7
127.6
123.2
122.7
123.4
122.0
121.0
119.0
116.4
114.2
113.3
111.5
109.2
107.5
104.7
104.7
103.4
104.3
102.5
100.9
99.5
97.9
96.7
94.7
94.1
94.4
90.9
91.9
92.1
91.4
87.8
89.3
87.5
86.3
88.2
87.0
86.1
88.3
89.0
99.2
105.3
100.8
97.2
94.1
95.1
94.2
91.8
92.7
91.1
89.5
87.2
84.9
82.8
82.9
82.4
82.5
83.3
81.0
80.2
81.6
81.4
80.8
80.8
85.8
85.2
83.0
82.6
96.6
106.1
108.9
111.4
133.2
128.9
122.1
124.3
118.3
109.2
102.2
97.3
94.2
91.3
90.0
86.6
85.6
88.1
87.4
87.5
89.5
87.5
84.4
85.7
84.9
84.3
85.3
84.2
84.6
83.5
83.5
82.4
81.3
81.5
82.9
95.4
117.1
129.8
137.3
138.5
131.8
136.2
142.9
139.5
131.9
138.0
152.0
150.5
144.2
130.2
122.8
119.9
109.1
101.9
98.1
95.0
93.1
91.8
90.3
88.7
86.0
85.4
82.6
80.9
81.0
79.5
79.7
79.7
79.4
80.2
81.3
78.0
75.1
75.9
75.6
87.1
87.8
83.2
78.9
77.7
76.8
74.2
74.2
78.1
78.7
80.7
83.3
86.6
82.6
82.1
80.3
79.7
81.5
80.7
80.8
78.6
77.8
77.8
77.8
74.3
78.2
91.8
98.3
98.6
96.8
94.9
91.3
87.3
83.6
83.1
85.0
82.7
79.8
76.6
75.9
74.1
73.8
74.1
75.2
82.5
86.6
82.8
83.4
64.1
74.1
93.9
92.9
95.3
102.0
97.8
93.2
88.4
84.3
81.3
79.1
76.2
75.8
74.4
75.8
76.1
77.1
77.7
103.2
133.6
91.9
90.0
85.7
84.4
83.2
82.4
78.2
80.0
79.3
79.5
76.0
75.8
73.3
72.0
72.9
75.6
75.3
74.0
71.8
73.5
74.0
73.6
69.4
70.2
71.8
72.0
72.8
71.2
71.6
68.8
67.9
66.4
68.0
71.0
72.4
72.6
74.9
71.9
83.6
98.3
103.7
105.1
104.6
101.6
97.7
95.1
93.3
91.9
91.5
88.6
89.3
94.9
93.4
92.4
92.2
93.8
91.7
91.0
88.9
87.4
88.4
87.7
86.9
87.1
90.8
94.9
93.5
89.6
84.1
80.9
78.5
79.7
80.7
80.5
84.4
83.9
82.0
80.3
82.0
93.3
114.4
136.2
142.4
135.3
127.9
117.9
110.8
106.2
104.9
110.5
113.3
111.8
109.4
109.5
110.7
115.0
114.2
112.3
111.1
112.3
110.0
112.0
105.8
102.3
103.3
102.3
100.1
98.7
105.1
113.4
123.0
126.0
125.2
126.0
130.3
131.1
124.7
119.5
111.7
105.3
103.7
102.4
98.9
97.3
95.6
95.8
96.0
98.9
97.8
94.3
95.6
98.6
98.5
97.8
97.7
96.3
94.8
95.2
96.0
95.6
92.8
93.3
94.6
95.5
95.0
97.5
95.4
95.9
98.2
96.7
98.3
98.3
96.7
97.9
97.9
96.1
96.7
99.8
107.4
111.2
118.9
118.2
115.3
113.5
109.6
104.2
100.4
99.1
97.6
95.7
96.1
96.6
98.6
100.8
104.7
102.8
100.7
98.5
98.6
98.5
104.9
104.9
107.3
109.0
114.2
120.4
121.2
122.6
123.3
121.6
120.2
115.0
119.3
113.9
110.8
110.4
108.8
108.4
104.8
102.1
98.6
98.4
104.5
116.1
143.3
146.3
148.0
151.1
153.6
157.1
155.0
146.6
144.2
142.4
140.9
140.5
140.2
137.6
131.3
126.9
124.5
125.2
122.1
120.9
120.0
124.4
123.6
122.0
126.4
129.6
131.7
130.0
127.3
124.2
122.9
116.5
112.5
110.6
108.9
110.0
110.0
109.2
115.9
114.4
112.0
108.1
152.5
111.8
104.9
106.7
107.3
107.5
107.8
107.6
120.4
137.3
141.9
141.6
140.1
135.9
128.6
123.9
125.4
124.2
122.2
123.7
119.5
117.3
120.5
118.3
114.1
114.7
112.4
114.8
115.0
113.3
110.4
109.4
109.5
112.0
113.5
111.9
112.1
114.0
116.4
119.0
117.5
116.6
116.0
115.7
112.9
109.7
107.2
103.5
102.5
101.5
101.6
100.9
102.4
102.5
137.2
150.7
133.4
124.7
110.5
101.1
129.0
124.1
113.4
101.9
95.4
93.0
91.3
91.0
91.0
90.8
90.7
89.3
90.4
90.6
88.8
88.5
88.0
94.1
101.7
96.3
90.1
86.9
86.7
85.1
85.2
84.8
84.3
82.5
82.9
83.4
82.9
83.0
86.1
92.4
96.8
92.5
89.8
86.8
86.4
87.2
88.5
90.9
88.6
88.2
86.7
86.4
85.1
89.7
90.0
88.5
87.7
92.9
96.3
98.2
99.8
97.9
94.6
92.7
92.5
91.6
90.8
88.6
88.7
87.6
88.2
88.8
89.9
89.1
95.6
103.0
99.3
98.5
96.6
95.4
92.0
91.5
92.7
98.0
98.2
98.3
98.6
98.9
96.6
94.4
93.4
96.9
94.8
90.9
90.4
94.5
95.6
92.6
90.8
89.8
90.2
88.6
87.1
84.6
86.3
85.4
83.1
87.9
87.5
88.6
94.5
94.9
93.3
96.2
96.2
96.3
103.3
105.9
112.7
110.9
111.8
108.9
103.5
101.8
101.0
99.2
98.9
100.3
103.3
104.9
106.5
106.2
105.4
102.0
100.2
99.3
101.1
101.5
101.2
102.7
101.2
102.2
105.4
105.6
104.7
101.5
103.1
105.3
107.8
106.3
102.4
101.3
103.5
102.1
101.4
99.7
97.6
98.1
97.8
98.0
96.3
98.9
103.7
106.2
104.4
105.0
104.5
102.6
99.7
99.0
98.0
101.4
99.4
98.6
97.5
99.4
100.8
99.5
100.9
101.3
98.7
94.4
92.3
91.5
88.8
88.7
94.4
93.3
90.4
90.7
88.4
86.9
86.1
89.4
91.2
91.9
88.9
87.7
86.8
89.8
89.7
90.3
93.6
91.9
93.2
93.8
101.7
112.1
112.2
107.1
104.2
101.1
99.5
95.2
95.2
93.3
91.4
91.7
93.6
93.3
92.8
93.1
93.2
91.6
91.6
94.8
104.4
106.8
104.5
97.7
96.2
93.1
93.2
95.0
92.0
95.3
93.8
94.6
93.5
94.1
92.0
89.6
89.0
89.6
89.3
92.8
92.1
90.5
90.5
91.4
106.4
108.6
104.7
103.1
110.2
109.5
111.2
109.5
106.0
108.8
105.3
101.5
99.6
98.0
97.4
99.8
103.6
106.4
104.8
102.9
109.2
122.2
117.4
112.0
106.9
106.9
109.4
108.5
106.0
103.2
102.2
102.0
99.0
99.1
101.1
99.4
97.6
97.2
96.5
95.7
94.5
92.7
90.5
91.6
90.7
87.6
87.9
87.1
87.1
87.4
85.4
82.7
82.0
83.1
86.1
87.4
86.7
86.8
86.3
87.8
88.6
87.4
88.3
93.4
93.0
90.9
90.1
87.6
87.3
88.5
87.1
85.5
86.9
86.7
84.9
84.4
85.1
85.0
87.9
91.3
90.6
91.0
89.8
86.8
88.2
87.5
85.2
85.9
86.4
86.3
87.8
84.0
83.7
87.4
85.3
83.4
85.4
84.4
88.5
90.1
92.6
90.6
90.1
89.0
83.9
81.8
81.5
80.2
79.0
80.6
81.6
76.0
73.2
73.2
72.1
84.4
84.9
82.0
84.3
83.4
79.4
78.3
79.0
75.3
74.8
73.6
74.9
72.8
71.4
69.7
68.5
69.2
69.5
72.2
72.0
69.8
68.5
68.4
70.8
69.3
70.9
73.5
70.0
68.3
69.1
69.2
75.7
88.8
87.8
87.9
88.3
90.4
89.0
86.6
87.8
87.8
86.6
88.1
88.6
88.3
86.3
86.0
85.5
84.6
82.7
86.3
83.6
88.7
92.2
94.5
92.6
94.3
91.5
90.6
89.9
90.1
89.1
88.0
90.8
89.1
87.5
85.1
82.5
82.3
82.8
81.1
79.5
76.7
75.6
74.9
75.1
74.4
73.1
73.7
74.2
75.9
76.5
76.3
78.4
76.0
74.6
74.2
75.3
74.1
73.7
73.8
74.8
73.7
74.2
75.8
75.3
73.9
72.3
70.3
70.1
69.7
69.6
68.9
70.7
71.3
72.7
72.1
73.8
74.6
75.5
74.6
85.4
100.2
103.6
107.6
105.1
102.7
102.0
102.2
101.0
95.2
96.5
93.5
91.8
92.1
91.1
89.3
88.2
89.8
92.1
93.2
103.1
108.6
110.2
111.2
109.7
107.8
104.9
106.4
105.8
108.1
108.8
109.5
111.1
113.2
109.4
104.9
106.7
105.2
105.6
107.6
101.3
101.1
100.2
110.3
112.3
110.2
111.9
112.7
110.7
107.0
110.6
111.4
109.5
111.1
110.2
112.9
113.3
122.3
120.1
117.3
119.7
117.6
116.7
114.1
110.8
109.2
111.8
109.1
108.2
107.9
104.8
106.7
105.5
102.0
97.6
98.1
100.2
100.6
102.2
107.8
108.5
103.3
95.7
92.2
94.8
94.4
92.1
93.4
108.3
122.9
120.9
112.5
102.1
92.5
86.5
83.9
83.5
81.0
82.2
77.0
76.2
74.5
75.6
72.3
72.4
70.1
69.8
72.7
70.0
68.7
73.1
79.0
74.9
73.8
70.5
72.5
68.5
67.4
67.8
66.5
64.0
63.5
63.2
63.0
63.3
64.9
65.0
64.1
64.8
64.3
63.8
65.4
64.1
63.7
63.1
63.5
64.3
63.9
64.2
62.6
63.5
66.0
65.7
71.5
85.6
94.2
96.3
95.1
97.5
97.5
96.7
96.7
102.5
104.3
107.5
109.0
112.9
115.1
115.2
115.2
117.1
116.0
116.1
116.2
123.7
125.0
125.6
125.9
125.4
122.7
123.2
122.7
122.7
119.8
118.9
116.4
117.7
119.0
117.4
120.8
120.8
119.9
120.0
119.9
116.0
116.0
114.7
114.0
114.4
114.3
115.1
117.1
117.5
116.2
114.8
115.0
115.9
111.2
112.7
114.8
114.4
111.5
110.0
107.8
105.9
103.7
101.5
99.9
101.5
100.4
99.0
98.8
102.5
102.0
104.0
106.5
101.0
98.4
99.1
94.1
96.8
94.6
90.5
90.7
85.8
84.8
81.9
79.1
79.3
79.0
76.9
78.8
77.3
76.8
78.7
81.3
177.6
198.7
95.0
105.1
104.9
102.9
103.0
99.6
96.0
96.6
99.1
102.2
100.7
105.3
105.9
105.8
109.5
112.1
108.2
106.0
103.4
100.2
103.5
104.1
105.7
111.7
117.4
116.5
111.2
107.1
105.7
104.8
103.4
107.8
107.4
106.1
105.5
105.8
103.5
100.2
100.2
101.3
102.1
103.0
106.7
111.1
114.7
112.8
109.1
105.2
104.1
104.2
102.2
101.3
102.8
109.8
110.5
113.5
114.6
115.8
114.5
114.0
112.0
113.6
111.5
108.3
105.8
106.9
109.1
111.6
108.4
110.9
111.1
112.2
110.5
110.0
112.7
112.2
112.1
107.4
102.7
102.8
103.6
101.8
101.8
103.0
103.5
104.3
103.1
101.3
102.5
105.1
105.6
102.0
101.9
103.9
102.9
103.3
107.6
107.7
104.2
103.5
107.4
106.0
104.5
103.4
100.9
100.2
96.5
93.9
93.9
91.4
91.4
92.2
89.6
89.2
87.9
88.7
87.6
86.3
88.4
83.2
78.5
75.3
78.0
79.5
77.4
77.7
78.6
78.3
76.1
76.2
79.3
77.4
74.2
74.4
72.9
74.0
73.4
73.3
76.2
77.9
78.5
78.6
76.2
78.8
80.3
77.6
78.5
75.3
76.1
85.9
104.4
109.5
112.2
111.3
109.0
109.9
107.0
111.8
111.6
114.5
116.2
113.1
110.8
114.4
113.8
111.3
111.0
110.6
113.3
111.6
113.8
113.7
114.6
114.3
120.3
122.6
127.4
125.8
125.2
127.1
126.8
129.4
134.3
131.2
132.2
134.1
135.1
137.2
137.8
138.5
136.1
136.4
131.0
128.7
126.0
120.8
116.2
115.5
118.2
116.1
117.3
116.0
113.5
113.6
111.9
109.8
109.8
107.8
108.4
110.0
106.8
106.1
104.8
101.2
97.7
95.0
92.7
93.6
90.1
90.2
90.2
100.9
119.2
131.6
120.5
109.7
103.8
95.0
94.6
91.5
88.9
88.5
85.4
85.7
84.8
82.2
88.1
89.1
86.3
90.9
88.8
98.1
101.2
101.6
103.7
102.5
101.1
96.0
98.8
100.5
104.2
105.1
105.8
107.1
111.8
110.1
112.8
114.5
115.7
115.4
123.3
121.2
116.4
108.3
104.8
86.4
85.1
94.9
100.9
105.1
106.0
101.1
96.7
94.6
93.8
95.0
92.3
90.5
90.9
90.2
92.3
94.0
93.7
105.8
103.6
105.7
105.2
101.4
100.9
98.2
97.1
99.2
97.9
102.0
103.3
110.6
114.1
113.7
114.7
116.4
115.2
112.8
124.8
136.2
136.9
136.0
143.7
143.6
141.6
143.0
147.8
144.4
140.6
161.9
155.3
145.8
135.8
129.6
121.7
134.1
130.7
105.3
115.6
114.3
111.8
111.7
108.0
107.2
111.3
109.5
110.0
110.4
114.5
123.2
118.3
113.6
111.0
106.3
106.3
103.7
102.4
100.3
100.5
100.7
103.1
113.1
112.0
108.7
106.5
108.4
107.6
107.5
108.4
106.6
104.2
101.8
100.5
98.3
99.0
97.5
95.9
96.4
99.4
96.5
97.3
97.7
96.2
95.4
94.2
93.0
92.6
92.4
92.3
93.8
97.0
99.5
100.7
102.0
105.8
106.1
106.0
106.6
107.2
107.2
107.9
108.7
109.2
113.5
118.9
119.5
116.9
116.2
111.3
108.3
111.5
118.7
116.3
111.1
110.9
110.9
109.6
109.2
109.5
111.8
109.3
106.5
104.3
101.4
101.3
113.6
111.9
110.1
111.7
110.7
111.7
112.2
111.1
107.1
106.2
104.5
101.8
100.3
101.4
99.0
99.9
97.5
96.5
94.1
93.0
91.4
97.3
112.9
110.2
106.2
106.4
106.6
105.3
103.4
104.1
107.1
105.8
104.7
106.2
107.4
108.1
106.4
107.4
106.9
106.3
104.3
101.7
100.5
100.4
103.9
103.9
102.5
104.3
102.7
115.2
127.3
141.8
139.4
135.5
127.8
121.7
115.6
109.5
106.3
104.4
102.4
102.1
100.8
99.4
100.9
103.5
104.1
103.8
105.4
106.3
106.8
109.2
109.2
107.1
104.6
104.2
106.1
102.8
101.7
101.4
100.7
100.4
100.2
104.1
102.9
102.3
101.8
100.5
100.4
101.4
101.2
101.3
97.6
105.0
108.0
102.4
98.1
95.3
94.4
93.5
95.1
101.3
105.2
105.2
102.7
102.3
101.3
103.1
100.5
100.1
99.9
109.0
111.2
103.7
99.0
107.4
110.3
104.8
107.1
106.5
104.6
104.2
103.3
102.9
101.6
102.7
113.5
113.1
111.9
111.8
110.6
109.0
111.4
110.8
110.8
107.3
106.4
107.3
107.1
107.7
110.5
106.8
101.1
101.3
100.1
99.3
97.3
94.1
92.9
92.6
96.2
96.8
97.0
96.1
97.1
98.9
105.9
108.6
108.7
108.4
108.7
107.4
104.5
105.2
103.6
105.8
108.5
115.3
116.3
114.8
114.1
113.9
111.2
113.8
113.4
113.1
118.9
118.7
119.1
119.8
119.5
118.1
117.0
118.0
132.2
136.4
133.6
131.3
132.8
134.0
134.9
134.6
132.1
133.5
133.4
133.7
134.5
131.7
129.8
129.5
129.6
130.6
131.3
131.2
130.5
130.7
128.9
127.1
126.1
125.1
125.4
124.7
123.9
123.9
122.9
121.4
119.9
119.1
120.0
118.4
117.0
119.6
119.2
118.3
118.1
119.4
118.2
118.2
117.0
118.2
123.0
126.4
122.8
119.3
117.9
116.3
115.9
115.2
113.6
112.1
112.0
110.8
111.1
112.6
111.7
110.3
111.9
110.9
110.2
110.8
112.3
110.1
108.7
108.8
108.7
108.3
108.6
107.4
105.5
105.1
105.3
105.7
105.3
104.4
103.7
106.1
106.9
107.3
106.9
106.2
105.4
106.2
106.1
104.3
103.3
104.1
101.7
101.7
101.9
101.1
102.6
102.9
101.8
100.9
101.7
102.0
102.8
102.8
101.0
101.0
102.7
103.7
106.4
108.2
111.2
109.4
109.2
110.7
108.4
106.0
106.4
106.0
104.4
103.6
104.9
106.9
106.4
104.8
106.7
106.2
103.8
104.0
102.8
103.1
101.7
103.2
104.7
103.9
105.6
104.5
104.5
104.4
107.5
108.3
107.4
105.6
106.5
104.8
106.5
108.4
114.8
113.9
113.1
111.9
111.0
111.6
111.8
111.7
111.0
111.4
114.6
118.4
118.9
118.8
117.5
118.3
117.5
115.2
115.7
115.6
114.2
114.3
114.1
114.9
114.3
115.0
117.4
116.4
117.2
116.5
119.7
126.0
134.1
129.4
120.3
116.5
116.9
115.7
115.8
115.0
112.9
111.6
112.7
111.9
111.1
109.7
108.0
105.7
105.1
105.4
103.8
102.4
105.2
106.5
105.0
103.2
103.5
103.9
102.4
101.1
101.0
100.7
98.9
98.2
96.8
97.0
94.7
93.7
95.0
97.5
98.2
98.2
99.1
98.0
101.3
103.6
100.4
97.2
97.7
97.5
97.5
96.0
98.1
99.0
97.7
98.6
98.5
99.1
98.6
101.7
102.1
99.7
98.3
98.6
97.5
97.3
98.4
97.1
97.3
97.0
97.5
99.0
98.9
100.4
102.0
108.6
108.7
108.6
107.3
108.0
105.6
104.5
104.7
102.4
102.9
103.9
103.4
103.9
102.0
101.3
104.0
102.7
102.7
101.9
101.8
100.6
99.0
98.4
99.4
100.2
99.1
98.7
99.6
101.1
102.8
104.4
105.8
104.2
102.0
101.8
101.1
100.8
101.3
101.2
100.8
100.7
100.3
103.3
101.4
99.8
99.0
101.7
101.3
99.2
99.4
100.9
100.9
100.4
100.2
98.6
99.5
100.2
99.8
100.3
99.8
98.6
98.2
99.2
99.9
98.8
99.0
99.6
101.1
104.9
112.0
111.6
109.4
111.3
112.8
110.1
111.2
108.2
106.8
106.2
106.4
105.8
104.2
104.1
103.6
104.0
106.6
115.6
116.8
117.6
118.3
119.1
116.5
115.8
116.5
91.3
106.6
114.7
113.7
111.8
111.7
111.6
112.8
112.3
112.9
116.9
118.1
115.6
114.9
114.6
113.1
112.0
112.8
113.7
113.9
114.6
113.1
113.4
112.8
113.5
112.8
116.4
143.5
154.0
149.7
137.7
135.1
124.5
121.5
112.2
107.0
104.6
103.7
102.3
100.9
99.6
100.1
98.4
99.6
99.9
97.4
97.2
96.8
94.7
93.8
92.6
90.8
89.3
87.8
88.2
86.9
84.3
84.5
83.6
82.4
82.2
85.3
87.1
90.8
87.3
85.0
83.4
81.8
80.4
80.1
78.7
79.3
79.0
79.0
79.0
81.0
84.6
89.6
93.2
102.6
102.0
96.5
93.0
89.3
86.6
83.4
86.7
84.5
84.0
85.8
89.6
89.1
88.6
92.1
90.8
89.6
93.3
92.6
89.0
90.1
90.1
89.4
89.9
87.1
86.9
89.4
89.9
91.1
92.5
89.3
88.1
89.9
90.7
89.4
90.1
90.3
89.0
90.7
92.1
89.3
91.4
93.6
92.6
90.0
91.1
92.9
92.4
91.6
90.0
89.9
88.8
86.7
87.5
86.3
85.7
83.8
83.9
84.3
85.3
84.7
85.0
83.5
83.4
83.5
86.8
86.0
84.7
85.7
84.7
84.7
85.8
84.6
84.1
85.9
93.8
89.8
89.3
93.8
93.7
95.1
95.5
96.0
96.4
94.7
97.1
95.6
95.1
96.0
97.5
96.2
95.1
95.7
94.3
94.1
96.2
92.9
90.7
91.3
94.6
94.8
94.2
91.4
90.4
93.0
93.5
90.6
87.2
84.9
85.5
87.0
83.4
85.2
84.8
88.3
85.9
85.2
83.7
84.3
85.4
91.5
93.0
89.1
88.3
89.7
89.6
89.4
89.7
92.6
91.1
91.7
97.2
95.9
95.2
94.5
95.6
100.7
121.5
134.4
135.7
128.8
124.2
119.8
122.4
122.3
120.3
118.6
117.7
118.3
117.6
115.6
116.2
117.6
114.2
113.9
112.1
110.8
109.9
109.3
109.1
108.4
108.7
110.1
109.1
108.0
109.4
109.7
110.3
109.0
108.3
108.6
110.3
106.5
104.9
104.4
105.4
105.0
104.8
104.5
103.1
103.2
104.0
104.0
103.3
104.4
105.6
105.6
102.6
102.2
101.4
108.7
110.3
106.0
100.6
98.8
97.5
96.8
98.3
101.5
101.0
97.1
95.3
93.9
92.4
93.8
93.0
94.6
95.6
94.3
96.5
96.1
96.1
95.5
95.8
92.8
94.1
92.4
96.5
98.2
97.1
96.7
95.9
96.2
95.9
95.0
94.7
94.4
94.0
93.1
92.9
93.2
94.3
96.1
96.8
93.4
98.1
95.9
98.6
96.7
94.6
93.5
93.5
93.0
87.4
89.5
89.0
90.6
93.1
94.3
93.3
95.6
96.4
101.0
101.2
103.1
101.4
99.9
99.5
99.0
98.6
97.2
100.7
101.0
101.2
99.7
100.0
98.2
98.8
97.8
94.9
96.3
92.9
91.3
96.0
93.4
94.1
95.0
96.4
103.6
102.2
98.7
94.3
91.2
88.2
86.2
84.7
84.7
84.6
84.7
86.0
88.2
88.5
86.7
85.8
85.5
86.2
85.3
85.2
87.0
86.4
87.4
86.4
84.4
85.1
86.8
86.1
87.1
86.3
87.9
87.5
88.2
88.8
98.1
109.6
121.0
118.2
111.4
107.3
105.7
102.0
99.1
98.2
97.2
97.7
97.4
97.2
96.0
101.1
98.6
98.0
99.9
96.2
95.4
96.4
97.2
96.7
95.9
95.0
93.8
94.2
91.5
90.1
91.1
95.8
97.0
97.8
101.5
99.9
97.9
100.9
98.6
96.8
95.3
92.8
89.9
89.7
88.0
84.2
83.3
83.2
82.9
83.5
82.5
82.2
84.2
87.6
85.3
88.4
88.9
90.3
92.7
94.7
93.8
89.4
85.6
81.9
81.1
79.5
81.7
82.7
82.1
82.7
80.6
84.8
81.8
80.2
80.1
80.4
87.6
103.3
100.7
99.3
97.1
95.7
94.9
92.2
92.3
125.9
124.0
70.8
88.4
89.3
88.5
86.3
86.6
87.8
87.3
86.5
109.3
113.9
114.2
107.3
99.6
94.1
96.0
96.7
96.5
92.0
91.7
90.9
88.2
90.3
90.5
93.4
90.0
91.6
94.8
93.9
90.6
90.2
89.9
87.7
86.2
87.3
84.8
86.2
86.0
86.3
88.4
85.8
83.4
84.3
89.7
87.6
84.9
84.0
84.0
85.5
84.2
83.7
82.7
83.6
83.8
90.7
94.7
93.6
88.8
90.5
99.2
107.7
108.8
102.8
101.0
105.2
103.9
105.4
103.2
103.1
104.1
106.0
104.2
103.7
103.5
104.1
105.5
103.2
100.6
101.1
101.4
101.8
101.3
102.5
102.3
99.7
98.7
98.0
96.0
96.1
95.1
96.2
94.7
93.0
91.0
92.4
91.5
93.4
89.8
89.2
88.7
87.7
92.6
90.0
88.1
85.9
88.0
87.7
85.8
88.0
89.1
89.6
88.5
92.9
99.6
117.8
113.0
119.0
111.5
104.7
100.2
98.4
95.8
93.8
91.8
88.2
88.0
102.0
104.1
102.0
95.7
93.4
94.8
97.1
93.5
93.9
96.2
96.7
96.3
94.9
94.0
100.5
104.8
99.8
101.1
98.8
97.3
98.3
99.8
103.1
101.8
101.8
100.5
102.6
101.3
106.8
101.5
99.6
99.9
100.5
102.8
100.0
100.9
103.0
103.2
103.9
104.8
105.5
103.5
103.8
102.5
103.2
119.0
136.1
137.1
141.8
140.9
137.9
133.4
130.9
129.4
125.9
123.6
121.5
125.4
122.0
122.9
118.4
115.3
116.0
117.5
156.6
149.3
140.8
133.3
129.9
128.2
128.3
117.7
112.9
109.9
115.2
115.9
115.8
130.0
159.5
161.5
163.0
163.0
163.8
164.0
129.2
107.2
106.6
105.9
105.4
108.6
106.5
105.0
105.1
102.3
103.8
103.7
107.2
107.6
107.2
108.1
108.2
106.5
106.2
106.4
108.3
108.2
107.6
105.6
104.1
101.3
98.5
99.4
103.3
101.2
97.9
97.4
94.1
93.3
91.1
91.2
90.9
93.0
93.0
92.3
96.4
99.2
95.1
93.3
95.2
94.6
92.3
89.4
89.7
90.6
93.7
96.3
92.9
94.3
91.4
90.7
88.3
86.4
87.8
97.4
104.3
99.7
96.1
93.3
92.7
91.5
91.8
93.1
92.9
95.4
96.2
99.1
96.2
94.7
93.3
93.2
93.9
91.6
93.9
94.9
98.2
97.4
97.4
98.0
97.5
98.8
100.4
101.5
108.9
104.1
102.3
101.2
102.0
103.3
103.3
104.4
103.9
115.8
109.6
99.7
100.3
94.3
94.0
93.9
93.2
88.5
85.4
86.6
86.3
91.8
88.3
87.1
86.9
89.4
95.6
99.3
103.0
106.8
99.5
97.4
95.0
96.5
90.6
91.1
90.9
104.7
96.8
93.9
93.7
91.7
92.8
93.1
93.1
91.9
90.9
90.2
94.0
93.1
96.7
95.7
96.7
96.2
97.3
95.3
96.3
98.3
96.9
99.8
108.4
101.2
102.1
99.1
96.3
95.0
94.4
93.6
95.4
101.5
98.6
97.2
95.4
93.5
93.4
91.9
90.4
90.1
89.9
88.8
87.4
86.0
86.2
85.5
85.8
89.8
87.8
85.8
87.3
86.1
85.3
86.3
84.2
84.0
84.8
88.9
86.3
85.3
85.7
84.8
85.1
87.1
86.1
84.3
83.6
81.4
79.1
76.5
75.0
75.0
74.0
77.2
78.2
76.3
79.6
81.7
82.5
83.8
85.0
85.3
84.4
83.9
81.7
79.1
75.9
75.0
74.7
74.9
76.6
75.1
80.0
80.0
77.6
80.8
78.0
81.6
82.6
84.0
84.1
81.0
83.5
83.9
83.2
84.0
80.4
78.5
77.2
80.5
81.6
85.7
87.1
87.9
89.9
89.9
89.3
87.6
87.1
86.1
85.8
82.1
80.9
81.1
79.9
79.6
78.8
78.7
81.2
87.4
90.0
89.3
87.7
89.7
91.9
93.5
93.1
93.0
90.4
90.6
99.6
97.5
94.6
92.4
91.0
90.6
91.1
90.8
91.7
88.7
84.9
83.2
81.9
80.2
79.9
78.5
75.5
75.6
75.1
75.0
77.5
78.5
77.2
76.0
74.2
72.8
71.4
72.2
72.1
70.6
70.3
70.8
72.1
74.0
71.9
73.7
73.7
74.0
73.2
73.5
72.9
74.4
73.9
73.2
71.7
69.4
70.0
70.0
71.4
70.1
72.4
74.6
80.9
81.8
81.7
81.0
81.3
84.8
83.9
81.9
84.4
82.4
82.6
83.8
82.7
81.7
82.0
85.0
85.5
84.8
83.1
82.7
82.0
82.8
81.4
80.7
78.5
77.5
75.8
74.9
74.8
77.7
78.2
78.9
78.1
75.5
75.5
75.4
73.3
72.9
72.4
72.4
71.8
70.9
81.9
95.7
95.7
94.0
92.6
96.2
93.7
91.4
89.6
88.2
88.5
87.7
87.8
86.8
84.0
83.1
82.4
83.4
83.9
85.8
84.7
83.6
85.3
85.9
87.1
89.5
101.2
108.7
110.7
104.9
102.9
101.0
100.0
98.1
100.0
98.7
101.5
100.8
101.4
99.8
100.6
99.5
99.8
98.3
97.4
97.5
97.4
98.4
99.3
96.9
96.2
96.9
96.9
97.2
96.9
97.4
97.8
96.8
96.6
96.7
97.4
97.5
97.6
96.1
97.9
98.0
97.2
100.1
97.1
96.9
97.2
99.3
98.3
98.9
98.9
97.4
96.5
93.8
92.7
90.3
88.9
88.8
86.3
82.9
81.3
79.2
78.7
76.7
78.2
97.1
97.6
95.6
94.3
93.5
92.8
91.9
93.0
94.4
97.0
97.6
97.3
96.9
97.8
73.3
98.0
100.9
99.1
96.8
98.2
95.5
94.8
94.2
93.5
92.6
92.5
91.2
91.0
89.9
90.9
89.8
89.3
89.3
89.7
88.3
88.7
90.8
88.3
89.9
87.9
87.3
84.8
86.6
88.4
85.7
89.2
89.9
91.0
90.6
90.0
89.3
89.0
88.5
87.8
87.2
87.4
88.8
93.0
97.2
92.92727272727272
92.89090909090909
92.85454545454546
92.81818181818181
92.78181818181818
92.74545454545455
92.7090909090909
92.67272727272727
92.63636363636364
92.6
92.56363636363636
92.52727272727273
92.4909090909091
92.45454545454545
92.41818181818182
92.38181818181819
92.34545454545454
92.30909090909091
92.27272727272728
92.23636363636363
92.2
92.16363636363637
92.12727272727273
92.0909090909091
92.05454545454546
92.01818181818182
91.98181818181818
91.94545454545455
91.9090909090909
91.87272727272727
91.83636363636364
91.80000000000001
91.76363636363637
91.72727272727273
91.6909090909091
91.65454545454546
91.61818181818182
91.58181818181819
91.54545454545455
91.50909090909092
91.47272727272728
91.43636363636364
91.4
113.3
113.8
110.2
107.9
104.5
103.9
105.4
104.9
104.5
103.8
103.5
103.4
102.1
102.4
103.2
102.5
103.8
103.8
105.1
106.9
109.3
107.6
104.2
102.6
102.1
102.1
102.8
102.9
100.9
101.0
98.2
96.0
94.1
94.7
93.4
92.0
91.7
90.1
90.1
89.4
89.1
90.2
98.3
94.0
91.6
90.2
88.6
86.6
84.0
84.0
86.6
89.7
88.6
89.1
89.9
89.8
89.7
89.8
91.9
92.3
94.0
94.0
95.4
95.5
94.8
97.4
96.4
95.2
100.2
108.7
111.6
102.4
98.8
95.3
92.2
91.1
94.0
93.1
93.8
97.0
98.3
98.4
98.2
100.3
102.9
103.4
13.1
11.4
9.1
9.6
10.1
