56.8
54.9
56.1
56.1
56.9
57.8
57.9
58.4
57.9
55.5
59.9
59.3
61.5
60.5
58.7
58.1
61.3
60.8
59.3
59.6
60.1
59.8
58.2
58.3
60.4
60.9
63.8
60.9
60.9
62.7
62.7
61.6
60.9
61.0
62.1
63.2
63.2
63.3
63.8
65.1
65.7
64.0
64.7
65.6
67.8
69.0
77.4
79.3
76.9
77.3
80.2
92.0
101.6
96.4
101.4
94.3
95.5
93.3
88.0
84.9
82.4
86.3
102.5
106.0
98.7
94.0
80.7
77.7
79.8
77.9
76.3
75.0
77.4
83.5
85.6
84.6
81.6
82.6
77.0
76.2
74.2
76.9
78.4
78.6
76.8
72.1
70.0
77.8
74.8
72.3
67.8
68.7
69.5
67.1
67.6
70.6
69.3
67.4
67.8
66.8
67.6
65.8
65.1
63.9
64.9
64.7
65.3
64.8
62.4
62.6
60.8
62.0
64.1
62.4
65.9
68.5
65.7
62.2
62.2
61.8
62.3
61.7
62.6
62.5
62.4
62.0
62.8
62.6
61.7
61.1
61.6
63.8
62.4
61.0
60.7
59.7
59.6
59.6
61.5
61.1
62.2
62.8
61.3
61.1
59.0
59.8
63.8
64.1
63.6
63.3
61.0
62.0
61.3
60.7
60.6
61.5
61.9
62.4
64.0
66.5
66.3
64.6
65.0
65.5
64.5
63.8
66.0
67.1
65.1
64.3
62.9
62.9
63.1
63.4
63.9
63.4
63.9
65.2
65.0
65.1
65.3
64.0
64.6
63.8
63.4
63.0
63.3
62.9
63.9
63.0
63.3
68.3
70.8
69.4
68.3
67.9
65.9
67.1
65.7
64.2
62.2
62.4
63.1
62.4
64.0
63.1
61.0
60.4
60.5
61.4
61.6
58.9
59.7
59.0
59.7
61.1
60.1
60.4
63.2
68.9
72.3
74.3
71.7
70.0
65.4
62.2
60.2
59.7
58.7
60.4
61.5
59.9
60.7
60.5
59.9
59.0
59.9
59.9
60.7
60.5
61.1
61.0
61.5
62.2
61.3
60.6
60.7
67.9
85.2
94.9
88.6
91.6
101.4
104.1
100.4
95.7
86.4
86.0
83.7
85.9
88.4
88.5
82.3
79.9
81.3
79.3
78.8
80.8
80.4
81.0
85.8
88.3
89.7
92.5
94.1
96.1
98.8
91.8
90.8
82.5
79.5
76.0
75.4
73.2
72.1
71.3
70.1
69.8
69.3
69.5
68.5
68.6
69.2
68.5
68.5
67.2
66.4
66.8
65.3
65.1
64.2
62.7
62.3
63.7
62.5
61.2
60.6
59.4
59.0
58.4
57.0
56.7
56.2
55.7
54.6
55.1
54.3
53.1
54.6
53.6
52.8
52.6
52.0
51.9
51.9
51.3
51.1
51.6
51.5
51.2
51.0
51.6
51.8
51.9
52.0
52.0
52.1
52.4
52.6
53.0
53.4
53.1
52.6
52.2
52.1
52.0
52.2
52.0
52.5
53.1
53.2
52.0
52.9
53.0
52.9
52.9
53.9
54.2
54.0
55.0
55.3
55.5
56.3
58.7
58.3
60.3
61.2
61.9
62.9
63.3
64.9
74.1
73.4
68.4
65.7
65.8
65.9
64.9
65.3
66.0
67.7
67.4
66.9
66.1
67.2
67.1
66.4
67.3
66.7
68.5
69.2
69.2
69.0
67.7
68.0
68.3
68.7
68.0
68.2
69.3
70.0
67.6
68.2
68.8
68.7
68.5
68.2
68.9
69.0
69.3
68.1
66.9
66.1
67.7
67.4
66.6
65.3
66.3
67.1
65.9
66.0
65.4
64.8
66.4
66.1
65.7
64.2
63.8
62.9
62.3
63.2
61.1
61.7
61.3
60.6
59.6
59.9
60.6
60.0
59.2
59.1
59.4
58.3
59.0
58.8
60.5
59.4
58.4
58.0
58.3
58.4
58.7
58.2
57.6
57.8
58.2
59.1
58.8
59.8
59.9
59.1
59.0
58.7
60.2
61.3
60.6
60.3
60.7
59.7
59.9
60.4
60.2
59.8
60.4
61.2
61.2
63.4
62.4
61.5
61.7
62.0
62.3
62.4
63.6
62.6
62.7
63.2
63.3
65.5
65.5
64.1
63.1
62.8
62.1
63.3
63.2
63.9
63.5
63.0
62.3
61.9
63.1
62.2
62.6
63.7
63.5
61.7
62.0
64.5
63.9
62.8
63.1
63.5
63.5
63.0
63.8
63.6
63.2
64.4
64.3
64.0
63.4
63.8
64.0
65.1
64.5
64.1
62.8
62.0
61.6
62.8
62.2
62.2
62.7
62.6
62.1
63.0
63.9
63.9
63.3
62.6
62.4
61.8
62.3
61.7
60.4
61.3
61.7
62.5
64.3
62.6
61.9
61.0
61.1
60.5
60.8
60.9
60.0
61.9
60.3
60.0
59.7
60.1
59.4
58.5
59.0
58.9
59.1
60.1
60.8
58.6
59.7
60.3
59.5
59.3
57.7
57.5
59.1
58.5
59.5
60.0
58.0
57.7
57.5
57.6
65.5
72.8
82.4
81.8
91.1
88.8
83.1
75.9
74.7
68.5
65.3
62.9
60.1
60.5
74.3
76.5
69.9
67.6
71.9
78.9
84.2
77.0
73.3
70.0
67.7
68.5
66.3
65.2
64.0
63.9
64.4
65.3
64.5
64.9
64.0
63.4
62.5
63.2
62.6
62.5
237.8
80.9
62.9
62.1
60.9
63.0
61.6
61.8
60.9
58.8
58.6
58.1
58.1
56.5
55.7
55.7
55.3
54.9
54.0
54.8
55.0
54.8
53.3
52.9
54.4
53.9
51.9
51.6
51.2
51.2
51.1
50.6
51.2
50.6
52.0
51.9
46.1
52.7
51.6
51.9
50.5
50.7
52.0
51.7
51.9
52.2
51.6
52.5
51.7
52.1
53.1
54.3
54.3
55.8
55.8
55.1
54.8
56.4
57.7
56.8
58.6
58.6
59.8
61.3
61.3
61.5
62.2
60.8
60.9
61.3
61.4
61.3
61.3
61.1
61.4
62.8
63.7
67.7
68.3
67.6
70.9
71.5
79.6
78.6
79.1
75.2
72.3
71.5
69.9
68.9
68.5
68.4
68.8
67.6
68.2
68.7
68.0
67.6
69.1
69.9
67.7
67.7
68.7
68.4
72.6
70.3
69.0
71.2
68.6
70.5
71.1
68.7
68.1
68.2
66.9
67.8
65.9
64.6
64.5
63.7
63.3
63.3
62.8
62.0
61.8
60.7
60.4
58.7
57.9
57.9
57.7
56.3
55.6
56.0
55.6
55.5
54.8
54.6
53.7
54.5
54.1
54.6
53.8
53.2
53.1
52.4
52.5
51.6
51.6
52.8
52.1
52.5
53.2
53.4
52.4
52.2
52.4
51.9
51.6
51.6
51.6
52.1
53.2
53.9
53.2
53.3
53.8
53.5
54.7
55.1
54.9
54.9
55.8
56.4
57.0
56.7
57.5
59.2
59.1
58.6
57.4
58.3
57.6
59.3
58.9
58.6
59.1
59.2
58.7
59.0
59.5
59.4
59.4
59.8
58.9
59.7
60.5
61.7
61.2
61.4
61.0
61.1
62.3
62.9
61.6
61.2
60.9
62.4
63.4
62.4
61.1
61.4
62.4
67.2
70.3
67.4
66.1
72.8
70.9
67.7
64.7
62.2
61.2
59.9
60.1
59.7
59.5
59.1
60.8
59.9
60.1
60.2
59.6
59.0
59.9
59.0
59.7
58.0
56.6
60.1
64.9
60.8
57.7
57.1
56.6
57.2
57.7
56.9
58.2
59.6
58.5
58.1
57.1
57.4
56.7
57.0
56.1
55.8
55.7
55.5
54.9
54.7
54.3
54.2
54.6
54.3
53.9
53.8
54.0
58.0
53.6
52.2
51.8
52.1
53.0
54.1
54.3
54.9
65.9
76.4
69.2
67.7
71.2
65.7
63.2
66.9
74.0
72.2
65.1
67.0
68.0
65.2
63.2
63.3
60.7
59.8
60.6
57.7
60.0
69.5
68.4
67.0
66.4
66.5
66.9
67.1
65.6
62.4
66.6
68.6
66.1
64.4
66.6
58.3
59.9
58.6
57.8
59.9
62.7
61.0
60.7
58.8
57.9
56.9
57.2
56.7
57.8
60.0
57.2
57.7
56.0
58.0
56.4
56.9
55.7
56.2
54.9
54.0
52.7
53.4
52.8
53.1
54.4
56.0
53.6
52.6
50.6
51.0
52.2
51.5
51.2
50.4
50.4
49.8
49.9
49.9
49.9
48.8
48.1
48.3
49.1
48.2
48.1
52.1
52.9
50.5
49.8
49.6
49.0
48.7
49.7
49.8
50.1
49.9
50.0
52.0
54.7
55.9
51.7
51.4
49.9
48.0
47.8
49.2
50.8
48.6
50.8
52.3
52.9
51.3
51.7
54.2
53.4
56.4
56.4
58.1
57.3
57.2
58.6
59.7
59.6
60.6
60.1
58.4
59.1
61.1
61.2
63.2
63.2
70.3
71.7
68.0
70.5
70.0
72.1
70.5
75.4
81.2
82.4
83.7
80.3
80.5
77.9
77.3
77.2
79.3
81.9
80.6
80.8
77.6
77.8
81.2
76.1
77.2
77.2
74.5
71.0
69.5
67.8
68.2
67.7
67.4
66.5
65.8
66.8
64.4
62.4
63.6
62.5
62.9
62.4
62.1
60.7
60.3
59.5
58.4
64.3
77.2
73.1
63.7
58.3
56.6
56.6
62.0
58.6
52.6
50.8
48.2
47.4
46.4
46.1
45.0
44.6
44.5
45.5
45.2
47.4
44.9
44.3
44.2
42.5
42.8
41.8
41.2
41.4
41.6
42.4
40.2
39.1
40.7
40.2
39.9
40.5
41.7
41.0
41.0
40.6
41.5
42.3
43.7
43.8
44.6
43.9
44.3
44.7
43.5
45.2
44.8
45.7
47.4
48.2
47.9
47.6
47.9
48.7
49.4
49.9
52.0
50.1
48.6
47.8
50.4
49.2
48.8
47.4
47.8
49.5
48.9
48.6
48.8
49.7
49.1
49.0
50.9
50.8
53.7
59.2
54.7
52.4
50.7
50.3
50.1
48.8
49.3
49.7
50.3
50.3
50.4
54.2
51.1
49.8
49.7
56.9
58.1
58.8
57.9
58.3
57.3
62.7
68.0
63.1
62.1
60.4
57.3
55.6
55.1
54.9
54.8
55.8
55.7
56.0
56.7
58.1
58.5
58.0
55.4
55.8
55.6
55.0
55.7
56.5
57.6
61.3
59.6
58.1
56.7
55.3
54.6
54.8
53.6
51.8
51.5
49.6
50.1
49.1
47.9
48.3
47.6
47.8
47.0
46.4
46.0
46.2
47.4
52.2
51.6
49.3
47.2
45.7
40.6
140.0
97.0
49.2
45.3
45.2
45.0
45.6
46.1
46.0
45.3
45.4
45.1
45.0
26.1
102.9
155.0
168.3
137.6
45.3
45.3
46.5
47.9
46.7
46.2
46.2
46.7
47.2
47.4
47.5
47.9
48.4
50.0
49.4
49.7
50.8
49.8
49.9
48.2
48.0
47.7
47.9
48.1
48.5
48.2
49.0
47.9
47.6
53.7
56.6
55.2
54.3
51.4
49.8
52.1
52.4
54.2
55.1
61.1
60.2
66.9
69.4
65.3
68.1
74.8
84.3
82.4
82.6
74.9
76.3
64.4
60.8
60.9
55.7
55.7
56.5
53.4
50.3
52.0
50.2
51.8
52.4
50.8
53.5
55.3
52.0
54.1
52.2
51.5
52.8
52.8
55.2
54.8
55.2
52.3
54.3
55.3
57.7
60.0
60.8
60.6
59.3
55.3
55.1
54.3
54.2
55.9
55.5
57.3
57.3
56.4
55.6
55.0
55.6
52.6
53.8
54.7
53.9
53.2
53.3
53.7
52.6
51.2
48.9
51.1
48.8
48.3
45.2
44.6
46.6
47.2
47.4
49.9
50.3
52.5
53.8
53.4
52.6
52.1
50.9
52.1
50.5
50.1
50.0
49.3
49.9
49.0
50.7
50.2
50.6
51.4
51.3
52.1
52.4
52.2
53.4
52.6
53.9
53.8
55.2
56.8
57.1
131.6
107.7
55.1
55.2
54.4
54.1
51.4
53.7
55.4
55.8
58.3
57.9
58.6
58.0
57.4
56.5
55.4
52.5
54.4
54.9
55.0
56.5
53.6
56.5
55.6
59.9
60.0
59.3
58.6
60.7
69.1
72.9
76.0
77.6
76.1
75.4
71.1
68.2
67.4
64.9
63.7
62.8
62.1
60.9
59.8
60.1
59.5
59.4
58.7
57.5
57.8
59.4
57.5
56.2
56.7
55.6
55.3
54.3
55.7
54.7
55.0
56.4
56.8
57.3
57.2
56.6
57.6
56.8
57.6
56.5
56.6
57.8
57.1
58.0
57.7
58.1
58.7
56.9
57.7
57.9
58.1
60.0
58.4
59.0
59.1
59.5
59.9
61.0
61.8
71.3
71.9
70.5
72.6
75.2
72.7
73.3
71.9
70.2
69.7
68.1
69.5
69.3
74.2
81.6
80.3
83.0
81.0
74.8
74.3
71.9
70.8
69.4
68.3
67.5
67.8
67.9
65.9
64.2
64.3
62.9
62.5
61.9
61.9
61.8
62.0
62.3
62.3
62.1
62.5
62.7
63.0
63.8
63.3
64.2
64.7
65.6
65.9
65.6
66.9
67.5
68.9
68.1
68.0
67.7
68.1
67.2
66.7
66.5
66.4
67.1
66.8
66.8
67.3
67.6
68.3
68.4
68.8
67.7
68.8
69.0
69.1
70.2
69.9
69.0
68.4
68.0
67.3
67.1
66.5
67.4
66.7
67.3
67.6
67.9
68.5
69.2
68.9
69.2
69.2
70.0
70.0
69.5
69.1
68.4
67.7
67.3
67.3
67.2
68.5
68.7
69.1
70.1
70.3
70.3
71.7
71.2
71.9
71.1
72.1
72.3
72.0
73.3
76.2
74.3
76.1
73.1
74.2
73.6
74.2
75.0
73.8
75.5
74.7
74.8
76.1
76.6
82.0
97.0
100.4
105.9
106.1
100.7
92.9
90.5
87.0
86.6
84.8
82.7
85.2
83.2
84.3
84.1
84.3
85.0
84.7
84.7
84.7
85.2
85.1
85.0
85.4
85.3
86.7
87.1
87.9
86.1
87.0
86.7
86.8
84.2
86.1
99.4
103.9
100.9
94.8
91.8
89.7
87.6
84.9
85.6
83.5
79.8
80.8
82.8
82.0
82.5
83.0
83.5
82.5
80.0
80.6
80.9
78.7
77.8
77.4
76.9
75.7
74.8
75.5
73.9
73.5
72.8
75.2
72.8
72.8
71.9
71.8
71.3
71.3
70.3
69.7
69.5
69.1
69.7
68.2
69.5
68.6
69.3
69.7
69.5
69.0
68.8
67.2
68.6
67.3
67.5
67.1
66.1
65.8
65.4
64.3
64.8
65.1
64.4
64.8
65.2
65.6
65.0
65.3
64.6
66.9
66.4
66.6
66.7
67.4
66.8
65.3
64.3
64.7
62.7
64.0
63.9
64.2
62.4
63.5
63.5
67.1
82.0
93.1
100.2
105.3
104.8
100.5
91.4
94.1
92.0
90.0
93.7
88.4
87.5
83.7
83.4
80.0
79.4
77.6
76.0
76.3
74.5
72.6
72.9
73.2
73.4
74.0
72.7
72.5
70.4
68.6
67.6
68.0
66.1
66.4
66.5
66.1
67.2
67.9
69.0
68.8
66.8
66.9
66.9
66.5
66.3
66.7
67.0
67.7
67.4
67.6
68.6
67.4
68.4
68.7
69.0
69.0
70.4
71.5
74.2
69.8
68.4
67.8
66.3
66.0
67.0
68.5
68.5
70.4
69.5
70.5
69.4
69.4
68.2
68.1
67.7
68.0
68.1
68.5
68.0
68.8
68.5
69.1
69.0
68.5
69.2
70.0
69.3
69.3
69.9
69.0
69.9
69.1
69.4
69.3
69.1
68.6
69.3
68.1
68.5
68.3
68.3
68.4
67.7
67.1
67.1
66.5
67.0
67.4
66.7
66.4
65.9
66.9
77.4
90.8
91.3
89.5
85.6
85.1
86.4
87.2
86.7
82.5
79.9
76.9
74.3
76.3
75.3
74.2
74.0
73.7
74.2
73.9
73.7
73.2
73.4
73.6
74.7
75.5
78.5
81.7
83.9
81.5
80.9
79.8
80.8
81.0
81.5
81.3
79.8
79.3
78.4
77.2
77.3
77.0
76.2
76.3
74.2
73.2
71.1
68.4
67.0
68.4
66.9
67.6
67.5
68.0
68.1
68.1
68.9
69.4
69.5
69.1
70.5
70.0
70.2
70.1
70.2
68.8
68.6
68.4
70.4
68.9
69.5
69.0
69.8
69.0
68.7
68.9
69.9
69.3
69.8
71.1
69.8
70.7
70.2
70.4
71.2
71.2
69.7
70.2
70.7
70.7
71.0
70.9
78.6
94.4
101.6
101.2
105.1
105.6
102.1
98.3
96.1
94.5
92.2
87.9
84.7
81.4
79.8
77.9
77.7
76.8
76.9
75.5
76.0
74.4
74.0
72.8
72.3
71.1
69.8
70.1
70.0
70.3
70.5
69.7
69.7
70.4
69.2
70.1
70.3
69.9
70.0
70.4
69.2
70.7
69.8
70.3
70.4
71.5
71.7
72.4
72.3
71.8
72.0
72.8
72.3
72.3
73.6
73.5
73.3
72.7
73.2
72.8
73.1
72.4
72.6
72.8
73.9
73.8
74.3
73.6
73.5
74.0
74.9
74.9
74.3
75.2
75.8
75.3
75.7
76.4
75.5
76.4
76.4
76.6
76.8
76.9
76.0
76.3
77.1
75.9
76.9
77.4
76.4
75.0
76.2
75.2
75.6
75.4
74.9
75.9
76.4
75.1
75.6
75.2
74.4
74.9
74.9
74.3
75.1
75.4
76.2
76.5
75.8
76.9
76.0
74.2
73.3
72.4
71.2
72.0
71.7
71.8
72.2
73.4
73.2
74.0
74.7
75.1
74.7
75.7
75.1
75.3
75.9
75.6
75.8
77.4
77.1
76.6
78.0
77.1
78.0
78.5
82.0
101.9
112.5
113.6
114.69999999999999
69.1
107.7
109.2
107.0
103.1
101.0
102.6
105.1
102.8
102.2
103.7
99.6
99.7
95.6
92.0
92.4
91.0
89.0
90.2
93.4
96.0
96.4
95.1
93.9
94.1
95.3
92.7
98.3
97.9
94.4
94.7
90.4
87.9
88.5
89.0
86.2
86.4
83.1
82.0
78.6
77.5
73.8
78.1
81.5
81.2
80.0
79.7
78.4
79.2
82.2
90.8
90.3
85.7
81.9
90.7
182.0
70.8
77.9
78.3
76.6
76.1
75.2
75.8
74.1
73.0
73.9
73.6
73.0
73.0
73.4
72.3
72.6
71.5
71.7
69.5
69.1
67.9
66.7
65.6
65.0
65.4
65.8
66.0
66.4
66.1
66.2
66.9
67.8
67.8
67.1
67.8
67.9
69.1
68.1
67.9
67.4
67.1
66.5
67.3
68.2
66.9
64.9
63.6
62.5
61.9
61.5
61.5
61.6
61.0
61.6
60.9
61.7
61.0
62.1
61.6
62.5
62.6
63.2
63.0
62.8
62.3
63.3
62.5
63.0
64.1
85.4
94.7
95.5
94.8
96.6
99.2
101.8
101.2
100.2
99.2
95.0
92.2
87.9
84.2
80.9
79.1
76.6
77.0
75.2
74.3
73.0
72.7
71.7
70.5
70.4
69.3
69.0
68.7
70.7
80.7
98.3
103.3
103.2
101.4
100.3
98.3
98.4
97.1
95.4
92.9
90.6
88.6
87.3
85.8
85.4
83.8
82.8
82.9
80.0
77.9
75.7
73.2
73.2
74.8
72.8
74.2
73.8
73.0
70.1
69.2
66.6
65.4
65.3
65.6
65.0
65.0
65.7
66.1
66.2
66.3
65.8
66.4
75.4
81.7
86.2
84.8
82.0
80.4
80.7
80.5
86.7
93.4
93.0
92.1
90.8
91.2
91.0
89.4
86.8
85.1
86.6
84.4
84.3
83.4
93.9
67.2
81.9
88.2
83.8
81.6
79.2
78.1
77.4
78.9
90.1
89.6
85.7
83.4
80.4
78.8
77.9
75.2
73.3
72.4
70.4
69.1
69.6
67.6
67.6
67.1
67.2
66.0
65.7
65.9
67.6
67.6
67.5
67.0
66.8
67.0
66.5
67.1
67.4
66.4
67.0
67.5
66.7
66.9
66.8
66.9
66.5
67.1
66.7
67.1
67.2
67.7
66.8
66.8
67.3
67.2
67.4
67.9
67.5
67.9
68.4
67.8
67.9
67.2
67.0
66.7
66.9
67.0
66.5
67.2
67.3
66.5
66.4
68.7
69.7
68.4
67.9
66.8
66.1
65.5
65.3
65.8
65.9
66.3
66.1
66.2
66.5
66.3
66.4
66.0
64.6
64.6
64.5
65.0
64.7
64.7
65.0
64.7
64.6
64.4
64.9
65.0
65.7
64.8
65.5
65.7
65.7
65.7
66.5
66.2
66.5
65.8
66.6
74.7
87.0
98.4
104.7
101.7
99.1
101.9
95.4
96.4
90.3
88.0
91.0
88.7
88.6
84.6
82.6
80.9
80.0
81.2
79.0
79.2
77.9
80.8
81.7
80.7
80.0
79.0
80.1
79.6
80.5
80.2
78.9
78.7
82.3
81.9
81.4
79.7
78.9
77.5
77.1
75.7
74.6
75.2
77.8
77.5
76.8
76.8
75.2
74.7
74.3
73.7
73.5
73.5
72.7
72.5
72.8
73.0
72.8
74.0
73.5
74.1
73.8
74.2
73.9
75.4
75.0
75.4
76.0
75.6
75.8
75.8
76.1
74.8
74.2
74.1
74.9
74.9
76.1
76.1
75.8
74.4
74.4
73.3
74.7
74.4
89.4
102.2
105.3
103.4
107.2
110.8
112.8
109.4
104.9
101.9
98.2
94.5
91.9
90.9
88.0
85.8
85.4
83.4
81.7
79.3
77.0
76.5
77.5
76.8
76.2
73.6
73.2
72.3
75.0
73.3
77.8
78.1
81.8
83.7
81.3
79.0
80.4
87.1
102.2
94.7
82.1
177.5
159.3
87.0
83.0
81.0
79.2
77.6
71.6
70.2
66.4
64.0
63.3
68.9
78.2
79.7
68.0
63.5
59.7
57.2
55.5
56.7
58.4
59.1
59.1
57.0
57.9
57.7
56.6
56.7
56.7
55.8
56.6
56.2
58.1
65.0
70.6
72.4
70.9
68.0
70.5
68.6
68.1
64.6
66.4
63.8
64.9
62.8
61.9
59.9
58.5
57.7
57.5
58.5
58.7
58.3
56.9
54.4
52.7
51.9
51.6
52.4
52.2
52.0
52.7
57.2
63.0
63.0
63.8
64.1
63.4
63.3
62.4
62.3
61.6
59.7
60.3
63.1
72.6
75.7
74.6
72.1
70.4
69.3
70.4
67.9
67.1
66.3
66.4
64.3
64.7
62.8
61.6
61.1
61.6
68.9
73.6
79.0
74.3
73.0
69.9
68.5
67.0
66.7
64.1
63.0
61.1
59.8
58.9
67.3
75.0
78.1
74.1
73.1
70.3
67.2
66.0
64.5
64.1
64.3
64.4
63.2
63.8
63.4
63.8
62.9
63.2
62.9
63.5
62.1
61.3
61.2
62.3
60.8
60.5
60.1
61.4
59.8
59.8
61.6
76.1
85.3
87.8
89.5
90.0
89.4
87.2
88.8
87.3
88.0
86.4
85.9
85.4
83.9
84.1
83.3
81.5
79.2
76.5
77.2
77.7
78.2
80.4
79.9
78.6
76.4
77.4
88.1
93.3
95.7
105.9
99.5
93.5
89.1
84.6
83.0
90.9
87.6
84.0
85.3
85.6
84.7
81.4
80.8
77.8
78.6
82.0
81.2
79.6
80.8
79.5
80.7
78.9
78.6
78.1
78.0
78.4
79.2
77.5
77.0
76.0
77.8
82.3
80.6
78.9
78.3
77.3
74.7
74.8
76.5
79.5
77.2
77.4
75.9
77.6
80.1
87.4
92.3
89.3
89.9
91.8
89.1
87.0
87.1
85.4
82.9
82.5
94.7
95.9
104.4
101.8
97.0
94.0
91.0
89.3
88.9
88.6
84.2
82.7
82.2
80.8
78.3
78.3
76.1
82.2
86.0
86.9
85.4
86.4
92.7
86.1
86.5
82.9
79.5
78.4
76.5
75.6
76.9
77.9
79.5
78.2
76.2
74.9
74.1
74.5
73.7
74.4
73.9
74.8
73.3
72.5
75.0
74.5
71.2
69.2
67.5
68.6
74.7
107.6
110.0
100.2
92.9
87.9
82.3
82.5
91.7
88.3
83.2
76.6
72.8
73.5
73.6
74.9
75.3
74.5
72.4
71.6
71.2
68.0
69.0
71.2
70.4
72.1
71.1
66.6
64.8
64.1
65.2
64.5
66.8
66.8
65.8
66.8
67.3
65.7
64.4
63.7
62.6
62.6
62.0
63.0
63.5
64.1
63.5
63.1
62.4
61.8
61.6
60.8
61.5
60.0
60.2
60.3
67.2
83.3
88.8
82.0
77.8
72.5
68.8
68.1
66.0
66.5
66.5
65.2
64.7
63.8
62.1
61.2
60.2
60.1
59.3
59.4
59.4
59.8
60.7
60.5
60.5
60.2
60.5
60.3
59.6
59.7
60.4
60.2
60.5
59.5
60.8
61.0
61.2
60.4
58.1
58.0
57.0
58.1
60.4
61.5
65.3
71.2
77.5
80.4
79.2
78.4
68.4
119.7
100.9
81.0
82.9
83.8
84.1
84.6
87.3
91.9
82.7
84.8
74.6
71.9
69.0
67.3
64.8
63.6
62.0
61.8
60.0
59.0
62.2
70.4
70.3
69.8
66.4
63.3
63.5
64.5
63.6
62.1
61.2
60.5
73.6
82.6
82.2
75.7
69.4
67.8
66.6
66.4
64.0
63.9
65.1
62.8
61.5
61.6
60.7
60.0
59.5
59.9
59.4
58.8
57.4
57.4
56.0
56.8
55.5
55.8
55.0
55.5
56.2
64.8
73.1
75.8
75.6
75.3
73.3
71.4
70.6
68.1
66.3
67.3
67.4
70.1
69.5
67.7
66.5
63.8
66.3
64.6
64.4
65.4
68.0
80.0
102.8
102.9
105.5
99.0
88.6
84.1
81.7
78.2
72.5
68.7
65.6
65.8
69.4
68.7
69.0
67.1
63.1
60.8
60.9
60.6
62.5
64.8
64.5
63.3
63.0
61.5
62.1
64.1
64.9
63.3
62.7
65.2
66.4
64.5
63.0
66.5
65.0
65.8
63.4
64.7
63.0
64.0
63.0
68.4
68.7
72.5
69.1
66.9
65.9
64.2
63.5
63.4
63.8
64.8
66.4
63.9
63.2
62.9
61.2
65.9
65.9
63.1
60.9
69.2
75.8
77.2
72.6
67.4
65.1
64.7
62.5
61.3
60.3
61.9
61.7
63.4
64.8
62.8
61.2
60.3
61.0
63.6
72.1
76.4
77.9
78.7
80.8
79.2
79.9
78.4
77.0
78.4
77.4
79.0
81.0
92.8
95.2
95.7
105.2
92.6
86.5
82.6
82.8
77.5
74.8
76.9
78.4
75.7
76.9
79.6
78.2
79.8
80.4
74.7
81.4
78.1
74.3
73.1
70.6
66.2
64.0
65.4
62.2
61.2
59.2
58.1
58.4
58.3
58.8
59.1
58.8
59.4
59.1
58.3
58.1
59.0
73.4
71.2
65.1
65.2
61.3
58.8
56.6
55.1
54.7
54.4
54.3
53.7
53.2
53.1
53.7
53.9
53.7
54.0
53.1
53.7
52.1
53.0
54.7
57.5
66.3
74.3
79.5
80.8
80.6
79.6
76.7
73.8
70.2
67.3
65.0
62.6
61.4
59.2
58.9
58.9
57.9
58.0
56.9
56.3
53.7
53.5
52.4
58.8
83.5
90.1
93.0
92.4
89.0
83.1
80.3
77.5
78.6
76.0
75.0
72.2
69.5
71.1
70.1
67.8
66.7
64.8
64.2
62.5
61.9
68.9
61.1
72.1
91.8
85.5
79.2
78.2
75.9
72.1
70.1
68.3
67.2
64.6
63.5
61.1
59.2
59.2
57.5
55.1
54.0
55.1
55.4
54.1
55.7
60.3
63.0
70.6
69.9
65.4
63.0
64.2
62.9
62.0
60.1
59.9
58.8
58.0
58.0
58.2
57.4
57.4
58.5
58.2
57.1
57.2
57.8
57.2
58.2
58.1
59.8
59.2
58.8
57.8
57.9
58.0
57.9
58.5
57.6
57.5
57.8
59.0
58.6
58.4
58.6
57.9
57.7
56.8
55.5
55.3
55.4
55.8
56.0
56.3
55.9
55.2
54.5
55.3
55.2
55.0
55.4
55.1
57.2
56.6
56.0
54.8
54.0
53.0
53.1
52.8
53.0
54.2
54.2
53.6
52.9
52.2
56.4
56.7
55.9
54.2
55.0
54.3
55.0
57.4
61.5
65.8
67.6
68.3
67.3
67.3
65.6
64.7
63.5
62.5
61.5
61.6
61.5
61.9
61.8
62.0
60.8
61.3
61.3
61.9
61.4
61.7
62.0
62.1
61.9
61.6
62.1
61.4
62.5
62.1
62.3
61.7
62.5
62.2
62.3
61.9
62.6
62.5
62.2
62.5
63.1
63.1
63.1
63.1
63.1
62.0
61.7
61.1
62.1
62.3
61.9
61.8
61.9
61.8
62.5
62.2
62.7
63.5
62.7
63.8
61.7
62.1
62.0
62.1
62.0
83.2
100.1
99.4
97.4
96.3
96.3
96.7
93.7
93.5
92.2
90.7
88.5
90.5
87.7
84.7
81.7
79.6
81.5
89.5
97.8
97.3
97.2
101.6
99.1
98.9
96.1
99.8
98.3
96.2
100.0
100.6
92.6
98.2
93.3
91.4
98.6
100.0
100.9
95.7
95.1
93.3
97.7
95.1
91.6
100.0
91.8
96.1
99.0
102.9
105.2
102.1
95.4
97.4
95.3
85.0
86.2
81.5
85.9
84.2
79.5
77.3
78.5
83.8
88.5
91.1
90.4
86.0
80.7
78.2
76.8
75.7
76.5
78.2
79.8
79.3
78.1
77.7
76.6
79.5
105.3
110.7
100.5
93.2
87.6
88.4
90.9
93.5
94.2
94.8
94.0
92.6
92.1
91.2
90.9
90.9
90.5
89.5
90.2
90.0
96.8
100.5
106.3
108.4
103.6
97.7
92.2
91.6
89.0
84.7
81.6
80.2
78.0
76.6
75.6
75.0
73.7
74.5
75.5
74.3
73.7
73.6
72.2
71.0
70.8
70.5
69.1
68.6
66.9
67.9
67.2
66.7
65.2
65.2
63.9
64.5
63.4
62.4
64.5
65.3
64.0
62.2
61.0
60.0
61.8
60.6
58.6
58.7
57.2
57.0
57.9
58.9
58.0
58.3
58.5
57.8
57.9
58.7
57.2
57.3
61.3
77.3
81.9
80.9
80.0
78.2
77.4
74.4
71.9
150.4
75.0
72.0
66.3
63.2
62.2
62.2
60.5
61.5
60.7
61.2
60.6
61.1
60.7
60.7
60.3
60.7
61.3
61.2
61.0
60.9
60.6
59.2
59.5
59.8
59.1
60.0
60.2
60.4
59.8
58.6
58.8
57.3
56.4
55.0
55.9
56.1
57.1
56.9
57.2
56.5
56.4
56.4
57.6
58.2
58.9
58.9
58.8
58.6
58.4
58.9
58.4
58.0
57.4
57.4
58.1
57.6
57.5
58.5
58.0
57.5
56.9
56.1
57.1
56.5
57.6
57.9
57.5
57.8
57.3
56.5
58.4
58.1
58.3
58.0
58.7
58.1
56.8
56.8
55.8
55.6
55.1
55.7
57.1
56.9
57.2
57.1
56.4
56.1
56.8
57.9
58.3
56.7
56.7
55.0
54.8
56.4
57.9
57.6
57.8
57.0
57.2
57.2
56.6
57.3
57.5
57.7
57.0
57.1
56.9
57.0
57.8
57.8
58.0
57.2
56.6
57.0
57.6
57.2
57.0
57.1
57.1
58.1
57.9
57.6
59.3
58.3
57.4
57.0
57.0
57.4
57.1
57.4
57.1
56.9
56.2
56.8
57.5
57.9
58.0
59.4
58.3
58.2
59.2
57.6
56.9
55.7
55.6
56.0
56.7
56.9
57.9
57.0
57.6
58.8
58.6
58.4
58.5
61.8
65.8
70.6
71.1
73.7
83.2
87.7
92.5
97.3
105.3
103.4
99.0
98.3
96.4
96.4
94.5
92.0
97.9
99.8
101.1
102.6
98.3
96.5
95.7
94.8
91.4
90.7
88.3
88.8
86.7
88.3
88.0
87.2
90.2
87.8
85.2
82.0
82.7
83.9
84.8
91.2
89.3
85.1
83.4
82.4
83.4
94.4
93.7
74.7
73.5
71.3
70.0
70.4
73.2
75.2
76.9
80.4
81.2
82.5
83.8
83.4
81.6
81.0
81.4
81.2
80.4
80.1
79.5
80.1
79.1
78.0
77.6
77.4
77.2
77.4
77.8
77.5
78.1
77.3
76.5
75.2
74.7
76.4
75.5
74.8
74.7
75.2
74.3
73.7
75.7
85.3
90.7
95.9
100.4
99.8
98.0
99.8
99.2
92.3
87.1
84.6
83.3
82.3
81.0
79.2
77.7
77.6
78.9
75.8
73.9
73.5
73.6
73.5
72.8
75.1
74.8
78.7
87.0
90.0
91.9
92.3
91.6
89.8
85.3
82.9
85.4
82.6
79.3
76.7
74.3
71.7
69.9
72.0
79.4
80.4
79.2
76.6
74.5
72.6
72.3
72.9
71.4
76.3
80.4
79.1
78.3
75.3
73.0
71.7
71.0
70.4
70.4
71.0
72.1
73.0
74.0
73.6
74.1
71.6
70.2
71.0
71.4
70.7
70.2
69.6
71.6
69.8
70.0
69.1
68.3
67.5
60.9
63.9
65.5
72.9
73.9
75.0
78.5
86.2
87.7
87.4
84.9
79.3
74.3
68.7
64.7
62.4
59.1
57.9
57.7
58.5
58.5
58.5
58.6
59.9
62.3
61.2
52.5
89.0
74.9
66.6
65.1
64.2
64.0
63.1
63.6
63.1
64.0
64.7
64.2
65.3
65.0
65.2
63.7
62.9
62.8
63.0
63.6
65.1
71.2
73.7
68.8
60.6
56.1
55.6
57.2
60.6
62.6
66.7
67.2
68.9
69.2
71.1
70.5
71.4
71.3
70.9
71.4
70.3
70.8
71.2
72.4
74.7
77.4
82.8
78.6
70.7
67.0
64.1
64.2
64.8
66.0
66.7
68.6
69.8
70.1
70.5
71.2
71.3
71.9
72.3
72.5
72.0
72.3
73.0
72.0
73.2
72.3
72.5
71.4
71.2
72.6
71.7
71.1
70.7
70.2
70.0
70.2
70.6
71.6
71.3
71.4
73.9
74.6
74.7
75.0
73.5
78.9
96.8
105.0
107.0
107.8
105.3
105.2
104.6
106.2
106.4
105.8
104.1
103.2
99.6
95.3
94.9
94.6
94.3
96.3
93.6
94.9
96.4
103.1
99.7
96.6
95.7
94.7
92.7
92.4
92.9
91.7
91.8
94.5
93.4
95.4
95.3
95.7
96.0
98.0
95.9
94.0
94.6
97.5
99.3
100.1
101.3
102.4
95.3
91.0
88.7
86.3
88.7
85.4
84.1
82.7
82.6
82.3
84.8
84.4
83.6
79.4
77.8
76.3
76.6
76.8
77.1
79.9
80.0
83.6
86.8
89.0
90.8
92.5
92.2
90.9
91.2
90.0
86.7
89.7
84.5
85.6
86.3
87.4
86.6
86.0
90.5
86.2
83.9
85.8
82.1
80.9
78.8
77.2
76.6
75.1
75.1
75.9
78.7
77.2
78.8
83.6
80.6
78.1
76.3
74.1
72.6
72.0
72.6
70.8
72.0
71.3
72.4
72.3
71.6
70.7
71.5
72.1
71.9
75.2
86.2
91.9
91.5
93.1
91.0
85.6
83.7
82.8
81.2
77.9
76.6
75.6
73.8
73.1
72.5
71.4
71.4
70.9
71.8
72.4
73.7
78.8
89.7
96.7
101.6
103.7
109.8
107.6
109.2
107.5
111.2
108.7
104.5
96.2
88.1
86.9
86.8
93.3
95.5
91.5
89.2
88.9
89.5
88.4
83.5
80.5
77.5
76.2
72.0
70.9
69.3
67.4
78.6
104.8
96.3
102.5
107.0
96.3
93.2
92.6
92.0
88.0
84.7
83.6
80.4
79.0
78.0
76.8
76.2
75.3
76.7
76.1
75.9
74.6
74.8
76.3
76.1
76.9
78.4
76.3
76.0
80.9
83.8
81.8
78.7
77.2
76.6
75.7
74.8
74.2
73.7
73.5
72.9
74.0
75.1
74.1
74.1
75.0
75.3
75.0
74.3
74.1
75.0
74.4
73.4
73.5
72.8
73.2
73.5
72.7
72.3
72.5
72.9
73.3
72.4
72.8
72.9
72.3
74.1
73.9
79.8
93.9
98.1
97.8
98.1
96.7
93.6
90.0
88.0
86.8
85.8
83.0
79.2
77.4
74.2
72.8
71.5
71.0
70.7
70.9
70.9
70.9
71.7
72.3
72.2
71.6
71.3
71.4
71.9
72.4
72.0
71.9
72.0
71.7
71.3
71.2
71.3
70.8
72.2
72.5
72.1
72.0
72.6
73.1
74.1
73.8
72.5
73.2
72.7
73.3
73.1
73.6
73.8
74.5
74.5
75.0
75.2
75.1
75.6
75.6
75.3
76.0
75.5
76.1
75.8
75.7
75.2
75.2
75.1
75.3
75.0
75.4
75.6
76.1
76.2
75.8
75.9
75.6
75.7
76.0
76.3
76.1
76.2
76.8
77.0
76.9
76.6
75.1
74.7
74.1
73.4
73.1
73.1
73.1
73.7
73.4
73.2
74.2
74.4
74.7
74.3
74.8
74.8
75.4
75.5
75.7
75.4
75.7
75.2
75.7
76.0
76.2
75.7
75.5
75.5
76.0
77.5
76.8
76.4
76.2
76.0
75.6
87.5
95.0
104.2
105.7
100.7
97.7
97.3
98.0
95.1
93.1
92.3
90.7
92.2
91.1
89.1
89.6
88.1
86.4
84.5
84.9
88.1
86.6
89.3
84.1
86.8
83.1
80.1
79.7
78.3
79.4
79.0
80.4
80.9
80.3
81.4
80.0
80.1
82.7
83.1
91.5
97.9
96.7
87.2
86.2
85.6
104.0
91.4
85.0
82.6
81.2
80.1
81.0
83.0
93.0
102.7
110.3
91.5
104.8
86.7
82.8
80.9
80.8
81.8
90.5
83.5
81.7
83.7
79.3
80.2
84.6
90.6
88.1
89.3
84.4
86.0
83.2
81.7
84.7
88.2
93.0
86.3
82.5
78.7
77.4
76.5
75.3
73.4
76.3
75.0
73.0
74.3
78.7
77.6
95.7
127.3
131.4
120.3
103.8
91.8
86.7
82.2
79.1
78.0
76.0
75.8
72.2
58.7
75.8
79.3
73.5
63.6
60.9
72.7
63.6
79.6
103.9
93.4
78.0
66.1
59.1
55.3
53.6
52.1
54.9
64.0
80.6
91.8
84.7
84.1
78.1
73.6
73.2
70.4
69.1
68.2
67.8
65.9
65.7
63.7
62.4
61.3
61.2
60.9
61.5
60.9
60.4
59.9
58.6
57.3
57.2
56.1
57.1
57.9
57.7
59.0
59.1
58.9
57.7
57.1
59.9
105.7
123.9
122.0
118.8
154.0
121.3
111.6
105.8
98.7
97.2
91.8
81.4
73.7
68.5
66.2
64.0
63.0
62.5
61.7
62.2
63.0
63.2
63.3
64.3
65.8
67.6
67.6
69.5
71.5
74.2
75.8
78.6
80.8
83.0
82.4
83.2
83.7
85.2
87.1
88.0
85.9
87.0
87.9
89.0
92.4
94.2
98.1
95.9
88.8
87.5
88.4
98.0
88.2
87.4
89.9
92.3
90.5
91.4
90.0
89.6
90.8
91.0
91.9
85.4
82.1
83.2
90.7
93.2
85.9
88.1
84.7
85.5
86.2
88.7
86.9
89.0
86.7
87.7
93.7
91.7
91.0
90.4
94.6
97.3
96.6
94.4
94.0
92.7
91.4
90.8
91.1
93.4
94.7
94.7
94.9
96.5
96.1
96.6
96.6
96.3
96.5
97.8
98.1
98.1
101.9
116.3
113.9
115.2
111.3
119.7
118.7
114.5
108.4
107.2
104.2
100.9
98.8
95.6
86.7
89.1
90.8
94.8
93.4
93.5
96.5
95.1
96.1
95.4
93.1
95.0
95.6
94.2
93.0
92.7
95.0
96.3
94.7
97.8
95.1
94.7
94.4
93.2
93.0
93.2
91.7
92.1
93.2
93.2
93.4
98.7
98.0
96.0
95.7
99.2
100.2
98.6
95.8
94.1
93.7
92.0
91.1
90.5
90.3
89.6
89.2
89.4
89.9
88.6
89.1
89.3
90.3
89.8
90.6
91.2
90.7
92.4
93.7
94.7
94.9
94.5
94.3
95.8
94.6
93.7
93.5
100.4
101.6
98.1
95.8
95.8
94.3
96.8
95.4
95.4
94.4
92.9
94.9
94.3
91.3
88.9
90.3
100.9
108.6
101.7
96.9
93.5
87.9
85.2
83.6
81.4
80.0
78.9
79.4
79.9
83.9
84.7
84.9
86.0
87.5
90.0
91.7
92.4
93.6
95.9
95.3
95.5
95.9
95.6
94.2
94.6
94.1
95.7
96.0
100.0
102.8
103.3
103.3
106.9
115.5
111.0
101.9
98.0
93.4
90.3
88.7
87.1
87.1
85.9
86.1
87.6
87.7
88.4
89.7
90.6
90.3
90.4
91.1
90.6
91.0
91.5
92.3
91.1
91.7
91.1
91.4
91.3
91.4
93.1
93.0
93.6
94.1
92.7
91.4
91.6
91.0
91.1
91.3
91.0
89.7
90.3
90.8
92.5
91.0
91.0
90.9
91.8
91.5
92.8
92.5
92.1
92.8
92.5
93.0
92.8
93.4
92.9
92.6
93.2
96.1
105.7
115.3
108.5
106.6
105.0
101.6
101.4
99.9
99.0
99.6
104.1
96.8
98.8
100.4
102.7
101.7
97.0
95.6
91.9
97.7
97.3
97.8
99.1
97.4
94.4
92.6
93.1
92.1
93.5
104.0
106.7
119.4
112.2
111.9
106.7
104.3
110.9
106.6
99.8
91.9
89.9
87.5
85.6
84.6
83.7
83.8
83.9
83.0
84.3
85.3
85.9
85.7
87.3
86.2
86.3
85.9
86.7
86.5
87.1
87.2
87.1
87.8
87.9
88.6
88.5
89.1
89.2
89.1
89.4
89.5
89.1
89.7
90.0
90.1
90.6
91.4
91.0
91.5
90.6
90.4
90.8
92.4
92.0
92.1
93.3
92.6
92.7
93.0
92.9
93.0
92.8
91.8
92.8
92.8
93.2
94.0
95.4
95.8
94.1
93.8
94.8
93.7
93.9
93.7
92.7
93.0
92.1
92.4
93.5
92.0
91.7
92.3
91.7
91.0
91.4
93.2
92.9
93.1
94.0
92.0
92.6
91.2
92.9
91.3
91.9
91.7
91.4
90.3
90.3
90.6
91.7
91.3
92.4
92.9
92.2
93.8
93.5
92.2
91.8
91.7
93.8
92.1
90.7
92.1
93.4
93.0
92.5
93.2
93.8
93.7
96.1
95.9
96.1
95.5
97.0
136.3
149.7
121.4
98.0
96.4
96.2
97.8
98.2
97.2
98.9
98.9
98.3
98.4
97.9
98.8
99.2
98.8
99.9
99.7
99.8
98.9
97.5
95.7
96.9
97.3
96.5
98.3
98.1
97.7
98.1
107.4
116.1
116.9
110.6
111.3
106.9
101.7
102.5
98.5
102.0
97.9
100.6
100.4
99.3
97.2
99.3
97.5
103.0
100.2
96.8
93.3
91.6
88.9
88.3
87.7
89.8
88.6
89.3
89.5
90.2
90.2
91.3
102.4
103.6
100.3
98.6
101.5
100.1
98.8
96.7
100.2
104.8
100.6
96.6
105.6
127.0
121.5
111.7
110.7
104.8
99.5
96.9
94.0
92.0
92.5
88.8
90.1
96.5
95.1
94.8
96.2
93.4
93.3
88.2
85.4
82.7
82.2
78.8
77.7
75.1
73.8
73.7
77.3
83.6
79.5
78.3
75.7
72.9
70.8
70.6
70.8
69.3
70.7
70.5
69.7
69.8
70.7
71.8
70.9
71.0
72.9
72.4
71.9
73.5
72.0
72.1
72.7
72.8
74.2
74.4
74.7
74.5
73.6
75.1
75.5
75.4
74.9
73.6
73.3
73.5
72.1
71.6
72.4
71.7
72.7
72.6
71.7
71.2
69.6
69.8
69.5
68.8
69.4
67.6
68.1
68.9
67.4
66.9
66.9
65.9
67.8
67.8
67.4
68.5
68.3
70.1
70.1
70.6
71.0
70.6
69.5
70.3
69.0
69.6
70.3
69.7
70.9
71.9
71.7
72.2
73.2
72.4
72.9
71.3
69.5
70.0
71.3
70.6
69.6
69.5
70.2
69.2
69.6
71.4
70.9
70.8
71.4
71.9
73.9
72.5
71.5
73.6
73.6
74.5
82.2
102.9
101.8
99.3
85.9
95.7
92.6
91.9
90.7
91.4
90.0
98.4
91.0
87.4
91.7
92.7
93.8
99.3
101.1
92.9
88.2
83.0
83.0
80.1
79.4
80.5
75.4
76.5
77.8
80.8
76.4
74.7
74.2
75.6
77.8
79.6
75.3
74.5
72.7
77.3
77.5
80.2
80.4
81.0
81.3
79.6
79.8
84.4
85.5
85.3
84.4
81.4
83.3
84.9
84.5
82.8
84.0
82.4
80.4
77.8
77.0
82.0
81.7
88.7
83.7
81.6
80.9
82.2
77.9
80.6
76.4
73.2
78.6
73.8
73.6
77.1
76.4
76.8
80.6
74.9
71.6
70.0
70.6
75.3
73.4
71.9
71.5
71.8
71.8
74.3
72.4
69.8
68.9
76.1
73.4
72.3
68.9
66.0
78.3
80.3
74.2
80.4
73.1
69.4
85.4
83.0
91.9
102.2
99.9
117.2
124.3
118.0
115.9
108.8
103.9
100.0
96.7
93.4
91.9
88.3
90.7
86.6
87.4
81.9
87.0
85.1
80.3
82.9
86.4
83.7
82.4
81.7
81.2
84.0
86.0
85.2
85.2
83.8
84.4
80.7
80.3
80.5
79.2
82.4
83.7
97.3
115.9
104.4
102.6
96.9
94.0
89.2
86.6
87.0
84.3
81.8
82.9
79.3
76.5
75.8
74.3
74.1
73.9
74.2
72.6
74.0
73.7
76.6
76.7
77.1
76.3
75.2
76.1
75.1
76.2
74.7
76.1
77.6
75.0
73.1
72.7
72.1
76.4
74.5
77.6
76.6
75.0
74.8
75.6
72.9
71.8
69.4
70.8
72.4
72.1
72.3
72.1
72.9
80.0
81.5
82.6
78.1
78.0
78.0
74.9
74.1
72.7
71.6
72.1
73.7
73.0
73.3
73.1
72.5
73.4
73.7
73.7
73.4
73.2
73.8
71.7
71.3
74.2
71.7
74.5
83.3
87.0
92.4
85.0
83.8
84.3
81.8
88.1
111.9
106.0
97.9
95.3
90.4
93.9
88.9
88.5
87.3
83.3
82.7
83.3
85.3
86.3
85.4
85.4
84.6
82.9
81.3
80.6
79.6
79.6
78.7
77.9
79.9
77.9
78.2
78.5
77.5
77.7
78.4
77.3
77.1
77.2
76.2
77.4
78.7
77.3
75.9
75.6
75.4
74.2
73.6
74.4
73.3
73.8
74.1
72.6
73.9
73.5
72.7
73.9
72.5
72.1
72.3
72.6
72.7
72.9
72.7
73.5
73.2
72.3
73.8
71.8
71.5
73.2
72.0
73.0
73.4
73.9
75.7
75.2
75.4
76.5
75.5
75.8
74.6
76.3
77.1
76.8
76.8
77.8
76.1
75.3
76.5
76.4
77.5
77.1
76.1
77.6
76.8
76.0
76.7
78.2
87.1
94.8
96.7
102.8
104.0
101.9
102.2
100.5
98.8
100.43069306930693
100.39603960396039
100.36138613861387
100.32673267326733
100.29207920792079
100.25742574257426
100.22277227722772
100.18811881188118
100.15346534653466
100.11881188118812
100.08415841584159
100.04950495049505
100.01485148514851
99.98019801980197
99.94554455445545
99.91089108910892
99.87623762376238
99.84158415841584
99.8069306930693
99.77227722772277
99.73762376237623
99.70297029702971
99.66831683168317
99.63366336633663
99.5990099009901
99.56435643564356
99.52970297029702
99.4950495049505
99.46039603960396
99.42574257425743
99.39108910891089
99.35643564356435
99.32178217821782
99.2871287128713
99.25247524752476
99.21782178217822
99.18316831683168
99.14851485148515
99.11386138613861
99.07920792079207
99.04455445544555
99.00990099009901
98.97524752475248
98.94059405940594
98.9059405940594
98.87128712871286
98.83663366336634
98.8019801980198
98.76732673267327
98.73267326732673
98.6980198019802
98.66336633663366
98.62871287128714
98.5940594059406
98.55940594059406
98.52475247524752
98.49009900990099
98.45544554455445
98.42079207920793
98.38613861386139
98.35148514851485
98.31683168316832
98.28217821782178
98.24752475247524
98.2128712871287
98.17821782178218
98.14356435643565
98.10891089108911
98.07425742574257
98.03960396039604
98.0049504950495
97.97029702970298
97.93564356435644
97.9009900990099
97.86633663366337
97.83168316831683
97.79702970297029
97.76237623762376
97.72772277227723
97.6930693069307
97.65841584158416
97.62376237623762
97.58910891089108
97.55445544554455
97.51980198019803
97.48514851485149
97.45049504950495
97.41584158415841
97.38118811881188
97.34653465346534
97.31188118811882
97.27722772277228
97.24257425742574
97.20792079207921
97.17326732673267
97.13861386138613
97.10396039603961
97.06930693069307
97.03465346534654
97.0
119.6
114.3
112.3
110.9
106.8
103.8
101.7
99.60000000000001
85.9
102.4
99.1
100.4
110.0
118.5
117.2
112.7
108.6
101.7
94.7
98.5
100.0
110.4
116.7
119.0
122.2
123.3
123.2
120.0
122.2
117.8
113.1
109.2
115.1
112.3
110.1
102.9
93.4
91.8
91.7
102.5
101.8
104.2
109.2
111.1
105.6
103.6
99.2
98.0
95.2
94.4
94.1
89.4
93.5
91.5
88.3
86.6
84.8
83.3
80.5
77.7
79.6
78.3
76.8
76.6
78.2
82.7
79.5
78.1
77.0
75.6
74.3
77.5
77.4
75.5
74.0
71.6
70.6
71.6
70.8
69.6
69.4
69.2
75.5
93.0
100.5
109.3
104.9
94.5
86.1
79.8
77.1
73.8
71.0
68.8
66.7
66.6
67.2
68.7
71.8
70.9
68.6
67.5
66.8
67.3
67.2
66.7
68.4
67.3
68.3
68.2
68.8
68.6
70.2
69.4
70.2
71.2
72.6
73.8
74.7
75.0
77.9
87.4
116.3
112.3
102.2
93.0
87.5
86.3
90.5
97.6
108.7
109.0
100.0
101.0
91.4
85.0
81.6
79.5
80.8
78.4
77.6
77.5
77.2
76.9
76.6
76.8
78.7
78.8
78.1
78.4
77.5
78.1
79.6
81.4
80.0
83.5
85.8
82.2
82.3
80.1
78.9
80.8
81.0
81.6
85.0
86.1
89.2
83.8
75.0
70.9
69.7
69.6
69.0
71.2
70.5
68.3
67.2
67.1
67.4
66.5
67.9
67.4
69.3
69.3
67.6
69.9
69.5
69.8
69.7
69.5
70.5
70.3
71.2
74.3
74.7
73.9
73.6
73.4
73.5
73.7
74.5
74.0
75.1
74.5
73.1
73.8
73.2
74.6
74.3
74.4
75.5
76.5
76.7
76.9
77.0
76.0
76.9
76.4
76.0
76.0
74.4
75.0
74.9
75.2
75.3
74.1
74.2
73.8
74.9
72.9
74.2
73.8
73.9
73.6
73.0
71.0
85.0
93.7
87.8
82.2
77.3
72.9
70.5
70.9
68.5
68.3
67.9
68.5
68.1
69.3
68.9
68.3
69.0
68.7
68.1
67.8
68.7
67.3
67.7
68.2
68.0
70.3
72.4
71.6
80.8
91.9
102.5
97.5
96.5
97.8
84.2
77.6
80.7
79.3
82.4
84.9
82.8
77.6
81.0
83.1
79.0
73.7
67.8
73.8
72.4
75.1
71.4
83.6
79.8
75.2
71.9
72.1
70.5
65.6
63.5
63.8
64.4
65.8
64.7
63.9
64.2
62.0
64.0
63.2
65.1
64.1
65.6
65.8
69.5
71.5
76.9
87.0
84.9
88.9
81.3
74.8
68.1
62.0
58.6
58.3
57.0
56.2
56.1
56.7
58.1
58.5
57.5
57.8
57.3
56.8
58.3
59.4
59.9
60.3
59.3
58.4
58.7
59.0
59.2
59.9
59.8
59.8
58.9
58.6
60.1
59.4
59.0
58.5
58.7
57.0
57.6
57.3
58.4
59.2
58.0
58.5
57.8
56.5
56.9
62.6
64.9
62.0
60.2
60.2
58.0
57.1
56.5
57.2
57.0
57.8
57.9
58.1
58.4
59.2
58.7
58.4
58.3
57.8
58.3
59.5
59.5
58.5
57.7
58.4
59.1
58.9
57.6
57.2
57.1
57.1
56.6
57.7
59.3
58.2
58.2
58.4
57.2
56.2
56.4
57.8
58.9
57.4
57.1
56.3
56.0
56.2
56.5
56.8
56.0
55.7
55.6
56.4
56.9
56.2
57.3
57.2
56.6
56.9
56.6
57.1
56.8
56.9
69.1
84.2
90.6
86.9
87.1
87.5
85.2
82.8
80.5
79.6
77.3
81.1
78.2
76.8
75.6
78.7
81.7
87.0
91.2
87.7
84.7
82.6
82.4
82.5
81.4
77.2
76.4
73.5
74.5
73.7
72.3
71.1
71.3
69.3
69.6
67.7
66.6
65.6
67.7
68.3
65.7
65.2
66.4
64.8
64.4
73.8
71.4
68.0
75.9
78.3
76.9
78.4
75.9
73.3
74.2
77.5
74.7
72.6
74.9
76.1
73.1
77.1
83.8
87.3
180.3
135.3
113.5
107.5
97.2
90.8
96.5
107.9
112.9
110.8
106.0
103.7
100.4
98.5
86.8
96.7
101.1
102.1
101.5
101.0
99.9
99.1
98.6
99.7
97.9
98.7
94.7
92.6
89.7
85.3
84.3
83.3
82.4
83.6
79.7
81.9
84.7
82.5
81.8
80.8
78.7
77.1
76.2
77.2
79.5
78.6
79.3
82.0
83.6
100.7
101.4
102.3
94.9
90.9
86.1
84.1
82.0
78.5
76.3
74.8
74.3
72.4
71.3
72.4
74.7
72.9
70.3
69.7
70.2
70.4
70.7
70.3
69.8
68.9
68.5
68.8
69.6
69.8
70.2
69.3
69.2
67.9
67.9
67.7
67.3
67.2
67.7
67.0
68.0
68.3
68.1
67.6
66.8
67.2
66.5
66.0
66.3
67.0
67.2
66.3
66.1
66.8
66.5
65.6
65.9
65.8
65.7
66.3
66.4
66.3
65.0
65.7
65.6
66.1
66.0
65.8
65.6
65.4
64.7
65.4
66.2
67.0
66.0
65.2
65.8
66.2
66.9
65.5
67.0
66.0
65.0
65.5
64.7
64.7
65.5
65.2
66.6
65.7
64.9
64.7
65.0
64.7
65.9
65.6
65.6
65.0
64.9
64.8
64.3
64.9
65.1
65.6
66.1
66.6
65.2
65.8
65.9
65.9
66.1
66.8
65.7
65.4
64.8
65.5
67.2
67.0
65.3
64.1
63.9
63.8
64.4
66.4
65.9
65.8
65.4
65.3
65.4
65.5
66.4
65.7
65.7
65.3
65.8
65.1
66.1
67.8
67.0
65.8
64.9
64.6
65.2
65.4
65.7
66.1
66.3
65.8
65.3
65.5
64.9
66.2
66.4
66.3
65.7
64.4
65.3
65.6
64.0
64.0
63.1
65.3
65.6
65.4
63.4
62.7
62.8
63.1
64.2
64.1
63.4
63.0
63.5
64.7
65.0
64.5
63.7
65.3
64.4
65.1
66.5
64.6
64.9
64.8
64.0
64.0
64.5
66.6
65.8
65.3
64.7
64.0
64.2
65.2
65.8
66.7
66.1
64.7
64.7
65.0
64.9
65.2
65.1
64.4
64.6
65.3
65.7
66.6
67.3
66.8
66.0
66.3
66.6
65.6
65.0
65.8
66.3
63.9
64.0
63.8
63.0
63.4
64.5
64.1
64.4
64.4
66.6
66.7
65.3
65.2
65.9
66.3
66.4
67.8
67.3
66.3
66.4
65.4
65.7
65.8
71.6
87.7
105.6
114.8
108.9
100.8
89.4
94.5
96.9
92.1
85.8
81.7
76.6
74.2
71.0
67.9
65.4
74.6
92.8
96.5
93.7
94.3
95.6
93.1
93.3
94.6
95.0
95.2
92.8
93.8
89.7
90.3
90.6
95.1
93.6
94.6
92.4
88.2
93.0
95.5
97.5
91.1
85.8
93.2
86.8
92.5
88.2
87.4
90.3
87.7
80.9
76.8
75.1
73.4
73.3
71.0
69.9
69.4
70.6
78.3
79.4
76.0
79.1
81.3
77.4
77.3
76.4
74.9
74.6
72.7
74.7
80.8
87.8
82.5
79.5
75.3
75.9
75.7
75.3
76.8
77.0
75.2
78.8
78.0
76.6
72.2
72.2
74.1
75.6
72.3
71.1
68.2
66.6
75.1
76.9
85.2
77.0
75.3
74.1
72.0
71.6
70.7
69.4
70.1
67.9
67.0
68.7
68.9
69.1
69.7
66.5
70.0
70.3
71.2
78.9
75.0
72.3
69.8
72.3
76.1
83.6
79.8
75.8
73.9
86.0
159.7
75.1
75.6
73.0
73.3
73.3
71.8
73.8
72.8
77.0
74.0
74.9
76.9
79.5
92.3
89.8
86.2
82.8
84.3
82.7
80.8
78.9
85.9
86.4
84.4
84.6
86.1
89.3
98.9
99.7
94.7
88.1
90.9
93.7
94.7
95.9
94.9
91.7
90.7
88.6
92.1
93.7
90.5
86.4
86.2
88.6
84.5
86.9
86.2
83.6
84.3
81.6
82.3
79.9
78.5
78.8
77.5
79.9
77.1
76.0
76.1
74.8
75.9
76.9
83.2
94.8
88.2
85.5
85.5
83.6
83.5
88.9
95.6
101.8
94.9
92.5
87.6
87.4
83.0
84.1
81.8
80.4
76.6
76.5
75.1
73.9
75.3
74.5
74.5
75.0
79.4
83.4
81.9
77.5
78.0
76.6
82.4
84.9
89.3
86.5
79.6
79.8
91.7
83.2
83.3
82.9
85.4
82.4
81.1
82.4
84.1
82.9
79.7
78.1
77.7
77.4
75.8
77.5
77.2
80.2
78.8
78.6
78.2
79.2
77.8
81.8
76.7
79.6
78.3
77.7
80.5
79.4
78.2
81.9
77.9
76.6
78.6
77.6
77.5
74.9
78.9
76.8
78.2
76.7
77.3
77.7
80.4
77.4
79.2
77.3
75.7
74.3
75.8
75.3
79.2
85.4
78.5
77.8
74.6
74.0
70.6
74.3
74.5
73.1
73.5
75.5
66.8
65.9
70.2
67.7
70.2
69.9
70.3
71.1
67.0
68.7
70.6
68.9
66.1
65.4
69.0
68.4
69.4
67.8
70.4
67.7
68.4
68.9
70.8
67.7
70.7
67.1
70.7
67.1
65.6
75.1
71.8
71.3
70.2
69.5
70.1
65.3
66.5
66.2
66.2
68.0
66.7
68.2
65.8
64.5
64.4
64.9
63.6
67.6
67.1
68.7
67.9
65.8
63.1
66.8
68.4
68.9
67.3
70.2
71.2
71.8
69.3
69.7
65.1
62.2
68.7
69.6
69.8
69.1
67.7
68.8
64.4
66.7
66.8
68.3
67.7
69.5
71.6
74.5
74.3
84.1
87.2
85.2
84.5
82.1
82.3
80.5
81.0
97.2
117.5
109.0
97.2
92.2
91.6
94.4
92.2
86.9
83.8
89.2
85.3
85.7
75.1
71.1
74.0
70.4
67.0
65.3
66.6
66.5
67.0
68.4
69.0
66.9
65.0
67.1
70.5
71.3
68.8
67.7
69.5
67.2
70.4
67.1
69.2
72.4
72.5
72.6
71.8
67.2
72.8
69.8
72.0
72.1
74.5
77.7
84.5
81.3
82.0
84.3
86.5
84.8
85.6
80.8
84.0
77.7
81.3
82.0
83.6
78.9
79.6
79.8
73.4
72.5
69.4
68.3
65.1
65.4
64.9
68.0
81.7
104.0
103.1
98.4
99.4
103.0
98.6
95.9
92.2
90.2
87.0
86.8
78.7
78.5
80.8
77.4
110.7
78.7
75.3
69.1
71.9
74.8
77.4
72.8
75.3
76.4
77.7
76.7
76.3
75.6
75.2
73.2
74.1
73.9
80.1
70.3
67.5
65.2
67.3
69.0
66.6
65.8
66.3
68.4
72.8
72.4
74.2
74.7
86.1
82.0
86.2
93.9
107.9
110.1
105.1
92.4
91.9
86.8
97.0
107.1
106.4
102.0
100.6
92.8
90.3
94.4
87.0
87.1
85.3
73.5
74.1
78.2
87.6
90.6
91.0
82.5
76.9
73.4
69.0
69.2
64.0
62.7
59.3
60.3
55.9
69.2
67.5
66.7
64.2
64.0
63.8
64.3
64.4
62.9
65.8
63.7
64.2
63.6
62.7
62.7
62.5
63.5
59.5
56.0
54.9
65.5
68.7
67.8
62.9
63.6
61.5
59.7
57.8
56.5
57.2
62.8
92.0
60.2
58.9
65.2
64.7
69.3
66.3
63.8
65.4
62.0
58.7
59.3
121.1
199.7
55.8
55.8
56.7
63.9
66.7
67.6
68.8
71.9
70.0
73.2
70.1
68.5
69.4
69.5
65.0
63.4
69.5
70.4
68.7
68.9
64.9
62.5
63.2
63.5
64.0
65.5
62.2
60.9
61.6
65.6
63.3
63.7
62.7
68.7
64.3
61.0
60.9
69.5
65.9
66.3
70.1
71.6
72.7
72.1
76.5
79.3
75.5
74.6
79.2
80.1
84.1
96.5
97.3
98.3
96.5
91.3
88.8
97.2
94.2
94.5
90.2
87.7
90.7
97.4
96.4
111.5
118.1
113.0
116.6
115.1
110.8
102.9
100.6
80.5
98.5
97.5
98.2
97.5
91.0
86.1
92.1
96.7
88.1
90.5
86.3
83.9
84.7
86.8
88.8
87.2
91.8
88.1
88.0
89.1
84.8
86.5
82.3
84.5
82.8
88.6
91.9
91.2
93.8
92.9
89.5
88.2
85.0
87.0
87.4
89.6
89.7
89.2
94.2
86.6
94.4
93.1
86.9
90.2
92.3
94.0
100.8
109.0
95.1
97.5
92.5
99.8
93.9
88.7
90.6
90.4
84.8
89.8
82.1
77.6
82.2
76.0
69.0
83.9
83.5
86.6
82.5
76.9
81.6
86.5
86.6
87.6
88.2
96.3
91.3
105.7
113.5
109.4
102.1
100.0
94.1
97.9
91.1
94.7
95.5
96.5
94.9
93.9
96.6
95.2
88.2
88.8
123.6
92.1
107.0
104.8
100.3
103.5
99.3
101.5
99.0
101.4
97.8
104.1
106.3
97.8
98.2
91.0
95.7
89.1
84.5
87.1
85.5
83.3
81.7
86.7
88.1
86.5
85.0
91.1
88.1
88.3
86.5
87.2
90.3
84.7
81.0
81.4
77.2
86.0
81.2
81.7
81.8
80.0
78.4
81.0
78.5
77.5
77.6
72.7
72.1
71.5
76.6
82.9
78.3
76.1
76.4
75.1
72.6
76.2
76.3
74.6
74.0
75.1
72.6
80.7
76.3
72.6
71.6
72.8
72.2
69.6
69.8
70.8
73.6
70.3
69.7
70.3
68.3
72.3
81.0
81.5
77.4
74.6
71.4
71.1
70.0
75.5
71.4
69.7
73.0
70.3
68.3
67.6
66.7
66.3
65.7
66.1
65.9
67.5
67.2
66.2
80.8
90.5
91.7
104.7
95.8
90.8
91.7
90.4
91.1
82.2
77.0
73.6
71.5
73.3
80.5
75.4
79.7
75.0
81.7
79.6
79.6
73.4
77.9
79.5
82.2
83.5
81.5
85.8
87.1
81.2
77.7
81.2
81.2
75.6
82.7
90.5
101.0
120.7
85.8
100.8
104.9
112.3
104.7
101.1
97.4
104.2
109.0
102.2
100.0
105.8
98.5
99.0
104.1
99.0
89.3
83.9
78.7
73.9
71.1
70.2
73.2
73.8
77.3
74.3
75.2
80.1
78.1
81.5
80.2
75.5
72.4
77.5
79.3
73.9
84.3
78.9
76.2
71.9
68.1
66.0
65.4
68.6
65.4
65.9
63.0
62.2
62.0
60.5
61.1
61.7
64.4
63.1
66.5
68.6
72.9
71.3
71.2
66.1
64.9
63.0
64.0
61.7
61.1
60.0
63.4
64.7
62.6
73.4
76.6
75.8
78.2
87.9
90.3
88.2
86.8
88.9
87.2
79.7
80.3
74.1
69.1
74.3
75.7
70.2
65.1
63.2
61.8
59.9
58.0
59.0
58.1
58.4
58.3
64.5
63.8
61.8
61.1
58.9
58.5
58.9
59.9
61.1
60.7
62.1
60.6
60.3
58.3
58.4
58.0
57.2
58.6
58.1
57.5
61.8
59.5
58.9
58.5
58.0
57.6
57.2
57.1
56.6
56.6
57.0
56.6
56.5
57.0
56.1
55.9
55.6
56.5
56.3
55.2
55.3
54.8
55.6
55.6
55.2
56.3
55.6
55.5
55.4
54.7
55.8
55.6
55.3
62.7
64.9
63.2
63.8
64.5
64.3
64.8
64.6
65.8
65.6
66.3
65.9
66.4
66.0
65.6
66.0
66.0
65.6
65.8
65.8
66.8
66.3
66.5
66.7
67.7
67.6
68.0
68.8
68.4
67.6
67.6
66.2
64.8
63.9
62.5
63.1
64.5
62.8
62.3
61.0
60.9
60.8
61.1
61.0
61.3
60.9
61.2
61.6
62.3
61.8
61.7
62.4
62.6
62.3
63.2
62.5
62.6
63.0
63.5
63.5
63.2
62.9
62.7
62.5
63.2
62.9
62.9
62.6
63.0
62.8
63.8
63.2
62.3
62.3
62.3
63.3
63.0
63.4
64.1
64.2
63.7
62.9
62.8
63.0
64.3
64.0
64.4
63.9
63.2
63.4
63.0
63.3
63.9
63.5
64.1
64.5
64.0
64.1
64.6
64.1
65.2
64.7
64.9
65.5
64.3
64.5
64.4
65.1
65.6
65.1
65.3
66.4
65.8
72.5
101.1
104.6
106.9
113.4
105.9
105.1
102.5
98.3
101.4
93.8
91.8
97.6
89.5
91.0
93.6
91.7
89.9
87.8
90.3
92.8
89.0
82.8
83.2
81.2
84.8
80.8
89.7
95.3
93.0
87.3
88.7
84.0
86.8
82.1
89.8
84.1
79.4
80.6
91.3
81.7
78.8
77.6
84.7
92.7
85.6
92.3
83.4
79.7
77.3
83.9
77.3
76.1
79.5
98.1
89.1
99.2
91.1
84.3
80.6
86.7
81.6
83.4
86.3
79.5
76.3
74.2
76.2
79.3
75.6
77.2
93.1
93.5
87.1
86.2
79.9
84.4
87.3
81.7
76.6
82.3
79.7
78.0
74.6
76.9
75.0
77.8
74.0
72.3
82.2
87.8
79.9
74.7
84.7
93.1
94.1
98.5
88.2
96.6
97.8
94.8
95.1
102.0
99.8
96.3
101.5
110.5
113.2
111.3
101.8
105.3
102.0
100.5
105.5
99.9
103.2
99.6
97.8
102.0
92.0
90.4
87.3
83.2
82.2
85.3
80.7
79.3
77.2
75.4
81.0
79.3
77.8
75.7
82.0
79.4
89.9
93.1
95.9
94.6
88.4
85.6
82.1
79.9
78.5
78.1
77.2
76.1
79.4
76.0
75.1
74.7
73.3
72.5
72.3
71.5
76.8
78.2
92.7
97.6
109.3
102.7
93.3
88.7
84.8
93.9
94.6
96.0
92.8
91.5
87.0
86.8
86.7
82.9
80.0
87.7
82.4
88.1
82.4
79.0
76.9
75.2
74.4
73.6
72.4
72.0
72.2
72.3
71.7
74.4
74.6
72.6
74.2
76.8
73.3
73.5
71.9
71.4
70.9
76.7
80.2
86.4
101.0
94.7
88.0
84.6
89.2
83.6
88.6
90.7
90.8
85.8
91.1
93.6
86.6
83.9
97.8
115.1
115.8
109.8
109.2
104.5
104.2
103.3
102.2
97.9
100.0
97.6
103.7
105.3
102.2
103.0
93.0
94.8
96.6
96.5
92.3
95.0
95.0
110.4
105.0
102.0
103.1
108.9
99.1
106.7
95.3
94.0
91.0
85.6
91.4
89.1
89.3
91.8
93.5
93.3
91.1
105.4
107.5
117.0
114.4
111.3
107.3
111.3
106.2
104.2
108.0
106.9
102.1
101.8
102.2
100.4
101.9
97.7
98.6
96.2
96.9
96.7
94.4
100.4
105.2
100.5
96.7
98.0
101.2
103.2
97.4
92.1
94.3
92.1
84.4
82.5
85.1
94.5
113.2
115.3
108.2
120.4
125.3
130.1
109.8
108.0
102.4
92.6
88.3
84.5
87.9
86.4
81.7
82.9
87.1
93.4
95.9
93.5
92.6
88.2
88.1
101.6
94.3
93.5
95.2
99.1
96.0
95.5
101.5
101.5
94.5
84.9
80.8
69.9
135.0
102.0
77.2
74.4
71.0
71.5
70.5
69.4
68.1
69.0
71.7
69.9
67.6
65.4
66.6
66.4
67.2
66.5
63.8
63.1
63.8
64.3
64.3
64.4
67.5
67.4
67.8
66.0
64.4
65.4
65.1
64.5
63.6
62.6
62.0
61.5
61.2
61.8
60.7
60.3
60.0
60.8
60.6
61.0
59.9
59.1
59.7
58.4
58.5
59.5
59.3
58.4
58.0
58.1
59.0
57.9
57.5
56.8
57.4
56.5
56.4
56.9
58.0
57.5
57.3
56.9
57.6
57.7
57.5
56.2
57.6
57.3
57.0
56.2
55.4
54.1
54.2
55.0
54.8
54.8
54.9
54.6
55.0
54.5
54.9
55.2
55.3
56.1
56.0
56.3
55.5
56.6
57.4
56.9
55.9
56.0
56.6
56.8
56.0
55.4
55.2
65.2
67.0
65.1
65.2
65.2
64.4
62.4
60.9
60.0
60.0
58.6
58.4
58.2
60.0
60.2
61.0
61.4
61.6
61.3
61.3
62.0
62.3
63.5
63.1
61.9
61.8
61.6
62.7
62.1
61.6
61.5
61.9
61.8
60.7
59.3
59.3
60.2
60.2
59.3
59.3
59.6
59.6
58.8
58.7
59.2
59.7
61.3
59.9
60.9
60.7
61.0
60.5
60.8
60.8
61.7
61.8
61.6
62.2
61.3
63.1
65.4
65.9
64.9
64.2
62.9
63.8
62.7
63.6
65.2
63.6
62.4
85.8
62.5
62.8
62.2
62.9
62.4
63.4
62.4
62.1
63.7
63.8
62.5
65.0
63.5
63.3
62.4
63.3
62.4
62.6
62.4
62.8
62.2
61.9
61.3
61.7
63.3
66.0
89.0
102.0
98.0
100.0
109.1
117.5
105.2
112.1
99.2
91.2
87.7
91.4
92.8
90.7
84.6
85.9
81.3
86.1
83.2
86.0
86.7
86.3
87.2
82.1
83.5
78.5
81.8
101.7
89.0
91.2
94.6
87.7
99.9
98.1
101.2
101.7
94.9
90.4
84.4
81.6
77.4
78.7
73.5
75.6
71.5
72.7
71.0
76.9
71.8
69.5
68.6
71.5
69.8
68.1
69.3
71.7
68.7
67.2
66.0
64.5
65.0
63.7
63.7
62.2
62.4
62.3
61.1
61.9
61.7
60.5
62.7
62.5
63.7
63.6
62.5
62.2
67.5
68.5
66.1
65.1
62.9
61.8
61.0
60.0
59.6
59.8
58.2
60.4
59.8
59.2
58.5
59.0
58.3
58.9
62.0
78.8
96.1
94.5
88.6
88.5
90.7
87.0
80.2
85.0
78.1
82.0
84.8
78.4
75.2
71.9
193.9
135.6
87.5
102.6
94.0
89.6
82.6
85.8
87.0
85.6
79.1
78.6
77.7
74.7
79.1
75.3
72.1
70.6
68.9
68.4
66.0
64.6
64.8
64.8
65.7
64.4
64.1
64.2
63.0
63.1
63.7
63.2
63.0
62.9
64.2
65.9
64.9
64.6
63.7
62.8
62.0
61.5
61.5
62.2
63.6
63.9
63.1
62.6
63.9
64.6
64.9
64.8
64.6
64.4
65.9
65.4
64.9
64.8
64.6
64.8
63.8
64.0
65.1
64.1
65.2
73.7
89.7
95.6
105.7
98.9
94.4
87.2
90.6
87.7
85.5
83.4
77.5
73.7
78.2
77.9
76.5
78.2
77.4
77.5
77.8
77.8
74.4
71.1
69.6
74.7
75.7
75.3
78.6
74.4
73.0
79.5
75.4
56.6
64.0
72.0
86.7
75.5
73.0
77.0
71.4
66.4
68.9
72.7
71.2
74.2
67.2
62.3
60.0
61.2
60.4
65.4
66.9
68.8
70.1
65.7
62.0
63.4
67.2
65.7
62.1
61.4
60.3
70.6
73.6
71.3
70.2
70.6
72.1
74.6
79.9
76.4
80.7
78.7
84.9
87.3
89.2
84.5
88.1
96.6
111.0
104.3
94.6
89.6
83.9
79.3
96.8
99.0
100.4
86.6
83.6
88.5
82.8
77.8
78.3
87.4
84.4
78.8
75.2
84.2
91.0
84.3
96.7
86.0
99.2
89.2
82.5
86.5
87.2
89.3
85.3
86.7
85.5
95.6
87.9
78.6
77.8
83.0
84.5
88.7
87.3
86.5
94.0
85.5
95.9
99.1
90.9
88.7
88.2
100.6
100.5
86.3
82.7
86.9
84.2
94.2
91.0
95.5
86.9
89.2
87.2
84.0
79.8
77.4
82.9
77.4
83.9
80.1
81.7
86.7
86.5
81.4
87.7
87.2
83.5
97.7
90.3
83.6
91.5
91.7
82.9
77.6
84.1
83.9
85.6
89.6
81.6
87.1
80.8
85.2
82.8
79.2
74.8
77.3
81.6
84.9
83.1
87.8
79.9
83.6
82.0
91.5
94.8
116.4
115.0
109.9
102.8
112.0
117.1
104.7
100.7
98.8
97.1
96.5
92.8
91.5
88.1
88.4
82.6
94.8
91.7
90.7
94.0
99.0
84.4
81.5
82.1
79.0
80.1
79.6
74.1
71.4
78.8
77.2
79.3
74.3
82.1
80.1
75.4
84.5
79.9
75.8
76.0
76.3
78.7
76.0
74.0
91.4
92.6
82.4
77.5
89.2
86.3
87.7
86.1
90.6
96.5
132.4
126.3
113.4
114.2
117.3
124.7
108.6
103.6
89.2
81.2
84.2
77.5
72.8
70.0
68.6
71.4
69.2
72.1
78.3
73.5
69.6
67.1
71.7
70.0
65.7
63.0
61.2
63.6
62.6
61.3
60.5
59.5
60.4
59.5
59.3
59.4
59.6
62.2
68.4
64.8
63.3
62.4
61.0
60.7
60.5
59.6
59.4
63.7
73.8
82.5
100.3
102.5
104.4
107.6
103.1
104.2
106.4
101.6
98.5
94.6
92.9
90.9
94.0
98.1
93.3
88.5
82.5
84.2
83.7
99.0
239.5
89.6
89.5
83.8
89.2
101.5
101.1
92.2
92.3
112.1
112.2
103.7
101.5
96.7
100.9
124.0
112.6
98.2
88.6
88.1
79.8
81.2
77.4
72.7
69.3
67.2
67.9
67.7
64.7
64.3
62.4
61.2
60.1
59.6
60.2
60.1
62.7
62.0
61.2
61.3
61.0
60.7
59.8
59.1
65.1
64.2
62.6
62.5
64.0
62.1
60.8
59.4
59.2
58.4
59.4
58.4
59.0
57.9
58.9
58.0
58.0
58.2
57.9
62.2
63.5
63.6
62.2
63.1
63.0
63.6
62.9
63.2
62.9
63.4
63.2
63.1
63.0
63.2
63.4
63.6
63.3
63.0
63.1
64.1
63.5
63.8
63.9
63.5
62.8
60.2
53.2
59.7
60.2
60.6
60.1
59.9
60.9
60.6
60.8
61.2
61.5
61.7
62.2
62.6
62.8
62.8
62.5
62.9
63.4
63.5
63.9
63.6
64.3
64.3
64.6
64.8
64.6
63.7
64.0
63.9
64.1
64.6
152.0
66.8
66.4
66.5
66.0
66.9
66.9
66.8
65.6
66.5
66.7
67.6
67.7
67.8
68.3
69.6
89.2
114.1
96.0
95.1
107.9
95.8
97.8
101.2
91.9
91.3
94.1
93.8
90.2
92.9
86.7
81.8
83.3
82.4
87.6
82.1
82.9
82.2
79.5
81.5
77.0
78.9
73.7
76.0
78.0
75.7
77.7
75.4
75.3
76.8
72.8
80.1
73.6
85.6
85.5
83.9
80.0
78.7
85.5
90.9
82.4
81.0
88.1
85.4
82.0
82.2
77.2
75.7
78.9
73.9
80.3
75.5
81.5
78.6
80.8
83.7
76.8
75.8
83.8
84.7
79.5
79.6
77.6
73.8
78.6
74.7
73.6
77.9
73.3
71.7
72.1
74.8
71.2
68.1
66.5
70.0
72.2
68.6
66.8
64.3
63.3
64.5
67.0
65.0
63.2
63.0
62.6
60.6
62.6
62.6
65.3
63.2
65.0
74.1
77.1
63.2
67.2
64.1
64.7
69.0
65.0
62.6
60.8
60.7
60.2
60.3
60.2
64.3
67.2
62.9
62.6
62.1
61.3
60.0
59.8
59.9
58.9
57.7
57.5
57.0
57.2
57.5
57.8
56.5
57.8
56.6
58.0
57.6
57.1
57.0
56.6
56.5
56.8
57.2
56.7
57.0
56.0
55.8
55.4
55.7
54.5
55.1
55.4
55.2
55.2
54.5
55.9
55.1
55.1
55.1
54.7
54.9
55.1
54.4
54.9
55.1
54.7
55.2
54.1
53.4
53.7
53.5
52.5
53.7
53.4
53.3
53.3
54.0
54.6
55.0
55.4
54.6
54.5
53.6
54.1
54.0
54.9
54.2
54.0
54.5
54.6
55.6
55.3
54.4
53.9
54.6
54.2
54.4
53.9
54.4
61.8
87.1
88.9
89.6
92.1
89.2
86.6
86.6
91.9
104.7
111.8
103.6
100.5
105.3
92.7
90.9
89.0
81.7
81.3
80.5
73.1
68.9
67.0
64.8
69.4
69.0
70.7
82.3
90.2
77.3
79.8
90.8
78.6
81.0
94.5
80.7
74.2
72.9
77.5
76.1
70.6
71.2
69.7
72.1
67.7
64.6
70.7
71.6
70.7
71.2
69.7
67.4
69.2
64.6
62.6
61.4
59.5
61.6
61.0
59.8
60.7
65.1
63.1
61.1
60.0
60.3
59.0
58.2
57.8
58.0
57.5
56.9
57.1
57.4
56.3
56.9
56.2
56.4
56.1
56.6
56.9
57.7
57.9
57.4
58.7
57.9
58.3
57.7
58.5
57.7
57.8
58.2
56.8
56.2
62.7
95.9
93.1
97.1
93.6
88.5
86.2
88.0
79.4
81.1
74.6
71.9
69.9
67.9
72.1
72.6
69.0
67.2
64.9
65.2
68.3
65.1
63.9
66.0
64.5
62.5
63.1
63.1
62.6
61.1
59.6
58.9
58.7
59.2
59.6
59.9
58.9
58.5
57.4
58.0
57.4
57.4
58.5
58.7
59.4
58.7
57.5
58.2
57.9
57.7
57.6
57.8
57.8
57.4
56.6
57.0
56.2
56.5
57.1
57.5
56.5
56.1
55.5
56.3
55.9
57.5
56.0
56.2
55.8
55.9
56.7
81.8
112.3
104.7
99.9
104.2
101.0
104.2
103.4
102.0
99.7
104.1
121.3
109.7
113.9
105.0
106.5
105.6
111.3
112.9
107.8
108.3
112.9
109.0
97.3
107.6
93.4
94.4
95.3
96.5
95.3
91.9
90.1
88.6
90.0
88.2
89.8
88.3
85.7
82.7
84.4
84.8
83.6
81.4
79.6
81.8
83.8
80.3
78.3
76.7
83.2
103.7
107.7
105.9
100.4
93.6
94.7
92.7
91.1
83.8
90.6
86.8
88.7
88.6
89.6
91.0
85.0
94.6
95.2
94.3
90.1
97.4
92.1
92.5
91.5
85.9
85.3
83.7
77.3
78.4
79.1
81.9
81.8
78.1
85.4
86.9
102.9
106.4
106.9
105.4
108.4
110.9
105.1
103.6
104.7
101.6
107.1
115.3
117.8
117.5
115.5
113.9
114.1
109.6
104.2
102.5
105.8
102.6
99.7
95.0
99.0
99.1
108.5
110.4
119.4
124.7
120.2
113.1
106.0
97.2
94.3
91.7
88.9
89.6
86.0
82.8
87.4
80.6
81.9
80.7
87.7
84.8
84.3
86.6
84.7
88.4
83.6
84.4
88.4
82.5
81.2
77.4
83.0
85.3
89.9
92.6
93.4
88.2
87.4
93.2
88.8
94.3
96.3
98.7
87.5
96.1
100.3
99.3
106.1
104.9
106.2
96.6
95.8
95.9
90.5
93.4
88.3
85.7
90.0
86.5
85.4
85.9
81.0
83.8
80.2
76.6
84.0
84.3
80.7
84.3
83.2
83.5
87.4
85.1
79.7
89.0
91.4
98.7
94.9
97.2
98.3
99.5
100.2
104.0
103.9
103.8
101.3
102.5
100.8
103.9
103.2
99.5
99.0
94.6
101.6
95.8
95.0
95.0
94.8
93.1
87.8
93.2
94.6
96.7
96.3
94.4
93.6
86.7
92.5
97.9
95.6
99.2
90.4
97.0
102.1
91.6
97.9
99.1
100.5
101.8
104.3
104.6
101.4
105.7
92.8
98.0
95.4
105.3
104.0
106.4
101.0
95.9
100.3
93.8
101.8
89.5
97.3
92.0
95.2
94.4
84.7
89.9
91.0
85.0
87.9
86.9
88.8
90.0
93.7
93.3
84.7
97.2
99.1
92.2
97.0
94.7
93.6
90.6
95.0
87.3
94.0
89.9
94.4
89.6
82.7
92.9
90.5
95.0
96.5
99.1
102.4
104.1
100.1
101.8
93.1
87.3
89.2
81.6
88.3
93.1
97.3
110.9
115.4
115.2
107.1
102.2
98.6
102.8
102.0
97.7
96.5
106.0
108.2
110.0
107.1
108.9
110.4
110.5
111.9
99.6
105.5
108.4
113.3
115.2
115.1
115.4
115.2
113.7
108.2
109.9
108.8
110.6
110.2
102.7
98.4
87.4
92.0
84.2
83.1
82.6
108.1
107.2
73.2
74.3
81.6
74.7
72.1
67.5
69.3
70.6
68.3
66.2
65.8
64.3
63.9
62.6
62.8
67.9
68.3
67.6
64.2
63.6
64.5
65.0
65.4
64.2
65.3
75.5
75.1
71.8
69.0
67.8
66.5
65.7
64.9
64.7
65.1
65.6
65.2
65.2
65.0
64.3
64.0
64.4
76.1
85.4
92.3
99.1
99.8
99.6
94.6
95.6
83.6
89.4
96.0
99.1
100.8
98.9
96.8
98.4
90.9
95.9
97.0
97.2
98.0
96.6
97.3
87.7
95.3
96.9
97.0
99.0
98.7
99.7
96.8
90.9
95.6
94.4
94.6
95.0
98.7
98.4
98.9
98.7
98.2
99.1
103.2
97.5
96.3
97.8
98.0
99.7
98.7
99.4
97.8
96.0
94.8
94.3
96.1
94.0
95.1
93.9
89.2
87.2
81.6
86.9
90.2
91.7
92.9
93.9
95.5
91.5
81.9
82.1
78.1
87.4
88.5
91.3
95.0
95.6
91.5
92.7
93.0
94.0
95.7
94.3
88.3
80.8
87.1
92.9
95.7
98.1
95.2
95.5
90.3
79.1
72.4
70.2
70.6
78.0
80.2
75.8
70.8
67.5
66.3
67.4
65.6
65.3
65.4
72.5
71.1
68.7
65.3
64.7
64.1
63.1
63.3
62.2
61.1
60.5
59.7
59.4
60.5
60.8
62.2
62.3
60.9
61.7
69.7
77.6
74.3
72.3
74.1
73.3
73.7
70.5
65.1
61.1
60.7
60.7
59.7
64.2
70.4
76.3
77.8
74.4
76.9
81.3
84.9
78.6
73.3
77.6
81.2
91.1
90.7
83.6
86.4
81.5
74.9
68.6
67.0
67.7
65.0
63.1
68.0
73.1
76.5
75.3
71.1
67.9
65.8
64.7
64.1
64.9
64.6
64.6
67.5
69.4
67.1
65.9
65.2
62.9
61.8
63.1
62.1
61.6
61.4
61.5
62.3
62.3
61.0
61.2
61.2
61.6
60.8
61.9
61.6
60.9
61.3
62.1
62.9
62.1
61.7
60.7
61.5
61.9
61.6
60.8
60.5
59.6
60.6
60.8
61.9
62.0
60.6
61.0
60.5
60.6
61.6
63.6
70.0
83.0
86.6
89.6
89.2
89.3
89.9
88.2
93.0
93.2
93.7
95.3
97.7
98.5
96.7
97.5
96.1
95.1
94.9
98.5
99.1
99.8
99.2
101.3
92.8
92.9
92.5
96.8
96.0
96.4
99.5
97.1
96.5
93.2
94.2
66.8
68.7
95.7
93.1
94.5
92.5
92.3
82.5
89.4
87.5
83.7
82.0
81.2
75.4
76.4
76.9
79.1
77.7
81.9
75.3
71.6
66.4
119.0
100.7
70.3
65.2
62.7
63.4
62.3
62.1
62.9
59.5
60.5
60.2
60.3
59.8
61.5
61.0
61.0
59.4
60.2
58.6
58.7
58.2
56.9
57.4
57.2
56.8
56.7
56.6
57.0
56.5
63.3
63.7
61.2
59.2
69.8
71.1
68.6
78.3
82.7
79.1
73.5
70.9
66.7
64.3
62.4
61.9
61.3
61.2
60.2
60.0
59.3
60.3
59.9
60.2
60.0
59.9
60.5
59.9
59.8
60.0
59.9
58.0
62.4
63.5
67.7
82.4
77.6
59.1
57.5
62.6
60.9
58.9
57.0
56.3
65.2
64.5
62.9
63.5
61.8
61.7
59.9
60.1
60.8
61.2
60.9
62.3
61.1
60.8
60.4
69.1
69.3
69.8
73.3
73.1
69.3
65.9
64.0
62.3
60.4
61.9
62.5
60.0
59.7
60.0
59.0
58.6
58.5
59.7
60.1
60.2
59.7
59.5
60.1
60.6
67.8
60.9
60.6
66.0
69.3
71.4
66.5
65.3
66.4
65.9
66.1
61.8
61.8
62.3
63.3
65.8
70.1
76.1
77.4
76.6
70.5
67.7
68.3
72.5
70.4
74.2
81.0
81.5
83.6
81.7
80.5
79.2
75.5
73.6
70.7
74.7
75.8
81.9
87.8
87.6
81.4
84.6
83.0
80.0
76.2
77.7
71.4
79.8
83.9
91.7
96.2
95.8
94.3
95.4
98.1
92.2
87.2
89.5
87.9
88.1
88.7
91.8
89.7
90.1
90.9
92.0
87.2
87.3
90.8
87.2
86.5
98.9
91.6
86.1
81.2
81.7
89.6
86.1
93.0
98.7
103.6
102.8
99.4
97.0
95.1
68.2
78.0
71.5
66.0
64.9
56.4
54.4
55.7
62.8
89.9
90.1
85.6
71.6
66.1
62.9
56.4
64.3
70.7
65.3
69.6
87.4
90.4
93.3
88.1
77.3
77.6
78.2
70.1
72.2
76.6
70.6
71.2
73.3
68.2
67.9
71.3
66.8
69.4
79.6
72.4
74.4
73.9
67.3
69.4
71.0
66.3
67.9
71.3
65.4
64.1
64.9
62.6
68.5
68.6
64.2
65.1
70.9
68.7
68.9
67.5
60.0
57.8
60.3
57.1
56.1
60.0
59.2
60.4
63.7
62.2
61.7
70.1
76.1
81.8
82.7
81.2
78.4
76.3
71.8
69.5
66.6
64.2
65.0
63.2
61.8
60.5
60.4
60.7
60.2
74.5
78.1
79.7
79.2
80.8
77.3
74.1
73.7
72.6
70.3
69.2
72.0
69.5
66.0
65.4
63.5
63.1
62.7
62.2
61.8
61.6
61.8
61.8
61.3
61.4
61.1
61.3
60.2
60.5
58.5
58.7
58.5
58.8
58.9
57.9
58.7
58.1
57.8
57.9
57.6
58.1
57.7
57.6
58.1
57.1
56.1
56.7
57.4
57.6
57.5
57.8
56.7
57.4
58.4
57.8
58.1
58.400000000000006
