198.33518776077884
198.4703755215577
198.60556328233656
198.74075104311544
198.8759388038943
199.01112656467313
199.146314325452
199.28150208623086
199.41668984700974
199.55187760778858
199.68706536856743
199.8222531293463
199.95744089012516
200.09262865090403
200.22781641168288
200.36300417246173
200.4981919332406
200.63337969401945
200.76856745479833
200.90375521557718
201.03894297635603
201.1741307371349
201.30931849791375
201.44450625869263
201.57969401947148
201.71488178025032
201.8500695410292
201.98525730180805
202.12044506258692
202.25563282336577
202.39082058414462
202.5260083449235
202.66119610570234
202.79638386648122
202.93157162726007
203.06675938803892
203.2019471488178
203.33713490959664
203.47232267037552
203.60751043115437
203.74269819193324
203.8778859527121
204.01307371349094
204.14826147426982
204.28344923504866
204.4186369958275
204.5538247566064
204.68901251738524
204.8242002781641
204.95938803894296
205.09457579972184
205.2297635605007
205.36495132127953
205.5001390820584
205.63532684283726
205.77051460361614
205.90570236439498
206.04089012517383
206.1760778859527
206.31126564673156
206.44645340751043
206.58164116828928
206.71682892906813
206.852016689847
206.98720445062585
207.12239221140473
207.25757997218358
207.39276773296243
207.5279554937413
207.66314325452015
207.79833101529903
207.93351877607788
208.06870653685672
208.2038942976356
208.33908205841445
208.47426981919332
208.60945757997217
208.74464534075102
208.8798331015299
209.01502086230875
209.15020862308762
209.28539638386647
209.42058414464532
209.5557719054242
209.69095966620304
209.82614742698192
209.96133518776077
210.09652294853962
210.2317107093185
210.36689847009734
210.50208623087622
210.63727399165506
210.7724617524339
210.9076495132128
211.04283727399164
211.1780250347705
211.31321279554936
211.4484005563282
211.5835883171071
211.71877607788593
211.8539638386648
211.98915159944366
212.1243393602225
212.25952712100138
212.39471488178023
212.5299026425591
212.66509040333796
212.8002781641168
212.93546592489568
213.07065368567453
213.2058414464534
213.34102920723225
213.4762169680111
213.61140472878998
213.74659248956883
213.8817802503477
214.01696801112655
214.15215577190543
214.28734353268428
214.42253129346312
214.557719054242
214.69290681502085
214.8280945757997
214.96328233657857
215.09847009735742
215.2336578581363
215.36884561891515
215.50403337969402
215.63922114047287
215.77440890125172
215.9095966620306
216.04478442280944
216.1799721835883
216.31515994436717
216.45034770514602
216.5855354659249
216.72072322670374
216.85591098748262
216.99109874826146
217.1262865090403
217.2614742698192
217.39666203059804
217.53184979137689
217.66703755215576
217.8022253129346
217.9374130737135
218.07260083449233
218.2077885952712
218.34297635605006
218.4781641168289
218.61335187760778
218.74853963838663
218.88372739916548
219.01891515994436
219.1541029207232
219.28929068150208
219.42447844228093
219.5596662030598
219.69485396383865
219.8300417246175
219.96522948539638
220.10041724617523
220.2356050069541
220.37079276773295
220.5059805285118
220.64116828929068
220.77635605006952
220.9115438108484
221.04673157162725
221.1819193324061
221.31710709318497
221.45229485396382
221.5874826147427
221.72267037552155
221.8578581363004
221.99304589707927
222.12823365785812
222.263421418637
222.39860917941584
222.5337969401947
222.66898470097357
222.80417246175242
222.9393602225313
223.07454798331014
223.209735744089
223.34492350486786
223.4801112656467
223.6152990264256
223.75048678720444
223.88567454798329
224.02086230876216
224.156050069541
224.2912378303199
224.42642559109873
224.5616133518776
224.69680111265646
224.8319888734353
224.96717663421418
225.10236439499303
225.23755215577188
225.37273991655076
225.5079276773296
225.64311543810848
225.77830319888733
225.9134909596662
226.04867872044505
226.1838664812239
226.31905424200278
226.45424200278163
226.58942976356047
226.72461752433935
226.8598052851182
226.99499304589708
227.13018080667592
227.2653685674548
227.40055632823365
227.5357440890125
227.67093184979137
227.80611961057022
227.94130737134907
228.07649513212795
228.2116828929068
228.34687065368567
228.48205841446452
228.6172461752434
228.75243393602224
228.8876216968011
229.02280945757997
229.15799721835882
229.29318497913766
229.42837273991654
229.5635605006954
229.69874826147426
229.8339360222531
229.969123783032
230.10431154381084
230.23949930458969
230.37468706536856
230.5098748261474
230.64506258692626
230.78025034770513
230.91543810848398
231.05062586926286
231.1858136300417
231.32100139082058
231.45618915159943
231.59137691237828
231.72656467315716
231.861752433936
231.99694019471485
232.13212795549373
232.2673157162726
232.40250347705145
232.5376912378303
232.67287899860918
232.80806675938803
232.94325452016687
233.07844228094575
233.2136300417246
233.34881780250345
233.48400556328232
233.6191933240612
233.75438108484005
233.8895688456189
234.02475660639777
234.15994436717662
234.29513212795547
234.43031988873435
234.5655076495132
234.70069541029207
234.83588317107092
234.9710709318498
235.10625869262864
235.2414464534075
235.37663421418637
235.51182197496522
235.64700973574406
235.78219749652294
235.9173852573018
236.05257301808066
236.1877607788595
236.3229485396384
236.45813630041724
236.59332406119609
236.72851182197496
236.8636995827538
236.99888734353266
237.13407510431153
237.26926286509038
237.40445062586926
237.5396383866481
237.67482614742698
237.81001390820583
237.94520166898468
238.08038942976356
238.2155771905424
238.35076495132125
238.48595271210013
238.62114047287898
238.75632823365785
238.8915159944367
239.02670375521558
239.16189151599443
239.29707927677327
239.43226703755215
239.567454798331
239.70264255910985
239.83783031988872
239.97301808066757
240.10820584144645
240.2433936022253
240.37858136300417
240.51376912378302
240.64895688456187
240.78414464534075
240.9193324061196
241.05452016689844
241.18970792767732
241.32489568845617
241.46008344923504
241.5952712100139
241.73045897079277
241.86564673157162
242.00083449235046
242.13602225312934
242.2712100139082
242.40639777468704
242.5415855354659
242.67677329624476
242.81196105702364
242.94714881780249
243.08233657858136
243.2175243393602
243.35271210013906
243.48789986091793
243.62308762169678
243.75827538247563
243.8934631432545
244.02865090403338
244.16383866481223
244.29902642559108
244.43421418636996
244.5694019471488
244.70458970792765
244.83977746870653
244.97496522948538
245.11015299026423
245.2453407510431
245.38052851182198
245.51571627260083
245.65090403337967
245.78609179415855
245.9212795549374
246.05646731571625
246.19165507649512
246.32684283727397
246.46203059805285
246.5972183588317
246.73240611961057
246.86759388038942
247.00278164116827
247.13796940194715
247.273157162726
247.40834492350484
247.54353268428372
247.67872044506257
247.81390820584144
247.9490959666203
248.08428372739917
248.21947148817802
248.35465924895686
248.48984700973574
248.6250347705146
248.76022253129344
248.8954102920723
249.03059805285116
249.16578581363004
249.30097357440889
249.43616133518776
249.5713490959666
249.70653685674546
249.84172461752433
249.97691237830318
250.11210013908203
250.2472878998609
250.38247566063976
250.51766342141863
250.65285118219748
250.78803894297636
250.9232267037552
251.05841446453405
251.19360222531293
251.32878998609178
251.46397774687063
251.5991655076495
251.73435326842835
251.86954102920723
252.00472878998607
252.13991655076495
252.2751043115438
252.41029207232265
252.54547983310152
252.68066759388037
252.81585535465922
252.9510431154381
253.08623087621694
253.22141863699582
253.35660639777467
253.49179415855355
253.6269819193324
253.76216968011124
253.89735744089012
254.03254520166897
254.16773296244781
254.3029207232267
254.43810848400557
254.57329624478442
254.70848400556326
254.84367176634214
254.978859527121
255.11404728789984
255.2492350486787
255.38442280945756
255.5196105702364
255.6547983310153
255.78998609179416
255.925173852573
256.06036161335186
256.19554937413074
256.33073713490955
256.46592489568843
256.6011126564673
256.7363004172462
256.871488178025
257.0066759388039
257.14186369958276
257.2770514603616
257.41223922114045
257.54742698191933
257.6826147426982
257.817802503477
257.9529902642559
258.0881780250348
258.2233657858136
258.3585535465925
258.49374130737135
258.62892906815017
258.76411682892905
258.8993045897079
259.03449235048674
259.1696801112656
259.3048678720445
259.4400556328234
259.5752433936022
259.71043115438107
259.84561891515995
259.98080667593877
260.11599443671764
260.2511821974965
260.3863699582754
260.5215577190542
260.6567454798331
260.79193324061197
260.9271210013908
261.06230876216966
261.19749652294854
261.3326842837274
261.46787204450624
261.6030598052851
261.73824756606393
261.8734353268428
262.0086230876217
262.14381084840056
262.2789986091794
262.41418636995826
262.54937413073714
262.68456189151595
262.81974965229483
262.9549374130737
263.0901251738526
263.2253129346314
263.3605006954103
263.49568845618916
263.630876216968
263.76606397774685
263.90125173852573
264.0364394993046
264.1716272600834
264.3068150208623
264.4420027816411
264.57719054242
264.7123783031989
264.84756606397775
264.9827538247566
265.11794158553545
265.2531293463143
265.38831710709314
265.523504867872
265.6586926286509
265.7938803894298
265.9290681502086
266.06425591098747
266.19944367176635
266.33463143254517
266.46981919332404
266.6050069541029
266.7401947148818
266.8753824756606
267.0105702364395
267.1457579972183
267.2809457579972
267.41613351877606
267.55132127955494
267.6865090403338
267.82169680111264
267.9568845618915
268.09207232267033
268.2272600834492
268.3624478442281
268.49763560500696
268.6328233657858
268.76801112656466
268.90319888734354
269.03838664812235
269.17357440890123
269.3087621696801
269.443949930459
269.5791376912378
269.7143254520167
269.8495132127955
269.9847009735744
270.11988873435325
270.25507649513213
270.390264255911
270.5254520166898
270.6606397774687
270.7958275382475
270.9310152990264
271.0662030598053
271.20139082058415
271.33657858136297
271.47176634214185
271.6069541029207
271.74214186369954
271.8773296244784
272.0125173852573
272.1477051460362
272.282892906815
272.41808066759387
272.55326842837275
272.68845618915157
272.82364394993044
272.9588317107093
273.0940194714882
273.229207232267
273.3643949930459
273.4995827538247
273.6347705146036
273.76995827538246
273.90514603616134
274.04033379694016
274.17552155771904
274.3107093184979
274.44589707927673
274.5810848400556
274.7162726008345
274.85146036161336
274.9866481223922
275.12183588317106
275.25702364394994
275.39221140472876
275.52739916550763
275.6625869262865
275.7977746870654
275.9329624478442
276.0681502086231
276.2033379694019
276.3385257301808
276.47371349095965
276.60890125173853
276.7440890125174
276.8792767732962
277.0144645340751
277.1496522948539
277.2848400556328
277.4200278164117
277.55521557719055
277.69040333796937
277.82559109874825
277.9607788595271
278.09596662030594
278.2311543810848
278.3663421418637
278.5015299026426
278.6367176634214
278.77190542420027
278.9070931849791
279.04228094575797
279.17746870653684
279.3126564673157
279.4478442280946
279.5830319888734
279.7182197496523
279.8534075104311
279.98859527121
280.12378303198886
280.25897079276774
280.39415855354656
280.52934631432544
280.6645340751043
280.79972183588313
280.934909596662
281.0700973574409
281.20528511821976
281.3404728789986
281.47566063977746
281.6108484005563
281.74603616133516
281.88122392211403
282.0164116828929
282.1515994436718
282.2867872044506
282.4219749652295
282.5571627260083
282.6923504867872
282.82753824756605
282.96272600834493
283.09791376912375
283.2331015299026
283.3682892906815
283.5034770514603
283.6386648122392
283.7738525730181
283.90904033379695
284.0442280945758
284.17941585535465
284.3146036161335
284.44979137691234
284.5849791376912
284.7201668984701
284.855354659249
284.9905424200278
285.12573018080667
285.2609179415855
285.39610570236437
285.53129346314324
285.6664812239221
285.80166898470094
285.9368567454798
286.0720445062587
286.2072322670375
286.3424200278164
286.47760778859526
286.61279554937414
286.74798331015296
286.88317107093184
287.0183588317107
287.15354659248953
287.2887343532684
287.4239221140473
287.55910987482616
287.694297635605
287.82948539638386
287.9646731571627
288.09986091794156
288.23504867872043
288.3702364394993
288.5054242002782
288.640611961057
288.7757997218359
288.9109874826147
289.0461752433936
289.18136300417245
289.31655076495133
289.45173852573015
289.586926286509
289.7221140472879
289.8573018080667
289.9924895688456
290.1276773296245
290.26286509040335
290.3980528511822
290.53324061196105
290.66842837273987
290.80361613351874
290.9388038942976
291.0739916550765
291.2091794158554
291.3443671766342
291.47955493741307
291.6147426981919
291.74993045897077
291.88511821974964
292.0203059805285
292.15549374130734
292.2906815020862
292.4258692628651
292.5610570236439
292.6962447844228
292.83143254520166
292.96662030598054
293.10180806675936
293.23699582753824
293.37218358831706
293.50737134909593
293.6425591098748
293.7777468706537
293.91293463143256
294.0481223922114
294.18331015299026
294.3184979137691
294.45368567454796
294.58887343532683
294.7240611961057
294.8592489568845
294.9944367176634
295.1296244784423
295.2648122392211
295.4
295.53518776077885
215.48
175.51999999999998
135.56
95.6
55.640000000000015
65.13333333333333
49.9
34.666666666666664
19.433333333333337
4.2
68.3
82.3
83.4
85.2
80.7
80.3
80.0
79.7
79.7
79.6
79.8
77.6
73.4
75.5
76.4
75.4
75.6
74.8
72.5
71.1
69.7
72.0
73.7
74.9
76.6
77.1
119.7
99.7
77.6
78.3
77.0
75.5
74.3
73.6
73.3
73.3
71.6
73.8
75.5
75.3
75.4
76.0
75.8
76.1
75.7
75.5
74.6
74.9
74.4
74.2
73.6
74.3
74.3
74.6
75.1
75.1
74.4
75.0
74.8
76.8
76.0
75.8
75.7
74.7
74.3
73.8
73.1
74.5
75.0
74.2
74.6
73.9
73.7
74.2
74.0
74.2
74.1
74.8
74.4
75.6
75.4
75.2
75.5
75.9
75.3
74.5
74.4
74.2
75.2
75.0
74.9
75.0
74.8
74.8
74.8
74.7
76.2
76.1
75.3
75.6
74.7
74.9
74.6
74.5
74.5
74.8
75.2
74.4
74.5
74.7
74.2
74.7
74.9
75.1
74.3
74.8
75.6
75.9
77.0
78.6
81.6
81.5
80.9
85.2
81.5
42.2
2.9
46.0
74.9
76.6
77.6
75.5
74.6
73.5
71.3
70.6
68.8
69.2
71.4
75.8
76.2
77.6
78.0
78.8
78.8
79.0
78.5
79.2
79.7
78.6
79.0
78.6
78.0
78.3
77.5
74.7
73.6
72.7
72.3
70.6
69.9
69.7
70.7
70.8
69.9
70.0
72.4
77.1
88.9
75.6
77.0
81.2
84.8
83.8
82.4
83.2
82.3
83.3
81.9
87.5
85.4
86.3
86.5
82.5
82.2
81.6
82.8
82.7
81.7
86.1
89.1
85.7
85.3
82.7
78.8
75.4
74.2
72.8
71.7
71.9
70.8
72.1
72.3
71.3
70.4
70.4
69.7
70.7
70.1
70.6
146.0
109.8
71.5
70.5
70.6
70.9
71.1
71.7
71.8
71.7
71.9
71.7
72.0
72.4
72.1
71.8
72.0
72.2
72.0
72.6
71.9
71.9
71.8
77.0
77.5
79.2
83.6
82.5
84.2
82.6
82.6
79.6
81.4
82.8
80.7
82.4
80.7
84.9
90.5
83.4
82.5
85.5
87.1
86.0
81.4
85.2
85.6
86.2
85.8
86.6
80.6
78.7
77.4
76.6
75.5
74.8
96.8
123.3
79.1
85.7
73.4
80.1
80.3
78.5
79.1
74.2
73.3
74.5
72.9
77.7
86.9
87.6
86.3
87.8
84.4
89.5
88.6
91.1
94.8
91.2
93.7
94.1
92.4
96.0
93.4
94.6
99.2
98.7
101.8
98.1
101.8
108.4
139.9
121.8
101.6
98.3
94.0
86.4
82.8
81.4
83.0
142.6
83.2
81.7
80.0
78.0
77.4
76.6
77.2
77.5
79.7
86.0
85.8
87.3
88.6
84.8
86.3
85.0
81.6
83.9
86.2
89.1
90.2
89.8
91.2
92.0
88.4
89.6
88.5
88.7
87.2
87.3
85.1
84.2
83.2
83.0
85.8
92.1
93.4
91.5
93.2
90.4
93.4
90.1
89.8
92.5
92.3
91.9
94.9
95.3
96.9
98.3
94.2
96.4
94.1
90.4
92.4
95.0
94.3
90.6
92.2
92.3
94.8
89.5
93.1
91.8
86.1
84.3
83.2
81.4
81.3
80.9
81.7
80.9
81.2
83.0
81.7
81.2
84.7
85.2
86.4
87.1
89.1
89.5
89.1
86.9
88.9
91.2
94.2
91.7
89.5
92.5
93.5
91.6
88.8
87.8
90.5
88.8
91.4
90.6
90.7
93.3
92.6
93.5
92.7
90.4
93.9
93.4
88.5
91.4
91.5
93.3
95.7
94.4
94.7
96.0
92.9
91.8
93.7
90.2
97.1
92.0
94.3
94.0
94.5
92.6
96.2
93.4
94.5
94.3
94.2
95.1
94.9
94.9
93.7
96.6
93.1
90.6
88.0
92.3
90.7
92.4
92.7
92.8
93.5
90.7
94.8
92.3
85.4
84.0
82.4
82.9
83.1
80.6
79.2
99.1
119.7
124.7
37.2
88.6
84.6
83.2
83.7
111.2
92.9
82.0
82.4
82.5
83.2
92.3
90.1
89.1
90.4
90.1
94.5
89.8
84.8
83.6
82.6
82.2
81.4
79.5
80.3
80.5
81.2
80.4
80.4
79.3
80.3
79.7
79.0
80.1
80.3
79.8
79.6
79.9
79.0
79.9
79.8
79.6
79.6
79.9
80.2
80.0
81.4
81.9
82.9
85.6
96.6
89.1
89.5
92.8
92.5
91.6
87.7
95.7
99.5
112.0
242.3
329.1
336.5
333.1
117.8
85.8
88.2
90.1
90.5
93.4
96.0
94.5
92.8
93.1
92.1
89.6
87.1
83.8
82.8
80.9
80.4
80.6
80.8
79.7
80.1
80.8
83.3
82.7
80.7
78.8
77.3
77.7
77.2
77.2
77.4
77.3
77.0
77.4
77.5
76.9
76.9
76.9
75.2
75.8
75.1
75.0
74.8
75.3
75.0
73.8
74.4
74.0
73.6
72.8
71.7
71.5
71.1
71.3
72.2
72.1
72.8
71.8
72.8
72.8
72.7
72.2
72.0
72.7
72.3
72.6
72.3
72.4
72.6
72.6
72.5
72.2
72.5
73.0
73.4
74.5
74.0
74.6
73.6
74.0
74.3
74.5
74.9
75.3
75.8
76.2
76.6
77.1
79.3
80.2
78.0
76.7
76.9
76.9
77.0
76.9
76.7
76.7
76.1
76.3
76.9
76.7
77.5
77.6
77.1
77.4
77.2
77.7
77.7
78.1
77.7
77.2
77.4
77.4
77.0
76.9
78.0
77.7
77.6
78.2
77.7
77.9
79.2
78.6
78.0
79.1
81.1
81.8
80.6
79.5
79.9
79.6
79.9
79.6
79.1
79.4
79.3
81.8
82.5
82.1
84.9
82.3
79.9
78.5
78.6
77.6
77.5
78.2
77.3
77.0
76.1
77.6
79.2
81.2
81.9
82.1
81.3
80.2
80.8
83.0
80.9
81.1
82.6
83.4
83.3
82.7
82.9
80.4
78.3
77.4
78.7
80.1
79.3
108.5
121.4
146.6
232.4
167.7
105.7
76.8
76.2
77.1
77.0
76.9
77.9
77.4
77.5
76.4
76.7
77.0
78.3
79.1
77.9
75.5
74.0
77.1
77.1
77.2
76.2
77.3
75.1
74.8
75.0
74.6
75.2
75.0
76.3
79.4
78.8
93.7
80.1
78.7
80.0
78.5
76.6
75.0
75.1
74.5
74.9
76.3
75.7
77.3
78.9
79.8
77.8
76.9
77.4
78.3
78.7
80.0
80.6
81.6
81.7
81.9
80.7
80.1
80.9
80.4
79.7
79.0
78.5
77.6
77.4
76.2
75.7
75.9
75.2
75.1
75.7
76.1
75.1
75.1
75.0
75.1
75.2
76.0
75.3
75.7
75.6
76.4
76.5
75.6
75.1
75.6
74.6
75.2
74.6
75.7
75.7
75.5
76.7
76.2
78.3
80.5
80.7
82.2
83.6
90.0
88.6
91.4
88.7
87.5
86.6
85.1
82.4
81.4
80.7
78.0
76.7
76.2
74.8
74.0
73.4
72.8
72.3
74.1
49.9
53.2
71.5
71.7
71.9
71.1
71.4
71.8
73.0
75.3
74.7
74.7
77.9
77.4
76.4
73.9
74.1
76.6
77.8
75.8
78.1
79.2
79.0
79.1
78.6
76.2
76.0
76.3
75.9
75.5
75.6
74.0
73.8
75.1
74.0
74.4
73.9
70.9
66.4
64.9
65.4
66.9
67.6
69.3
70.2
70.8
70.8
70.8
69.8
70.2
70.9
70.3
70.7
73.1
77.2
87.8
87.1
86.4
84.6
83.2
76.1
78.5
75.9
76.4
75.6
75.2
80.7
79.9
79.0
74.8
75.2
75.1
74.4
72.9
72.8
72.8
72.0
71.6
71.8
71.8
71.5
72.0
71.4
71.7
72.4
72.0
72.4
72.2
71.7
72.2
71.6
72.6
71.9
72.7
74.0
76.5
74.8
75.2
82.8
84.0
80.5
82.2
87.0
82.2
79.5
77.5
77.2
78.4
79.1
79.4
79.9
80.5
80.2
80.3
80.5
80.5
82.0
82.1
81.4
81.3
88.2
85.8
85.0
117.6
96.3
82.8
82.3
82.2
80.7
81.7
80.8
80.6
80.4
80.1
81.0
82.0
81.5
81.6
81.4
81.5
82.4
82.0
82.0
82.4
81.0
81.1
80.1
80.0
80.0
79.1
78.5
79.4
81.0
81.0
83.0
81.1
80.3
79.0
79.2
79.1
78.4
79.0
80.9
80.1
80.3
80.3
81.8
82.6
81.3
82.1
80.6
82.0
81.3
80.0
80.3
79.1
78.6
78.6
78.3
78.1
78.6
80.7
82.7
81.7
82.8
81.2
80.8
80.3
80.4
79.6
79.8
79.5
80.1
79.4
80.0
79.4
80.2
80.8
80.6
81.1
82.2
83.5
84.6
84.1
84.7
87.1
89.5
84.5
87.1
88.2
85.7
85.7
86.4
86.4
85.5
86.3
82.7
83.2
84.0
86.5
87.8
88.6
87.5
87.1
85.1
84.7
85.1
84.0
75.3
76.5
76.2
76.7
77.3
77.0
78.4
78.3
78.8
91.1
87.5
78.4
77.0
75.9
74.0
72.7
71.4
70.2
69.5
69.3
68.9
68.5
68.6
69.1
69.2
69.5
69.2
68.6
69.5
69.2
68.6
68.1
68.3
67.1
66.2
67.2
66.6
149.5
285.9
195.4
65.9
65.9
66.5
66.1
66.0
65.5
65.4
66.2
65.4
65.9
65.5
65.7
65.8
65.2
65.5
65.1
64.7
64.9
65.0
65.9
66.6
67.6
67.3
67.9
67.8
68.3
69.5
70.3
72.3
73.4
74.4
72.7
70.1
66.9
66.4
64.8
64.3
63.6
64.0
63.1
63.5
63.1
62.5
62.8
62.8
62.3
62.0
62.5
63.6
63.5
63.7
62.6
61.5
61.0
61.3
61.3
60.7
61.4
61.1
60.4
60.1
60.1
60.3
60.6
60.1
60.3
59.9
60.4
60.5
61.0
60.4
60.4
59.8
59.8
59.7
59.5
59.7
60.0
60.3
59.7
59.2
58.9
59.3
59.4
59.3
60.0
64.3
65.5
66.1
65.7
65.4
64.5
63.6
64.6
63.5
63.1
62.9
62.1
61.3
61.5
62.0
64.2
71.0
72.0
71.2
70.0
69.3
69.6
71.2
72.2
72.4
72.7
75.0
159.5
158.5
59.5
71.7
71.2
71.0
70.5
70.3
69.8
70.2
70.7
70.8
70.3
70.1
69.7
69.6
58.3
68.0
67.6
67.1
69.4
65.0
65.2
65.7
65.4
65.3
65.5
65.7
66.0
65.8
64.7
64.6
64.5
64.8
65.8
63.5
73.7
64.8
66.8
67.4
65.1
64.2
63.2
63.2
64.3
64.7
65.4
64.8
65.3
65.7
66.7
65.7
65.8
65.5
66.3
68.6
67.8
67.7
69.0
68.6
68.4
68.3
68.8
68.3
67.7
68.1
68.3
68.1
67.6
68.3
68.8
69.0
69.4
70.2
69.7
70.4
71.2
70.6
72.8
73.2
76.2
70.0
70.8
71.1
69.1
68.6
67.6
68.6
68.8
70.0
69.4
71.2
68.4
68.6
68.2
70.8
68.5
70.0
70.7
72.6
74.3
71.6
70.4
70.6
71.6
70.6
70.3
69.9
71.6
69.2
71.2
75.9
74.4
71.9
35.5
64.7
67.2
66.9
65.9
64.4
63.6
66.4
67.7
69.4
69.6
68.2
70.0
142.3
71.3
70.6
71.3
70.1
68.8
71.9
73.9
74.9
74.6
75.6
74.2
70.2
72.3
70.3
74.0
70.8
69.3
69.5
68.5
67.8
69.2
67.4
65.2
66.3
68.6
69.1
69.1
66.9
67.9
67.3
66.5
64.9
66.4
65.6
64.9
65.0
64.8
66.2
66.3
67.7
67.1
66.4
66.5
66.1
66.7
67.0
68.0
66.7
67.5
67.4
67.8
68.6
69.8
69.5
69.4
69.7
72.6
71.7
71.5
72.0
69.6
70.1
68.8
67.7
67.7
67.3
67.8
67.4
67.3
66.6
67.1
67.6
66.8
67.3
67.7
67.3
67.1
67.9
66.5
66.7
67.2
67.0
66.8
66.6
66.3
66.7
67.5
67.4
67.4
67.1
66.9
66.8
66.6
67.0
67.5
67.9
68.0
67.5
67.3
68.1
68.6
69.1
69.9
70.7
70.9
73.5
74.7
74.1
72.4
72.0
70.0
68.3
69.4
71.2
76.1
76.4
73.0
76.1
69.2
63.4
64.2
63.0
60.5
58.5
56.7
58.4
57.4
59.9
59.0
58.4
59.3
61.9
62.2
60.9
58.9
57.6
57.4
58.1
57.9
58.9
58.0
58.8
60.7
61.0
61.4
61.7
203.9
79.9
61.1
61.1
60.6
62.7
64.7
64.3
68.5
70.4
65.2
66.8
68.39999999999999
65.6
66.5
63.9
62.8
64.1
63.8
62.5
62.2
61.9
61.9
61.6
60.5
60.8
60.7
60.6
60.6
59.9
59.8
60.3
59.4
59.0
58.0
58.7
58.8
59.7
59.6
60.2
59.4
58.5
58.8
58.5
58.2
57.1
56.8
56.4
56.6
55.6
55.8
55.9
55.0
54.9
57.2
72.3
56.1
56.2
56.2
61.7
66.2
64.6
64.9
65.5
65.8
66.2
65.9
66.3
67.3
67.4
66.2
65.5
66.3
65.6
65.6
65.5
65.6
66.4
66.4
65.8
66.5
65.5
67.3
67.5
67.6
67.9
67.2
67.1
67.1
66.9
67.4
67.5
67.6
67.8
66.9
67.2
66.9
66.9
67.1
67.6
67.7
67.7
67.8
68.0
68.0
67.8
68.0
68.3
69.4
69.6
69.4
68.7
69.0
68.7
68.9
68.4
68.6
69.6
69.2
69.1
69.9
69.6
70.1
69.4
69.3
69.8
70.5
70.2
70.7
70.8
70.8
71.1
71.1
70.6
71.1
72.1
72.1
72.2
71.3
71.2
72.0
71.4
71.6
71.8
71.0
70.4
70.3
70.5
70.5
71.0
71.3
71.5
72.3
72.0
72.3
73.4
74.5
75.4
76.8
76.7
77.2
77.0
76.7
77.4
76.8
76.5
75.5
75.8
74.1
73.6
72.8
71.7
74.3
75.8
75.5
74.5
74.8
75.5
76.3
76.2
76.1
76.3
76.2
76.5
75.3
74.9
74.0
74.3
74.3
74.2
74.9
75.2
75.0
76.4
75.4
75.8
74.3
72.7
72.8
73.3
74.5
74.8
75.2
74.6
75.9
75.1
75.0
75.1
74.7
75.6
74.5
74.5
73.8
74.4
74.3
74.3
74.5
74.8
74.3
73.7
74.1
74.8
74.9
74.8
74.3
74.6
74.0
73.7
74.0
73.7
73.6
74.1
73.7
73.3
72.9
73.6
73.9
75.7
75.4
76.0
77.0
78.8
78.5
79.8
80.6
79.3
77.9
78.1
78.1
77.6
78.0
77.4
77.9
76.7
76.7
75.8
75.5
75.6
75.6
77.4
77.0
77.6
76.1
75.7
74.5
74.3
75.3
76.3
76.3
78.8
78.1
78.3
78.5
77.4
77.0
76.4
77.2
76.7
76.2
76.3
76.4
76.3
75.7
75.7
75.6
76.1
76.2
76.2
75.9
74.7
74.5
74.9
76.0
77.1
78.3
79.1
78.9
79.6
79.2
79.5
80.0
79.0
79.9
80.3
79.7
78.4
78.4
77.8
79.3
79.7
80.5
80.8
207.9
79.3
80.1
80.4
78.8
77.8
78.0
77.3
76.5
76.8
77.0
77.6
76.0
76.0
74.5
74.0
74.4
77.2
76.9
77.7
76.1
74.7
75.5
75.5
75.9
75.2
75.3
74.9
74.9
75.3
75.7
75.6
76.0
76.6
75.1
75.8
77.0
77.7
77.9
76.4
75.5
76.2
77.3
76.4
76.5
80.4
80.8
81.1
78.2
78.7
78.3
77.0
76.3
91.8
92.9
83.6
40.3
74.2
81.8
80.4
81.1
81.0
80.6
80.1
78.3
80.1
78.6
79.3
78.9
79.0
80.5
80.0
79.8
79.5
80.2
80.0
79.1
79.5
80.3
79.9
78.5
77.4
76.5
76.6
75.6
75.3
74.7
74.5
75.0
74.5
78.9
76.3
78.3
78.3
77.2
75.2
72.6
72.2
71.6
71.4
71.3
71.0
71.0
70.7
71.1
70.4
69.8
69.6
69.6
69.5
69.4
68.7
68.8
71.0
71.5
70.9
70.4
70.4
69.6
68.9
69.4
69.0
69.0
69.6
68.1
68.5
68.3
67.9
68.3
68.3
68.2
67.8
67.4
67.1
66.8
67.0
66.9
67.6
66.7
67.2
67.4
67.5
67.4
67.8
68.1
67.7
68.3
69.6
69.6
70.5
71.4
72.3
73.7
73.9
72.5
71.6
72.8
72.1
72.4
72.6
71.6
72.0
72.1
72.5
72.7
71.4
72.7
73.9
73.0
73.1
73.1
76.1
76.2
77.2
80.7
86.3
79.8
82.9
84.7
84.0
84.2
82.6
82.1
83.2
84.7
87.6
88.6
86.8
86.4
87.1
86.7
84.6
82.5
79.6
78.0
77.2
75.2
74.6
74.2
73.1
74.1
72.7
71.5
70.8
69.5
69.7
70.0
69.5
69.8
69.5
69.7
69.0
69.2
69.0
69.7
69.5
69.5
69.3
69.5
68.9
69.5
68.8
69.5
69.7
69.8
70.4
70.2
70.8
71.0
71.2
71.4
71.8
72.7
73.1
73.7
74.4
75.2
76.1
76.2
76.6
77.3
77.3
77.8
78.3
78.6
78.9
78.9
79.6
79.2
79.6
80.1
79.8
79.8
147.4
117.1
71.6
71.1
70.5
70.2
71.0
70.4
70.7
69.7
69.3
69.2
68.4
68.7
69.1
70.0
69.9
70.6
70.2
70.1
70.1
70.3
70.3
70.5
70.7
70.9
86.0
117.2
195.0
8.9
40.5
70.6
69.8
70.0
69.9
69.7
69.8
69.6
71.7
71.9
72.1
71.3
69.7
69.4
69.2
68.9
69.0
71.4
71.7
71.8
72.3
71.4
70.5
70.7
70.3
71.7
72.8
75.5
74.6
76.6
77.5
87.3
81.2
80.3
79.5
79.6
77.8
79.0
80.0
79.0
80.0
78.9
77.2
76.3
76.1
81.6
101.8
83.6
88.7
83.1
78.7
79.0
77.0
73.4
71.5
69.4
75.3
74.4
73.9
74.6
74.6
74.0
55.4
71.2
75.5
74.8
68.0
64.2
63.5
80.7
69.9
70.4
71.2
71.3
71.3
71.8
72.0
72.4
72.5
71.9
71.5
75.8
71.9
71.5
70.9
70.5
70.3
70.5
69.8
70.3
69.9
69.5
69.9
70.6
70.8
70.5
71.4
72.2
71.8
72.1
71.7
71.6
72.1
71.0
71.5
71.6
72.1
72.1
71.8
71.8
72.4
72.6
72.1
71.7
103.0
71.5
71.7
72.5
71.6
71.8
71.3
72.0
73.2
73.5
72.7
71.7
70.1
69.9
70.7
70.0
71.2
70.8
70.8
70.0
70.3
70.0
68.7
68.8
69.0
69.4
69.1
68.7
68.8
69.5
70.2
70.1
69.9
69.4
69.0
68.6
69.0
69.0
69.0
68.7
69.4
69.4
69.6
69.4
69.7
69.6
69.2
69.2
69.1
69.0
70.1
69.4
69.6
69.1
68.8
69.0
69.3
68.9
69.1
68.7
68.5
69.2
69.0
69.0
68.7
68.9
69.1
68.5
68.6
68.0
67.5
68.1
68.9
69.2
69.5
69.3
69.2
69.3
96.6
82.8
74.2
75.0
76.1
75.8
75.9
75.1
75.1
74.7
74.1
74.6
75.2
75.6
74.7
75.5
74.9
74.5
73.8
72.8
73.2
72.9
72.7
72.1
71.8
71.5
70.9
70.6
70.9
71.5
71.0
71.0
71.1
71.4
71.2
71.8
71.5
71.9
72.1
72.5
71.9
71.8
71.8
73.6
73.4
73.8
75.8
77.6
78.2
78.7
77.7
77.4
77.6
79.3
80.5
79.5
82.0
82.7
83.0
83.5
82.7
81.6
81.8
79.7
80.1
80.5
80.0
78.4
77.3
78.3
77.0
76.6
76.7
75.3
74.8
73.8
72.7
73.6
72.0
72.6
73.8
74.9
75.5
75.5
75.5
74.8
74.8
74.6
73.9
74.4
74.9
77.8
73.4
74.1
74.1
84.1
73.6
73.3
73.9
71.6
70.5
66.5
67.1
70.8
73.6
70.8
69.3
68.2
68.9
70.3
71.5
72.2
72.1
73.2
72.4
72.2
72.3
72.0
70.6
72.0
71.8
76.5
84.8
91.8
80.7
83.6
88.1
85.7
79.8
83.4
88.6
84.9
96.5
91.4
84.9
93.1
103.5
106.3
83.3
87.2
83.5
83.8
86.2
82.9
87.2
79.1
86.2
78.5
83.1
154.8
81.1
72.0
77.6
77.4
77.6
77.3
79.1
72.7
76.4
75.1
73.9
72.8
73.3
73.4
71.9
71.0
70.5
71.7
71.9
72.6
73.1
73.0
73.0
72.6
72.3
72.8
71.8
73.0
72.8
72.6
71.7
71.0
70.4
69.5
69.4
69.8
70.1
69.8
69.8
69.5
70.3
69.4
69.3
69.1
68.5
67.3
69.0
70.4
71.0
70.5
70.6
71.0
71.2
71.9
71.1
70.1
70.1
70.6
71.6
72.7
81.4
72.1
71.7
71.8
70.0
69.5
68.3
68.4
68.7
67.5
67.6
67.4
67.0
66.9
68.1
68.8
69.2
68.4
66.7
66.1
66.6
66.2
66.3
66.2
67.0
66.8
65.0
64.4
66.0
66.9
65.3
66.1
67.7
81.9
71.5
72.3
72.7
72.1
71.8
73.3
69.5
68.5
67.9
67.4
67.4
67.0
66.9
66.3
66.5
75.2
75.0
76.9
73.2
70.1
69.0
68.5
69.1
69.7
70.0
70.7
70.9
72.0
72.0
72.0
70.4
70.5
70.0
71.2
70.7
70.6
72.1
72.7
73.3
73.5
74.1
75.1
74.2
74.0
73.8
76.4
76.2
77.6
217.8
145.3
76.8
76.0
75.7
75.7
76.3
76.6
76.0
77.4
76.9
74.4
74.3
74.5
75.2
75.8
76.7
78.2
77.4
78.1
82.0
79.4
76.6
76.5
82.0
94.7
82.6
72.8
78.4
79.6
79.5
76.5
79.3
80.9
79.1
79.5
81.8
82.8
81.3
80.6
80.5
77.8
77.2
77.4
77.5
80.5
82.4
81.7
92.7
89.5
78.5
70.2
71.0
69.6
70.9
74.2
75.0
76.6
77.5
75.7
73.8
73.4
72.5
72.6
71.7
72.2
71.7
73.2
73.0
73.7
72.1
73.2
72.9
72.9
72.3
71.9
72.2
72.0
72.4
71.8
72.0
72.5
73.3
73.4
75.1
75.9
78.5
79.5
79.3
78.5
79.1
78.6
78.4
76.4
75.8
74.8
74.7
73.9
73.4
72.9
72.0
73.6
72.4
72.7
72.4
75.2
76.5
74.7
74.6
74.0
77.7
79.3
75.8
74.1
76.0
74.8
74.6
81.4
81.8
82.8
84.5
83.5
83.9
83.1
83.2
82.1
81.8
81.7
80.7
81.6
80.5
81.0
82.7
81.8
80.2
80.0
78.6
78.1
77.3
75.7
76.9
77.7
79.8
81.4
115.4
84.7
86.7
71.5
71.5
72.3
74.4
76.9
74.3
72.3
73.4
75.2
71.7
72.2
71.1
77.9
82.9
71.2
65.5
63.0
59.4
58.6
58.3
60.8
60.5
60.9
61.1
61.0
60.6
62.9
62.2
62.8
65.4
67.1
64.3
62.8
61.4
60.7
60.9
61.3
61.9
63.9
63.8
63.6
63.5
63.9
64.0
63.8
63.7
64.1
63.6
63.9
63.7
63.1
63.3
63.6
64.0
63.7
64.2
64.0
63.7
63.3
63.5
62.6
62.6
63.3
63.5
63.8
63.8
62.6
63.1
62.7
62.2
62.6
64.5
64.1
64.0
64.6
63.4
63.8
63.5
63.0
63.1
63.4
64.5
65.0
65.7
65.3
64.3
65.4
65.8
65.2
64.5
64.2
63.9
63.9
63.6
64.2
64.0
63.9
64.9
64.1
65.1
66.1
65.5
66.0
65.7
66.0
66.1
66.0
65.9
65.9
65.0
64.1
64.0
64.2
63.5
63.3
64.1
64.3
63.8
63.5
64.1
63.9
63.8
63.7
63.3
63.4
63.5
65.0
72.4
74.2
74.6
75.2
75.3
75.7
153.6
73.8
74.2
74.0
73.0
74.0
74.0
74.6
74.1
74.1
73.5
72.5
74.7
75.0
80.9
76.2
82.1
81.9
78.7
76.6
76.9
76.5
75.9
77.5
76.5
75.5
75.2
75.0
76.0
75.6
76.0
76.4
76.5
74.9
76.5
76.4
78.0
78.8
78.9
80.4
81.5
80.2
90.1
87.7
88.0
85.8
81.5
78.6
78.5
79.6
79.9
80.3
80.9
81.8
82.6
83.4
83.1
83.7
83.5
84.8
84.3
84.6
84.7
83.8
83.1
82.4
82.8
82.1
81.6
81.7
81.2
81.2
81.4
81.3
80.4
80.6
79.7
79.1
78.9
78.0
78.4
77.8
77.8
77.9
77.9
78.3
77.8
77.8
77.2
76.5
76.9
77.4
76.5
76.7
76.5
76.2
76.8
76.4
76.3
77.1
76.3
75.9
75.2
75.1
75.0
74.7
74.9
75.0
74.1
73.9
74.1
73.8
75.4
78.6
80.5
81.5
81.0
81.0
80.7
79.6
80.0
79.6
80.2
79.9
79.8
80.5
80.7
81.8
81.3
81.4
81.6
81.2
80.2
83.7
80.0
82.1
85.0
81.6
81.7
80.2
81.4
81.0
84.6
83.2
85.0
86.1
84.3
86.0
88.1
88.3
89.5
91.4
92.9
93.8
93.3
95.0
94.9
94.7
93.1
94.6
93.8
90.5
91.7
87.2
90.6
87.7
84.8
85.3
81.7
80.3
79.1
78.9
78.2
78.2
141.8
109.0
77.9
76.3
76.2
77.4
76.9
80.3
82.1
79.9
77.2
78.7
77.4
79.3
75.6
74.4
73.7
73.0
72.9
73.5
73.4
73.9
75.1
75.4
77.3
79.0
77.3
77.4
75.6
78.0
75.3
73.8
73.0
72.0
72.4
73.1
72.4
72.1
71.5
71.9
72.3
72.3
72.0
71.8
71.9
71.8
72.1
71.6
71.4
72.0
72.5
71.8
74.2
73.1
72.9
72.6
72.3
72.2
71.6
72.9
76.1
78.3
76.7
77.6
76.2
73.8
74.0
75.3
76.6
73.9
73.0
75.9
74.2
72.5
75.8
75.7
76.4
75.4
74.6
73.8
73.9
74.8
74.5
75.0
76.9
75.6
74.7
73.5
72.2
71.7
70.6
71.8
71.1
70.7
71.2
70.3
70.0
69.5
69.6
70.2
69.2
69.1
69.1
69.2
68.8
71.3
71.3
73.2
74.1
75.0
75.5
76.9
74.0
74.9
73.4
73.1
75.7
74.9
76.2
78.3
77.3
80.9
77.8
79.2
79.7
81.1
82.0
82.2
83.2
80.4
76.7
76.0
75.7
75.4
74.9
77.7
75.3
77.5
77.7
75.7
75.5
77.1
74.5
73.4
72.4
72.6
72.5
71.8
70.9
70.6
70.4
71.0
70.5
69.2
68.4
68.2
68.2
70.4
70.6
70.9
71.2
71.0
71.3
71.2
70.7
71.1
70.1
70.4
70.8
69.7
70.1
69.7
69.9
70.1
70.4
69.2
69.9
69.4
69.4
69.1
69.9
69.9
70.2
69.2
69.4
69.2
69.3
69.6
70.6
71.2
70.9
70.2
70.5
70.9
71.0
70.9
72.0
71.0
71.4
71.2
71.8
74.9
74.0
76.3
76.0
75.5
76.0
75.6
75.1
74.3
74.1
74.6
75.6
76.9
76.9
78.0
94.6
85.1
76.2
77.0
76.4
75.7
75.1
74.8
74.0
74.7
74.7
75.9
76.2
79.7
78.0
81.6
78.9
76.9
76.4
75.2
184.3
205.0
164.2
136.4
71.1
84.9
77.4
80.9
85.1
83.4
78.6
78.2
80.2
81.4
77.6
76.1
75.8
75.9
74.5
77.1
93.7
68.7
67.7
67.8
65.3
63.4
61.8
62.2
62.7
62.9
63.6
65.2
66.0
65.3
67.2
69.9
70.7
70.5
71.9
72.8
70.4
68.5
67.5
66.3
65.8
66.1
66.1
66.1
66.6
67.0
66.8
66.2
64.8
65.7
66.5
68.0
68.4
69.8
70.1
70.9
71.2
71.0
71.6
71.5
71.6
71.5
71.8
72.5
73.4
74.5
75.6
74.5
73.6
72.7
72.3
72.5
72.8
72.7
72.7
73.1
73.4
73.3
75.0
78.3
80.7
80.8
84.1
80.6
80.0
77.5
77.9
77.4
77.1
77.3
76.3
76.3
77.3
77.8
79.1
81.0
82.3
82.8
82.7
82.8
84.3
79.2
80.9
81.9
80.2
80.6
77.3
77.6
80.9
81.9
81.9
78.1
80.1
84.0
84.8
83.0
81.9
79.0
85.2
80.0
85.5
84.6
79.1
85.1
81.5
80.4
77.3
77.5
77.2
76.3
78.7
79.3
78.3
76.0
75.2
77.2
72.6
71.1
71.2
71.5
70.0
69.9
69.9
69.5
69.5
70.3
71.5
71.8
72.1
73.3
73.5
82.1
81.2
80.0
80.9
79.5
78.3
78.0
78.5
83.0
81.4
82.4
84.6
82.2
84.2
83.7
82.9
83.9
82.7
82.6
82.5
82.6
83.6
85.1
84.8
91.7
84.7
83.6
82.7
80.0
82.2
81.0
82.5
81.0
83.9
84.5
84.2
86.5
83.9
88.5
86.1
81.8
86.8
85.3
82.3
82.5
82.2
84.5
85.0
85.9
86.4
88.4
86.1
88.6
87.1
87.0
87.1
88.2
86.8
87.9
89.1
90.8
87.5
89.4
90.5
88.9
89.7
89.7
89.6
90.7
86.7
89.4
89.1
89.1
89.4
89.4
88.4
89.2
86.1
89.1
90.2
89.6
89.9
89.2
90.1
91.2
90.5
90.9
88.9
87.3
89.7
88.6
88.2
89.7
89.4
89.0
89.0
87.9
88.9
87.7
89.4
88.7
88.0
86.8
89.3
86.7
91.2
88.7
89.2
87.9
90.6
89.8
89.5
89.6
88.6
86.9
85.5
88.1
88.3
88.7
86.3
88.0
87.9
85.6
85.9
85.1
86.2
87.1
83.5
85.3
83.7
84.8
83.7
83.3
84.1
83.6
83.4
85.0
84.8
86.1
87.1
85.4
83.3
85.2
86.6
84.3
83.5
83.1
79.8
80.2
78.3
78.9
78.8
79.7
79.8
79.3
81.3
78.3
80.0
80.2
79.8
79.6
81.9
81.5
82.4
80.7
82.9
81.8
79.4
76.3
75.1
73.9
73.3
71.7
71.6
71.9
71.3
71.1
72.2
72.3
72.3
73.0
71.4
71.5
71.3
71.1
72.3
72.6
72.0
71.9
71.1
72.2
72.9
73.1
74.0
74.5
75.0
75.1
73.8
72.6
72.2
81.1
72.7
71.3
70.3
71.1
70.1
70.6
70.6
71.6
71.7
71.5
71.9
72.0
71.5
71.7
73.0
73.1
72.7
74.2
73.9
74.1
73.9
74.1
73.8
74.4
74.2
73.6
71.8
72.6
72.5
73.4
74.1
74.6
75.2
76.9
77.3
76.1
75.6
74.6
77.2
77.6
76.1
75.3
74.1
74.4
74.9
74.7
75.2
75.7
76.7
76.7
76.8
76.8
79.1
78.6
78.4
79.2
78.6
79.2
79.6
79.6
79.5
79.5
79.8
79.9
80.3
80.9
79.7
79.9
78.1
77.6
77.0
76.4
76.7
76.4
77.0
77.0
76.8
77.2
77.1
77.1
77.6
78.1
78.3
78.4
80.1
80.3
78.4
77.8
78.0
78.1
79.3
79.2
78.5
79.6
78.7
78.4
76.4
72.9
72.9
71.9
70.9
70.1
66.0
63.6
64.5
64.6
64.2
64.6
64.6
64.5
64.5
65.8
67.0
66.8
67.1
68.2
69.3
70.5
70.4
70.7
71.7
71.3
72.4
72.9
72.7
73.6
71.5
72.1
75.0
75.8
74.1
46.1
78.9
80.6
79.0
81.5
83.6
86.1
89.8
91.2
92.3
90.3
91.5
90.2
81.1
97.5
97.0
83.9
85.2
85.4
79.9
82.0
76.8
77.2
78.2
81.0
79.6
76.4
79.1
84.5
91.9
88.3
81.9
80.1
79.7
83.1
89.3
85.3
83.9
82.1
81.9
79.3
83.9
82.7
81.1
82.5
80.7
80.4
81.1
80.2
79.5
78.2
78.4
77.7
78.6
87.0
83.3
81.7
78.6
77.9
77.6
72.8
73.0
72.0
73.6
76.4
78.4
79.1
81.2
81.6
82.6
83.5
84.1
84.0
85.2
85.0
83.8
83.3
82.7
81.4
80.3
79.1
77.8
78.4
82.4
82.6
80.9
85.9
85.2
82.5
85.8
81.5
84.1
78.9
84.8
82.9
87.0
79.8
82.1
75.8
75.9
75.4
77.7
85.5
82.1
79.4
77.4
92.6
96.0
94.5
92.0
91.7
105.7
118.9
95.9
91.4
80.4
71.3
68.5
67.6
69.7
70.5
75.0
81.7
78.7
79.8
80.9
78.7
81.6
78.9
77.1
84.8
80.9
103.8
113.1
155.1
156.3
157.0
157.0
157.0
157.0
154.7
124.3
115.9
134.4
144.4
146.1
156.5
87.7
104.0
105.8
97.3
87.6
89.0
82.1
86.5
82.7
72.1
79.2
86.4
96.9
84.1
86.4
82.6
81.9
74.2
71.9
71.9
72.8
74.4
78.8
78.1
76.9
84.1
88.0
88.6
84.1
82.0
80.7
79.8
78.5
78.3
78.4
79.0
78.1
77.8
78.0
78.2
78.5
78.5
77.7
77.1
77.0
76.7
77.0
77.1
77.0
76.7
76.7
76.3
76.7
76.0
75.1
74.3
73.9
74.0
73.5
74.0
74.6
75.3
76.5
77.3
77.2
77.9
78.2
78.0
78.3
78.5
78.0
78.0
77.6
77.4
77.4
77.4
77.0
76.9
76.4
76.0
83.9
84.8
84.1
82.2
82.5
82.3
82.8
79.5
80.3
80.8
79.7
79.6
79.0
79.9
77.6
78.4
90.2
91.2
87.4
78.2
88.4
90.0
81.0
71.7
66.7
66.2
67.9
82.4
78.3
79.0
80.8
79.7
74.4
81.0
80.0
79.4
81.1
81.8
81.1
80.6
80.1
79.7
79.4
80.8
81.1
89.5
78.9
77.8
79.0
79.2
80.2
81.4
73.3
74.8
76.0
77.2
76.6
81.3
76.8
71.9
76.8
76.7
73.5
79.3
74.3
74.0
76.0
76.7
75.7
76.9
77.8
88.4
96.4
79.3
68.7
64.4
63.2
70.0
68.2
70.3
73.1
75.2
74.5
75.7
78.5
81.3
84.4
81.5
79.2
76.8
75.5
75.0
74.9
74.4
75.4
76.2
75.6
75.2
76.7
77.5
78.1
77.8
78.1
77.7
77.9
78.3
77.4
77.6
76.2
74.8
75.1
76.6
76.5
78.6
77.5
78.3
77.2
77.0
75.4
75.2
74.7
76.3
78.2
78.3
80.0
82.2
81.8
80.2
80.5
79.9
81.8
79.9
81.2
78.4
78.1
78.1
78.5
78.8
78.9
76.6
78.5
78.3
78.7
75.3
73.9
73.7
73.9
75.2
77.1
79.1
79.7
77.8
81.0
81.9
80.8
80.7
80.7
80.9
76.9
75.6
75.9
76.2
84.4
81.5
79.6
76.2
76.9
83.4
79.6
77.1
77.6
75.9
76.6
76.2
76.0
76.6
76.0
74.7
75.1
75.1
84.1
77.9
88.3
96.3
82.2
72.2
68.3
67.0
68.1
72.8
79.7
84.0
86.2
79.0
77.1
82.5
80.0
78.6
77.19999999999999
77.77704918032786
77.36557377049179
76.95409836065573
76.54262295081966
76.1311475409836
75.71967213114753
75.30819672131148
74.8967213114754
74.48524590163935
74.07377049180327
73.66229508196722
73.25081967213114
72.83934426229507
72.42786885245901
72.01639344262294
71.60491803278688
71.19344262295081
70.78196721311475
70.37049180327868
69.95901639344262
69.54754098360655
69.1360655737705
68.72459016393442
68.31311475409836
67.90163934426229
67.49016393442622
67.07868852459016
66.66721311475409
66.25573770491803
65.84426229508196
65.4327868852459
65.02131147540983
64.60983606557377
64.1983606557377
63.78688524590164
63.37540983606557
62.96393442622951
62.55245901639344
62.14098360655738
61.72950819672131
61.31803278688524
60.90655737704918
60.49508196721311
60.08360655737705
59.67213114754098
59.26065573770492
58.84918032786885
58.437704918032786
58.02622950819672
57.614754098360656
57.20327868852459
56.791803278688526
56.38032786885246
55.96885245901639
55.55737704918033
55.14590163934426
54.7344262295082
54.32295081967213
53.91147540983607
53.5
62.8
68.7
70.0
69.9
70.4
74.0
79.8
81.7
81.5
77.0
77.1
75.3
74.4
73.7
71.9
70.5
70.1
70.2
73.1
80.5
68.8
68.9
67.6
70.1
71.6
74.9
74.6
74.4
74.5
73.9
73.4
72.8
72.3
72.2
72.1
72.4
72.2
72.5
72.1
72.0
72.6
72.7
73.9
73.4
74.7
75.7
75.5
73.7
103.8
108.2
95.1
83.7
85.3
87.5
86.5
84.4
83.2
81.5
80.0
79.8
78.5
78.2
80.5
81.0
80.0
79.5
78.8
75.7
74.5
71.9
68.8
70.2
67.4
73.8
72.8
72.4
74.1
75.8
77.1
77.6
78.0
79.9
76.3
71.6
69.5
70.7
73.7
75.7
78.5
79.9
81.2
81.7
82.0
81.9
83.8
85.2
84.7
85.3
94.2
94.5
92.6
88.1
83.5
82.9
79.2
75.6
73.5
68.4
67.8
69.5
71.3
70.6
71.1
70.8
70.9
74.2
79.3
79.9
79.8
79.0
89.5
69.2
71.0
66.9
66.5
67.4
68.7
69.4
69.7
70.1
69.7
70.6
70.0
70.7
71.4
73.8
75.7
77.5
78.9
80.3
81.0
81.3
81.7
82.3
82.3
82.6
82.8
82.7
82.4
82.5
82.6
82.5
81.4
79.8
77.4
76.2
75.1
75.9
76.2
77.0
77.9
78.8
79.9
80.5
80.4
79.8
80.0
79.3
78.8
78.2
78.4
79.6
78.2
77.5
77.5
77.0
77.0
76.7
77.5
76.5
77.0
76.8
76.6
76.1
75.6
75.7
75.2
75.1
74.5
75.0
74.4
74.9
74.4
73.7
74.0
74.0
73.7
73.5
72.9
73.0
72.6
72.8
72.5
72.6
72.6
71.2
69.9
67.4
66.4
65.9
67.6
68.4
69.7
70.0
71.7
71.7
71.7
71.6
71.1
71.4
71.2
71.3
71.5
71.6
72.9
74.1
73.9
73.7
71.6
71.2
71.0
71.5
71.6
72.5
72.3
73.8
74.1
72.7
74.5
80.7
79.5
75.0
75.0
74.7
75.5
74.7
76.8
75.9
76.2
73.5
72.9
73.2
73.8
75.1
75.5
77.7
77.2
75.9
71.8
87.4
84.2
71.5
72.2
72.2
73.6
75.0
84.0
80.0
73.4
71.0
70.6
69.9
70.0
69.5
69.3
68.9
69.2
68.5
72.8
75.5
77.0
80.0
79.2
77.2
74.6
71.3
69.5
69.0
71.4
67.6
68.8
69.9
63.7
65.1
65.8
66.2
69.0
68.7
71.4
72.4
74.2
75.7
76.5
77.8
79.2
77.8
70.1
68.5
73.3
82.9
82.4
78.8
77.3
75.5
74.0
72.4
71.3
70.9
68.9
68.6
69.1
69.6
70.1
70.0
71.3
72.8
77.1
81.8
80.8
77.3
75.6
67.8
62.7
59.8
63.4
68.8
74.6
80.1
83.8
88.3
89.0
87.8
84.3
83.7
94.4
102.6
100.4
94.7
88.8
85.6
85.0
83.6
82.3
76.6
67.0
60.9
60.7
60.1
67.3
74.4
79.1
81.8
82.9
83.7
84.7
84.3
84.7
85.2
91.3
88.2
88.6
89.1
89.5
90.3
91.0
91.5
92.1
93.1
93.6
93.7
93.6
94.7
94.8
96.5
96.9
97.7
90.3
84.6
83.4
83.0
83.8
83.7
82.0
81.2
82.2
83.0
84.3
83.2
81.7
86.3
85.2
86.5
87.7
85.9
86.9
83.7
84.3
83.1
82.5
88.3
87.8
85.3
82.0
80.9
79.2
80.3
80.4
81.7
82.8
93.3
86.4
70.9
71.1
70.6
71.0
71.2
72.1
71.5
71.3
71.7
72.1
73.1
73.5
74.0
74.4
75.7
75.9
75.7
75.6
76.5
76.5
72.9
73.4
75.5
78.2
79.9
78.9
76.5
76.5
75.8
75.5
78.0
80.3
81.7
82.4
83.0
83.7
84.1
84.5
85.0
85.3
86.2
86.0
85.9
86.7
86.6
87.7
87.3
88.4
88.7
88.9
91.0
92.3
96.4
100.2
102.6
147.5
160.7
142.5
129.5
160.7
186.9
139.0
151.4
119.6
94.6
98.9
158.1
112.8
139.1
145.1
138.0
119.8
83.8
93.9
94.7
96.9
96.3
91.2
92.0
88.0
90.6
84.8
84.8
78.8
84.4
89.5
84.3
83.7
84.8
83.0
85.5
85.8
83.1
86.6
86.6
86.5
89.5
90.4
84.9
83.6
84.3
84.9
81.5
81.3
84.4
81.2
83.7
81.4
86.2
77.5
77.4
81.0
83.2
83.9
81.5
81.0
80.7
81.5
84.9
84.0
85.1
81.5
80.0
86.2
82.6
82.0
81.8
81.6
82.0
81.7
100.6
85.1
85.2
85.3
86.0
79.4
78.9
80.0
85.4
83.1
83.8
81.7
81.1
80.7
81.1
80.9
81.6
82.7
84.3
87.5
86.8
83.5
89.9
89.8
91.9
88.5
85.1
83.1
82.5
83.0
83.5
83.6
86.5
86.7
84.6
84.9
87.1
88.7
86.3
84.5
83.1
81.1
80.9
79.7
79.0
79.6
79.6
78.9
80.1
80.6
77.1
75.8
75.5
75.4
77.2
79.0
79.4
80.0
78.8
79.0
81.9
85.9
82.9
85.4
83.7
84.4
82.5
74.8
78.8
78.7
78.6
76.7
101.8
79.3
85.0
86.8
90.0
87.4
89.7
93.4
92.7
88.7
87.3
87.9
85.8
82.1
92.7
87.8
86.9
72.6
72.8
76.2
75.8
75.5
72.4
78.6
103.8
111.8
98.3
85.1
78.0
74.1
72.0
71.9
69.4
70.0
68.4
68.6
69.5
68.2
68.0
67.5
68.9
67.9
69.0
68.1
69.0
70.8
72.4
71.6
71.3
71.8
72.1
72.0
72.4
72.4
73.2
72.8
73.1
76.5
75.5
72.3
72.4
71.4
71.2
71.4
71.3
71.1
71.1
72.6
75.0
76.8
74.2
73.2
72.8
74.1
73.8
83.9
92.3
89.5
83.7
79.9
79.8
80.0
80.3
81.0
81.1
78.0
71.9
70.4
74.1
79.2
83.2
84.6
85.7
86.6
87.5
82.3
81.9
81.2
80.4
81.5
81.9
81.9
81.6
80.4
85.7
86.8
85.6
84.7
84.5
85.9
95.2
94.8
93.3
126.4
127.0
107.2
81.1
80.1
79.5
78.9
77.9
77.4
78.1
77.6
78.0
78.0
79.1
79.1
78.2
77.5
77.6
77.1
76.9
77.2
77.9
77.8
77.8
78.5
78.9
79.8
79.4
80.5
79.9
86.4
85.7
85.1
85.2
85.2
84.8
84.5
83.9
83.9
84.0
83.6
83.4
83.5
83.8
83.4
83.4
83.3
83.8
83.2
82.8
83.2
83.7
83.3
83.3
81.9
80.2
79.2
77.6
81.2
82.7
83.1
83.7
84.4
84.1
83.8
83.8
84.4
82.1
78.6
78.0
80.9
83.2
87.3
89.6
89.0
87.3
86.7
87.1
87.2
86.4
86.6
85.9
85.1
85.3
84.7
85.5
84.7
85.2
85.0
84.5
83.9
84.4
84.1
83.9
83.8
83.7
83.1
83.5
82.9
83.1
83.7
84.7
84.1
85.1
84.9
84.4
83.6
84.3
83.8
82.9
84.5
86.9
86.2
84.3
83.8
83.7
82.4
81.8
82.3
81.9
81.7
82.1
81.7
83.5
85.0
85.7
86.2
83.9
81.0
79.7
79.5
80.3
77.9
78.7
78.1
77.9
77.8
78.1
78.4
78.5
78.5
79.1
78.2
78.8
78.6
78.6
78.7
78.0
79.2
77.9
78.2
77.9
77.1
77.7
78.3
78.4
78.3
78.6
78.2
78.4
78.9
78.0
78.0
78.5
77.6
77.9
78.1
78.7
78.0
78.2
76.1
74.2
72.7
71.8
70.6
71.5
72.4
72.0
72.7
72.1
70.7
69.3
68.6
68.4
69.0
69.0
69.2
69.2
69.8
70.5
72.6
72.3
73.8
86.1
81.3
77.7
74.7
76.9
74.8
76.5
75.8
75.4
81.8
82.0
93.2
90.7
89.1
89.7
79.9
78.7
69.7
62.4
65.5
68.2
67.6
65.9
66.0
66.2
65.6
66.1
67.3
68.3
69.5
68.2
68.8
67.5
66.0
64.2
63.6
62.3
62.4
62.7
63.0
62.4
62.5
62.8
61.6
62.8
62.6
61.5
59.5
59.3
59.2
59.9
59.0
58.8
59.0
59.9
61.6
64.3
66.0
65.7
66.2
65.8
62.9
61.2
61.5
61.5
62.7
64.3
66.6
67.4
67.6
68.1
68.4
67.9
68.5
68.4
67.5
67.4
67.3
66.5
65.8
65.5
66.7
68.4
70.6
80.7
81.4
82.1
80.6
81.2
81.4
76.3
74.3
72.8
71.7
71.1
71.1
72.0
72.9
72.2
72.6
63.1
61.7
62.9
65.4
66.0
66.2
65.2
65.6
68.7
70.1
70.6
70.9
73.3
75.7
75.1
72.9
79.1
79.5
79.0
83.5
79.9
76.2
75.3
74.2
74.1
73.7
74.5
75.0
74.4
107.9
116.1
153.9
204.6
164.5
144.9
187.9
237.3
227.4
222.7
159.4
135.7
74.1
72.0
70.5
66.1
64.5
65.4
64.4
64.0
64.2
66.0
62.2
62.4
62.6
63.5
64.1
65.0
65.6
66.9
66.5
66.3
67.2
67.9
67.6
68.5
68.5
66.1
65.7
65.9
69.6
70.9
72.5
72.9
69.5
69.4
70.1
71.3
72.9
73.1
71.5
70.5
68.3
67.2
67.7
67.7
68.2
68.6
69.2
70.9
70.5
70.4
70.3
71.4
71.3
72.0
72.4
71.9
70.3
71.3
71.8
73.7
74.2
73.9
72.7
71.0
70.9
70.1
71.0
71.4
71.2
70.0
69.7
68.8
69.1
69.3
69.7
70.0
70.3
70.7
70.9
71.6
70.9
71.5
72.3
75.7
76.5
75.1
75.3
85.2
76.1
67.6
69.0
66.4
59.8
73.6
71.0
76.5
76.5
75.2
70.1
71.9
76.0
77.2
77.8
99.5
92.1
81.4
70.7
68.7
69.0
67.8
68.0
68.0
67.8
67.4
68.7
69.1
69.5
68.6
69.0
260.7
98.9
70.3
69.4
68.7
67.9
67.6
68.1
69.1
69.3
70.2
69.4
69.6
67.9
68.3
68.9
69.2
67.9
67.5
67.1
69.3
70.5
72.0
73.1
72.6
71.8
71.3
71.0
70.2
70.3
69.4
69.4
68.9
68.6
68.9
69.4
69.5
69.8
69.0
69.7
69.5
69.6
69.0
69.3
69.1
69.2
69.3
69.2
69.1
68.7
69.3
68.7
68.8
68.8
69.6
69.6
69.0
68.6
69.0
68.1
68.9
68.9
69.7
69.2
69.1
69.0
68.5
69.0
68.9
69.4
69.5
69.0
68.6
68.6
67.8
68.5
68.4
69.1
69.0
69.3
69.2
69.3
68.8
68.7
69.0
69.5
69.4
69.0
69.2
68.3
68.6
68.6
69.4
69.0
69.7
69.9
70.1
68.3
68.7
70.1
71.6
70.4
69.7
69.5
68.9
68.5
68.4
68.7
68.2
68.5
68.4
68.8
67.7
69.0
69.1
70.2
72.7
75.0
78.5
76.1
73.7
73.6
77.7
68.4
67.8
65.7
65.9
65.6
65.9
65.4
66.5
65.4
66.1
65.3
66.2
65.9
66.2
67.7
67.7
67.6
68.5
67.7
67.2
72.5
91.0
66.0
68.5
167.8
152.2
161.0
133.0
120.2
72.5
73.8
72.8
78.0
77.3
78.1
104.1
82.4
81.9
73.9
74.1
92.7
92.9
96.0
96.2
92.8
104.0
120.7
118.5
108.3
98.4
98.3
87.6
99.2
100.9
100.1
102.2
113.3
128.4
129.1
133.0
140.2
138.6
135.4
133.7
132.6
131.2
130.7
127.8
127.2
127.0
126.3
144.0
155.7
134.8
106.8
110.8
104.5
