89.1
88.1
90.3
89.1
86.2
83.0
82.6
84.4
83.2
83.2
82.6
80.5
83.1
81.6
82.9
82.1
84.4
85.9
87.4
83.8
80.1
76.9
195.4
68.4
69.4
65.1
67.1
68.7
70.3
71.4
73.6
73.7
73.2
73.5
75.3
74.5
74.2
75.0
72.4
73.1
75.0
76.1
75.4
75.6
77.7
77.7
77.8
77.7
77.3
77.6
78.1
79.3
77.4
74.8
75.6
75.9
74.9
75.4
75.3
74.0
70.9
68.8
66.9
65.0
64.0
62.5
62.3
61.8
61.2
61.9
61.5
62.5
61.7
60.8
64.8
65.8
68.1
68.5
69.1
69.3
69.1
69.6
71.3
75.1
76.2
79.6
81.7
81.3
81.7
79.8
78.3
77.7
75.1
73.6
74.7
74.6
74.9
75.6
75.2
74.3
72.1
70.8
69.7
67.6
63.6
56.7
46.2
46.2
57.4
62.4
66.3
66.6
65.0
67.1
67.3
67.6
67.2
70.8
70.7
76.3
78.9
77.0
76.5
77.9
79.0
75.6
77.9
76.7
75.0
75.4
75.4
75.3
74.2
77.1
73.7
73.4
71.5
71.8
72.5
71.7
72.3
70.6
75.2
88.1
87.1
77.1
79.5
79.3
79.4
80.4
77.5
76.5
76.4
76.6
74.6
74.0
74.6
76.4
79.9
81.7
81.0
85.1
91.3
97.6
97.4
97.1
97.9
92.7
89.1
79.6
75.7
81.6
83.0
83.3
76.5
76.8
74.4
72.3
69.7
69.9
66.6
68.0
71.8
73.9
75.0
77.3
79.5
78.8
77.3
74.5
75.0
75.7
74.7
60.7
72.3
73.9
75.2
70.1
69.4
64.2
65.8
69.3
71.9
70.6
65.6
66.6
67.5
69.7
69.1
70.7
75.9
71.8
72.2
71.7
72.6
77.7
75.4
73.4
72.8
72.9
73.3
74.6
76.1
72.2
74.0
75.4
72.9
75.0
74.3
76.5
79.1
81.5
74.0
75.2
74.5
79.1
79.2
79.7
78.5
78.0
75.0
77.8
78.1
79.4
79.2
78.9
77.8
79.9
79.4
77.4
79.7
75.6
80.7
76.6
74.4
75.5
74.6
75.3
73.9
72.5
78.3
73.4
78.1
72.0
69.7
71.2
71.8
78.8
77.9
74.8
75.1
74.3
78.6
71.5
73.7
77.3
77.2
72.6
74.6
71.9
72.8
75.0
73.4
74.0
75.5
73.6
72.6
68.9
70.6
73.4
78.4
77.4
80.8
75.5
76.2
74.8
75.5
74.0
72.5
73.8
74.6
75.4
73.7
76.3
74.3
74.8
74.3
72.9
70.2
72.3
75.8
76.1
72.1
68.7
70.5
70.8
71.1
72.4
73.7
71.9
71.4
71.7
73.7
73.0
72.4
74.4
76.7
72.2
70.8
69.2
68.2
68.5
70.4
73.4
74.7
76.3
74.0
74.8
71.6
70.6
73.1
73.4
71.4
69.9
71.8
72.1
72.8
72.8
73.6
73.7
76.3
76.2
73.6
74.6
77.1
77.0
73.6
73.0
74.0
71.6
73.9
74.7
75.9
71.3
69.5
73.0
71.2
72.3
73.2
74.4
73.2
72.1
65.4
78.5
72.6
67.7
74.1
75.8
73.5
73.8
73.6
73.6
72.6
74.1
72.6
65.6
67.9
67.4
71.5
72.5
74.2
73.9
74.9
75.5
77.3
76.1
74.3
73.8
74.1
71.8
72.7
72.9
70.9
72.7
74.9
76.5
78.9
74.7
74.2
70.8
71.2
75.0
76.2
77.6
77.3
78.6
77.1
77.4
72.0
75.3
76.9
76.2
75.8
77.0
74.4
77.7
78.9
78.1
78.1
79.9
76.7
73.3
76.7
73.6
76.5
77.1
82.2
67.8
43.9
67.0
88.0
86.5
86.1
85.6
85.5
86.5
82.8
83.8
62.8
76.7
72.3
72.1
75.9
74.3
72.4
70.0
73.5
72.0
74.9
75.1
74.4
73.6
76.2
75.1
74.9
73.8
68.5
71.2
72.8
73.2
70.2
71.4
71.8
71.4
76.8
73.9
71.2
71.2
60.8
69.3
69.0
70.6
74.3
78.9
78.0
78.5
79.9
78.4
75.1
78.4
80.9
84.8
88.4
82.7
81.6
79.0
76.9
76.4
73.8
74.1
72.2
71.1
71.3
72.1
70.1
74.2
76.4
82.7
75.1
76.5
75.4
75.7
75.6
74.7
75.1
77.4
76.9
73.0
76.1
76.0
74.5
91.1
84.6
102.1
100.5
95.9
74.5
73.1
71.6
68.6
68.6
69.6
69.3
65.5
70.3
71.4
71.6
72.3
72.9
70.8
73.2
72.9
73.2
72.4
72.1
72.6
73.0
71.8
72.8
73.9
75.6
76.3
75.0
76.4
73.7
70.5
73.4
74.5
78.2
78.6
76.1
80.4
80.7
76.8
80.5
80.7
81.3
78.0
81.6
84.4
80.3
80.2
79.1
80.4
83.0
84.5
85.1
82.3
77.1
77.9
78.5
80.2
84.1
82.4
83.7
82.9
80.4
85.8
76.9
79.3
79.0
77.1
77.2
78.4
80.3
83.4
81.9
76.7
78.1
75.0
73.4
77.1
71.5
69.6
67.9
68.9
64.6
61.4
65.0
65.1
68.4
70.0
68.9
69.3
68.5
65.8
67.9
70.3
72.2
70.9
71.3
69.6
66.4
69.6
69.6
69.2
70.1
68.0
67.4
67.9
72.4
74.2
74.9
74.5
73.7
76.8
78.1
75.4
80.5
75.2
79.7
79.3
78.0
79.1
78.4
80.3
79.5
71.5
71.5
70.9
74.4
75.5
76.7
76.2
77.7
78.6
77.2
74.8
75.9
76.3
76.9
76.0
74.1
74.9
74.4
76.1
79.7
78.5
77.0
75.2
73.2
75.9
77.9
77.2
77.0
76.0
77.1
79.0
76.3
76.8
72.8
69.7
69.4
66.7
66.2
68.1
69.8
71.8
70.3
71.3
67.9
68.1
69.9
69.4
69.4
69.2
66.1
69.2
68.6
69.6
70.9
73.1
72.2
73.3
71.9
69.9
71.6
74.2
70.4
68.4
70.1
70.2
71.2
69.3
70.5
69.8
70.6
71.2
71.7
71.2
72.3
72.2
71.5
73.0
74.8
73.8
67.9
67.8
68.8
67.3
68.3
66.3
67.5
66.5
68.7
69.8
70.7
70.1
70.4
69.4
69.2
69.4
70.4
69.8
69.4
69.4
70.5
71.7
69.4
71.6
70.7
72.5
72.2
72.6
70.9
69.9
71.5
69.8
71.1
72.6
72.0
71.1
71.0
70.3
71.0
72.6
71.7
71.2
71.2
67.3
68.4
68.2
70.6
69.8
72.4
72.6
74.6
71.7
70.5
71.6
71.4
72.0
70.8
71.9
71.2
71.5
70.9
68.8
70.3
71.8
71.6
68.2
72.0
71.3
72.5
72.3
71.8
72.3
70.9
70.7
69.7
69.8
70.4
66.6
65.8
68.1
66.8
67.9
67.4
66.5
66.0
66.0
64.4
65.6
66.1
65.7
65.8
81.3
70.9
63.7
64.1
64.1
63.7
63.8
65.4
64.0
67.6
66.4
65.5
64.4
61.5
64.0
66.4
67.3
68.8
66.7
65.8
64.6
63.6
66.4
64.6
69.1
66.3
69.7
68.3
70.0
70.0
66.9
67.2
70.0
68.6
65.0
69.1
69.8
69.3
67.7
66.1
68.2
68.4
68.7
69.6
67.0
67.8
69.2
69.8
66.4
66.3
69.8
68.2
67.3
66.1
68.1
65.6
67.0
67.5
67.7
67.3
68.1
65.3
66.9
67.2
68.2
66.5
66.7
65.4
66.9
68.1
67.3
66.3
67.5
68.3
68.8
68.2
67.6
68.1
68.5
67.4
68.4
68.2
66.8
67.7
67.4
65.2
67.5
67.4
69.5
67.9
69.0
69.3
68.8
68.7
68.2
67.2
69.9
69.0
67.0
68.3
66.9
66.6
67.2
68.1
67.9
64.4
66.6
65.8
67.6
68.1
69.3
68.7
64.5
63.9
64.4
66.3
69.3
68.1
67.0
66.6
64.6
68.0
68.2
63.9
64.0
71.5
101.1
67.6
72.1
73.4
76.4
77.8
75.6
73.5
70.4
70.1
69.0
67.9
69.3
70.2
68.6
68.7
68.0
69.1
68.7
69.6
68.0
69.5
70.3
69.7
69.0
70.5
69.9
70.0
68.5
66.2
68.7
67.1
66.7
67.0
68.0
68.9
68.8
70.3
69.1
67.8
65.9
67.0
67.5
66.8
66.5
66.2
67.4
66.4
66.1
64.3
65.3
62.9
62.8
65.3
65.1
64.5
66.3
63.7
66.0
61.7
63.8
65.2
62.2
58.9
60.1
60.1
62.9
62.4
59.0
58.0
59.5
58.1
59.0
61.0
58.6
58.5
59.8
59.0
58.9
57.7
61.3
62.7
63.7
64.6
63.1
65.0
62.8
63.4
62.9
62.5
62.9
61.6
61.9
63.2
63.8
63.5
62.1
61.2
59.5
60.2
58.7
59.0
59.3
62.9
62.9
58.4
62.5
65.7
62.1
61.3
59.8
59.1
59.3
61.7
60.6
61.6
62.7
62.8
65.3
66.1
68.0
68.2
67.6
65.8
66.1
66.6
65.3
63.8
66.3
65.0
68.5
69.1
64.6
68.5
66.8
66.1
65.9
66.1
64.0
63.5
65.7
66.0
64.7
62.4
59.5
62.8
62.1
61.7
62.5
60.8
59.7
62.1
63.1
62.6
60.4
63.2
63.4
64.2
64.4
65.0
64.6
64.2
62.8
63.7
65.0
66.5
63.6
63.9
59.5
58.0
59.6
59.7
59.1
62.0
64.7
69.3
64.6
60.6
60.5
60.9
59.1
58.0
58.0
58.7
59.6
66.7
68.8
67.8
65.1
64.6
67.7
67.0
67.1
64.7
66.9
65.6
65.7
65.9
61.9
64.6
63.3
62.0
61.5
63.3
63.2
64.5
65.6
66.7
64.8
63.9
67.2
65.1
64.4
65.1
65.5
64.0
64.7
64.0
61.8
62.7
64.8
65.3
67.4
66.6
64.1
63.3
66.6
65.7
65.2
61.7
61.2
66.8
69.2
69.8
69.6
69.4
68.1
67.2
64.4
65.2
61.1
62.8
65.6
64.2
64.8
64.5
66.6
65.1
66.0
63.9
69.8
71.6
73.7
73.9
74.5
72.8
70.4
66.3
63.6
62.5
62.2
62.7
63.5
62.6
64.4
60.7
51.4
62.8
62.3
62.5
61.7
60.8
60.5
56.6
63.6
63.5
63.6
62.5
61.8
64.0
65.1
63.4
62.2
60.3
61.1
60.4
61.1
55.6
59.0
63.4
62.0
60.3
62.0
61.3
64.7
62.1
59.2
60.7
58.9
63.3
64.4
65.1
65.5
63.8
64.7
63.9
63.4
64.4
62.2
61.4
19.0
19.5
19.0
20.7
26.0
26.9
27.0
26.9
27.9
37.0
51.2
52.2
43.6
52.8
53.7
54.4
55.2
53.0
51.6
56.6
55.1
57.6
56.5
58.4
58.3
56.1
56.1
57.9
58.8
59.5
59.6
60.7
59.9
59.9
58.8
61.4
60.3
57.9
58.3
59.3
60.1
57.0
59.4
59.8
58.7
58.4
58.1
58.1
51.3
53.2
60.5
58.5
94.2
55.9
58.8
60.7
58.2
61.2
60.6
61.3
59.5
59.1
60.4
60.5
60.1
57.6
57.3
59.0
56.9
53.5
58.6
52.4
54.6
57.0
42.3
27.599999999999994
41.03333333333333
40.4
68.0
62.0
59.3
59.9
60.2
68.3
63.4
61.8
58.8
52.2
54.2
55.5
63.1
65.9
64.9
64.6
67.3
66.5
65.6
65.8
66.7
63.6
63.5
64.6
67.5
61.4
62.4
63.6
65.2
63.9
62.5
60.1
66.8
66.7
64.7
64.3
65.1
65.0
64.7
72.2
74.4
70.3
70.1
69.8
69.6
70.5
70.4
68.3
70.6
73.6
68.4
68.9
67.7
65.8
69.4
68.6
68.9
68.9
69.5
67.7
67.4
68.6
68.4
67.8
65.7
63.0
67.2
67.5
67.8
69.5
66.0
63.8
67.0
67.7
65.4
64.3
71.8
77.2
73.0
68.5
68.3
67.4
67.5
67.0
66.0
65.1
64.7
65.4
64.5
65.3
61.8
60.6
63.1
62.6
63.6
62.5
63.5
67.4
66.3
67.5
66.3
64.0
63.3
63.7
64.9
64.0
62.6
62.8
62.5
64.2
59.7
59.6
65.9
67.4
61.4
64.0
63.3
66.2
63.7
59.7
56.7
70.5
72.3
71.2
70.4
67.4
64.4
63.9
62.6
65.3
64.1
63.5
65.9
66.4
66.1
65.7
65.2
64.3
67.7
66.5
64.1
65.1
66.3
64.7
62.3
64.4
65.4
67.8
70.19999999999999
