100.2
281.3
57.7
55.1
56.7
55.9
54.9
54.7
54.7
54.3
54.0
53.4
53.5
54.2
53.8
54.1
53.5
53.1
54.3
57.9
58.2
58.1
59.1
61.3
61.2
61.1
61.6
61.1
61.8
61.1
60.3
61.5
59.9
58.7
58.2
57.3
56.1
56.6
56.5
57.0
57.5
59.1
60.6
61.9
61.7
62.0
61.8
61.3
59.6
59.5
58.1
57.3
56.2
56.4
56.7
57.5
57.0
57.5
57.7
59.3
59.3
60.3
58.9
58.3
57.6
57.2
56.7
57.0
58.0
57.2
56.2
56.9
57.8
57.5
57.4
57.0
56.9
57.5
58.9
60.5
59.9
60.4
60.5
60.6
61.3
61.2
62.2
61.6
61.1
60.0
59.3
58.9
58.2
57.7
57.5
59.5
56.3
62.6
54.7
53.2
50.2
48.3
48.6
48.2
246.9
195.7
50.7
47.0
47.5
48.2
48.8
48.1
48.6
50.3
49.5
50.0
51.1
49.3
49.5
53.5
77.5
81.1
79.6
79.4
78.2
77.8
77.8
78.0
75.5
77.7
78.3
80.1
81.0
82.2
82.9
83.0
83.0
81.3
79.6
77.4
77.9
76.8
76.4
75.9
74.3
71.5
71.9
72.2
71.5
71.5
70.7
75.5
80.0
72.5
72.9
72.9
71.8
71.1
68.3
66.9
64.5
63.7
58.1
51.6
58.2
62.0
64.4
64.2
63.0
67.1
70.7
79.7
97.4
99.8
77.9
78.3
80.1
76.6
74.6
72.7
73.2
74.0
73.7
74.3
75.7
78.1
80.3
80.4
81.5
81.6
80.5
79.8
80.6
82.7
83.1
83.9
84.7
85.7
85.5
85.9
86.2
86.2
86.2
85.8
86.4
85.8
85.9
85.5
86.3
86.0
86.4
86.6
86.9
87.2
86.3
86.4
84.7
84.1
82.4
82.4
81.7
81.6
81.9
81.3
81.2
80.4
81.0
80.8
81.3
80.6
81.2
81.6
82.0
82.5
82.0
82.3
82.4
82.6
82.5
81.9
82.2
82.9
83.2
82.4
83.9
83.7
83.6
83.2
83.0
82.5
82.3
81.8
81.7
81.9
81.4
81.5
81.0
81.1
80.6
81.1
81.0
81.0
80.9
81.1
81.6
81.4
81.4
80.2
80.8
80.6
80.0
80.7
80.6
80.5
79.2
78.8
78.2
78.9
78.5
78.5
78.5
78.5
79.0
80.2
80.1
83.9
97.6
99.5
96.5
94.1
91.4
90.1
88.4
87.8
87.0
86.1
85.9
84.9
84.2
84.8
85.0
85.0
84.3
84.2
84.0
83.8
83.2
84.0
83.4
83.6
83.2
82.6
82.2
82.4
73.7
70.0
67.9
69.0
69.2
68.7
70.2
73.0
74.4
75.3
75.9
76.9
78.7
79.3
80.0
81.4
81.4
82.4
82.6
80.9
77.0
79.0
80.2
80.3
74.2
74.7
73.5
73.9
73.8
74.1
72.8
66.0
69.1
71.7
71.5
71.9
72.3
78.4
80.0
80.9
81.4
82.7
81.7
80.6
79.7
80.6
80.1
81.0
81.3
81.7
82.3
81.2
81.3
81.4
80.9
81.5
81.2
81.2
80.7
80.7
79.9
80.6
80.7
80.5
80.2
79.8
79.1
79.2
78.8
79.3
79.6
79.5
78.7
78.8
78.1
77.2
77.0
77.0
76.4
75.6
63.0
64.8
64.9
65.8
66.2
66.1
65.4
65.7
64.9
65.7
62.7
68.1
141.5
122.8
65.1
65.8
65.1
65.6
65.0
65.6
66.9
66.5
67.1
66.4
66.6
67.1
66.6
67.1
66.5
67.6
67.6
67.3
65.8
62.5
63.9
64.4
65.3
65.5
65.5
66.3
67.3
67.8
67.7
67.9
68.2
68.0
69.3
67.2
69.1
69.8
70.2
70.0
67.8
67.7
67.4
67.4
67.8
68.0
63.1
65.6
66.5
67.3
68.9
70.1
70.8
71.2
71.7
71.2
70.9
70.5
70.4
69.8
69.6
69.1
68.9
68.4
68.8
69.1
69.6
69.3
68.4
67.3
68.4
66.5
69.7
70.9
70.8
70.7
66.0
67.3
68.8
70.9
69.2
69.7
70.4
68.6
68.9
68.6
69.3
68.6
68.1
68.1
67.9
69.9
69.8
70.2
70.2
70.7
71.2
70.32100840336135
70.13151260504202
69.94201680672269
69.75252100840336
69.56302521008404
69.37352941176471
69.18403361344538
68.99453781512605
68.80504201680672
68.6155462184874
68.42605042016807
68.23655462184874
68.04705882352941
67.85756302521008
67.66806722689076
67.47857142857143
67.2890756302521
67.09957983193277
66.91008403361344
66.72058823529412
66.53109243697479
66.34159663865546
66.15210084033613
65.9626050420168
65.77310924369748
65.58361344537815
65.39411764705882
65.20462184873949
65.01512605042018
64.82563025210084
64.63613445378152
64.44663865546218
64.25714285714287
64.06764705882354
63.878151260504204
63.688655462184876
63.49915966386555
63.30966386554622
63.12016806722689
62.930672268907564
62.741176470588236
62.55168067226891
62.36218487394959
62.17268907563026
61.98319327731093
61.793697478991604
61.604201680672276
61.41470588235295
61.22521008403362
61.03571428571429
60.846218487394964
60.656722689075636
60.46722689075631
60.27773109243698
60.08823529411765
59.898739495798324
59.709243697478996
59.51974789915967
59.33025210084034
59.14075630252101
58.951260504201684
58.76176470588236
58.57226890756303
58.3827731092437
58.19327731092437
58.003781512605045
57.81428571428572
57.62478991596639
57.43529411764706
57.24579831932773
57.056302521008405
56.86680672268908
56.67731092436975
56.48781512605042
56.29831932773109
56.108823529411765
55.91932773109244
55.72983193277311
55.54033613445378
55.35084033613445
55.161344537815125
54.9718487394958
54.78235294117647
54.59285714285714
54.403361344537814
54.213865546218486
54.024369747899165
53.83487394957984
53.64537815126051
53.45588235294118
53.26638655462185
53.076890756302525
52.8873949579832
52.69789915966387
52.50840336134454
52.31890756302521
52.129411764705885
51.93991596638656
51.75042016806723
51.5609243697479
51.371428571428574
51.181932773109246
50.99243697478992
50.8029411764706
50.61344537815127
50.42394957983194
50.23445378151261
50.044957983193285
49.85546218487396
49.66596638655463
49.4764705882353
49.28697478991597
49.097478991596645
48.90798319327732
48.71848739495799
48.52899159663866
48.339495798319334
48.150000000000006
47.96050420168068
47.77100840336135
47.58151260504202
47.392016806722694
47.202521008403366
47.01302521008404
46.82352941176471
46.63403361344538
46.444537815126054
46.255042016806726
46.0655462184874
45.87605042016807
45.68655462184874
45.497058823529414
45.30756302521009
45.11806722689076
44.92857142857143
44.7390756302521
44.549579831932775
44.36008403361345
44.17058823529412
43.98109243697479
43.79159663865546
43.602100840336135
43.41260504201681
43.22310924369748
43.03361344537815
42.84411764705882
42.654621848739495
42.46512605042017
42.27563025210084
42.08613445378151
41.89663865546219
41.70714285714286
41.517647058823535
41.32815126050421
41.13865546218488
40.94915966386555
40.75966386554622
40.570168067226895
40.38067226890757
40.19117647058824
40.00168067226891
39.81218487394958
39.622689075630255
39.43319327731093
39.2436974789916
39.05420168067227
38.86470588235294
38.675210084033615
38.48571428571429
38.29621848739496
38.10672268907563
37.917226890756304
37.727731092436976
37.53823529411765
37.34873949579833
37.159243697479
36.96974789915967
36.78025210084034
36.590756302521015
36.40126050420169
36.21176470588236
36.02226890756303
35.8327731092437
35.643277310924375
35.45378151260505
35.26428571428572
35.07478991596639
34.885294117647064
34.695798319327736
34.50630252100841
34.31680672268908
34.12731092436975
33.937815126050424
33.748319327731096
33.55882352941177
33.36932773109244
33.17983193277311
32.990336134453784
32.800840336134456
32.61134453781513
32.4218487394958
32.23235294117647
32.042857142857144
31.853361344537817
31.66386554621849
31.47436974789916
31.284873949579833
31.095378151260512
30.905882352941184
30.716386554621856
30.526890756302528
30.3373949579832
30.147899159663872
29.958403361344544
29.768907563025216
29.57941176470589
29.38991596638656
29.200420168067232
29.010924369747904
28.821428571428577
28.63193277310925
28.44243697478992
28.252941176470593
28.063445378151265
27.873949579831937
27.68445378151261
27.49495798319328
27.305462184873953
27.115966386554625
26.926470588235297
26.73697478991597
26.54747899159664
26.357983193277313
26.168487394957985
25.978991596638657
25.78949579831933
25.6
61.7
69.4
70.8
70.4
67.9
66.6
65.1
61.6
68.6
68.0
66.8
65.9
65.00000000000001
51.166666666666664
43.8
54.2
53.7
53.5
53.8
54.5
55.3
56.2
60.0
57.1
58.4
59.4
60.0
61.8
61.9
62.2
63.2
64.5
64.3
64.0
65.3
66.7
75.2
87.2
84.3
80.7
78.0
80.4
79.4
84.2
82.0
80.3
79.9
74.4
73.1
71.8
70.8
70.7
72.9
73.0
72.7
73.2
73.5
73.5
74.0
74.7
74.2
134.2
108.0
73.1
72.7
72.3
72.2
72.9
73.2
74.3
75.1
75.8
75.9
76.7
77.0
76.9
77.2
77.0
77.6
77.1
76.8
77.0
76.2
75.2
75.4
75.3
75.4
75.4
74.7
75.4
76.6
77.8
77.3
77.7
77.4
76.5
77.1
76.6
76.9
76.0
76.5
75.3
75.4
75.7
73.9
74.9
76.3
77.6
79.2
78.6
77.9
77.7
78.1
78.1
77.3
77.9
78.1
77.8
77.4
77.8
77.0
77.8
77.1
76.8
76.1
75.7
76.3
75.6
76.1
76.6
75.5
76.3
76.8
78.7
79.5
79.7
79.4
79.0
78.6
77.8
77.9
77.7
77.2
76.1
76.7
74.0
74.4
75.4
75.0
74.6
73.9
74.2
74.3
74.9
75.3
76.8
78.8
79.3
79.3
78.6
78.2
77.1
76.5
77.7
77.8
77.9
79.7
77.5
74.8
73.3
73.0
72.7
72.2
72.9
72.5
72.6
72.4
71.8
71.4
71.6
71.6
72.0
72.6
75.9
79.7
81.2
79.6
78.1
77.0
75.5
76.0
74.9
76.3
78.1
79.3
79.4
77.8
75.3
74.6
73.8
74.0
73.7
74.5
73.6
73.3
135.9
70.7
70.5
71.0
75.0
68.7
69.3
68.2
68.1
67.4
66.1
65.8
68.1
65.4
72.0
70.3
71.6
74.6
75.3
76.5
75.7
76.2
76.4
77.1
76.8
76.3
75.6
74.8
74.1
75.0
74.3
73.8
73.4
74.2
75.5
75.8
75.6
74.9
77.0
75.5
74.2
72.9
72.4
71.5
71.3
70.1
70.3
71.6
71.1
71.1
70.4
70.8
70.7
71.4
71.1
71.2
71.5
71.5
70.6
69.7
68.5
68.1
68.4
67.7
68.7
68.5
68.2
67.6
67.7
67.9
67.2
67.6
69.5
69.2
68.2
67.6
68.0
68.9
69.3
71.6
73.5
72.8
71.5
71.4
71.9
70.9
71.4
70.6
71.4
70.2
70.1
69.6
68.1
68.7
69.1
90.0
132.1
94.1
69.2
69.3
70.3
69.9
69.6
69.3
68.3
67.5
67.8
67.6
65.3
64.4
64.5
64.5
63.9
64.8
65.3
65.9
66.2
66.7
67.5
68.0
67.9
66.4
66.7
66.9
65.5
63.6
63.3
63.1
63.5
64.1
63.5
63.4
62.8
64.5
64.7
64.5
65.0
66.0
66.4
66.0
66.3
65.3
65.5
67.5
66.3
64.9
64.5
64.7
65.1
66.0
65.4
66.8
67.6
69.0
67.9
67.4
67.1
67.0
66.6
67.0
66.1
65.9
68.9
68.0
69.3
71.3
72.7
72.7
72.0
71.7
72.5
72.7
72.5
72.6
72.6
71.7
71.9
72.2
72.5
70.6
68.9
74.1
78.0
78.1
76.3
76.0
75.9
75.2
76.0
75.4
76.5
75.7
75.9
75.7
76.2
75.8
75.7
75.5
76.3
75.8
75.8
74.3
74.2
73.8
73.9
73.7
73.9
74.1
73.6
75.0
75.4
77.1
76.6
76.4
76.6
76.3
76.2
76.8
76.0
76.4
75.9
76.7
76.6
76.3
76.5
75.1
74.5
75.1
73.7
74.0
74.4
74.5
75.4
75.7
77.0
77.2
77.6
78.2
75.4
72.3
74.8
74.9
74.4
76.0
75.8
75.3
75.7
76.7
77.4
77.1
77.0
76.7
77.1
77.7
77.4
76.6
76.7
76.4
75.8
76.1
77.6
77.1
76.7
76.8
76.2
75.4
76.0
75.9
75.4
75.5
75.5
76.1
76.6
76.3
76.7
77.1
75.9
77.0
76.7
78.1
77.6
74.6
76.4
76.6
76.8
77.2
77.7
76.0
76.6
77.3
76.9
77.5
77.2
77.0
77.9
77.7
77.4
76.8
76.5
76.4
77.3
77.5
78.3
75.8
77.1
77.8
76.7
77.0
77.5
77.4
76.9
76.6
77.3
76.7
76.7
77.1
77.2
76.8
77.2
77.0
76.3
76.8
77.3
76.8
77.0
77.3
76.5
75.8
76.2
76.1
75.6
75.6
75.8
76.2
76.2
75.9
76.5
121.1
181.0
74.6
75.3
74.9
74.9
76.3
75.6
75.6
76.2
76.6
75.7
75.2
65.5
77.1
77.5
77.3
77.2
76.4
75.9
77.0
75.8
77.4
77.4
77.3
77.6
77.3
78.0
77.2
77.7
76.0
79.3
79.6
79.3
79.9
78.4
79.2
80.0
78.6
78.6
80.1
79.3
78.1
78.3
78.1
77.2
77.4
76.8
77.2
78.9
78.7
73.4
74.5
76.7
76.4
75.5
74.5
75.6
75.2
76.4
77.0
78.5
80.2
80.3
79.7
80.3
77.7
78.5
78.2
77.4
77.8
77.4
76.7
77.3
76.4
76.6
76.0
76.3
76.3
75.3
75.3
74.6
73.6
72.5
71.8
71.3
71.2
71.5
71.3
71.3
71.6
71.5
71.5
71.6
71.3
72.0
72.5
72.4
72.0
72.5
73.5
74.3
74.8
74.2
73.5
73.8
73.5
73.6
73.9
73.4
73.3
73.2
73.0
73.1
71.9
71.0
70.1
70.8
70.9
71.3
72.0
71.4
71.7
71.6
72.6
74.8
76.3
76.6
77.7
77.5
77.2
78.1
69.9
66.3
67.5
69.9
69.8
69.8
69.9
71.2
71.7
72.2
72.2
74.5
74.7
72.0
72.9
74.2
74.5
74.8
75.5
75.6
75.2
76.2
77.5
75.8
75.9
76.0
75.6
75.9
75.7
76.3
75.9
75.2
75.6
75.8
75.6
75.7
76.9
76.6
76.9
75.8
76.5
75.9
75.7
75.8
76.8
75.3
75.4
75.5
76.1
77.6
76.3
76.5
76.7
77.1
76.2
76.7
77.0
78.1
77.0
77.2
77.1
77.2
77.2
77.4
77.7
76.9
76.4
76.5
76.3
76.6
75.5
76.6
77.2
76.9
76.8
77.0
77.4
76.7
76.7
76.0
76.2
76.3
76.5
75.6
75.7
75.9
76.1
77.0
76.7
76.5
76.5
76.2
76.4
76.3
77.2
75.9
73.7
72.5
72.0
73.8
74.1
75.9
75.7
76.9
78.5
79.7
79.5
79.5
79.7
78.3
78.9
79.1
80.0
78.0
78.4
78.3
78.9
78.1
79.0
78.3
78.3
78.9
78.9
79.3
78.1
79.0
78.6
78.9
78.9
70.6
120.2
78.2
76.8
77.3
78.4
77.7
77.6
78.2
77.1
76.4
77.4
77.6
77.5
77.2
77.3
77.6
76.8
76.1
76.4
77.0
77.6
76.1
76.4
77.9
77.2
77.4
77.0
76.8
76.4
77.3
76.1
75.9
75.5
76.3
76.4
76.6
76.1
75.7
76.5
75.6
75.1
75.1
74.9
75.1
73.8
74.2
74.6
75.6
75.9
74.6
74.3
74.3
73.7
74.5
74.5
74.9
74.3
73.3
72.1
72.4
71.2
71.5
71.8
72.3
73.6
75.1
75.6
74.5
74.2
72.3
73.6
73.8
74.8
74.3
74.4
73.7
74.8
75.1
73.9
74.1
75.4
75.1
72.8
68.7
65.7
64.6
63.0
62.6
62.1
62.3
63.1
64.6
64.1
64.9
64.0
63.7
64.2
65.1
67.1
69.8
64.8
66.4
68.7
69.9
70.0
70.1
70.0
70.3
70.5
71.0
71.0
71.4
72.1
67.1
69.4
70.8
69.4
66.1
64.8
64.4
65.0
65.1
65.9
66.2
66.4
67.5
69.2
70.7
70.6
70.1
70.8
70.5
70.5
70.5
70.6
70.2
70.5
70.9
68.5
67.2
67.0
66.8
66.3
65.7
65.6
65.9
66.4
67.7
68.8
69.2
68.5
69.0
68.3
67.5
69.2
67.0
65.8
64.3
64.7
64.5
65.0
64.2
64.4
64.5
64.1
64.0
64.2
65.1
64.5
64.4
63.7
63.3
63.4
63.6
63.5
63.5
63.0
62.9
62.6
62.9
63.3
63.5
62.6
63.0
63.1
62.6
62.9
62.8
62.5
62.2
62.3
62.3
62.2
63.1
63.1
64.5
64.6
64.5
64.3
63.8
63.2
63.8
67.9
67.0
66.7
66.9
68.1
67.6
68.7
69.0
69.1
70.2
71.8
71.9
71.3
73.4
72.9
71.2
71.7
72.3
71.9
68.5
67.4
67.3
68.4
69.8
70.7
69.6
70.9
71.3
72.0
72.7
72.5
72.8
73.4
74.3
74.7
75.5
75.1
75.7
75.7
75.3
74.0
74.8
75.9
76.5
77.2
77.6
77.7
76.3
76.6
77.2
77.6
76.7
75.9
75.6
71.5
70.7
71.0
71.7
72.2
72.6
73.0
73.2
72.9
174.8
146.1
72.3
73.5
74.7
75.5
75.8
76.8
75.5
75.5
74.8
74.6
74.7
75.2
75.7
73.3
73.6
72.1
72.6
73.7
74.3
75.1
74.0
74.5
74.0
73.8
74.1
73.1
71.5
70.5
69.1
68.7
68.2
67.9
66.8
67.8
68.7
69.2
70.5
71.3
70.9
70.0
69.5
68.3
66.8
65.6
66.1
69.4
69.6
68.9
70.9
73.3
74.1
72.8
73.2
72.5
72.5
72.3
71.8
71.8
69.5
68.1
68.3
67.9
69.9
70.3
70.1
71.0
71.7
73.5
74.0
73.1
73.5
73.2
71.5
70.3
69.9
69.9
68.0
67.1
67.4
67.2
66.6
66.3
66.7
66.5
67.4
69.4
69.0
69.7
68.7
69.3
68.8
68.0
68.9
66.4
65.7
64.9
64.5
64.3
65.7
72.5
77.0
74.5
75.1
75.0
74.6
74.4
74.6
74.6
74.5
73.4
73.0
74.1
73.4
72.5
73.0
73.7
74.5
74.9
75.2
77.1
75.8
74.3
72.5
72.8
72.9
73.9
75.3
80.1
75.6
75.1
73.9
73.6
73.5
75.4
73.9
73.2
72.0
71.6
71.3
71.8
72.3
74.0
74.1
74.8
75.1
73.0
72.8
73.6
71.6
73.0
72.6
72.9
71.9
70.6
71.0
72.6
72.9
73.3
75.2
76.7
75.1
74.1
72.9
72.5
71.5
69.3
68.5
68.2
69.7
69.8
71.7
72.4
73.8
73.6
72.6
72.2
70.5
69.3
71.7
72.5
72.1
57.3
63.7
72.3
74.8
76.9
78.8
76.8
76.5
76.4
76.7
77.2
76.8
77.6
77.7
78.5
78.6
78.8
78.4
78.4
79.3
78.8
78.6
79.8
80.2
79.5
79.7
80.8
81.0
82.1
81.1
80.3
80.5
82.0
82.3
81.0
81.7
83.2
81.4
82.5
82.7
84.5
77.6
75.4
75.5
74.2
74.9
75.6
76.3
76.2
77.1
77.6
78.0
79.0
79.1
77.9
76.6
79.3
83.1
84.1
83.1
81.6
81.0
79.9
81.0
80.4
83.5
83.6
84.4
81.9
79.5
79.9
79.7
80.3
81.6
82.4
83.8
83.1
83.5
84.3
83.3
84.1
87.8
90.3
85.8
82.4
85.2
87.4
90.9
89.5
87.8
87.1
86.7
86.6
86.7
87.4
87.2
85.9
84.3
84.5
85.0
83.7
83.8
86.4
86.2
86.2
87.2
86.9
86.6
86.2
85.3
85.0
84.2
84.9
85.3
84.1
85.0
88.5
86.2
84.4
82.2
82.0
81.4
81.0
80.6
80.5
83.3
84.5
83.3
82.0
81.5
80.6
81.6
83.2
82.1
82.6
83.3
82.2
80.4
80.6
82.5
80.9
81.0
80.8
79.2
83.6
90.3
85.7
82.6
79.8
79.6
82.8
73.8
77.4
75.3
81.0
81.4
80.9
80.9
81.7
74.7
83.2
83.8
85.3
85.8
87.2
86.9
84.0
84.3
83.0
82.3
84.1
83.2
83.0
83.2
82.6
85.1
83.8
82.1
82.4
80.2
80.8
79.6
79.3
80.3
80.4
77.5
81.8
84.5
80.3
81.0
77.8
78.2
81.4
89.1
116.9
81.7
82.1
82.9
84.2
85.0
83.3
83.3
84.0
85.0
85.4
86.6
86.0
86.5
86.8
86.4
85.7
86.5
87.1
85.7
87.1
86.8
86.0
86.1
85.8
86.2
85.9
84.8
86.1
85.1
85.1
83.5
83.2
84.9
84.1
83.3
84.4
84.2
85.7
84.8
84.4
83.9
84.3
83.6
84.0
83.6
83.4
84.5
83.5
83.9
83.8
82.5
82.1
82.9
81.4
82.0
81.2
81.9
82.9
82.5
83.5
82.5
82.4
80.1
80.6
79.6
81.3
80.2
81.4
79.9
80.1
80.1
79.5
78.7
79.9
79.3
80.7
80.7
78.3
77.9
78.8
78.1
73.7
72.3
73.9
71.4
72.8
72.8
72.0
73.1
73.4
74.8
75.2
76.5
76.3
76.8
76.1
77.7
78.4
78.6
79.4
78.3
79.1
78.9
78.4
78.9
78.9
78.4
79.4
79.1
79.7
78.7
79.8
80.2
78.5
79.7
79.3
78.7
79.9
78.5
78.2
78.2
77.9
77.6
77.3
77.2
78.0
77.8
77.2
75.9
74.1
74.6
72.9
73.3
73.3
73.6
73.2
74.7
74.1
76.2
75.6
78.2
79.4
80.0
81.3
81.1
83.8
82.7
81.2
80.2
79.8
79.3
78.9
78.4
79.5
78.4
78.9
78.7
78.8
80.5
79.7
78.7
78.7
78.4
69.5
66.3
65.3
63.1
64.0
63.2
62.8
63.7
64.1
63.7
65.4
65.9
68.7
71.2
71.4
71.0
71.5
72.2
73.3
71.4
70.8
70.8
71.4
71.3
70.9
69.9
72.2
72.0
70.9
69.9
70.8
70.8
71.2
70.5
71.0
71.9
71.3
70.3
71.8
71.7
71.2
72.3
71.1
70.5
71.1
71.0
71.6
72.6
72.4
73.0
71.3
70.5
71.5
70.9
70.5
70.1
71.5
70.8
71.4
71.2
70.2
70.6
69.5
70.4
71.5
70.9
71.9
70.4
70.9
67.1
65.5
67.2
66.1
67.4
68.6
68.8
71.0
72.2
72.2
72.3
71.9
71.5
70.9
71.1
70.9
70.7
72.3
71.5
71.9
70.2
68.8
119.4
96.8
72.1
72.6
72.3
72.4
72.7
72.2
73.2
73.6
71.8
69.4
72.3
72.1
72.1
70.4
71.2
72.1
71.2
71.9
71.7
71.3
72.6
73.9
74.8
74.9
74.8
74.8
73.0
74.1
77.7
76.3
76.3
78.9
78.8
79.1
78.1
80.8
73.8
73.3
73.3
75.8
74.9
71.4
70.7
71.0
71.7
71.8
71.9
72.2
73.3
73.4
72.1
72.7
72.9
73.4
73.5
71.9
71.6
71.1
70.3
71.0
70.9
70.5
71.8
73.1
73.7
74.9
74.3
75.6
74.9
72.0
71.6
73.0
72.9
72.6
72.5
72.5
71.9
72.5
72.4
72.3
73.2
73.2
74.1
75.9
75.8
75.6
74.7
74.9
75.6
75.0
73.8
70.0
77.2
69.3
68.9
67.5
68.0
68.1
68.5
69.3
69.5
70.6
70.2
70.6
69.7
66.8
74.5
72.7
72.8
68.7
70.8
69.8
68.8
69.3
69.4
69.8
68.7
70.0
69.5
70.0
71.5
70.4
71.3
71.2
72.4
72.8
71.6
73.4
72.8
72.0
72.5
72.4
73.2
73.7
73.4
74.1
73.7
72.9
72.6
72.4
73.6
72.1
71.5
71.7
71.2
73.3
73.3
74.5
74.0
73.8
72.4
73.2
72.4
73.2
72.1
72.4
73.1
73.0
73.2
73.4
73.2
72.1
73.3
73.6
71.6
72.1
73.1
71.9
72.4
72.4
72.2
72.2
73.1
71.6
71.9
71.2
71.7
72.0
71.9
72.0
71.2
72.3
72.1
71.3
72.2
71.7
71.0
70.3
71.9
71.7
72.2
72.3
71.1
70.4
70.5
69.9
71.4
70.7
71.4
70.7
68.2
69.9
69.5
68.3
67.8
67.7
67.4
67.4
66.6
67.9
70.2
71.1
71.4
71.8
68.0
63.2
64.7
64.6
63.7
62.6
61.2
64.1
65.6
63.8
65.1
68.5
69.6
69.2
66.0
66.3
66.3
67.8
67.3
69.8
67.9
66.8
68.0
69.2
70.6
71.2
71.5
68.4
68.6
67.4
67.5
68.5
65.2
66.2
67.6
67.7
66.0
68.9
67.8
67.5
68.3
68.7
70.6
72.1
72.5
72.5
71.2
73.1
74.3
73.2
72.6
74.6
74.8
75.8
76.1
75.5
75.1
74.9
70.6
71.6
71.1
70.4
70.0
70.1
70.9
70.2
71.4
71.8
72.1
72.8
73.3
72.2
71.7
72.1
72.6
72.9
72.2
73.2
73.4
72.6
70.0
67.5
66.5
66.8
65.9
55.5
55.5
65.6
65.9
67.9
68.5
68.6
67.9
62.1
63.9
64.8
65.5
65.2
66.5
66.6
67.2
67.3
67.3
67.4
68.4
68.1
69.0
68.2
68.6
67.7
68.3
69.9
68.9
69.5
68.5
69.1
68.1
69.8
68.3
68.3
68.5
67.7
68.2
67.6
68.2
66.4
67.4
66.0
65.8
65.4
65.3
64.7
64.4
62.6
63.1
62.6
62.2
62.5
61.8
60.9
60.5
59.6
60.2
59.5
59.6
61.2
62.1
62.4
62.8
64.6
63.8
64.3
64.1
62.6
62.7
62.1
63.2
62.1
61.4
61.2
61.6
60.7
59.6
62.0
61.0
57.7
56.0
57.4
58.2
59.6
60.2
62.4
63.2
63.1
63.6
64.4
63.4
63.5
62.6
61.5
62.2
60.6
60.9
62.3
60.1
64.0
62.1
59.2
57.9
57.3
57.9
57.7
59.7
62.1
62.7
64.2
63.9
64.3
62.4
62.9
62.5
191.3
131.9
64.8
64.4
63.0
62.5
61.4
61.0
62.0
61.9
60.7
62.3
62.4
62.3
62.3
61.3
61.7
62.8
62.5
62.3
62.3
64.5
63.8
64.8
65.2
64.1
64.5
63.1
61.6
61.9
62.5
61.8
62.5
59.9
59.2
59.3
58.3
58.2
57.1
59.5
60.9
63.3
62.3
63.9
63.6
63.6
64.2
63.4
62.1
62.0
61.8
63.3
61.8
62.7
62.6
62.5
64.0
62.0
61.4
60.4
59.3
59.3
60.5
61.7
60.0
60.0
62.1
62.1
61.9
62.0
60.8
61.0
62.2
59.4
60.7
60.3
65.1
58.7
54.4
55.3
55.2
53.6
96.1
80.1
51.1
51.2
51.9
53.1
55.8
57.4
57.9
58.7
60.0
64.1
67.2
68.6
67.4
67.2
67.9
67.2
67.6
68.1
67.0
66.9
67.5
67.1
66.9
67.9
66.9
67.4
67.2
70.2
69.8
69.1
70.0
69.6
70.2
70.7
70.8
70.3
70.5
71.7
71.5
69.7
70.2
69.7
71.5
69.7
70.4
68.8
71.3
70.9
70.4
69.8
69.8
68.0
68.5
67.6
70.7
70.3
68.1
68.8
67.7
68.0
68.0
67.8
68.1
67.6
67.5
66.0
65.4
66.3
66.2
66.9
67.9
67.3
67.3
67.1
67.2
67.0
65.3
66.2
66.2
63.8
64.8
63.7
63.4
64.7
66.2
66.3
65.9
67.0
68.5
66.8
66.4
67.7
64.8
64.6
62.8
63.2
61.6
61.1
62.7
63.4
65.1
66.6
65.7
64.0
63.4
63.5
63.7
63.2
62.7
59.7
60.5
58.4
59.4
61.8
64.8
66.1
64.1
62.8
61.6
61.7
61.7
60.8
61.0
59.5
59.0
58.5
60.6
63.0
65.3
65.0
64.8
65.6
65.4
63.9
64.5
65.7
65.8
65.9
66.3
66.5
63.6
63.7
64.6
64.4
65.4
66.6
66.1
66.8
65.2
66.1
67.4
67.6
69.1
66.9
66.7
63.5
62.4
61.2
61.7
64.4
64.8
65.1
64.3
64.1
62.7
65.3
65.7
65.3
67.1
66.6
68.3
67.4
70.2
68.5
70.1
70.0
68.8
69.7
66.5
64.9
64.4
64.7
65.0
64.4
71.4
69.6
66.6
60.7
59.5
60.6
61.0
63.0
64.8
66.0
64.5
63.7
65.0
65.8
66.0
67.2
67.6
68.3
67.5
68.1
68.5
69.2
69.9
70.5
65.1
64.1
64.1
64.2
67.7
71.4
69.8
71.0
69.8
69.6
68.9
68.9
66.3
65.5
65.4
64.4
61.8
60.9
59.9
59.7
61.0
61.6
64.4
66.6
66.9
66.9
67.7
67.0
66.8
67.1
66.7
64.2
61.7
63.9
63.4
64.1
64.4
67.6
67.9
66.6
65.9
66.0
66.2
65.4
65.4
65.5
67.7
67.1
67.0
67.7
69.3
69.1
69.2
68.7
68.6
67.7
67.6
67.4
70.6
70.9
70.2
69.1
68.3
65.6
66.1
67.5
67.0
64.7
63.7
65.4
65.5
65.6
67.8
69.1
69.2
68.5
67.8
66.9
157.7
228.1
68.6
61.3
61.6
62.2
64.4
65.4
64.6
64.2
63.5
65.6
65.5
65.7
62.9
62.1
62.2
61.9
62.0
65.0
66.3
68.1
68.2
66.1
67.0
66.8
66.4
64.1
62.4
61.2
61.1
61.7
64.7
68.4
69.6
68.7
67.4
66.1
64.7
64.3
64.8
64.5
66.4
66.9
66.8
70.4
67.2
65.8
66.1
64.2
62.2
61.6
59.4
61.9
64.3
66.9
68.8
68.5
67.9
68.7
67.7
67.7
67.5
68.3
68.2
70.2
69.8
66.3
66.0
65.4
65.4
67.6
70.2
70.1
69.1
68.7
68.4
69.4
69.5
67.9
66.7
66.8
66.0
68.4
73.0
73.3
72.0
70.1
66.6
66.0
65.1
63.6
66.5
69.7
68.4
69.0
68.7
68.4
69.8
70.9
72.0
64.2
66.5
67.5
68.5
70.2
69.2
69.0
69.3
68.1
64.7
63.4
62.6
65.3
67.3
64.9
65.8
66.2
68.1
67.6
66.6
66.9
64.7
62.0
62.5
61.6
62.7
67.0
65.5
65.8
65.6
66.1
66.2
67.0
64.8
62.5
63.4
68.0
69.5
71.7
70.7
69.4
68.7
66.4
67.6
64.9
64.0
63.7
65.0
69.2
69.1
70.3
70.0
71.0
69.8
67.9
65.2
64.9
64.0
64.5
69.1
68.3
69.0
69.6
69.9
70.1
70.0
70.0
67.4
66.9
66.5
66.3
69.1
70.4
67.8
66.6
64.4
63.0
63.4
64.3
66.7
68.4
68.5
69.6
66.7
64.5
64.1
64.8
65.6
68.0
68.2
68.0
68.3
64.2
62.6
61.6
61.2
63.8
65.0
66.7
68.7
68.2
63.4
64.8
59.8
109.2
69.7
72.1
72.2
71.2
70.8
71.0
68.7
67.6
65.9
65.1
65.5
68.4
70.1
72.1
69.2
70.0
69.0
69.5
69.4
67.7
67.6
67.3
68.3
71.3
71.9
68.5
68.9
69.6
67.6
67.7
67.5
65.2
64.1
65.9
68.5
65.5
66.2
67.9
68.7
70.9
72.7
73.8
72.8
72.5
71.6
70.1
69.2
68.8
66.1
67.7
69.6
69.3
71.5
71.2
71.0
69.4
68.8
68.0
65.7
64.3
62.2
63.6
65.4
66.5
67.0
67.5
67.7
67.1
64.6
65.1
66.2
68.1
71.8
72.4
72.3
70.2
67.6
64.3
62.7
62.7
140.2
113.5
66.0
65.6
63.2
62.2
62.9
63.4
67.1
68.2
68.0
72.3
72.0
69.5
68.2
67.5
67.9
69.3
68.5
70.6
70.3
67.3
65.8
65.4
67.4
68.5
68.8
67.3
68.1
69.2
64.2
70.4
72.7
71.3
70.0
68.3
67.4
67.1
66.8
67.3
60.6
63.2
60.8
60.4
62.6
64.2
63.1
62.1
61.1
59.5
60.4
60.4
60.7
61.1
61.1
61.8
62.6
65.3
66.3
66.2
65.9
64.7
62.9
62.6
66.5
68.7
68.2
67.0
65.2
67.2
66.3
71.2
73.6
71.9
71.1
66.9
64.0
62.4
65.4
66.7
68.3
69.0
67.5
66.1
67.1
70.6
71.3
69.5
69.8
68.8
71.0
73.5
72.7
71.6
68.4
66.9
67.7
70.3
72.5
73.2
72.2
73.1
74.5
74.0
70.9
71.9
72.0
74.2
72.0
70.3
69.1
70.7
71.7
72.1
72.0
72.4
71.6
71.4
72.4
70.0
69.7
72.5
76.3
75.1
73.8
70.4
70.5
67.2
72.9
76.6
79.3
77.1
75.5
70.7
71.8
72.2
76.7
73.4
70.1
70.3
74.1
76.3
75.4
74.6
72.0
71.0
68.1
67.1
67.9
70.8
72.2
72.4
72.4
69.1
67.4
66.4
68.7
70.9
65.3
64.5
64.5
68.1
71.7
75.3
69.5
61.0
61.0
62.0
64.2
66.6
63.5
62.0
60.6
60.5
64.2
66.2
64.5
61.7
61.6
60.4
61.3
63.8
66.6
66.1
63.7
63.7
66.0
66.4
67.2
64.6
64.5
64.9
66.7
68.9
69.8
70.1
71.5
71.4
67.3
113.6
267.5
202.5
67.3
66.2
64.4
65.4
66.5
69.6
71.3
71.0
68.2
67.5
68.7
73.7
74.4
70.2
68.8
70.6
74.6
76.5
76.3
65.4
60.3
58.2
57.6
60.2
60.2
57.1
54.9
54.4
56.4
58.4
70.5
78.8
55.2
57.0
58.7
63.6
63.6
62.7
60.8
56.4
53.2
53.6
56.0
58.2
59.1
58.5
57.3
59.4
57.9
61.8
59.6
58.6
60.6
62.4
62.5
63.1
62.4
61.6
61.0
63.9
64.4
66.6
65.9
63.7
61.6
61.3
65.7
64.7
63.4
59.9
60.3
62.8
63.8
62.5
62.0
63.4
61.9
60.0
63.8
64.7
64.6
64.2
63.4
62.9
63.4
64.4
63.7
61.7
57.6
53.7
56.9
62.4
64.3
65.6
64.9
66.3
63.2
62.5
63.8
65.0
65.7
62.6
61.8
71.4
70.0
67.9
67.3
59.7
59.8
60.9
61.0
61.2
59.2
57.8
58.6
59.4
60.8
61.1
60.2
57.9
57.7
57.8
59.0
59.8
58.7
56.8
55.8
56.7
58.1
57.5
57.4
55.6
54.4
55.3
56.9
57.4
57.7
54.9
53.6
55.4
56.1
56.6
57.3
54.5
54.4
53.4
54.3
56.5
56.9
55.9
52.8
54.5
55.6
58.2
58.1
59.2
57.7
56.7
56.3
59.7
59.5
59.8
58.8
61.6
60.0
59.5
57.2
54.7
57.5
58.3
59.3
59.6
57.4
55.7
55.7
57.8
59.6
63.7
65.0
69.4
69.1
68.6
69.5
69.7
69.3
69.4
69.7
69.3
68.9
70.3
70.9
71.1
72.9
72.5
74.0
73.8
77.1
77.2
77.2
77.8
78.3
79.6
79.5
79.9
77.6
78.6
79.8
75.1
74.5
81.1
77.8
71.8
69.6
69.0
67.3
67.5
67.2
65.7
66.9
140.9
193.1
80.2
66.0
69.4
71.5
72.5
72.9
72.0
72.3
74.1
75.3
74.9
77.3
76.3
77.8
77.9
77.7
76.0
77.1
77.8
77.2
78.2
76.1
76.6
76.6
75.9
75.6
75.4
74.9
75.7
74.3
76.4
75.2
76.0
76.1
76.7
76.5
75.1
74.5
76.7
78.0
76.3
77.6
78.5
78.3
78.4
77.5
78.2
79.2
78.3
79.3
78.6
78.1
78.1
77.1
74.2
75.7
74.8
73.5
74.2
73.9
74.6
75.4
78.2
77.1
74.9
75.2
71.2
70.3
69.7
70.5
72.2
72.8
72.0
73.1
74.5
75.2
75.9
74.9
75.2
73.9
74.7
74.2
74.5
75.0
74.0
74.5
76.2
76.2
74.9
77.2
77.1
78.4
76.7
74.7
75.4
74.5
73.3
72.3
73.9
74.2
74.0
72.7
82.2
104.6
72.0
72.6
71.5
73.1
77.7
72.8
70.7
72.5
76.5
71.0
68.7
69.2
68.3
68.7
68.8
69.3
68.9
64.2
71.1
85.4
74.0
76.2
74.3
70.3
77.3
76.7
75.8
76.1
73.9
73.9
74.7
75.0
74.6
75.5
75.1
74.5
75.1
77.9
76.6
77.4
76.8
78.4
77.7
77.3
77.4
77.1
78.0
77.1
76.6
75.1
76.9
76.6
73.3
73.9
77.7
77.6
76.8
78.9
79.1
77.6
78.8
77.2
77.4
77.7
77.3
77.8
77.3
77.4
78.5
77.8
77.3
78.5
77.6
78.0
81.9
95.8
90.0
86.3
82.6
79.9
78.5
79.2
77.3
78.5
79.9
78.5
77.4
78.2
78.3
78.6
78.2
74.7
71.6
72.3
74.4
76.5
75.7
76.7
75.5
74.8
78.4
76.9
79.4
77.6
52.7
80.6
82.3
85.6
85.4
83.6
84.3
80.8
70.2
73.2
69.2
69.5
71.8
76.0
70.6
70.1
70.5
67.8
70.6
72.6
70.9
74.1
77.1
76.4
78.5
73.6
72.7
76.7
76.3
73.0
70.0
70.5
71.7
69.6
69.4
72.0
72.0
71.6
78.5
74.1
72.2
73.1
74.0
71.9
71.3
70.3
68.2
71.3
71.1
70.4
70.9
75.3
70.3
72.2
70.7
71.8
72.5
73.0
74.2
75.2
74.6
74.6
75.6
79.9
68.9
69.2
68.7
65.5
59.2
60.4
63.7
68.4
68.0
68.7
69.9
70.8
69.1
69.7
70.3
70.3
69.9
69.6
71.6
73.5
74.0
72.6
70.5
71.7
71.5
69.7
68.5
70.1
71.9
71.4
71.9
71.6
70.4
71.5
72.5
73.3
75.6
77.1
76.9
75.8
75.4
74.4
75.2
75.6
74.1
73.6
73.6
72.6
72.6
71.5
70.2
68.2
67.0
66.1
67.0
68.3
70.2
70.1
69.5
69.6
69.4
68.6
68.9
68.4
66.7
64.9
68.3
67.8
66.9
66.2
66.2
65.8
66.7
69.5
69.5
69.1
68.5
71.1
73.9
73.4
70.6
68.7
70.5
67.4
65.5
65.2
65.8
66.1
66.0
69.5
68.4
64.7
64.8
63.8
63.7
65.1
66.3
68.8
68.3
68.5
69.4
69.0
70.2
71.2
70.6
71.3
71.0
70.8
70.3
69.7
69.7
68.2
66.1
66.0
67.2
68.3
69.6
72.6
69.0
68.2
69.2
68.9
68.5
67.1
65.9
66.0
67.7
65.6
65.9
66.3
66.2
66.2
64.2
63.9
63.6
63.7
64.3
67.5
67.1
67.8
66.9
66.6
65.5
66.0
65.8
67.4
67.1
64.8
64.5
63.6
63.0
63.8
64.6
65.9
65.8
68.3
67.5
65.5
64.5
65.1
64.7
64.3
64.5
62.9
62.7
62.0
61.1
61.8
64.2
64.5
64.5
64.1
63.5
63.7
64.5
64.8
63.4
63.5
63.5
63.3
62.6
62.5
62.2
62.3
64.5
68.6
72.7
69.3
67.3
65.5
65.5
61.8
60.2
61.4
62.9
71.1
122.3
65.5
65.6
65.3
65.1
62.3
62.4
65.0
64.2
65.9
68.0
67.0
73.7
73.7
75.2
83.2
86.0
83.9
83.0
83.1
78.8
77.6
77.6
77.3
77.3
77.0
78.9
74.3
75.8
81.7
72.9
69.9
68.6
74.2
75.6
79.4
82.8
76.2
75.3
74.4
72.4
70.9
71.1
70.1
69.2
68.8
67.5
67.5
66.7
65.2
68.0
67.7
69.0
69.9
69.9
72.5
71.3
70.9
70.6
72.2
72.7
73.9
72.4
72.5
72.4
71.6
70.2
71.1
70.3
73.6
74.0
71.6
68.3
66.6
66.9
66.5
68.2
68.0
68.1
68.8
69.3
68.8
68.8
68.2
67.6
67.3
67.3
67.7
68.1
68.6
68.3
68.4
67.7
69.0
69.6
70.0
70.5
70.6
71.1
72.2
70.0
70.8
70.6
70.2
70.9
70.7
71.6
71.2
70.5
69.5
72.1
70.1
71.5
70.4
73.1
72.3
73.6
75.0
72.4
74.5
76.3
76.3
74.0
72.5
72.5
71.4
72.2
73.0
74.5
72.6
71.7
71.3
71.1
71.3
70.1
71.0
72.2
70.9
73.7
72.9
73.1
73.1
72.9
72.9
74.0
73.2
72.3
73.5
72.2
73.4
71.9
73.3
72.6
73.3
73.2
72.8
72.2
72.9
72.3
72.3
72.1
72.3
72.6
72.4
70.4
69.1
70.4
69.8
73.0
73.6
74.7
73.0
72.8
72.4
74.1
75.4
74.2
69.8
69.9
68.3
67.1
67.5
68.9
70.0
70.1
69.8
70.8
71.3
71.5
71.0
71.3
71.4
71.4
70.8
71.1
75.0
69.2
70.9
72.0
73.6
72.7
72.6
71.6
71.2
71.6
71.3
72.5
72.7
72.3
71.6
72.0
71.5
72.7
71.9
70.6
71.6
72.7
72.4
72.5
72.7
72.2
71.8
71.7
72.3
72.5
72.1
71.5
74.2
73.9
73.9
73.5
70.9
76.8
76.3
75.9
75.6
73.6
71.9
71.8
72.1
72.0
71.8
71.2
71.5
71.7
71.0
73.0
73.8
74.3
74.0
74.4
74.2
75.2
75.2
69.7
72.4
69.0
76.6
79.8
77.8
76.2
77.4
81.9
84.3
75.3
78.6
91.1
89.7
83.6
82.0
81.6
77.3
68.6
68.5
68.8
80.2
83.3
76.9
71.8
72.0
67.0
70.9
70.5
69.2
69.9
69.6
68.8
68.6
69.0
68.7
69.9
69.6
70.1
71.4
72.7
71.3
70.6
71.4
71.1
72.3
72.2
71.2
74.0
73.8
72.9
71.0
74.6
72.2
72.7
73.0
74.2
76.8
76.7
77.7
76.9
74.3
75.2
76.4
76.9
74.8
74.9
74.9
74.4
73.3
72.6
72.8
73.7
72.9
73.3
74.8
74.2
75.1
72.8
73.4
73.3
75.4
76.2
75.8
74.1
72.9
72.4
72.9
71.7
70.7
71.5
71.7
72.6
52.8
103.6
89.2
72.6
72.7
72.1
71.5
71.8
70.2
70.8
70.5
75.1
73.6
74.2
74.6
74.4
73.4
72.9
69.0
68.3
71.0
71.0
74.1
73.3
72.6
71.2
73.0
73.7
73.3
72.0
71.9
72.6
69.9
69.5
69.4
70.7
71.7
70.3
71.3
65.7
63.1
64.7
72.5
85.5
84.9
80.0
75.6
81.7
84.6
82.4
81.0
81.1
81.6
79.4
79.8
77.5
80.2
81.9
82.1
81.4
81.6
79.7
80.3
79.4
78.5
79.5
78.5
77.6
77.9
77.6
77.8
77.7
78.0
77.0
76.5
77.3
78.6
78.7
76.0
76.5
77.0
77.3
78.1
78.7
78.1
78.3
78.3
78.5
79.0
79.5
78.9
80.3
81.1
80.1
80.7
78.2
79.8
77.8
78.5
80.2
79.9
77.5
77.0
75.9
81.7
77.7
79.1
81.0
78.3
76.9
73.7
75.4
75.7
76.0
74.8
75.7
76.2
76.7
76.8
76.9
77.0
77.5
76.7
76.5
75.0
74.6
75.6
73.9
74.4
75.3
75.2
75.7
75.5
75.9
75.4
78.0
80.1
75.6
75.6
76.4
76.1
75.8
76.7
75.0
69.8
76.4
80.8
77.3
81.9
81.3
80.6
81.0
80.6
82.1
82.1
82.2
98.4
113.7
91.1
81.3
79.9
81.0
79.6
78.6
77.2
77.9
77.0
77.8
79.2
79.5
80.9
79.9
81.1
80.4
81.5
80.3
81.3
79.3
79.5
78.6
77.9
77.9
79.2
79.8
79.3
79.0
78.6
76.9
78.0
76.4
75.0
75.3
75.9
75.3
74.6
75.5
78.7
79.2
76.5
77.8
77.7
78.0
77.5
77.4
77.0
76.7
76.5
77.0
76.6
77.0
76.5
75.9
76.7
74.7
76.5
75.4
75.2
74.6
72.8
74.2
74.6
74.0
73.8
74.7
74.3
74.5
75.3
73.4
73.6
75.0
72.0
70.8
76.0
75.6
76.3
77.1
76.6
74.8
76.4
76.5
77.2
75.2
76.0
79.9
78.9
71.3
74.2
77.0
80.4
80.3
78.3
80.8
81.0
80.7
81.3
79.8
78.8
80.8
81.3
80.4
79.2
80.4
82.1
81.3
80.2
78.6
81.9
79.6
78.5
78.1
75.9
77.7
78.1
78.6
79.4
79.9
79.7
80.7
81.4
82.2
81.5
81.4
82.5
84.5
84.9
84.0
84.3
84.5
83.1
83.5
84.6
81.4
81.4
81.6
82.4
83.5
83.8
82.8
82.7
83.7
83.1
82.4
78.2
83.2
78.6
83.5
81.9
74.9
80.5
78.6
81.7
82.0
83.6
83.8
83.1
81.4
83.4
83.4
83.7
82.3
80.6
83.3
84.5
85.8
77.0
76.2
79.0
78.4
78.3
80.9
81.1
75.6
76.1
80.5
83.0
82.5
83.9
82.9
83.2
81.1
80.7
79.2
79.3
79.0
79.4
79.7
75.2
74.9
80.6
79.6
71.4
70.6
75.8
70.3
70.2
75.3
73.4
67.7
70.4
67.4
69.2
72.6
73.5
74.4
74.0
73.0
73.8
74.4
71.7
75.6
72.6
73.3
72.9
73.8
74.2
73.7
71.6
69.5
68.7
74.7
73.5
74.7
75.2
75.3
71.4
71.4
73.4
77.4
73.6
80.3
80.4
78.9
79.4
78.9
77.8
74.6
75.6
80.6
81.0
80.8
80.3
82.0
80.1
82.8
81.6
80.2
81.0
80.7
80.7
82.6
84.1
77.6
77.8
78.0
79.9
84.7
73.1
73.4
75.1
74.3
73.1
71.8
71.0
71.4
70.1
68.1
68.4
69.0
68.9
67.9
67.9
68.3
68.3
67.8
67.4
69.5
70.6
70.4
69.5
67.7
68.7
69.3
71.1
71.0
71.2
71.5
72.9
73.5
72.2
72.6
74.9
74.2
76.8
74.7
73.9
74.7
74.4
74.3
73.3
73.7
72.3
72.6
71.6
71.6
70.6
72.4
71.7
71.0
70.9
70.1
69.3
69.1
68.8
67.9
67.7
67.9
67.4
66.7
66.7
67.0
67.1
65.8
66.2
66.2
66.0
67.0
70.6
69.3
69.7
70.3
69.2
69.4
69.0
68.0
68.0
70.7
69.7
70.0
69.4
69.8
69.2
68.9
68.4
68.3
68.6
67.5
63.8
69.6
71.7
70.6
69.6
69.4
68.9
73.1
72.6
72.0
75.0
76.1
77.8
74.3
71.6
79.1
85.8
86.6
83.8
82.1
79.6
82.7
73.8
72.3
81.3
78.3
74.4
87.2
90.3
89.9
90.2
80.5
77.8
75.7
77.6
78.6
86.1
88.6
90.3
89.1
88.8
104.6
86.6
90.4
90.6
90.6
79.9
79.7
76.5
78.5
81.4
80.0
81.9
80.5
83.2
89.9
92.2
92.9
92.4
94.0
93.9
89.1
76.9
81.4
80.4
80.3
80.8
82.0
82.2
84.7
87.0
82.2
82.1
80.2
81.0
81.9
83.0
78.1
81.7
88.0
85.7
82.3
75.7
82.5
81.3
79.8
88.1
92.3
92.6
85.9
90.4
90.4
87.6
89.3
88.0
87.8
89.6
87.5
83.1
84.4
87.7
87.2
86.2
87.4
89.3
90.4
89.3
85.6
82.2
83.8
79.8
83.7
79.7
84.7
85.4
85.5
85.7
86.0
86.4
87.2
87.2
87.1
88.1
89.1
88.6
87.5
88.2
86.8
90.5
130.6
74.8
96.6
87.9
83.4
79.4
75.0
74.6
73.6
75.9
78.5
82.2
86.7
86.1
84.9
78.2
77.5
78.5
80.8
81.7
84.6
84.3
77.5
82.6
84.6
80.6
78.7
84.3
87.6
89.2
89.6
87.8
89.5
85.3
89.9
90.5
83.3
79.4
80.3
84.7
85.0
84.6
80.5
77.8
78.7
85.2
84.0
84.4
84.5
86.0
86.5
85.6
84.8
87.1
87.0
83.7
80.7
83.6
84.0
83.9
82.0
84.9
81.3
81.9
81.4
80.2
80.1
80.0
80.3
81.1
80.2
78.2
76.7
76.5
76.1
77.9
76.4
77.0
77.2
74.9
74.7
77.6
80.6
79.1
78.6
78.3
78.8
78.0
77.7
75.0
75.9
73.0
73.7
74.3
72.6
74.6
73.0
73.2
74.3
75.5
76.9
76.8
76.3
76.2
72.2
73.2
76.1
77.0
77.4
77.9
79.5
79.6
79.8
80.8
87.8
89.5
89.7
89.0
89.3
89.8
90.1
88.8
85.1
88.5
77.4
87.0
88.4
87.0
87.7
91.6
93.5
93.5
82.7
89.0
88.3
88.9
94.2
95.4
88.7
83.0
81.3
78.2
82.5
90.4
90.8
89.7
90.9
81.7
75.9
81.6
87.7
89.1
86.5
85.3
87.3
87.7
88.2
84.8
85.1
87.0
81.4
80.4
85.6
86.8
86.8
86.8
88.1
89.6
87.2
88.5
86.6
86.9
86.4
84.3
85.6
87.9
88.6
86.8
86.6
86.3
85.0
85.3
84.1
87.0
87.4
93.1
92.8
93.1
90.9
90.1
91.1
85.6
88.4
94.1
95.0
93.1
92.9
91.9
85.5
86.5
87.7
92.2
91.1
90.1
91.2
89.3
90.6
92.8
92.6
94.6
90.5
87.3
90.4
93.5
94.2
93.4
94.9
94.5
93.5
93.4
92.7
93.0
90.8
93.6
94.9
93.9
92.8
93.3
91.7
90.2
91.1
93.3
90.7
89.3
100.2
101.8
100.1
100.9
99.3
100.0
99.4
92.5
83.9
86.3
85.2
85.0
84.6
78.0
78.9
88.5
87.4
85.4
84.2
84.1
85.1
85.2
82.5
79.0
82.6
79.2
86.3
90.1
87.8
91.2
90.6
87.5
86.5
88.1
88.8
90.7
91.1
92.6
93.2
94.0
94.3
93.6
94.4
93.6
92.6
92.5
93.0
92.8
93.0
93.8
93.1
91.7
90.9
87.4
84.3
86.8
87.7
90.8
93.1
93.3
91.3
89.7
86.4
87.5
91.2
91.2
85.9
86.3
84.3
84.4
85.7
84.3
84.0
86.6
93.2
87.8
87.9
93.6
94.1
94.4
93.6
93.8
91.4
89.6
92.8
93.7
94.5
95.1
92.4
88.1
83.79999999999998
88.35
88.475
88.6
88.725
88.85
88.975
89.1
89.225
89.35
89.475
89.6
89.725
89.85
89.975
90.1
91.5
94.8
86.0
82.4
80.8
80.9
80.8
80.2
82.0
80.0
76.3
74.2
71.6
68.0
66.3
64.1
61.7
59.4
59.2
55.6
56.1
53.8
47.2
40.6
38.1
37.0
36.6
11.0
35.9
38.3
14.7
15.9
15.6
15.299999999999999
45.9
61.050000000000004
76.2
91.35
53.5
82.9
82.2
83.9
85.5
85.6
85.9
83.2
84.4
86.0
86.1
86.7
86.8
85.8
84.9
85.8
85.3
85.3
84.1
84.4
86.3
82.4
83.4
87.2
83.9
86.4
86.0
84.5
84.3
85.6
84.8
87.1
88.3
83.9
90.4
86.2
89.7
91.1
83.1
85.0
84.1
85.1
87.0
86.3
87.4
89.4
88.6
88.7
95.5
92.8
93.5
95.3
95.7
94.4
94.8
90.1
87.0
88.9
88.7
87.0
85.9
86.1
85.6
85.5
84.6
83.3
84.2
84.8
84.0
83.6
82.9
82.0
81.6
83.7
83.6
84.7
84.8
83.5
83.8
83.7
83.2
83.8
82.6
82.6
81.9
82.4
82.7
82.3
81.5
80.8
79.5
79.9
78.4
76.9
78.6
78.3
77.5
77.2
76.8
76.1
76.2
78.0
76.9
76.9
76.2
75.3
75.9
74.4
78.6
78.5
80.6
79.7
85.5
95.0
100.9
103.2
100.5
91.8
93.1
93.3
92.9
91.2
91.0
83.2
86.3
81.6
86.2
87.8
83.9
83.4
81.8
82.2
82.6
80.7
80.1
80.3
79.2
80.4
83.1
82.1
82.1
82.6
82.1
81.4
82.5
82.9
84.3
82.9
84.8
85.8
86.1
85.8
85.2
85.7
85.4
84.6
83.4
83.8
83.4
82.1
82.8
83.6
83.2
81.6
82.9
82.1
81.0
81.4
81.2
82.6
83.5
83.1
82.0
82.3
82.8
82.3
83.2
83.6
82.4
78.1
79.8
81.4
80.6
81.2
81.3
80.6
79.8
79.1
80.6
78.7
87.8
85.1
79.3
79.9
78.1
77.9
76.9
77.6
75.8
77.0
76.2
78.1
77.3
81.9
95.0
101.6
91.2
98.8
102.1
100.6
98.9
99.1
93.6
88.0
90.1
81.5
80.8
81.0
82.6
82.7
81.8
82.3
82.2
81.6
81.0
80.6
79.9
79.9
79.4
79.1
79.6
80.3
80.2
80.5
79.9
80.0
114.8
74.3
66.7
89.4
82.4
79.9
84.1
85.2
84.4
86.2
89.1
88.8
88.3
88.0
86.7
82.9
82.8
83.2
82.3
82.0
81.8
83.8
83.3
82.2
82.8
82.7
80.9
83.7
84.0
82.9
82.2
82.3
81.5
82.0
82.8
83.5
83.1
83.7
82.0
83.8
82.8
81.8
83.1
81.2
82.1
81.0
81.8
81.7
78.7
79.0
79.1
78.4
78.0
78.8
79.0
79.2
79.8
77.6
79.7
79.0
79.5
77.9
79.2
78.3
78.1
76.6
77.4
77.7
76.4
74.7
73.7
74.6
74.3
74.4
75.4
75.6
75.2
75.1
75.8
75.7
75.1
75.0
74.6
74.8
76.1
74.6
73.4
73.6
72.2
72.1
70.8
69.9
69.2
68.4
72.2
73.2
73.5
70.0
67.4
67.7
68.7
67.6
68.8
63.6
68.7
75.6
71.7
70.7
73.1
72.7
78.2
80.5
75.2
74.6
81.5
82.4
75.7
80.0
80.7
81.1
81.1
81.7
81.2
81.2
79.0
79.9
79.6
80.3
81.4
82.2
86.0
91.4
91.8
90.1
86.3
86.5
85.8
83.7
84.5
83.4
83.1
81.1
82.5
81.3
80.7
80.4
80.8
79.2
80.4
80.3
84.6
91.2
86.8
90.4
89.9
85.2
90.8
88.2
81.2
84.8
86.6
84.4
81.4
79.3
79.2
78.6
78.6
79.8
79.2
80.2
80.7
77.6
79.1
78.7
89.8
89.2
91.2
87.9
85.8
87.0
86.8
80.5
81.0
86.8
87.7
85.9
88.3
89.4
87.8
87.0
86.5
83.0
81.9
81.8
81.9
82.4
80.4
80.6
81.5
82.4
82.6
84.2
89.9
91.1
89.3
84.7
81.2
81.5
86.4
86.6
83.4
86.2
91.5
89.7
87.4
87.2
90.8
90.9
90.8
88.8
90.0
87.3
86.9
86.1
87.4
85.8
86.6
85.6
86.3
84.1
86.2
84.8
84.9
87.1
87.6
85.9
84.5
76.1
76.8
80.8
81.4
80.7
80.0
82.4
81.9
82.1
85.6
86.4
85.4
84.2
84.7
83.8
80.9
80.1
79.8
80.0
78.9
76.9
76.8
75.3
77.5
77.1
76.6
76.0
76.3
77.0
75.9
75.5
74.8
75.8
75.2
75.0
75.7
76.3
77.5
77.0
77.7
79.5
81.4
81.7
84.0
86.4
89.5
88.5
78.0
82.3
84.8
82.5
82.5
86.2
84.5
83.8
83.1
82.2
83.3
83.2
82.4
82.6
83.5
83.5
81.6
81.8
81.7
81.2
82.1
86.1
83.4
84.8
84.1
85.1
86.0
82.4
83.7
86.2
84.5
84.9
88.2
90.2
89.0
91.3
89.1
86.2
86.4
85.1
86.7
87.5
86.5
88.6
86.2
83.9
83.8
83.0
82.6
82.7
80.7
81.9
81.7
81.6
80.6
81.3
81.3
82.4
82.2
84.2
83.9
83.6
81.7
78.7
83.3
86.5
88.6
89.2
89.1
90.8
87.9
89.5
88.5
88.6
89.6
90.7
88.2
88.2
88.9
88.7
89.6
91.2
90.6
91.4
90.7
92.7
92.5
91.7
92.7
96.8
91.3
92.1
97.6
99.9
100.2
100.9
98.8
98.6
98.7
98.3
97.2
97.1
97.5
96.9
77.2
95.7
96.3
95.1
86.5
83.1
84.6
83.1
78.6
84.6
83.3
84.3
83.8
85.2
84.9
84.6
82.1
82.2
83.1
83.2
80.3
81.7
82.0
81.1
81.4
82.6
84.2
145.1
119.0
82.2
77.2
79.2
80.8
81.7
75.7
80.1
84.1
83.9
83.9
85.0
77.5
81.8
81.1
77.1
78.4
78.0
77.7
78.0
79.3
80.2
80.1
78.9
81.5
82.2
83.4
81.6
81.1
79.7
78.7
79.1
78.4
77.8
76.6
77.6
76.1
77.5
77.2
76.9
75.7
77.9
77.4
79.4
89.6
87.0
85.1
82.5
84.1
85.7
86.2
84.3
87.5
85.5
84.1
87.9
88.1
88.5
85.5
86.5
90.3
90.2
86.1
87.0
91.0
89.8
92.5
92.2
91.2
91.5
92.0
85.1
86.8
88.3
95.9
103.4
99.2
99.8
90.4
86.6
97.7
103.5
103.0
88.5
82.0
84.6
88.6
82.7
80.0
87.5
87.9
86.8
91.1
90.2
87.8
87.5
96.9
97.7
99.4
99.9
100.5
101.4
102.3
100.0
100.9
103.4
102.2
100.0
101.5
100.2
101.7
99.6
98.5
96.7
99.1
96.8
95.5
91.6
93.1
91.7
86.0
84.7
87.7
88.4
85.2
87.6
81.7
85.0
86.9
80.8
86.8
82.0
80.6
81.2
79.8
74.5
72.9
74.6
75.9
78.0
78.3
79.2
78.4
79.1
88.5
89.2
86.8
87.4
93.7
91.1
84.5
77.0
88.9
85.1
84.0
83.4
84.0
82.8
87.3
85.2
78.3
80.9
81.8
85.2
85.3
86.3
87.3
87.7
87.0
84.9
83.3
84.1
82.5
80.8
80.5
81.2
77.9
80.0
78.8
78.6
86.7
86.1
87.2
85.6
89.3
86.1
81.7
88.4
85.0
81.9
84.1
83.8
83.3
78.7
74.8
83.7
84.4
83.5
83.1
77.8
80.0
76.7
86.5
81.6
82.5
83.3
84.5
83.6
84.6
84.7
82.7
82.1
78.5
80.5
71.3
69.4
75.3
77.9
79.5
77.0
73.9
71.5
72.2
73.3
68.8
66.8
66.8
66.6
68.4
70.20000000000002
