79.0
76.9
77.5
84.5
91.8
92.3
89.9
86.2
118.6
126.5
71.2
64.4
61.0
85.7
85.0
90.6
90.2
86.9
82.9
78.7
75.7
63.8
59.0
78.0
69.9
77.4
77.2
66.2
63.7
80.1
78.6
78.1
70.9
75.2
80.5
70.3
80.5
74.5
74.0
77.3
71.8
63.7
81.3
78.9
82.0
83.7
70.2
66.5
67.6
77.2
64.4
59.2
54.7
57.6
79.5
75.9
71.4
63.5
58.7
57.3
55.5
56.4
54.9
57.0
79.4
74.9
66.8
78.5
69.2
63.1
58.6
57.3
56.9
56.5
55.0
55.6
55.9
54.6
51.9
54.0
55.5
53.7
54.2
52.5
55.0
55.2
54.6
57.3
61.7
70.7
81.5
73.2
71.0
67.1
68.0
66.9
66.7
66.8
68.3
68.6
67.9
67.2
67.0
67.1
68.2
75.2
83.6
75.6
67.5
69.9
68.9
68.9
68.9
68.4
67.6
67.6
66.9
66.6
66.8
67.0
66.8
66.0
67.4
68.3
67.7
63.0
46.5
44.1
57.4
61.8
58.2
71.0
70.5
69.2
61.8
60.4
71.6
76.3
86.7
93.6
86.9
84.8
81.1
81.2
81.2
87.0
87.9
74.9
82.5
80.1
73.8
73.7
71.3
71.5
78.7
81.2
72.9
73.7
73.1
72.6
72.4
72.8
86.7
81.3
76.9
77.1
75.6
74.2
73.3
72.4
72.0
79.5
76.6
72.6
70.7
68.4
67.5
68.0
67.2
66.9
69.2
76.7
83.6
82.9
79.6
84.7
99.4
98.9
86.2
90.4
90.5
85.6
79.0
77.4
75.3
73.3
77.8
85.1
80.1
81.7
80.7
78.4
74.4
73.3
72.8
72.3
72.6
73.0
72.9
73.1
72.0
78.3
79.4
77.0
75.4
74.0
73.2
73.2
69.5
68.2
69.0
69.5
69.9
70.1
70.0
69.6
70.1
70.8
71.6
71.6
72.0
74.8
80.0
78.9
82.7
80.3
82.0
80.1
81.1
79.4
74.1
73.0
71.6
70.8
69.2
67.6
67.6
67.3
67.7
67.7
68.2
70.2
68.0
72.2
69.1
69.9
71.1
69.8
71.7
72.6
72.0
73.1
73.0
71.8
72.5
72.9
73.3
72.5
72.8
74.3
73.3
74.7
74.0
73.8
76.6
75.3
75.6
75.1
76.2
75.5
76.3
76.2
77.8
78.2
78.1
78.2
79.8
80.8
79.1
78.6
77.9
78.6
78.3
77.5
78.0
77.9
77.7
77.4
78.5
79.0
79.1
79.5
79.9
79.7
79.9
81.8
81.1
80.6
80.7
80.2
80.9
81.5
80.8
80.1
76.7
76.0
76.1
76.5
75.3
75.2
77.9
78.3
77.6
78.7
78.2
78.1
76.5
77.5
78.4
76.6
78.7
93.9
90.9
85.3
83.0
82.2
80.9
79.9
79.0
79.5
79.6
77.2
78.0
77.4
77.3
77.2
78.6
76.8
79.1
77.9
77.7
77.5
77.9
75.9
75.7
77.1
77.7
86.0
94.3
89.3
86.2
84.0
82.7
90.5
86.2
84.3
81.9
79.5
76.2
75.7
76.3
76.9
75.9
76.1
74.4
74.0
74.5
73.4
75.3
74.5
76.2
75.1
75.4
74.6
74.7
73.6
74.6
75.5
73.5
74.5
75.6
75.6
76.5
74.1
79.9
77.7
74.8
76.4
80.3
75.6
77.1
75.7
77.4
73.8
80.2
77.6
70.8
68.6
69.0
69.1
69.1
71.3
81.0
86.7
90.3
85.1
79.9
76.9
74.9
73.4
79.0
78.9
95.6
97.7
100.2
96.9
95.3
87.7
86.8
82.2
82.5
78.4
74.7
71.7
71.5
70.4
70.4
69.6
70.2
69.9
70.3
70.3
72.0
71.3
73.2
73.0
74.1
75.0
76.8
75.1
73.0
77.0
73.1
73.1
72.0
74.5
71.8
73.0
72.8
73.0
74.8
74.6
76.5
77.4
74.3
73.9
75.1
79.1
76.5
77.2
77.8
79.8
79.0
79.7
79.3
79.4
80.1
80.8
80.2
82.9
81.6
81.6
81.4
81.4
81.8
81.5
81.2
81.7
81.4
80.0
78.3
74.1
75.4
75.0
74.8
73.6
73.8
72.5
72.8
73.9
76.8
75.7
74.7
74.3
74.0
73.0
73.0
73.0
73.1
73.1
73.1
73.2
73.9
74.0
74.4
75.7
75.7
75.9
75.6
75.4
75.6
75.4
74.9
75.6
76.7
78.3
83.0
81.5
82.4
83.2
81.1
77.0
74.4
72.3
71.5
70.4
69.9
69.3
69.4
69.3
69.7
69.7
70.7
71.5
71.2
70.8
70.7
70.2
70.5
70.5
71.0
70.9
70.6
71.3
72.2
72.0
73.9
73.8
73.0
72.1
71.8
70.9
70.4
70.4
110.1
109.7
71.4
71.2
72.1
71.6
71.1
70.6
70.9
70.7
71.1
71.8
71.9
71.3
70.5
70.3
70.9
70.5
70.4
71.0
71.1
72.0
78.2
79.0
78.0
75.6
73.8
80.5
76.3
75.4
79.2
80.2
76.8
78.1
78.2
81.0
77.3
76.2
80.2
77.6
79.6
75.7
74.2
73.4
74.3
79.4
77.7
81.0
79.0
75.6
72.4
70.4
69.3
69.0
69.3
69.0
69.7
69.5
70.2
70.0
69.9
69.9
70.0
69.4
69.6
70.1
70.6
70.0
70.8
71.7
72.2
72.4
72.6
73.0
72.7
72.3
72.7
72.9
73.0
72.5
71.8
71.7
71.4
72.0
71.5
74.2
91.6
77.3
81.8
97.9
69.1
74.4
73.5
73.2
72.1
72.5
73.2
80.3
80.8
78.3
79.3
88.4
89.2
89.3
89.9
93.1
88.7
89.7
91.0
90.0
89.5
88.5
85.6
87.0
81.4
92.2
89.0
85.2
88.5
84.0
88.6
86.0
87.1
89.1
85.4
84.5
84.3
77.2
94.0
98.4
88.9
87.4
80.1
75.5
81.4
80.8
76.3
80.5
75.0
72.1
80.0
70.4
68.8
68.9
68.1
67.7
67.3
67.2
67.3
67.2
67.0
66.0
66.0
65.9
66.1
66.6
66.6
67.4
67.0
67.4
66.2
66.1
66.3
66.8
67.5
67.2
67.2
67.1
67.6
66.1
65.5
65.0
66.1
65.9
65.5
65.6
65.9
65.9
66.0
66.2
66.4
65.9
66.7
66.2
67.3
66.9
68.3
67.9
68.0
68.2
67.9
68.0
68.0
68.0
68.0
67.8
67.9
73.2
80.7
77.3
75.6
73.9
71.3
69.8
69.7
69.8
68.3
69.9
69.5
69.2
69.5
69.3
70.1
69.4
69.3
70.7
70.5
69.6
70.0
69.6
71.0
70.2
70.9
70.4
70.1
70.6
70.7
70.9
71.5
70.5
70.0
70.7
71.1
69.6
70.0
69.4
70.5
70.2
70.2
70.2
69.5
70.4
69.5
69.2
70.6
71.4
70.8
70.9
71.2
71.7
70.7
70.4
70.6
70.8
70.4
69.2
70.5
69.8
69.8
70.1
70.5
69.9
69.9
70.5
70.6
71.0
71.1
72.0
72.4
72.7
73.1
70.2
71.2
70.0
70.0
70.1
69.3
70.2
70.2
69.1
70.3
74.6
82.8
83.5
83.2
78.1
75.8
73.0
71.9
71.4
71.5
71.2
71.9
71.7
72.7
71.4
72.2
73.5
72.2
72.8
73.6
76.6
86.6
82.0
80.5
78.9
77.2
76.9
76.1
75.1
74.3
73.3
73.5
77.8
84.6
80.8
78.9
77.2
76.4
74.6
74.6
73.8
73.3
72.4
71.9
71.9
71.0
70.7
71.3
71.8
64.3
57.7
56.7
70.0
84.1
81.8
80.2
80.7
81.3
79.7
74.1
76.4
72.5
74.4
80.5
83.7
81.0
83.1
89.7
82.7
77.2
83.4
79.7
81.9
80.5
75.8
71.9
69.1
67.6
66.6
64.9
65.4
65.4
67.4
67.4
68.3
69.4
68.6
68.7
78.7
79.6
75.4
72.8
70.9
71.4
82.5
88.9
80.8
76.1
74.3
71.9
70.7
70.0
70.5
70.3
70.7
70.5
69.5
69.3
72.0
73.8
75.0
74.5
73.7
76.2
77.1
88.7
89.5
86.6
84.3
82.4
81.5
78.0
80.7
80.8
82.0
80.4
80.0
80.5
79.5
79.0
78.0
76.6
77.0
77.4
77.6
79.0
80.0
78.6
82.2
86.2
84.7
82.2
78.7
77.5
78.5
78.3
80.4
79.0
74.5
70.7
68.4
66.3
67.1
65.1
66.3
66.1
68.4
68.1
68.6
68.4
68.1
67.6
65.9
65.0
64.4
65.3
64.2
65.2
65.8
66.7
65.4
64.8
63.6
62.7
63.8
61.4
60.9
60.6
60.4
60.7
60.2
59.1
60.5
59.2
58.5
59.4
58.8
58.8
58.5
60.2
60.0
60.2
59.7
60.2
59.4
61.3
61.3
61.2
61.8
61.3
62.9
62.7
63.1
62.9
65.5
64.0
64.6
63.9
63.6
64.5
62.0
61.6
63.7
89.1
91.0
77.4
72.3
79.4
78.1
71.5
67.2
66.4
69.5
68.4
67.8
72.5
68.6
68.3
67.5
69.7
69.2
68.1
72.7
72.1
70.8
67.6
60.6
57.9
58.6
59.0
56.7
56.8
60.2
70.4
77.0
66.5
64.8
60.9
62.9
60.1
58.4
55.7
55.6
56.2
57.7
59.4
63.7
71.7
80.0
84.0
85.8
88.7
94.2
96.1
100.1
96.3
90.0
78.5
72.9
71.8
65.5
69.5
75.6
69.3
73.1
65.0
73.5
75.1
73.6
63.0
75.8
75.7
71.4
63.8
61.5
59.7
58.2
56.9
55.9
56.8
54.6
54.0
59.9
77.4
74.6
66.7
62.4
74.2
74.9
72.6
74.4
82.0
88.6
82.2
85.0
85.0
90.2
90.8
87.8
93.9
92.7
91.5
88.6
76.0
65.8
60.6
57.2
75.5
83.8
85.5
83.6
86.0
79.9
84.8
83.8
79.5
81.9
76.0
65.9
60.0
55.5
54.2
53.9
54.2
54.8
55.3
55.4
56.4
55.5
55.6
54.7
53.8
53.8
57.6
76.3
79.1
77.2
71.9
65.8
62.3
60.2
58.6
58.3
75.9
80.8
89.1
79.5
72.5
68.0
61.8
58.7
58.3
56.1
56.1
58.5
56.7
56.6
56.6
57.0
60.1
58.1
57.0
57.0
56.4
56.4
56.3
55.3
55.5
54.8
54.5
55.4
54.9
55.4
57.1
56.8
57.4
58.0
57.2
57.1
57.2
56.2
56.5
55.5
55.1
56.4
55.7
55.5
55.9
55.4
54.6
55.5
54.1
56.0
54.7
55.2
56.0
55.7
56.0
56.4
54.9
55.0
54.7
54.6
54.7
54.8
54.5
56.7
78.4
86.8
86.8
92.0
82.0
78.2
75.5
72.1
71.7
69.5
69.0
66.6
90.1
103.1
102.7
101.9
98.4
95.0
83.8
90.5
89.6
82.2
82.7
88.2
93.3
95.4
91.9
91.9
89.8
86.9
73.5
67.3
84.2
85.4
85.4
84.0
75.3
69.9
65.8
63.6
62.0
61.1
60.8
60.3
59.8
83.6
81.5
85.3
76.1
68.7
65.4
64.0
61.0
60.3
60.2
58.5
59.2
59.1
58.1
59.9
55.9
56.0
57.4
57.8
58.9
60.6
59.5
60.3
60.1
60.2
60.3
60.0
60.1
60.2
59.1
61.6
61.6
60.5
68.4
73.3
72.6
79.0
83.4
77.7
79.8
85.4
85.5
86.1
84.2
88.3
79.4
77.2
84.6
86.7
87.9
90.8
79.8
72.1
73.3
89.7
88.0
90.0
90.6
87.2
77.7
68.5
74.9
73.0
79.1
77.6
72.4
79.6
70.3
79.6
78.9
85.1
90.5
86.1
83.7
83.5
87.9
85.6
87.4
85.5
109.3
95.6
88.5
75.5
73.2
83.7
71.3
65.1
76.1
82.0
80.3
84.7
86.3
80.7
85.4
82.7
84.6
80.0
82.2
80.8
79.9
85.1
85.1
70.4
63.1
59.4
71.9
83.7
79.6
79.9
68.3
62.3
58.6
55.7
55.0
54.0
77.6
83.2
69.8
60.9
79.6
82.2
73.1
83.1
68.3
61.6
58.6
57.2
62.7
82.0
81.1
77.5
65.8
74.6
86.8
90.0
87.2
73.3
66.9
68.2
87.3
76.5
63.6
59.6
55.8
54.3
55.7
81.0
81.1
68.9
63.2
58.9
57.7
57.3
67.5
83.2
84.7
77.3
75.1
83.1
71.0
63.6
59.7
58.2
58.2
57.6
56.1
62.2
85.4
83.0
68.7
85.4
72.6
65.6
60.8
58.1
57.7
226.3
80.3
81.6
67.5
63.0
59.2
62.4
81.9
67.8
63.6
59.6
57.3
56.9
82.2
81.2
66.6
61.6
58.1
57.2
81.9
87.5
77.9
68.0
86.2
75.5
67.9
61.5
65.4
86.7
84.2
68.8
65.6
59.6
56.7
55.7
62.1
85.4
84.2
67.8
62.7
58.4
56.7
57.9
76.2
88.4
76.9
67.8
61.2
59.1
58.8
58.8
57.6
57.9
57.6
63.8
85.9
79.6
67.5
62.2
59.1
59.5
58.2
57.5
57.5
56.8
57.0
56.1
55.9
56.9
56.6
57.9
56.9
57.0
55.4
55.2
55.9
55.3
55.6
55.5
54.8
56.0
56.1
56.0
55.2
56.4
75.0
68.2
62.9
60.5
58.3
57.6
57.3
65.7
72.9
79.6
72.8
85.1
84.8
78.6
95.2
99.2
102.1
107.1
96.4
97.4
86.1
87.8
98.4
90.3
91.8
96.1
79.1
82.8
94.3
96.7
83.6
72.8
68.5
65.1
62.7
61.7
61.1
61.6
60.0
58.9
58.2
57.4
57.5
56.7
59.2
57.2
58.0
57.8
57.1
59.0
58.2
58.0
57.3
58.9
59.4
57.5
56.8
58.5
58.2
59.6
57.6
56.5
57.6
55.1
56.2
56.4
57.4
57.3
55.5
55.5
54.9
56.2
56.1
55.9
56.4
66.2
63.6
58.5
57.1
61.7
66.1
70.4
70.4
71.6
71.3
71.0
71.5
71.2
72.6
71.7
71.4
71.5
71.1
70.9
72.1
70.9
73.1
75.5
75.4
75.6
74.7
74.0
74.1
72.9
73.0
72.4
71.8
73.4
75.1
75.7
76.4
76.4
76.2
75.2
75.1
75.1
75.3
73.8
76.0
73.4
74.6
74.5
73.0
74.8
75.8
75.9
77.4
77.1
77.1
77.5
77.4
78.7
78.5
77.1
76.7
75.0
74.7
76.4
75.2
74.6
75.7
73.8
74.7
75.0
74.1
83.4
90.2
94.3
90.3
93.9
86.3
82.3
78.6
79.5
76.9
74.9
76.1
73.7
74.5
75.8
75.3
77.5
76.1
75.4
77.7
76.1
74.8
75.1
73.8
74.0
75.5
73.8
75.1
74.3
74.4
75.1
74.2
74.0
75.5
74.7
77.2
77.0
76.7
79.1
77.2
76.1
78.1
76.5
75.6
76.9
74.3
75.3
75.7
74.8
76.4
75.0
74.1
78.0
89.6
101.8
88.8
96.4
95.7
94.6
85.2
84.3
94.1
87.7
81.5
77.2
74.9
72.3
70.0
69.2
67.4
67.3
69.3
67.4
68.7
68.7
68.1
69.3
67.9
68.4
70.3
69.9
69.8
71.0
69.7
69.3
71.1
68.1
70.1
68.3
68.4
69.3
68.6
68.6
69.9
67.9
68.5
68.5
69.1
69.2
68.2
68.7
70.6
69.3
71.4
71.6
69.2
70.0
68.6
69.8
69.1
67.3
67.3
69.8
67.1
66.8
68.2
66.6
67.7
66.5
67.4
66.8
67.3
66.6
67.6
66.5
68.1
67.9
66.9
71.2
86.7
92.5
100.5
96.1
91.8
88.6
96.8
95.4
94.1
89.3
84.3
78.4
74.0
77.0
94.2
94.3
97.3
96.4
98.7
89.1
79.8
93.9
94.4
82.2
79.7
79.7
96.9
95.6
94.3
94.4
94.8
90.7
77.8
67.1
62.1
60.3
58.0
56.6
56.4
56.1
55.0
54.9
54.4
53.9
53.8
54.1
54.1
55.6
57.2
57.4
58.3
58.9
59.4
58.4
58.2
58.2
58.7
58.6
59.0
58.7
134.1
97.4
59.5
60.4
60.4
61.1
61.800000000000004
61.11311475409836
61.119672131147546
61.12622950819672
61.132786885245906
61.13934426229508
61.14590163934427
61.15245901639344
61.15901639344263
61.165573770491804
61.17213114754099
61.178688524590164
61.18524590163935
61.191803278688525
61.19836065573771
61.204918032786885
61.21147540983607
61.218032786885246
61.22459016393443
61.231147540983606
61.23770491803279
61.24426229508197
61.25081967213115
61.25737704918033
61.26393442622951
61.27049180327869
61.27704918032787
61.28360655737705
61.29016393442623
61.29672131147541
61.30327868852459
61.30983606557377
61.31639344262295
61.32295081967213
61.329508196721314
61.33606557377049
61.342622950819674
61.34918032786885
61.355737704918035
61.36229508196721
61.368852459016395
61.37540983606557
61.381967213114756
61.38852459016393
61.395081967213116
61.40163934426229
61.40819672131148
61.41475409836065
61.42131147540984
61.427868852459014
61.4344262295082
61.440983606557374
61.44754098360656
61.454098360655735
61.46065573770492
61.467213114754095
61.47377049180328
61.480327868852456
61.48688524590164
61.493442622950816
61.5
60.4
60.4
61.1
61.7
60.3
62.5
61.5
61.2
60.8
61.6
63.0
61.4
62.1
62.6
62.7
61.6
63.7
65.7
63.2
63.7
63.4
63.1
62.1
62.5
63.6
63.5
61.8
62.8
63.5
63.5
63.9
63.8
64.5
106.4
185.1
92.3
91.5
91.5
85.4
101.3
107.1
100.6
90.4
83.9
78.6
75.7
74.4
70.7
69.6
69.5
89.0
101.7
108.4
106.6
104.5
103.8
100.9
96.1
84.1
77.6
74.2
72.5
69.7
69.1
69.8
69.7
67.9
68.6
69.1
69.2
67.9
67.8
69.9
68.5
69.2
70.1
69.5
68.3
67.9
69.3
67.9
67.3
67.9
68.7
67.6
67.8
67.7
68.8
67.2
66.9
68.3
67.1
66.3
66.5
67.1
66.1
65.9
66.6
67.0
65.6
65.8
68.4
66.5
68.9
68.6
71.1
88.6
90.1
78.4
80.0
89.4
89.3
88.1
90.4
88.7
99.5
97.2
104.5
108.9
103.4
101.2
97.0
99.4
100.2
96.4
96.4
80.4
73.1
79.0
99.6
101.8
100.4
100.5
97.9
93.3
115.0
115.4
109.8
112.7
104.5
101.6
113.5
102.3
91.7
96.0
94.9
98.9
86.8
104.3
90.8
90.7
103.3
91.4
102.0
85.0
75.6
70.7
67.3
66.4
67.4
97.8
102.0
103.3
85.9
77.9
72.6
72.0
71.7
73.2
72.6
72.4
71.7
71.1
71.5
70.6
69.4
70.0
68.2
64.2
66.6
68.2
70.2
90.5
106.5
104.6
98.4
90.5
84.3
78.7
73.1
72.2
70.7
70.0
67.7
68.6
68.9
67.1
67.5
68.9
68.7
67.5
69.9
70.9
69.7
68.5
69.2
69.8
68.6
68.0
68.5
68.0
67.8
69.3
69.8
67.2
69.3
68.7
68.3
66.7
68.1
69.6
68.3
68.2
67.9
69.0
67.6
67.8
68.9
68.9
67.1
67.9
69.6
68.6
68.6
69.1
69.7
68.2
67.7
69.8
68.6
67.6
68.8
69.6
68.3
68.0
68.4
68.7
66.9
67.3
68.7
67.5
66.6
67.7
68.6
67.7
68.0
68.9
69.3
69.1
71.8
70.9
69.2
69.1
69.3
69.9
68.7
69.3
71.5
71.3
70.0
69.6
71.0
69.0
68.8
69.3
70.1
67.8
68.4
69.2
68.6
68.2
71.7
74.2
70.6
70.6
72.0
71.7
69.9
69.3
70.9
69.1
68.7
70.0
77.2
101.7
110.2
105.4
109.7
103.4
93.0
87.7
99.4
99.8
96.7
102.7
97.7
94.8
97.9
86.1
74.7
68.7
65.9
62.4
60.4
60.5
59.6
58.6
59.0
60.7
59.5
59.5
66.2
91.8
86.4
80.6
73.3
69.8
65.0
62.6
62.9
60.7
59.9
58.9
59.8
57.1
58.5
60.4
61.2
58.6
60.6
61.4
60.4
61.7
61.7
60.4
61.8
58.9
59.9
60.1
59.5
60.1
60.2
59.7
63.3
61.3
61.7
61.7
60.8
60.8
60.7
59.8
65.5
91.0
84.2
91.2
78.1
71.7
69.8
62.6
61.9
62.7
60.2
59.8
62.2
58.6
60.6
61.4
60.3
61.4
59.8
58.7
61.8
58.8
60.9
61.5
59.5
60.4
59.8
58.6
60.2
59.2
58.8
60.7
60.7
61.7
61.4
61.5
62.5
61.8
60.1
63.6
60.6
60.6
61.8
66.5
92.6
91.9
81.8
93.1
103.0
103.2
98.1
106.6
100.4
99.1
98.2
86.7
80.5
93.5
92.2
94.9
92.7
96.5
97.8
100.4
98.7
96.8
98.6
93.2
93.9
94.0
93.8
96.1
95.2
97.9
98.5
97.4
93.2
99.3
102.3
98.5
97.8
92.6
97.4
99.2
96.7
91.0
95.5
93.3
91.5
96.9
100.9
95.4
99.9
93.7
100.7
95.0
101.0
95.9
95.8
88.2
85.5
88.7
90.5
89.1
91.4
85.0
83.0
79.0
93.5
87.9
89.1
85.8
94.6
93.4
82.3
100.2
81.5
89.3
92.4
96.3
95.1
91.8
90.8
97.2
90.3
104.1
83.3
99.6
79.9
92.4
94.8
92.8
78.9
90.9
95.5
84.7
92.5
95.5
76.9
94.9
96.4
82.0
97.6
92.0
73.1
95.8
95.2
86.9
77.6
98.5
97.9
95.6
91.8
96.0
91.4
90.3
71.5
75.3
96.8
83.1
68.0
87.5
95.2
88.1
94.1
73.0
64.4
84.9
96.7
88.8
94.5
82.2
100.1
93.1
93.1
99.5
86.3
101.3
96.5
77.3
94.5
99.5
80.1
95.6
90.6
89.7
95.6
75.4
92.5
94.7
74.3
86.4
99.4
91.9
72.7
76.1
99.6
97.6
90.2
74.1
88.9
96.9
91.8
71.7
89.4
99.2
97.3
88.3
103.5
97.9
75.9
73.9
99.7
91.4
98.7
77.2
92.8
99.0
81.6
100.7
89.6
71.8
96.3
93.0
97.7
103.5
99.1
95.5
98.8
99.1
95.4
106.3
103.3
100.3
96.8
105.2
107.7
112.5
107.3
105.0
99.9
92.9
90.4
86.2
82.7
87.7
88.4
78.4
66.3
67.6
91.2
92.1
83.3
73.1
84.7
93.1
77.5
65.1
59.8
57.8
56.2
76.3
89.2
96.8
88.3
91.1
94.4
90.1
88.1
83.9
86.8
74.0
89.8
73.4
69.5
94.5
94.9
86.1
71.8
64.3
76.5
94.8
85.4
90.6
72.3
54.0
65.8
88.2
91.8
77.8
88.8
71.1
66.0
63.7
90.2
89.2
75.0
66.4
63.0
60.4
60.1
59.0
59.2
59.2
87.3
91.9
86.9
92.0
97.1
53.8
92.5
85.2
70.4
91.4
88.3
83.8
87.5
78.3
64.2
88.7
86.2
81.6
84.6
84.0
74.6
69.8
90.9
87.8
78.7
87.0
67.3
60.3
57.2
85.2
87.5
83.8
67.0
61.1
56.6
56.1
84.1
85.9
76.3
89.0
86.3
72.9
63.6
59.5
76.4
90.1
86.7
70.3
63.1
58.1
73.1
77.5
71.0
86.6
87.8
84.9
83.3
78.5
86.1
76.4
85.9
87.5
87.4
69.9
86.6
66.7
58.6
77.5
93.3
90.5
72.8
61.8
61.5
88.9
80.3
67.6
57.2
54.1
51.7
51.5
58.9
83.8
76.2
76.9
63.8
53.7
51.5
48.4
47.2
47.7
49.6
50.4
65.6
77.4
73.8
76.7
77.7
74.8
64.0
78.0
70.1
61.6
79.6
82.8
69.3
59.1
70.0
77.0
64.1
83.1
80.2
63.6
53.7
51.4
76.4
82.1
83.1
76.4
69.2
79.4
92.0
94.3
102.0
90.3
82.0
85.1
85.5
85.6
89.2
82.6
91.7
73.3
68.0
92.9
92.5
93.6
88.3
84.6
81.0
80.3
67.2
85.5
85.0
76.5
77.9
66.0
58.6
54.8
53.6
60.6
91.2
92.8
89.1
76.2
86.2
100.5
94.8
82.3
75.4
72.2
96.9
106.9
110.6
96.2
98.0
82.0
74.6
95.4
81.3
75.1
97.0
93.4
82.1
72.3
68.9
66.6
66.8
64.6
65.3
65.3
65.0
62.6
63.1
78.5
76.2
68.5
64.8
63.4
62.1
61.1
66.6
83.6
98.8
106.7
104.8
108.8
106.7
95.4
84.8
69.9
63.8
62.0
60.3
89.8
88.9
78.8
69.2
63.0
61.9
59.6
69.9
95.0
75.4
76.1
83.1
70.4
66.1
61.2
61.1
61.7
60.5
60.9
61.1
59.2
60.8
60.5
58.8
59.3
58.6
57.8
57.7
58.1
59.6
59.7
59.7
58.9
59.1
59.1
60.4
59.4
58.9
58.8
58.2
59.4
59.1
59.2
59.8
60.5
59.7
60.7
58.9
60.2
59.6
59.2
59.5
59.6
59.8
60.2
61.3
60.4
59.6
59.9
60.2
61.3
60.7
61.3
60.7
60.0
60.9
60.3
61.7
62.2
61.4
62.2
62.7
62.5
61.7
60.8
61.7
61.6
61.2
62.2
61.2
61.6
63.0
62.4
63.8
65.5
63.6
64.6
64.8
63.7
63.4
64.0
63.4
63.3
63.0
63.3
63.4
61.8
63.1
64.4
64.1
63.9
63.6
63.5
63.4
63.1
64.8
64.9
64.1
63.6
65.5
63.8
65.1
65.2
64.5
65.8
65.9
71.0
76.1
