58.4
57.4
58.1
59.3
59.9
61.8
59.4
59.6
59.2
59.9
60.0
60.1
61.3
60.1
60.9
66.0
66.2
63.0
64.8
66.3
122.7
113.8
65.5
64.1
64.0
61.9
61.3
61.7
62.2
60.2
59.6
58.2
56.5
56.5
56.6
59.9
63.1
56.3
57.6
58.2
56.8
57.1
56.2
55.9
55.3
56.5
56.6
55.1
55.2
56.3
56.4
53.7
57.5
51.7
52.2
51.7
54.6
56.5
57.5
59.1
61.1
61.2
62.6
60.4
60.4
60.8
63.0
61.1
61.7
60.4
65.5
61.1
60.6
60.9
61.0
61.9
62.6
62.8
63.8
64.6
62.8
62.8
63.4
62.8
64.7
64.9
64.7
63.7
61.8
62.0
61.9
60.0
62.0
62.4
60.0
61.4
61.6
61.5
62.5
62.7
60.2
61.1
61.5
60.8
60.2
59.1
59.1
59.4
60.9
60.5
60.2
61.2
60.2
59.2
59.8
62.2
58.7
61.5
61.0
60.5
61.9
59.6
60.3
60.5
60.7
60.0
61.8
61.6
60.0
62.4
63.3
61.9
61.2
62.7
61.3
59.3
60.7
60.7
62.0
63.6
63.1
62.3
62.5
65.2
62.4
60.9
60.0
57.7
56.8
61.3
68.8
65.0
65.4
72.7
69.0
56.4
54.0
50.9
66.5
66.6
65.9
68.8
72.0
71.1
70.7
71.3
71.4
71.1
71.4
70.0
78.4
95.3
71.6
70.9
69.9
70.5
67.8
66.3
66.9
68.0
67.6
66.6
66.6
68.2
68.2
66.7
67.6
66.9
67.7
67.1
68.4
70.6
68.9
68.6
63.6
62.3
65.2
60.7
64.7
67.5
68.4
66.4
67.6
70.6
73.8
73.0
67.9
68.6
69.7
70.4
58.0
65.8
68.0
65.5
60.2
59.2
62.3
69.7
75.2
74.9
74.9
73.0
72.0
73.4
72.0
71.1
73.3
71.4
72.0
70.6
71.7
72.2
72.6
73.4
73.3
73.2
72.7
72.1
72.6
71.5
71.4
67.9
65.1
61.8
61.8
63.1
65.2
66.8
67.5
63.5
64.4
64.7
65.3
65.2
64.6
62.9
63.2
64.2
65.6
63.6
63.0
62.6
63.8
64.5
64.6
63.6
61.4
60.6
60.8
60.2
59.8
59.8
61.3
63.2
65.2
63.3
63.9
62.5
59.7
60.9
61.2
62.6
61.9
63.2
62.0
62.0
62.8
62.3
61.1
61.6
60.7
60.1
60.9
59.3
59.5
60.3
59.8
62.4
61.0
59.5
60.3
60.0
60.7
59.9
60.9
59.7
59.7
60.5
59.2
61.1
60.4
62.3
62.8
62.7
63.1
68.9
71.5
72.7
70.1
70.1
70.5
70.6
70.9
69.5
69.1
68.1
67.4
68.1
67.7
67.7
65.6
68.0
66.2
69.3
71.8
70.2
69.3
70.0
67.0
67.1
66.4
66.8
67.0
68.9
67.8
66.4
67.3
69.5
68.4
67.3
73.3
72.0
68.9
63.9
65.6
69.8
72.7
71.2
70.4
71.7
75.7
74.7
72.7
74.8
71.1
72.8
72.6
73.6
72.4
72.1
74.3
74.0
74.4
73.6
73.5
74.6
74.7
72.0
67.7
66.6
68.1
67.2
66.0
62.5
61.7
58.7
58.1
58.0
57.5
58.3
58.5
59.1
57.0
58.0
62.2
61.5
58.8
58.6
58.2
59.0
56.4
57.8
59.0
57.7
56.6
56.2
57.6
54.7
57.6
59.3
63.4
64.4
66.2
62.9
62.3
60.5
58.3
51.6
51.2
45.7
43.3
47.8
60.7
66.6
65.6
64.5
73.0
74.9
77.0
69.3
64.2
65.7
71.5
75.8
77.4
75.3
76.4
68.9
70.1
68.6
71.0
68.6
65.3
65.8
62.4
62.6
60.8
64.4
64.9
61.8
61.6
64.1
63.6
63.4
62.0
58.4
59.0
59.0
61.5
60.8
61.3
61.2
61.0
59.8
60.4
61.9
62.5
60.5
60.0
59.9
59.2
57.1
56.6
55.3
56.7
56.4
55.7
56.7
56.4
56.8
56.0
54.8
56.0
58.9
56.2
55.8
57.6
55.6
56.6
56.4
57.8
57.7
60.0
66.9
66.5
87.9
94.6
73.1
71.9
72.9
72.6
72.0
71.4
70.3
74.0
73.3
71.3
72.6
73.5
72.4
74.3
69.4
68.1
71.9
70.1
70.1
72.6
70.2
71.3
68.4
69.7
71.2
72.8
71.0
67.5
69.5
71.5
69.42459016393443
69.38688524590164
69.34918032786885
69.31147540983606
69.27377049180328
69.23606557377049
69.1983606557377
69.16065573770491
69.12295081967213
69.08524590163934
69.04754098360655
69.00983606557377
68.97213114754098
68.93442622950819
68.89672131147542
68.85901639344263
68.82131147540984
68.78360655737706
68.74590163934427
68.70819672131148
68.6704918032787
68.6327868852459
68.59508196721312
68.55737704918033
68.51967213114754
68.48196721311476
68.44426229508197
68.40655737704918
68.3688524590164
68.33114754098361
68.29344262295082
68.25573770491803
68.21803278688525
68.18032786885246
68.14262295081967
68.10491803278688
68.0672131147541
68.02950819672131
67.99180327868852
67.95409836065573
67.91639344262295
67.87868852459016
67.84098360655737
67.80327868852459
67.76557377049181
67.72786885245903
67.69016393442624
67.65245901639345
67.61475409836066
67.57704918032788
67.53934426229509
67.5016393442623
67.46393442622951
67.42622950819673
67.38852459016394
67.35081967213115
67.31311475409836
67.27540983606558
67.23770491803279
67.2
70.3
71.3
71.0
68.2
68.0
69.4
68.9
66.6
64.0
57.7
61.7
60.4
60.2
64.2
71.3
69.1
65.2
69.5
68.4
69.9
69.6
66.1
69.6
68.0
67.8
66.0
65.5
63.4
62.1
64.5
61.0
61.4
61.8
60.2
60.6
63.3
62.9
63.3
65.6
65.8
64.2
63.3
65.6
63.4
65.4
67.1
63.9
61.8
66.3
64.9
66.7
65.2
64.9
64.5
63.7
64.2
65.8
67.2
66.6
67.5
64.8
66.8
68.5
64.9
65.9
65.5
66.2
63.8
63.6
66.2
65.0
64.3
65.1
66.9
65.6
64.4
65.2
65.0
63.9
62.6
63.4
62.4
65.3
62.6
64.0
65.2
62.3
58.1
55.3
62.4
65.0
64.9
66.0
64.9
64.3
67.0
66.4
68.0
69.0
65.4
64.7
67.4
64.5
61.5
62.8
67.8
68.0
63.7
64.6
62.6
66.7
67.5
66.7
63.3
66.6
67.3
68.8
66.3
63.1
66.1
64.8
65.1
67.1
64.7
65.1
66.9
64.1
65.7
66.0
63.8
63.1
64.9
65.7
64.0
62.7
61.9
59.0
62.2
62.2
62.8
63.9
64.5
60.1
59.8
61.4
60.7
66.2
70.6
65.3
64.0
61.7
65.4
64.1
65.6
66.6
61.2
62.9
65.0
66.8
63.5
62.3
62.8
59.8
60.6
60.3
58.8
56.4
58.8
59.6
58.9
61.0
60.1
60.4
55.9
56.6
53.7
57.0
60.8
60.3
60.1
60.7
59.6
57.7
55.6
56.4
58.1
60.3
57.8
64.2
67.9
69.4
67.0
66.9
67.6
67.3
67.9
68.1
65.4
67.5
62.7
62.9
67.0
66.0
56.0
71.3
79.2
81.3
77.4
73.7
75.4
79.7
81.2
84.5
80.0
77.7
74.7
76.5
74.1
77.2
74.2
74.6
73.5
71.1
70.3
75.4
70.3
65.6
73.1
71.7
74.4
56.5
100.2
76.5
71.4
67.2
67.3
65.1
65.7
68.6
70.0
67.5
70.4
71.3
70.5
68.6
66.6
65.7
68.2
62.6
63.4
62.4
69.2
71.5
66.8
62.4
67.0
65.3
65.1
62.7
62.7
60.0
66.3
66.9
61.4
60.8
58.6
67.1
67.8
70.8
63.4
63.0
64.0
66.5
63.6
63.1
65.0
62.6
61.6
66.7
70.6
65.4
66.6
66.6
66.6
64.8
62.5
62.0
63.1
64.5
69.5
66.7
66.3
67.9
64.8
65.9
63.3
69.9
65.3
68.1
67.6
65.7
64.2
66.8
65.8
64.2
65.2
63.9
63.2
63.0
62.9
63.8
63.2
60.0
66.2
64.0
62.5
63.1
63.3
67.0
64.7
62.4
63.2
62.1
65.6
62.3
62.2
63.1
61.9
63.8
64.2
62.9
62.4
62.6
63.8
67.4
67.1
64.6
69.1
69.6
65.9
69.3
64.0
64.7
67.0
67.1
65.7
63.5
69.6
73.1
79.4
78.7
80.1
77.5
75.5
82.7
78.5
77.0
72.4
73.9
73.4
71.4
71.4
73.5
69.5
68.2
69.5
70.3
72.5
74.2
72.7
72.8
73.9
71.4
72.9
73.0
70.3
69.8
69.3
71.3
73.4
71.1
71.6
69.1
68.9
72.6
70.8
72.9
74.6
73.1
68.4
71.3
70.0
70.8
69.5
72.2
66.6
61.6
66.3
69.0
67.9
64.9
66.9
65.6
65.0
61.4
63.2
65.1
61.5
59.2
59.5
59.0
58.4
58.4
60.0
60.8
59.4
59.9
58.2
58.7
57.7
56.5
58.9
63.0
61.3
58.3
58.4
60.0
59.9
62.6
60.4
62.0
63.2
67.8
65.9
67.5
68.5
67.5
67.1
64.0
68.0
63.4
67.7
68.5
66.5
68.2
65.0
64.1
67.4
68.7
69.9
71.2
68.3
65.7
71.2
70.5
72.6
71.0
71.2
67.6
67.3
67.6
69.7
71.7
74.7
76.3
77.6
70.3
69.3
75.5
75.7
76.0
74.9
76.1
77.7
76.5
77.7
74.0
75.0
70.7
73.5
73.2
74.5
74.7
76.6
73.7
75.8
76.2
74.5
72.5
72.9
71.8
72.7
74.8
75.3
74.3
70.6
71.3
69.7
69.3
67.5
68.4
62.9
64.4
61.1
55.3
55.2
54.4
56.4
58.0
59.3
56.1
59.7
62.7
63.1
61.2
61.7
60.3
61.0
59.2
57.6
57.9
60.5
59.2
57.4
55.4
53.0
52.8
55.6
52.7
71.2
59.4
61.3
56.5
55.9
54.1
50.6
48.6
55.7
58.7
59.5
63.3
67.5
68.8
67.5
67.4
67.6
66.7
66.4
69.6
67.1
64.8
64.2
64.7
62.9
63.7
61.4
62.0
62.0
64.5
61.0
64.5
61.9
63.8
67.1
70.5
73.0
70.0
68.7
66.9
68.5
69.2
70.8
70.9
69.0
66.7
68.3
67.0
66.2
68.0
69.1
67.9
67.3
66.2
67.9
66.3
68.1
66.3
67.6
65.7
63.2
61.0
63.5
64.4
64.6
62.3
62.2
65.3
62.4
66.2
61.1
65.7
65.9
63.0
63.8
65.1
72.2
77.0
73.0
72.4
69.8
70.0
70.5
76.4
75.6
66.5
80.2
80.7
87.2
92.9
92.9
92.1
88.0
86.8
88.8
87.0
88.2
87.8
88.1
83.6
80.8
81.3
79.8
78.2
74.6
75.9
76.4
71.2
69.4
70.5
70.9
67.5
68.2
66.2
65.2
72.3
67.0
63.5
70.0
65.1
60.7
63.3
69.9
64.3
62.7
63.7
65.9
63.9
62.6
62.9
66.6
63.0
61.3
61.4
64.4
66.3
65.8
63.5
62.9
64.2
69.3
66.1
61.2
61.9
61.8
59.4
62.4
61.3
63.8
63.5
61.0
64.1
62.5
60.3
62.3
60.0
61.9
61.1
62.1
61.1
61.7
60.7
58.9
60.1
58.2
63.7
61.0
58.3
60.9
64.3
59.3
59.7
58.2
59.7
58.2
59.4
62.3
62.7
66.0
64.8
64.1
65.6
67.0
67.2
73.0
70.8
66.7
66.7
64.0
63.4
66.9
68.0
66.8
69.0
69.1
68.3
71.9
70.6
68.5
70.6
70.4
70.9
69.9
68.6
69.6
69.2
69.3
70.8
68.5
72.0
70.7
59.1
57.2
52.6
58.4
58.1
56.4
61.5
61.2
58.7
60.0
66.9
75.5
75.4
70.7
70.6
68.8
67.7
104.0
141.5
70.3
71.3
66.5
69.2
68.8
68.0
65.2
65.4
66.2
66.3
66.7
62.8
63.1
57.6
59.5
59.6
61.1
57.5
57.3
57.9
55.4
55.3
56.7
53.7
53.2
51.7
51.6
51.1
48.6
50.6
50.1
53.9
54.0
51.5
51.9
61.8
70.3
70.6
66.1
64.4
60.7
66.4
62.8
63.9
58.7
58.3
56.9
57.0
58.2
56.3
57.5
55.4
57.8
53.3
58.0
59.2
55.5
57.4
53.8
53.9
53.5
55.4
56.1
53.5
53.1
55.5
55.1
54.7
55.9
55.2
56.4
58.2
56.2
57.2
59.4
60.7
62.6
62.5
64.5
64.6
64.8
64.5
62.3
61.0
61.4
62.2
60.8
60.2
60.6
62.3
67.7
65.9
69.0
69.9
68.5
68.5
69.4
67.6
69.0
69.0
67.2
68.5
69.5
68.6
67.4
68.3
67.5
67.5
66.5
68.1
67.7
64.1
62.1
58.7
59.0
56.6
58.3
54.4
55.1
62.0
61.0
59.2
60.9
66.7
64.7
65.7
65.5
65.1
68.2
66.6
66.7
66.8
70.1
66.8
63.2
68.1
68.5
65.9
65.8
69.7
69.3
67.1
68.0
71.0
69.2
70.6
70.1
68.6
73.1
68.4
72.4
71.7
70.5
68.3
66.5
68.0
67.6
69.8
65.9
69.6
71.0
67.2
69.2
72.1
71.3
71.3
72.4
72.3
72.0
69.5
72.0
70.0
64.2
69.8
70.9
67.8
70.9
67.4
68.8
72.7
69.5
69.0
70.3
66.6
63.7
66.5
70.2
73.1
76.6
77.3
81.2
80.9
79.9
78.6
82.8
81.6
76.8
79.2
77.4
75.7
74.4
76.1
73.3
68.9
78.4
74.3
74.0
73.4
77.6
68.1
75.6
71.2
74.4
66.8
76.3
74.2
71.0
68.2
67.4
67.3
72.4
68.8
72.1
72.4
72.5
73.8
69.7
67.3
68.6
69.7
69.7
65.9
62.0
63.6
64.3
68.1
66.9
63.9
67.2
63.8
71.1
69.7
66.5
64.4
65.5
65.9
65.5
64.4
62.6
64.4
63.8
63.0
63.4
64.9
63.0
62.3
64.5
64.4
65.6
65.6
66.8
65.6
64.8
66.2
67.0
67.1
68.3
71.9
69.9
71.6
72.8
73.9
70.7
71.0
70.0
73.4
72.8
72.2
111.5
158.8
75.7
71.7
72.7
73.3
74.9
73.6
74.1
72.4
73.8
74.1
74.0
72.7
74.0
71.8
71.7
69.8
73.2
72.9
70.3
72.7
71.6
72.6
71.9
72.7
73.0
74.1
73.8
71.2
71.2
70.3
71.4
73.9
75.7
74.3
74.3
75.0
74.2
75.3
74.2
75.1
76.0
76.3
76.8
75.8
74.1
73.8
75.8
75.2
76.9
76.2
75.3
76.7
75.3
72.9
75.9
77.0
74.6
75.4
76.8
74.6
77.9
76.6
78.8
76.9
77.1
76.8
76.2
78.1
75.6
74.1
75.1
75.8
74.0
75.4
71.8
72.6
73.0
73.7
72.5
71.4
69.7
69.0
70.0
71.6
71.3
69.6
70.5
68.4
65.7
61.4
61.1
58.5
59.2
60.9
61.3
62.8
65.2
64.4
65.8
66.6
68.1
67.9
65.1
67.7
67.9
67.9
67.1
67.5
69.2
67.4
69.3
68.1
70.4
69.6
69.3
69.4
69.9
68.8
68.6
71.1
69.6
70.6
71.1
68.8
69.0
67.1
66.5
64.9
64.5
54.4
64.5
65.4
52.5
76.3
61.9
63.4
62.5
61.1
57.7
54.7
55.0
53.9
54.0
54.4
52.7
52.3
51.0
52.2
52.1
53.1
55.6
55.2
55.4
58.2
45.9
41.9
51.2
55.4
58.0
57.3
58.7
62.2
60.4
58.7
56.1
57.2
57.2
58.6
60.8
62.9
60.9
61.5
61.8
60.1
63.8
64.3
62.2
62.3
62.6
60.2
59.4
61.2
60.3
58.8
60.6
58.8
58.3
59.6
58.1
58.6
58.2
60.9
63.5
61.9
62.1
63.1
61.5
69.9
78.4
75.4
74.6
75.4
70.1
66.0
64.0
61.1
55.8
51.0
224.0
94.7
47.8
43.7
49.5
51.7
61.0
61.0
63.5
65.1
64.1
62.6
65.9
66.4
67.4
69.0
72.2
72.9
70.4
72.8
74.5
75.2
76.9
74.9
76.4
78.4
78.2
76.3
75.5
77.1
78.4
78.0
78.1
77.0
83.8
75.4
77.9
72.7
74.8
73.1
71.4
74.0
69.5
69.9
69.5
69.5
66.8
71.3
69.3
69.3
70.4
68.0
67.2
65.2
64.1
67.3
68.5
69.2
75.4
75.2
78.8
81.0
81.1
61.6
59.9
63.2
75.8
77.2
80.0
76.4
79.4
78.7
77.2
76.0
73.1
63.7
65.2
69.1
65.1
64.9
65.4
61.1
62.7
63.8
62.0
64.1
64.8
63.6
60.5
61.9
65.3
62.1
61.0
59.7
64.5
65.2
60.7
63.2
62.5
62.6
63.0
66.1
63.3
62.8
64.1
64.9
65.3
66.6
64.7
67.8
67.9
66.6
62.5
64.7
73.0
74.1
76.2
74.9
77.7
77.5
72.9
71.6
72.8
75.7
76.5
81.5
82.2
84.6
83.7
84.4
86.5
87.3
83.2
89.2
84.3
83.3
90.9
88.1
88.2
89.7
90.7
85.7
85.0
89.0
89.4
93.7
94.0
87.0
90.8
89.9
88.1
88.0
85.7
81.6
79.2
84.6
84.0
80.3
81.9
79.0
79.1
82.4
78.4
80.8
79.0
78.5
82.4
81.3
81.4
79.2
76.3
77.9
76.5
80.9
79.6
80.4
79.4
74.2
75.8
74.6
74.1
72.2
73.7
70.1
73.4
71.5
73.6
74.2
72.2
70.2
72.4
71.8
74.5
74.9
72.7
76.3
75.8
74.7
72.9
74.2
74.9
77.1
72.5
74.3
73.8
62.0
59.4
62.9
61.1
59.4
60.9
62.2
66.1
60.0
62.0
62.7
62.0
59.1
60.3
59.1
55.5
56.1
58.0
57.2
55.5
53.7
50.4
51.8
55.1
55.1
55.8
54.3
52.5
54.1
53.0
52.8
52.8
51.8
51.4
51.9
52.4
51.2
52.9
112.8
134.6
55.7
57.0
57.3
58.3
59.8
58.5
59.5
60.4
61.6
61.4
63.6
64.0
64.6
65.9
66.4
64.0
67.4
66.9
68.8
68.1
66.9
70.3
69.6
69.3
71.6
71.3
70.3
75.8
82.8
82.8
82.5
84.2
86.4
84.5
82.1
82.1
83.0
82.4
85.5
84.8
86.5
80.8
76.6
75.3
75.7
75.3
71.7
77.5
78.2
78.1
82.5
81.5
81.1
77.5
79.8
80.8
82.5
77.6
82.6
76.4
82.2
80.7
79.5
81.4
82.3
81.7
81.4
76.9
79.1
80.5
80.5
79.2
74.0
79.0
77.2
79.7
78.4
81.8
81.8
81.7
85.3
88.4
82.1
85.5
83.4
80.5
80.0
75.6
74.4
71.8
70.8
70.9
67.9
69.4
66.9
62.6
64.7
65.2
64.1
63.5
58.8
56.3
60.9
60.8
60.0
59.1
57.7
58.6
57.7
59.3
60.9
61.4
58.5
60.9
59.2
58.1
53.3
52.4
56.0
57.8
62.1
64.9
65.1
65.2
67.8
68.5
66.6
67.8
67.2
66.4
64.7
67.5
65.9
64.5
67.2
64.7
64.1
63.8
63.9
66.3
62.5
64.9
65.2
62.6
63.9
63.6
65.2
67.4
66.9
68.5
68.1
69.7
68.6
64.6
65.2
66.6
67.9
64.6
65.1
68.0
66.9
66.4
66.5
66.3
63.7
64.0
62.1
62.7
59.2
61.7
60.1
59.0
59.3
60.2
59.2
59.2
61.3
62.0
61.4
60.4
62.9
59.3
56.8
55.0
56.7
60.9
61.8
64.3
63.1
62.8
66.3
66.1
65.8
65.5
64.5
64.4
65.6
66.2
65.2
65.7
64.0
66.0
66.3
65.7
62.6
58.1
59.5
60.9
61.8
62.5
70.0
73.9
74.2
75.4
76.0
74.5
73.9
72.0
72.3
73.1
70.6
70.0
70.5
68.6
67.3
68.4
70.5
68.4
65.6
66.2
64.0
65.0
63.4
64.5
66.6
64.4
67.8
67.1
68.2
68.6
65.8
68.5
67.7
67.4
68.8
68.7
68.7
70.0
285.4
72.0
66.3
67.2
67.1
66.2
62.6
64.7
63.3
61.8
62.2
61.5
60.8
58.9
61.3
61.7
61.0
61.3
62.7
63.0
62.5
64.2
64.6
65.3
66.4
64.2
64.7
66.5
65.0
63.9
64.2
64.7
65.7
61.8
63.6
64.0
65.2
65.0
61.6
63.1
69.1
74.1
76.2
74.1
76.9
74.9
74.5
75.1
75.6
75.8
70.4
74.4
75.0
73.4
73.9
72.0
71.2
75.6
74.1
72.9
73.9
73.9
72.8
74.9
74.6
74.8
74.4
73.3
74.2
74.9
73.8
75.3
73.9
74.8
74.6
72.3
72.1
74.6
72.6
71.0
70.5
72.7
71.7
71.1
71.5
70.2
67.2
68.8
68.2
68.5
66.1
67.2
67.6
64.6
66.8
65.2
64.1
63.3
65.2
67.0
66.6
67.4
67.6
68.7
68.6
67.1
65.5
66.0
66.2
68.5
68.1
70.9
68.7
69.0
70.0
68.1
70.2
68.2
69.2
65.0
66.6
68.1
66.4
67.0
64.3
66.0
65.5
65.8
65.8
66.5
65.9
66.3
68.2
69.3
68.9
69.7
70.2
66.6
63.5
65.5
67.7
70.0
72.6
69.6
73.8
72.9
70.3
71.2
69.1
67.4
68.9
71.2
68.9
71.0
69.3
68.4
69.4
67.6
72.3
70.0
72.1
69.5
71.3
71.4
69.8
69.3
68.9
69.0
68.7
67.6
71.3
70.9
69.1
66.2
68.2
71.8
71.5
71.2
70.5
70.7
70.8
70.7
67.2
67.9
68.1
67.5
70.8
77.9
81.6
81.8
80.8
80.1
81.9
81.4
64.7
65.4
66.7
64.7
66.7
77.6
79.2
75.8
75.9
77.7
76.9
78.4
74.7
68.2
66.6
70.0
74.4
72.5
68.1
72.2
73.0
75.7
74.4
74.0
75.9
76.4
70.9
70.6
74.1
71.3
69.6
65.9
68.3
64.7
67.1
62.7
59.0
58.4
59.7
58.7
59.0
54.9
53.3
54.7
67.6
59.1
58.4
58.5
58.7
56.2
56.6
59.0
58.8
59.4
63.4
63.1
64.0
65.5
62.4
59.4
58.4
60.3
66.3
69.1
68.1
67.9
66.6
68.9
65.7
69.0
68.4
70.9
66.3
67.3
69.6
69.4
68.7
69.0
67.7
70.6
67.4
67.9
70.1
69.4
68.6
71.5
72.0
69.8
68.9
71.5
72.7
72.9
77.3
75.4
69.7
75.4
76.7
73.9
73.8
74.7
78.8
75.8
75.5
75.9
72.4
74.8
75.6
68.9
71.8
70.5
70.5
75.7
78.2
81.3
83.5
82.3
79.2
81.2
78.6
77.8
78.6
78.6
77.5
75.4
75.0
72.0
75.9
69.8
73.2
72.3
68.6
68.9
66.2
66.0
65.5
62.4
65.7
65.2
69.6
69.8
69.1
70.0
67.5
66.8
68.6
65.3
68.3
68.0
66.4
62.7
65.6
65.7
67.2
64.4
70.5
72.8
68.6
73.8
75.6
73.2
74.0
72.7
71.7
70.9
70.4
74.4
179.0
112.0
60.5
75.9
68.0
69.4
70.2
68.8
64.4
61.0
62.8
60.3
63.1
64.8
63.0
69.1
66.2
63.6
64.5
65.8
64.8
67.3
67.7
69.0
67.3
70.1
70.3
70.4
71.9
72.6
74.3
73.8
73.9
74.5
71.8
73.8
78.5
72.3
76.0
76.9
77.0
76.3
78.9
76.5
76.8
79.0
76.9
79.1
76.6
72.2
79.1
76.8
76.8
75.4
80.2
79.1
78.3
75.5
76.9
77.1
77.7
71.8
76.9
76.8
77.5
78.6
77.0
77.3
78.2
76.0
76.7
75.9
72.7
74.8
75.8
75.4
71.5
74.6
76.0
75.3
76.0
72.4
75.2
73.8
70.7
75.1
76.9
74.4
76.7
75.9
70.4
69.7
76.2
72.1
72.1
69.7
69.1
77.2
75.5
71.7
68.1
71.6
72.4
68.2
67.7
67.6
65.7
64.0
65.8
65.0
65.3
65.6
63.5
63.6
61.2
62.6
65.3
64.3
60.5
63.9
63.9
63.1
67.1
65.6
65.3
61.3
68.2
65.9
66.3
65.4
66.8
66.8
68.6
72.2
67.9
69.8
69.7
74.1
70.9
73.9
75.2
71.1
76.2
76.2
77.4
73.4
74.9
65.9
65.5
61.9
60.7
67.2
68.2
66.6
71.5
70.0
74.2
71.8
73.9
76.7
79.7
77.2
82.7
83.9
84.6
85.6
89.6
87.7
87.5
83.3
75.0
76.5
78.7
78.8
78.6
81.2
79.4
76.8
78.4
102.4
71.8
79.0
71.5
77.7
77.8
77.6
76.6
79.1
76.4
77.0
78.9
74.5
78.0
81.2
83.1
81.4
77.0
75.4
73.5
69.2
69.5
67.9
70.4
69.4
68.7
64.7
68.7
64.1
66.4
65.7
67.9
68.7
66.5
63.9
64.4
66.2
64.7
66.8
62.2
63.9
60.9
62.5
65.3
65.0
67.8
67.8
66.7
66.8
67.0
68.1
68.1
68.7
63.0
59.5
62.1
65.2
68.1
67.7
70.3
68.9
69.7
70.0
73.0
73.1
71.3
69.3
71.4
70.1
68.5
66.2
67.4
68.2
64.1
62.8
65.3
62.1
68.1
67.6
67.9
66.7
64.0
64.9
64.8
67.2
66.4
58.8
55.1
55.9
58.6
62.6
63.8
62.9
64.3
61.5
61.6
61.0
64.0
62.5
60.7
58.0
59.9
61.0
58.2
55.6
58.2
60.3
58.0
58.7
58.8
58.0
58.5
57.6
56.4
57.8
57.8
58.8
58.7
56.5
58.1
59.7
59.1
59.3
60.7
63.0
60.7
59.6
65.0
65.3
68.8
68.4
67.4
64.9
67.1
72.6
71.5
70.0
67.1
61.8
57.4
61.9
64.3
65.9
65.2
62.1
60.4
61.8
60.2
58.4
59.0
55.1
56.5
56.8
56.5
56.8
57.1
55.1
56.2
57.5
58.7
59.8
58.4
59.0
58.8
58.2
60.3
60.2
59.9
58.0
58.8
59.4
58.4
59.9
59.8
62.1
61.5
61.4
60.3
59.3
60.8
62.4
60.0
63.1
66.6
67.2
68.4
70.2
67.7
67.7
69.9
70.5
71.5
70.9
71.5
68.9
72.2
72.4
75.2
74.9
74.6
70.9
73.1
70.7
71.1
74.0
71.8
73.9
70.7
69.6
70.0
69.2
67.5
68.2
68.9
65.9
64.1
68.5
73.0
73.3
75.2
76.6
75.5
75.9
74.7
70.7
68.9
69.7
69.8
69.8
67.8
68.3
66.8
66.7
68.5
65.8
66.0
66.3
67.6
66.5
66.2
65.8
64.2
66.6
63.9
65.6
67.3
67.3
68.2
68.2
69.3
71.1
69.7
68.1
72.2
72.4
75.5
76.4
74.4
75.7
77.6
78.9
79.4
78.0
77.5
74.4
75.4
76.3
78.5
75.9
77.9
80.0
79.2
79.0
81.3
80.2
73.9
74.8
76.4
75.1
75.2
75.4
79.0
81.5
77.2
78.9
79.8
79.7
77.6
74.5
77.9
75.4
75.7
77.5
80.9
75.0
80.6
77.5
78.2
79.1
78.0
78.1
79.7
81.9
76.3
76.8
77.4
77.8
78.5
79.9
76.8
76.6
81.2
81.0
77.7
78.7
76.5
68.6
73.5
72.3
72.7
70.0
73.7
73.4
74.9
73.4
71.1
71.1
69.8
69.0
68.4
68.4
69.8
71.1
67.4
64.2
66.1
67.8
66.7
66.5
66.5
69.5
69.5
71.6
70.3
68.9
64.1
61.8
63.3
68.8
65.1
62.0
67.0
68.6
69.4
68.2
66.7
66.8
64.1
59.7
63.7
66.6
64.6
66.2
67.3
63.3
62.4
63.6
63.7
62.6
60.1
62.7
61.7
62.0
63.5
62.4
62.1
59.8
64.4
65.2
61.7
63.5
61.7
68.9
67.0
70.1
68.3
65.4
71.6
73.0
71.5
72.0
70.5
67.3
69.2
71.0
74.5
75.1
76.6
76.8
74.3
68.5
72.9
75.6
78.6
73.0
75.0
75.3
73.9
77.0
77.9
74.1
71.2
68.9
75.1
75.6
67.1
69.9
70.2
75.4
74.0
75.5
90.7
75.3
79.3
78.7
75.9
76.6
72.1
67.1
71.3
69.9
68.4
67.6
67.8
68.8
68.4
68.3
68.0
70.2
72.1
73.7
73.4
71.5
73.2
76.8
73.9
76.0
79.2
79.6
75.7
78.8
77.1
79.1
74.4
79.5
80.6
77.4
74.3
79.2
79.7
79.3
74.6
79.4
82.9
81.7
80.0
73.5
79.3
80.1
76.0
73.2
77.7
79.7
75.8
74.5
80.1
77.7
80.7
80.7
80.6
80.9
78.4
77.1
78.9
78.2
78.2
76.9
90.5
89.8
83.0
81.1
80.8
79.0
73.4
66.8
67.2
67.0
65.5
64.6
63.5
61.4
61.1
57.3
56.6
58.5
57.5
55.4
58.0
59.4
58.8
56.2
54.1
53.9
52.4
53.2
55.4
57.7
57.4
57.3
57.5
60.7
62.8
62.3
62.0
61.1
60.8
60.6
61.5
63.1
59.2
57.7
55.1
56.7
55.9
57.2
57.5
59.3
56.7
56.8
60.2
59.2
62.0
61.6
55.6
56.5
62.0
60.1
60.5
57.9
56.7
53.5
52.7
50.8
52.9
53.4
53.8
56.7
56.0
58.2
58.4
58.7
57.9
57.7
60.2
60.5
60.0
60.2
58.7
62.6
67.4
59.4
53.4
54.3
55.4
57.6
57.2
56.7
59.6
59.5
61.4
156.8
72.3
61.5
62.5
63.8
62.4
62.5
62.1
63.0
63.9
67.7
67.5
70.3
69.4
69.5
71.2
72.5
73.4
73.0
72.6
72.1
74.6
74.2
73.1
73.7
76.7
74.3
74.9
75.3
72.3
72.6
72.3
76.0
74.2
73.9
74.7
75.8
73.5
75.4
75.8
76.6
80.4
82.6
83.6
85.2
85.4
81.9
85.5
87.1
87.0
85.3
86.2
89.4
88.4
88.2
89.8
91.1
92.1
85.8
89.4
91.8
90.9
89.4
93.4
90.3
93.0
92.0
90.8
95.2
93.0
90.0
94.0
93.3
91.7
91.7
88.9
90.8
87.5
119.1
155.9
87.8
85.4
84.6
84.2
83.9
83.2
83.1
83.2
85.8
84.1
81.6
84.9
84.3
80.8
83.7
82.4
82.5
80.6
83.5
78.7
83.6
82.2
82.1
77.5
81.7
79.4
77.0
79.0
79.4
79.5
79.5
78.6
74.6
76.5
77.5
78.3
76.5
75.4
73.9
72.2
72.3
71.3
69.1
66.6
64.8
65.9
66.4
63.7
65.6
61.0
61.2
62.6
57.5
56.7
55.6
53.6
55.1
54.1
51.2
52.2
50.2
50.6
50.1
53.7
50.3
50.3
49.3
51.6
49.5
49.7
49.4
48.5
48.5
49.3
49.3
51.1
54.6
52.9
53.9
52.4
54.8
55.1
55.1
56.0
54.9
55.0
57.4
56.6
58.1
56.2
56.8
58.4
57.9
58.2
56.8
57.6
58.4
57.9
57.3
58.1
57.7
59.0
61.7
59.5
59.6
57.7
60.3
59.8
59.6
59.7
58.0
61.5
58.5
60.0
59.7
60.1
59.0
62.9
61.2
61.9
61.7
61.3
60.7
58.8
61.1
60.1
58.8
59.9
59.3
57.0
62.4
59.5
132.8
136.7
64.1
61.5
62.9
62.0
64.0
65.6
65.6
66.2
64.3
64.0
65.3
65.3
65.2
61.6
61.6
62.7
66.8
66.3
62.4
60.0
59.8
58.5
64.4
63.6
64.9
61.5
64.6
63.6
63.0
63.5
64.2
61.8
62.5
62.8
61.2
61.3
61.2
63.6
59.4
61.5
60.4
60.3
59.8
59.7
58.4
59.0
55.8
58.1
56.6
57.2
55.3
54.5
55.6
54.1
53.0
52.2
53.0
51.9
52.1
52.4
50.5
51.1
50.1
50.0
50.3
49.2
49.8
50.0
48.7
47.9
49.3
48.0
46.6
46.8
45.0
45.8
47.1
45.7
48.7
48.8
47.5
47.6
48.6
51.3
53.6
51.8
52.2
51.6
52.2
51.7
53.0
52.3
53.8
53.3
54.6
65.2
67.3
66.5
67.1
68.6
67.5
66.0
67.2
67.8
68.5
67.3
68.7
67.7
67.6
67.4
65.0
67.0
69.4
66.8
69.3
68.7
67.6
69.9
70.6
69.8
70.3
67.3
69.1
70.5
69.1
70.2
66.8
68.8
68.8
68.0
69.4
67.1
69.6
67.0
66.5
65.9
67.9
67.2
64.6
65.5
67.3
65.3
66.3
66.2
63.5
63.0
63.4
66.5
64.5
63.0
62.2
63.3
61.4
59.4
59.1
56.7
56.4
58.4
59.3
55.3
55.4
55.9
55.6
54.4
54.2
55.5
57.0
56.1
56.4
56.5
55.6
54.4
54.9
54.7
54.1
55.3
60.8
58.4
60.7
60.9
64.0
63.0
66.5
68.7
68.0
69.2
65.2
67.0
66.0
67.1
68.9
69.0
69.3
72.3
74.0
74.2
75.1
73.6
74.7
78.1
77.9
76.4
74.3
74.1
71.4
74.0
73.8
72.6
76.1
78.2
73.8
77.2
78.4
79.3
82.3
80.3
78.3
78.9
78.7
81.7
80.1
79.0
82.7
84.9
82.0
82.3
81.6
87.0
83.7
83.9
81.1
80.2
83.5
80.8
85.8
85.4
84.1
82.9
86.9
85.1
84.7
85.0
86.8
83.9
82.8
85.0
85.9
82.4
85.8
83.8
78.6
83.1
82.8
84.1
85.9
84.6
83.9
84.7
79.4
81.6
80.1
77.6
77.7
79.0
77.3
77.3
77.3
77.1
72.6
74.7
73.7
75.4
80.4
81.4
80.4
78.9
76.6
77.7
74.6
75.9
75.9
74.8
77.2
80.9
82.4
84.2
86.7
78.8
68.3
78.2
75.2
77.5
83.2
85.0
84.4
84.4
81.5
77.4
80.0
80.6
75.6
76.7
74.1
75.1
76.5
70.4
75.1
74.7
75.1
78.5
73.8
72.9
72.2
74.8
75.9
73.0
75.8
71.6
71.9
73.3
74.1
73.4
71.2
70.4
72.7
71.1
70.3
66.8
69.4
69.1
67.4
65.5
64.4
65.5
64.4
63.2
64.2
62.5
63.6
63.2
66.7
64.7
68.6
68.5
66.2
66.8
67.3
66.2
63.3
64.6
64.7
69.3
72.6
72.8
71.4
73.2
71.6
72.8
70.2
68.1
98.2
111.2
66.6
69.0
67.2
70.9
70.6
66.4
65.9
67.9
70.3
69.2
70.3
69.7
68.0
68.5
65.6
62.3
65.9
65.2
67.3
68.3
68.7
70.3
68.1
69.1
74.2
73.7
68.7
70.3
69.6
70.8
70.2
71.7
71.1
72.7
74.3
73.6
73.3
69.0
71.4
69.4
69.3
70.3
71.2
68.4
68.0
68.0
69.3
72.2
74.4
71.3
72.7
71.4
71.6
70.1
70.8
70.4
70.8
67.5
70.5
69.0
71.2
73.5
71.2
70.0
70.4
70.7
70.7
70.4
69.7
70.2
69.4
69.3
70.0
72.6
72.4
71.6
70.4
68.5
67.6
70.5
71.2
70.6
71.3
73.1
72.0
69.0
69.0
72.3
69.9
70.1
72.2
72.5
73.0
73.4
69.8
72.0
68.8
68.0
66.3
68.4
66.8
66.4
68.0
68.8
67.6
70.0
69.8
69.9
68.0
66.6
68.7
71.7
69.0
64.6
64.5
67.6
69.3
70.1
64.7
68.3
67.1
67.1
66.8
65.8
64.5
64.4
64.7
62.3
64.7
66.8
67.7
67.0
67.1
66.9
68.6
67.3
69.4
71.8
71.0
70.1
72.3
73.5
72.8
74.7
73.0
72.4
70.3
69.3
71.5
71.0
68.9
70.3
66.0
67.8
69.3
69.7
66.6
68.2
68.4
67.0
67.1
64.8
66.7
68.3
68.2
68.9
70.3
69.4
66.4
70.4
68.3
68.9
65.8
67.9
65.3
64.7
66.8
67.3
67.8
66.9
66.3
69.7
65.2
64.1
66.3
68.5
68.5
64.8
70.4
70.2
66.3
70.2
67.1
64.8
70.9
66.3
62.7
66.0
73.1
74.1
73.6
74.7
74.3
74.0
71.6
71.4
71.5
70.4
69.7
68.8
75.8
83.3
84.1
85.4
84.7
81.2
83.5
86.1
85.5
88.0
86.1
85.3
85.2
86.7
82.0
81.2
77.6
72.9
72.1
69.6
64.7
63.5
58.9
56.5
52.8
53.2
51.5
50.5
52.9
58.4
66.3
74.5
77.5
84.2
85.5
80.4
79.4
76.2
72.8
71.3
71.1
71.2
68.1
65.4
62.7
59.8
58.6
56.5
54.4
52.4
49.8
57.0
70.8
77.2
80.7
77.6
78.8
78.2
78.7
74.2
75.0
75.7
75.2
73.0
72.2
67.1
71.8
73.5
70.6
69.3
67.7
69.7
67.1
67.3
67.0
64.9
65.8
66.9
63.7
66.2
65.6
65.7
63.3
64.6
64.6
67.3
66.3
65.2
66.4
64.4
67.3
66.4
67.3
64.4
66.4
62.4
63.8
64.1
66.8
62.8
62.6
63.0
62.2
60.9
64.2
65.2
64.7
66.9
64.9
65.8
64.7
67.4
65.4
68.3
68.9
72.0
71.3
72.3
69.2
69.0
70.0
70.4
69.3
70.7
69.8
68.6
71.9
73.5
70.7
70.6
73.8
72.5
71.8
73.1
73.5
72.1
72.5
70.8
70.8
65.9
68.3
70.8
70.6
71.0
69.6
71.0
69.7
70.7
70.3
68.3
67.1
68.8
65.9
66.6
65.6
64.5
63.6
62.4
66.4
64.4
65.1
63.8
63.8
57.9
52.9
52.8
55.2
52.6
54.2
59.1
58.1
55.9
57.0
59.2
57.6
57.5
57.3
58.2
59.7
57.8
59.4
59.3
59.6
58.8
59.0
59.7
60.8
63.8
67.3
66.0
70.5
71.2
72.2
74.8
76.7
76.3
74.9
76.3
76.4
78.0
80.0
79.8
80.7
79.5
80.9
81.1
82.8
84.4
84.3
84.9
84.5
80.3
84.3
81.7
83.1
82.3
83.1
83.7
84.4
87.0
85.1
86.0
87.5
82.7
86.4
88.3
88.0
87.9
84.8
88.7
88.9
89.3
91.0
91.5
90.2
88.8
87.4
91.4
91.7
90.6
89.8
90.3
90.0
87.5
80.1
82.7
84.0
84.1
82.8
82.6
87.6
82.8
85.6
81.7
78.3
79.5
77.8
79.3
77.3
77.4
75.5
72.8
74.1
75.3
75.2
75.0
75.4
72.7
76.6
75.5
77.1
76.8
75.1
78.7
78.1
80.3
76.8
73.3
76.2
75.7
74.5
74.6
73.8
73.5
72.5
71.9
75.0
76.9
77.7
79.9
81.3
75.1
74.4
75.2
72.0
69.6
69.1
72.0
72.6
74.1
74.1
76.9
77.5
76.4
79.1
80.6
79.5
82.6
83.1
82.7
82.4
79.9
82.7
84.2
85.5
84.8
82.7
79.9
80.1
79.5
78.8
78.6
76.3
76.9
75.2
74.6
73.7
73.5
72.4
72.8
75.0
73.9
76.6
78.0
77.9
79.7
77.8
79.3
69.3
77.3
77.1
73.9
77.6
77.2
75.7
74.2
74.0
73.5
74.3
73.1
71.5
73.1
73.4
72.2
70.6
70.6
70.5
71.4
71.2
68.3
68.2
67.3
69.8
67.1
68.2
72.9
71.6
73.9
73.5
74.6
74.5
75.7
79.4
79.5
78.3
77.1
156.1
75.3
76.9
74.4
76.2
76.2
76.8
76.2
75.8
74.3
74.7
73.5
74.7
80.4
79.7
78.7
77.1
80.8
80.2
78.7
78.2
78.4
76.0
73.9
74.0
74.5
74.4
74.2
73.1
71.6
75.0
89.1
94.2
98.2
96.6
97.0
93.9
95.8
94.0
94.3
91.6
93.6
93.3
93.8
91.7
93.7
93.7
92.4
91.5
92.6
92.4
92.7
92.9
92.4
91.5
87.6
88.8
88.9
86.5
87.6
89.7
90.4
89.4
87.8
87.2
87.6
87.5
87.1
83.0
82.2
81.5
79.9
79.9
81.0
80.3
77.5
76.4
75.3
75.5
76.0
74.3
70.7
68.6
66.4
64.20000000000002
66.79411764705883
66.99117647058824
67.18823529411765
67.38529411764706
67.58235294117648
67.77941176470588
67.9764705882353
68.1735294117647
68.37058823529412
68.56764705882352
68.76470588235294
68.96176470588236
69.15882352941176
69.35588235294118
69.55294117647058
69.75
69.94705882352942
70.14411764705882
70.34117647058824
70.53823529411764
70.73529411764706
70.93235294117648
71.12941176470588
71.3264705882353
71.5235294117647
71.72058823529412
71.91764705882352
72.11470588235294
72.31176470588235
72.50882352941176
72.70588235294117
72.90294117647058
73.1
86.9
85.1
86.9
87.7
86.0
86.1
88.6
87.1
87.4
78.0
67.1
65.6
76.4
82.3
78.4
75.4
74.3
75.0
76.2
75.5
57.8
72.6
73.3
72.5
75.8
73.4
73.5
72.8
69.3
94.3
76.0
77.4
76.8
74.6
73.8
73.1
71.4
70.0
70.1
72.7
72.8
70.1
68.6
68.8
67.8
68.4
69.4
69.7
69.9
71.3
73.4
73.3
72.4
73.4
76.2
74.4
73.2
72.3
71.3
73.5
71.6
72.3
72.0
73.1
72.5
70.2
71.8
72.6
76.3
72.9
75.0
75.0
77.6
76.3
75.7
74.7
73.8
75.8
77.0
79.6
76.5
76.8
78.5
78.7
78.1
76.9
77.6
79.5
78.8
78.4
77.6
77.6
77.6
79.0
78.9
76.2
77.5
77.7
77.5
75.8
77.0
77.1
74.8
76.7
76.4
75.6
76.6
77.9
75.0
76.6
78.7
76.5
73.6
72.1
70.8
64.1
71.1
75.1
71.9
69.5
70.8
68.2
71.5
73.5
75.6
75.8
74.3
72.9
71.2
68.2
69.5
68.1
69.1
68.6
65.4
67.9
67.4
68.2
68.3
66.8
64.4
66.9
64.4
66.2
64.1
66.2
65.3
65.2
67.6
67.6
62.7
59.4
58.1
59.1
58.6
60.5
62.0
62.5
66.0
69.8
70.0
70.2
70.5
67.8
69.9
71.5
69.4
74.0
74.1
74.3
73.1
72.0
69.9
69.5
66.9
68.8
67.2
68.2
70.4
69.3
66.6
65.4
65.2
65.8
67.6
67.8
67.1
66.0
64.3
65.3
64.5
65.0
63.6
64.6
62.0
65.2
61.0
59.3
58.4
58.5
62.8
64.9
64.0
68.4
67.1
70.9
72.9
153.6
257.1
280.2
281.0
202.8
69.3
75.2
76.8
76.4
74.2
70.5
68.2
64.6
66.9
64.6
65.9
65.2
64.1
65.4
63.0
67.4
64.0
66.0
64.0
62.5
61.3
63.5
64.5
64.5
62.9
65.3
64.6
65.6
65.2
65.7
64.3
66.9
67.6
69.7
68.3
67.2
68.5
71.6
67.9
65.4
65.0
66.5
68.5
68.3
69.0
68.1
64.8
72.1
72.5
78.7
77.7
79.2
78.4
77.1
75.7
72.3
75.4
72.8
74.3
70.4
73.1
70.2
70.5
69.1
71.0
68.9
68.3
69.0
69.7
68.1
69.1
67.6
71.2
66.7
65.2
63.9
64.3
70.4
72.5
73.1
68.8
70.7
72.3
69.5
74.6
72.4
73.9
71.4
73.5
73.8
72.3
70.1
69.0
70.7
70.4
72.9
68.2
67.7
66.1
66.7
69.2
67.6
66.7
64.1
61.0
64.9
65.6
69.2
66.9
67.7
68.1
71.5
72.2
64.2
70.5
71.6
74.0
71.1
70.9
74.6
72.6
73.4
75.6
71.2
73.6
71.5
69.9
67.2
67.2
68.0
68.4
66.9
65.2
63.2
61.9
62.0
60.4
62.8
61.5
60.3
59.8
68.9
66.4
107.7
131.2
55.5
65.8
64.7
67.6
66.4
64.9
68.6
68.3
71.1
69.7
69.5
74.1
73.1
74.1
68.1
70.8
69.7
69.9
66.7
65.7
64.6
62.6
63.6
61.7
64.2
61.8
64.7
62.8
64.4
65.6
69.5
65.1
67.6
68.8
68.8
66.4
68.6
72.6
73.3
76.8
78.4
81.4
80.6
78.0
78.6
78.8
78.8
77.6
76.9
74.3
74.8
78.2
78.7
81.4
79.0
78.6
82.0
81.2
76.7
77.2
74.1
77.1
74.8
75.7
73.2
73.1
71.2
69.7
67.9
67.3
67.1
65.8
67.0
65.8
70.0
68.1
70.0
67.2
66.8
68.5
68.6
65.2
66.3
65.6
71.0
67.0
66.2
69.6
68.8
71.3
68.6
71.1
71.9
74.4
74.1
76.5
77.5
76.0
75.4
78.0
76.1
69.8
66.9
67.9
70.2
70.4
74.8
76.0
72.5
55.9
64.4
68.7
73.2
72.0
72.5
69.6
66.6
66.8
70.2
66.3
65.9
66.8
67.1
68.0
65.5
64.9
69.4
70.7
71.4
69.9
72.8
70.8
71.0
72.2
71.5
71.1
68.6
70.0
69.7
67.7
67.0
63.2
67.8
69.3
66.8
69.1
70.4
66.6
68.1
67.3
68.2
70.1
69.9
74.2
73.8
78.4
77.2
69.7
67.2
71.2
75.5
78.4
76.9
70.6
67.2
71.0
65.9
64.2
60.1
56.6
58.4
53.4
66.9
61.8
60.1
58.2
41.9
61.3
59.7
59.3
59.7
60.4
62.4
62.4
61.5
62.0
61.9
60.5
59.3
58.8
63.3
63.3
62.4
62.0
62.3
61.2
61.0
63.7
62.5
62.8
64.9
63.2
64.0
62.6
59.5
60.0
60.7
62.1
59.7
61.7
61.5
62.3
62.4
60.8
60.5
61.5
60.1
61.8
59.5
66.1
65.3
64.6
63.1
61.4
55.8
62.4
63.8
59.7
63.2
62.9
65.2
67.0
67.8
72.1
71.4
72.6
70.1
70.0
74.3
71.5
75.1
71.6
71.4
81.0
81.2
82.9
81.9
86.0
82.8
84.5
82.8
83.5
82.4
83.7
81.1
75.0
77.0
80.5
80.2
76.5
75.9
74.8
67.6
70.2
72.2
73.1
73.9
80.6
84.5
81.7
84.8
84.2
82.4
84.8
81.2
78.6
84.1
82.6
80.9
81.7
85.6
78.2
78.7
77.4
78.8
78.1
76.2
73.8
70.3
72.4
69.8
68.5
68.4
69.7
71.3
66.8
67.9
67.8
67.1
69.6
68.6
69.9
70.4
69.2
71.7
69.5
68.7
72.3
72.5
68.5
66.7
66.7
66.6
66.5
68.8
67.0
64.1
61.6
62.3
66.3
66.4
66.2
67.8
68.0
67.5
69.6
70.8
68.6
67.9
65.1
64.4
64.3
63.7
62.9
66.5
64.2
65.4
69.3
72.4
71.6
72.5
72.4
69.5
68.9
66.4
64.6
65.5
64.1
65.3
64.0
65.4
66.4
67.6
66.0
66.3
63.6
65.0
61.5
59.4
61.1
61.1
61.4
68.7
69.2
67.3
65.2
67.2
69.3
69.2
72.4
72.1
72.5
74.6
75.2
71.8
75.2
74.8
75.3
71.1
74.1
74.1
73.7
76.8
75.8
75.9
73.6
75.7
76.5
75.0
74.7
74.4
71.2
70.6
71.9
73.3
72.8
74.7
70.0
70.5
71.5
69.5
71.8
69.4
72.8
74.4
69.8
72.7
70.6
73.6
70.2
71.8
71.3
68.8
74.3
71.3
70.8
72.2
72.1
71.7
75.3
75.5
75.7
77.8
77.4
78.9
80.2
79.2
80.5
82.6
82.2
81.8
81.5
82.0
81.4
80.4
80.1
78.2
71.6
75.5
76.1
75.4
76.6
79.5
76.7
77.9
78.7
80.7
82.6
83.6
81.3
80.8
79.2
79.8
74.6
78.7
80.6
77.1
76.1
75.6
75.8
77.9
79.1
75.8
77.8
73.8
74.5
72.6
72.9
71.2
71.1
72.8
72.5
72.4
73.0
72.6
71.3
73.3
80.1
76.5
69.4
75.7
73.6
71.9
73.4
71.0
67.9
70.3
72.5
75.7
73.9
70.9
67.9
60.56666666666667
55.400000000000006
50.233333333333334
45.06666666666666
39.9
76.8
82.1
86.2
88.1
85.9
85.2
84.1
84.1
88.3
86.5
84.7
85.7
87.9
89.3
90.7
83.8
111.1
204.8
155.2
82.2
80.5
81.2
80.0
83.1
86.0
87.0
89.2
88.4
87.9
88.8
86.0
85.4
84.5
85.9
82.1
82.5
84.8
86.3
88.7
87.6
86.0
87.7
87.2
83.9
85.2
85.8
85.0
85.7
85.6
85.8
84.8
83.1
81.3
81.2
80.5
77.0
78.3
77.8
76.9
78.5
82.1
84.7
81.2
79.2
77.6
74.4
80.9
75.0
77.3
80.1
76.0
81.2
76.3
77.4
77.3
77.0
74.9
76.6
74.2
71.9
74.0
77.1
75.4
77.1
73.6
73.4
75.5
72.5
69.1
74.0
72.9
78.3
79.2
82.4
81.5
84.9
84.4
83.7
85.6
87.49999999999999
83.3
83.5
82.1
82.1
81.0
80.1
78.0
78.7
77.4
77.5
77.4
77.0
78.8
77.7
79.3
76.1
76.5
76.8
76.4
76.4
75.9
75.1
76.9
73.1
76.0
75.1
73.9
71.6
75.9
76.1
74.2
74.5
74.3
76.0
78.4
79.7
81.5
80.0
80.2
79.8
80.5
80.3
79.4
78.7
79.1
79.6
77.0
78.1
80.8
82.4
83.9
81.1
83.1
82.9
82.3
82.4
81.2
78.7
80.3
81.1
81.3
82.0
79.8
81.5
83.0
85.4
82.6
86.7
80.6
81.3
84.0
79.4
77.6
78.9
76.8
75.3
77.4
79.6
76.9
76.8
77.6
73.6
74.4
76.6
76.3
77.2
75.0
74.0
77.9
80.4
75.6
77.7
77.7
76.6
76.0
74.1
72.6
73.2
75.3
74.8
76.4
76.0
75.3
78.4
76.3
80.5
81.6
84.1
81.4
75.7
65.7
76.0
89.0
87.6
85.8
83.4
85.4
86.0
88.8
86.9
85.2
84.8
89.0
88.5
87.7
86.1
86.8
83.1
84.6
87.1
85.7
86.5
88.2
88.2
89.0
88.6
89.8
91.9
90.6
90.5
91.0
93.3
91.8
91.2
90.4
89.8
86.3
83.5
85.7
85.6
83.2
87.5
86.4
84.6
88.1
86.5
84.3
82.5
85.7
86.5
85.7
86.6
86.6
88.2
87.1
86.5
87.1
82.4
84.3
84.1
87.0
86.1
87.0
86.7
85.2
85.5
86.1
88.9
89.1
89.5
87.9
88.3
87.2
78.7
80.2
84.5
73.8
78.2
86.9
86.9
89.7
94.4
92.3
92.1
93.6
93.3
92.1
90.4
87.2
89.0
90.8
87.2
85.9
84.7
88.4
86.5
86.0
85.3
85.5
88.4
88.1
86.4
89.4
89.8
86.6
88.8
87.0
88.9
90.3
86.8
86.4
86.6
85.0
86.1
92.5
90.6
89.5
94.2
93.0
89.0
88.9
91.2
88.7
87.6
84.1
85.9
86.9
85.1
85.6
83.3
86.4
78.8
87.2
89.4
91.9
88.0
88.6
85.8
87.5
86.5
169.1
127.7
80.2
79.9
77.2
80.4
82.2
82.5
83.5
85.0
78.4
82.4
83.0
82.0
79.3
81.6
80.6
80.5
78.6
80.5
78.7
80.0
80.0
79.9
80.7
80.2
79.5
79.9
79.0
79.6
78.0
76.4
74.2
74.1
75.9
79.1
76.2
76.4
72.7
73.2
71.5
71.2
69.1
66.8
68.1
69.4
70.0
74.0
75.4
74.5
72.5
72.1
70.4
71.7
71.6
70.7
71.2
72.0
70.5
72.9
74.4
76.0
75.9
78.0
76.0
74.5
76.2
75.0
73.9
73.6
71.0
72.9
70.1
69.1
70.3
70.4
72.0
70.7
68.0
66.5
67.0
69.3
67.4
67.1
68.6
69.7
71.1
72.8
71.8
72.9
71.0
72.0
71.1
70.6
68.8
69.8
69.2
72.2
70.3
70.7
69.5
67.2
68.7
68.1
67.2
67.6
64.8
63.0
63.6
63.9
64.1
60.3
62.4
63.7
62.7
63.1
65.3
68.4
67.2
65.9
68.6
68.4
73.4
75.4
76.9
76.8
77.3
78.2
76.5
77.6
79.1
75.4
84.6
85.0
77.6
80.4
71.3
75.2
84.2
87.1
85.2
85.4
86.5
85.1
81.6
83.2
82.7
80.2
79.4
75.8
79.7
78.9
76.8
72.7
69.8
66.8
66.2
63.9
58.7
56.3
59.7
56.1
51.9
50.5
51.7
46.3
52.2
49.7
47.5
50.1
50.0
47.4
46.5
52.0
48.8
47.4
49.2
56.3
55.5
56.2
57.6
55.6
56.8
58.9
57.4
60.3
62.0
65.9
69.4
65.8
65.1
68.0
68.2
67.6
68.8
67.5
69.9
70.1
69.4
74.3
73.6
70.9
71.6
70.1
70.8
70.4
69.5
71.4
73.1
73.4
73.9
72.3
73.3
73.3
69.4
70.6
72.6
71.5
72.1
70.0
70.5
71.7
70.9
69.2
68.9
69.3
69.1
70.7
69.8
71.5
72.8
72.1
71.8
68.7
69.6
71.2
71.1
69.4
69.1
69.3
69.7
67.5
67.8
66.6
67.2
66.3
64.4
61.6
63.2
63.6
62.6
62.0
63.2
64.3
62.9
60.3
62.3
68.4
66.1
66.3
70.9
68.9
68.3
65.8
62.7
64.5
64.6
64.3
63.3
62.3
62.7
63.3
61.4
59.7
59.5
60.0
57.7
56.8
58.8
55.5
57.3
55.8
56.5
54.2
55.3
53.2
53.0
53.1
54.8
47.7
51.4
55.099999999999994
