78.1
78.8
78.4
77.6
76.0
74.8
75.7
76.1
76.7
76.7
76.8
74.6
73.5
73.3
73.7
71.9
70.9
71.0
68.8
69.8
69.9
67.9
199.5
147.0
64.8
65.6
62.2
59.6
53.8
93.5
65.5
79.6
99.6
107.9
110.7
122.6
121.2
83.4
70.8
65.4
59.6
57.1
63.1
59.3
84.7
59.1
63.1
68.6
73.5
77.6
77.4
83.4
83.9
85.7
89.0
90.1
88.1
87.7
86.4
85.7
84.0
86.4
86.3
86.2
84.9
85.2
85.0
84.5
83.3
83.0
80.9
77.3
78.6
79.5
80.6
81.1
81.9
81.9
79.9
75.5
70.4
66.2
63.8
61.6
58.9
56.9
59.8
62.8
68.0
71.3
70.9
72.8
75.7
75.7
75.6
72.8
73.0
78.9
93.1
70.9
74.4
75.4
71.5
67.7
66.1
73.2
72.2
71.7
71.0
69.4
67.4
66.1
66.1
66.0
64.6
64.2
61.9
62.3
66.2
63.2
63.0
64.8
67.8
70.7
71.3
73.0
74.8
74.4
74.5
74.4
75.5
78.5
79.1
82.7
89.8
91.1
89.2
81.0
77.6
75.4
74.1
69.9
67.3
71.7
70.6
68.7
73.3
74.1
74.7
72.4
71.6
70.5
68.0
68.0
72.9
79.1
79.0
81.9
82.3
76.1
73.8
70.6
66.7
63.9
61.3
60.2
58.5
58.7
60.1
60.3
61.3
63.7
65.5
63.7
66.4
66.0
63.7
70.5
74.2
72.9
72.8
73.9
74.5
72.4
71.3
72.4
72.8
74.1
76.7
73.1
76.6
79.8
90.5
98.4
100.5
102.1
93.1
85.6
84.9
87.3
94.2
98.3
120.8
107.7
94.6
96.1
92.3
86.8
83.5
87.1
91.3
91.7
90.0
86.6
85.4
85.6
84.9
84.6
82.6
80.7
83.9
84.7
87.3
81.4
83.1
83.8
85.1
80.9
79.6
84.6
88.7
82.2
84.0
84.2
80.5
84.7
81.4
84.1
86.4
85.4
87.8
85.0
84.6
83.0
83.3
80.1
79.3
75.8
77.1
77.7
78.1
78.7
81.1
83.1
82.5
84.5
88.1
89.3
85.4
83.3
84.2
86.0
89.0
88.1
81.3
81.7
77.7
72.2
68.9
68.1
68.2
70.7
74.3
74.0
70.9
72.4
74.9
82.1
82.7
88.2
86.7
93.2
96.9
96.4
92.2
104.4
97.7
97.8
93.6
82.7
72.3
66.4
76.1
73.2
70.6
69.7
76.1
84.5
94.6
87.2
85.9
87.3
84.4
82.9
84.9
84.0
85.0
86.3
89.3
84.2
85.4
84.1
84.4
84.8
81.0
80.3
83.2
87.2
86.0
81.7
76.2
72.1
75.7
71.7
73.6
72.5
71.2
69.3
77.5
77.5
75.8
74.8
78.7
80.1
82.0
86.8
89.7
88.4
84.9
86.7
87.5
85.3
84.9
82.0
78.1
72.3
66.0
66.2
64.2
70.4
71.6
71.0
72.3
74.7
73.0
69.2
64.7
61.7
62.8
67.6
77.8
81.1
81.0
80.1
73.6
68.9
70.8
73.6
71.7
71.6
67.6
62.4
58.4
59.3
58.4
56.8
56.9
60.9
65.4
65.4
65.0
64.9
64.3
65.2
71.2
72.8
73.5
70.5
69.0
66.9
67.2
69.8
68.5
67.1
68.3
67.4
66.5
66.6
68.3
68.3
67.7
67.1
67.5
67.4
68.2
77.1
82.7
88.5
87.5
84.0
77.0
72.2
68.3
81.2
96.2
61.0
60.3
60.2
60.7
61.3
60.9
61.1
61.6
61.0
61.2
68.2
68.5
69.4
66.1
67.8
65.6
65.9
69.2
69.5
67.8
64.7
62.6
64.8
63.8
64.5
65.9
67.1
68.0
65.9
65.6
66.2
63.4
61.7
61.9
61.6
60.1
60.3
60.3
61.3
68.3
74.0
71.5
69.3
65.0
62.6
63.6
66.3
68.3
69.7
72.8
74.6
70.5
65.0
62.7
62.1
63.6
63.1
67.1
68.7
76.9
74.9
74.2
79.0
82.0
84.3
84.0
82.0
76.9
73.8
73.3
68.3
73.8
76.2
77.7
80.8
78.9
77.1
76.5
79.2
80.7
82.5
75.2
70.7
66.7
65.1
63.2
62.8
61.4
69.7
80.9
88.0
80.8
89.4
94.3
100.3
90.9
77.6
69.2
73.0
71.7
71.4
72.8
73.1
71.5
69.1
66.7
65.5
63.9
61.6
61.6
61.7
60.9
61.0
76.9
83.8
60.8
61.2
59.6
59.2
65.8
58.2
59.0
59.1
59.5
59.0
59.0
58.4
58.1
56.9
55.8
54.5
53.3
52.7
58.0
58.3
57.6
57.3
57.2
57.4
57.3
58.3
58.1
58.0
58.0
57.3
58.2
58.9
60.6
65.9
67.3
60.0
56.8
55.2
54.5
54.2
53.9
53.7
54.9
59.5
59.7
60.3
52.4
63.6
63.0
62.3
61.1
61.3
61.3
60.9
61.3
61.3
61.1
61.0
60.0
60.1
61.0
60.5
61.1
60.1
60.5
60.6
60.5
60.7
60.4
60.9
60.5
60.1
60.2
60.5
60.4
60.1
60.3
60.1
60.2
60.4
60.9
61.0
60.8
60.9
60.9
61.0
60.7
61.2
61.2
61.4
62.2
62.6
62.1
61.3
60.5
60.9
63.5
62.3
61.3
61.1
61.4
61.0
60.8
65.1
64.0
65.5
65.5
64.3
64.1
64.0
65.2
65.8
67.0
68.2
68.2
72.5
72.9
76.9
80.2
91.3
100.5
105.2
100.3
113.0
119.5
116.4
117.0
111.0
96.7
86.2
78.3
77.3
79.9
71.2
65.9
63.7
62.2
60.1
69.8
75.3
68.4
63.5
63.9
62.2
60.3
63.4
65.8
66.8
66.2
68.4
69.5
70.6
75.1
72.6
75.9
70.7
67.8
67.1
67.8
76.4
84.3
80.5
83.1
76.9
74.4
73.7
70.7
71.3
71.1
70.9
71.5
74.1
74.1
74.6
76.8
75.2
80.0
77.5
77.5
78.8
68.7
65.1
85.5
83.1
89.9
86.3
80.6
79.4
78.7
78.3
79.2
78.5
80.8
78.3
77.4
78.4
78.7
75.8
73.9
74.2
75.3
81.2
80.9
79.6
78.8
78.5
79.3
79.4
80.3
80.9
85.1
93.6
91.9
85.7
88.0
85.8
86.0
89.0
93.5
91.6
90.3
88.1
99.2
96.3
93.3
91.0
87.2
85.8
84.4
83.3
82.1
81.4
82.5
81.0
56.8
91.1
83.3
81.3
81.1
78.9
80.6
79.8
80.6
78.0
76.5
76.1
76.4
79.9
82.4
80.4
80.2
77.6
74.6
73.6
74.8
75.1
76.9
75.3
76.8
75.6
85.2
92.9
81.2
72.6
71.0
72.6
71.3
72.2
72.4
73.0
74.2
73.2
75.1
75.2
75.1
75.1
73.0
73.5
74.0
74.2
73.8
74.3
74.3
75.0
76.6
76.5
76.9
82.4
80.0
79.2
78.5
77.7
78.3
78.1
77.9
78.4
78.1
77.5
76.8
76.2
76.6
76.5
76.6
77.8
77.5
80.1
78.1
77.1
76.9
76.1
76.1
76.3
76.1
75.9
77.5
76.5
75.1
75.6
75.7
75.1
76.2
76.4
76.2
77.0
77.2
79.0
80.3
77.3
76.2
74.4
74.7
73.0
72.2
73.4
78.3
77.3
75.7
74.3
74.1
71.9
78.7
76.5
74.7
74.7
75.6
74.4
71.6
71.6
74.8
78.9
77.4
77.8
77.9
77.4
77.2
76.8
78.6
82.4
85.8
88.0
94.1
97.7
87.9
89.9
93.4
90.6
106.5
105.0
113.0
98.8
90.9
83.7
86.3
111.1
121.2
98.8
84.8
76.9
76.1
79.5
85.1
77.5
81.0
80.9
84.5
82.5
81.5
78.1
78.8
80.3
84.7
93.9
87.0
83.4
87.4
90.6
101.6
92.6
83.1
90.0
86.0
82.3
76.8
76.3
74.2
73.9
72.4
71.7
71.9
75.0
93.5
90.7
101.1
91.6
87.2
84.3
76.4
74.2
71.2
70.6
76.3
73.6
71.4
72.5
72.4
73.8
68.4
70.4
71.3
69.3
68.1
95.1
70.5
87.4
71.9
70.6
69.5
71.1
73.7
74.0
70.5
69.7
69.6
69.4
72.4
70.0
68.8
69.7
74.0
78.7
92.6
89.8
82.7
76.6
76.2
75.6
73.9
74.6
76.8
75.4
79.6
83.4
84.2
85.3
78.6
74.7
73.2
71.9
74.9
71.6
69.7
78.3
77.0
73.6
69.7
71.3
73.1
70.8
70.7
69.5
68.7
69.6
75.6
73.3
73.1
71.6
70.8
95.0
76.0
74.9
72.7
77.9
77.5
80.1
76.9
82.6
80.0
80.8
81.8
80.4
80.8
81.9
81.2
79.4
78.7
79.3
78.1
77.5
78.6
77.8
78.1
79.3
79.2
78.0
77.6
80.1
78.7
76.7
77.8
77.7
78.2
77.6
78.6
77.5
78.1
77.3
78.0
83.5
155.4
65.9
85.1
76.8
74.8
74.9
79.7
81.8
78.9
77.4
77.6
77.0
78.6
77.8
77.3
77.6
77.1
76.5
76.5
84.0
86.4
79.1
79.3
76.6
72.9
74.5
75.9
107.9
49.2
80.0
80.8
75.4
77.2
80.4
83.3
76.3
75.9
76.0
82.5
78.8
74.7
76.3
76.5
76.9
76.4
76.6
77.0
76.9
77.3
77.4
84.4
80.5
75.6
77.4
77.4
77.4
76.6
76.6
76.2
76.6
77.5
85.2
90.5
86.4
84.7
82.4
81.4
89.9
87.8
85.2
82.2
79.8
79.7
77.2
76.2
75.8
75.5
75.3
73.7
73.8
73.6
73.7
73.7
72.8
73.2
73.3
72.8
73.3
72.1
71.4
71.1
97.0
115.3
108.5
100.9
94.3
99.5
104.9
98.4
96.3
88.7
80.3
79.8
78.3
79.9
80.6
78.5
79.0
79.7
82.6
85.7
87.4
105.4
70.6
86.6
84.9
83.3
83.2
83.7
83.6
84.5
82.9
79.9
79.3
79.7
79.8
78.5
79.6
80.2
85.6
90.2
91.4
89.2
84.4
81.0
79.6
76.2
75.4
74.4
76.0
75.6
70.7
68.7
67.7
67.9
67.9
66.9
67.4
68.2
67.8
72.4
79.8
74.5
74.0
81.7
89.5
93.9
100.1
75.5
87.1
81.8
80.1
85.3
83.5
79.7
82.2
80.6
78.7
76.5
77.2
75.9
74.2
75.3
73.8
72.9
72.2
72.5
73.3
74.9
73.4
72.0
72.5
72.8
74.4
72.5
71.9
76.9
74.3
73.2
73.6
74.9
72.7
72.9
72.3
73.5
72.7
72.2
75.4
82.9
80.8
91.9
92.3
96.3
103.9
99.8
105.6
102.5
92.2
97.0
91.0
91.2
85.8
82.8
82.7
91.8
85.6
83.3
81.5
96.7
96.9
67.9
82.1
80.2
81.3
80.3
83.4
81.7
82.2
81.7
79.1
80.0
79.5
77.0
75.7
76.6
77.0
77.0
82.6
78.5
77.0
75.7
77.8
77.8
81.3
80.1
71.1
71.4
73.4
77.4
77.2
77.2
75.8
75.9
76.6
76.7
75.7
73.9
79.6
78.3
88.9
81.7
79.9
79.5
84.2
91.8
96.2
96.2
91.2
88.2
83.0
83.1
83.0
84.8
86.5
83.2
80.8
78.9
77.7
76.6
73.2
73.9
76.8
76.0
89.2
85.4
80.3
78.5
82.8
81.6
78.1
80.0
99.6
62.4
87.2
86.0
85.6
85.4
82.9
83.1
86.1
83.3
82.4
82.4
81.1
78.8
78.0
80.0
85.0
81.7
79.8
81.3
81.2
81.4
80.9
81.2
88.8
85.8
81.8
83.5
81.9
79.9
90.8
91.6
84.4
83.2
81.9
81.3
94.7
86.3
82.5
92.2
89.0
87.7
102.6
101.5
97.1
100.2
100.1
102.7
98.7
92.3
91.6
94.4
92.6
91.2
90.6
90.6
92.0
84.9
85.7
87.6
86.4
90.1
100.4
97.1
119.9
133.0
87.9
87.0
87.3
86.6
86.2
83.5
100.5
94.1
90.4
90.3
87.8
88.2
85.6
90.5
92.1
87.3
82.4
83.9
88.9
85.1
84.8
80.7
81.3
81.5
85.3
80.3
78.8
76.8
78.2
138.8
111.9
66.1
82.7
77.8
78.6
79.6
77.3
74.4
71.4
75.9
75.5
73.9
77.3
78.2
75.1
77.7
75.1
73.3
71.0
74.7
73.2
72.8
73.0
90.7
133.0
75.9
72.8
70.0
71.0
71.1
74.4
85.4
78.7
74.9
75.1
74.3
73.6
71.5
71.9
73.0
72.9
72.5
71.8
74.2
74.1
76.1
73.4
77.7
73.8
70.5
70.3
68.9
70.7
69.3
70.4
70.9
71.6
71.8
71.9
72.1
71.5
75.2
75.1
74.7
73.8
73.0
73.5
72.5
79.2
76.8
79.1
77.2
74.1
73.0
72.3
71.6
35.2
77.1
78.3
77.1
76.1
74.1
78.6
78.0
75.2
75.1
77.2
74.4
73.5
74.4
76.0
79.8
87.2
95.5
116.6
108.4
95.4
94.1
88.7
85.5
92.2
90.9
86.3
86.5
87.6
87.5
90.2
87.4
87.4
85.7
85.9
83.9
82.3
86.1
88.2
83.1
82.8
81.5
79.6
81.5
83.1
83.3
81.7
81.8
78.4
78.0
76.4
75.7
76.4
79.2
77.2
75.0
74.0
74.5
82.9
80.0
76.4
74.7
73.6
78.6
78.5
74.2
72.3
72.0
72.0
71.0
72.7
71.6
71.0
70.1
71.0
70.9
70.4
70.9
71.3
73.0
71.9
73.9
70.8
69.8
71.9
70.4
70.2
69.2
68.4
68.4
71.2
69.1
70.4
69.2
71.2
73.1
70.8
68.8
81.2
83.5
80.9
81.4
84.6
86.7
87.7
86.8
83.2
90.2
99.4
103.2
92.8
89.2
87.5
86.1
86.4
88.4
95.2
90.5
88.8
87.1
84.4
83.9
97.0
97.0
89.1
89.2
87.1
89.6
89.0
86.2
85.1
84.1
84.6
84.6
89.6
88.0
84.7
84.8
83.7
83.2
83.7
82.4
81.9
82.2
82.5
82.7
79.4
80.2
79.0
78.2
77.4
76.9
77.4
78.0
80.0
78.3
77.0
78.4
77.8
79.1
83.1
87.4
83.7
81.8
79.8
79.6
77.6
77.3
76.5
75.6
74.5
74.6
74.7
75.2
74.6
75.0
74.9
73.9
75.0
76.8
78.8
82.6
81.0
78.1
77.2
77.2
77.3
84.9
113.7
119.3
120.1
105.8
102.2
98.0
96.3
94.9
92.7
91.7
92.4
100.6
102.7
98.8
94.7
94.2
93.6
92.7
90.4
91.1
90.9
89.0
88.5
88.1
87.1
86.7
87.0
86.7
85.4
84.9
94.9
90.2
87.9
87.5
89.1
91.7
102.5
95.6
90.0
88.8
88.1
87.8
86.6
87.4
86.2
85.1
91.0
94.0
88.1
86.4
84.1
83.3
83.1
80.5
81.3
81.4
79.1
79.5
79.3
78.6
78.1
79.8
79.7
79.9
79.1
79.5
78.1
81.2
78.5
77.2
77.5
77.1
75.9
77.4
78.2
77.1
77.7
78.2
78.1
77.9
79.8
78.4
78.5
76.7
76.7
75.2
77.4
76.4
75.8
77.5
76.2
77.3
76.1
80.3
77.6
75.9
75.0
75.0
74.8
74.0
74.9
75.0
81.2
82.9
78.5
76.6
74.7
77.3
80.3
78.4
76.9
74.0
74.9
73.2
72.5
82.2
83.3
78.9
77.9
77.6
78.0
75.8
76.0
75.5
75.2
75.8
76.3
75.9
75.3
74.4
73.8
73.8
72.4
72.9
72.8
73.1
72.4
72.9
74.4
73.6
72.7
73.0
73.6
73.5
72.9
73.8
75.1
76.2
74.9
75.2
75.9
75.9
76.6
75.5
77.4
74.4
74.2
73.4
75.0
75.0
76.4
80.0
82.0
79.2
78.2
78.3
80.7
79.4
78.5
79.6
82.3
81.6
79.3
81.3
79.7
78.8
78.3
77.0
76.6
76.5
76.5
76.2
75.9
75.9
77.0
78.2
83.2
95.8
97.3
92.7
94.9
121.2
127.9
116.4
110.7
99.7
95.1
92.8
90.3
90.5
89.3
89.9
90.7
91.7
92.3
90.6
90.9
89.6
90.7
90.7
90.7
87.8
86.9
88.8
87.2
85.9
86.4
84.1
84.3
86.9
88.9
84.8
84.1
83.2
82.0
80.4
81.1
80.5
78.6
78.5
77.8
78.0
78.8
78.9
75.9
77.4
75.5
74.8
75.0
74.9
74.2
73.2
74.2
72.5
70.9
73.0
74.1
73.2
76.3
81.1
76.6
76.0
73.6
73.1
73.8
72.2
71.3
70.3
89.6
105.1
101.9
92.8
88.9
85.2
82.4
81.1
82.2
80.6
77.4
88.8
88.7
87.3
101.0
114.8
122.7
113.2
113.5
116.6
114.5
101.0
95.4
91.4
105.1
103.8
109.9
113.7
109.2
97.5
95.6
112.9
122.6
115.8
111.6
118.7
119.5
117.9
99.5
88.7
114.8
127.0
127.6
122.4
125.7
125.4
119.6
117.2
113.0
116.2
131.6
137.0
130.9
122.6
123.0
136.7
141.8
139.2
136.4
133.7
122.2
113.9
108.4
108.7
112.5
108.3
111.1
110.8
111.0
114.8
121.1
114.6
107.7
105.5
108.5
108.2
105.1
99.8
96.1
99.4
109.3
108.8
101.1
102.1
97.0
93.9
96.8
112.0
110.1
109.1
105.2
99.6
101.3
97.2
92.3
91.3
92.5
93.1
93.4
93.4
90.5
87.7
84.6
83.0
80.8
81.6
81.7
75.9
76.8
76.9
81.1
76.7
75.8
89.9
88.6
82.6
80.3
81.3
79.1
74.2
72.4
71.9
70.7
69.7
71.0
66.6
69.4
67.4
75.7
72.4
69.0
66.8
71.0
67.2
74.1
67.1
68.3
72.4
73.4
72.8
73.7
75.0
75.8
72.7
72.5
74.7
76.6
74.6
71.7
79.8
77.1
69.0
72.8
70.3
71.6
72.8
72.7
72.1
72.9
66.6
68.6
70.8
70.9
60.3
70.4
72.0
71.8
71.9
72.0
75.8
75.0
68.8
74.9
73.2
71.6
68.9
73.4
73.2
73.6
66.7
72.9
77.7
75.1
70.3
68.7
64.1
64.6
63.0
62.6
62.5
65.6
66.4
64.9
63.8
63.5
64.0
64.3
63.6
64.1
66.3
67.0
68.0
69.4
68.9
70.2
72.5
71.9
71.5
72.9
73.5
72.8
75.0
73.7
73.9
73.3
72.5
72.8
74.4
74.1
73.9
73.8
73.0
75.2
75.2
77.0
76.0
87.8
87.8
83.5
81.6
94.7
92.2
87.8
88.6
86.3
87.1
88.1
86.4
83.8
84.1
82.9
81.5
81.0
79.2
78.6
77.6
78.2
77.0
76.1
77.7
78.6
76.4
76.2
76.5
76.8
75.3
76.4
74.8
76.4
75.4
75.7
76.1
78.2
76.7
78.5
81.5
96.1
94.7
96.3
94.6
111.9
111.3
118.6
109.2
110.8
112.4
107.0
104.1
121.7
122.0
117.3
110.8
109.2
109.9
108.9
109.2
113.2
107.6
105.4
112.8
105.7
101.5
100.2
100.6
111.9
105.7
99.2
96.0
106.6
102.8
99.9
100.7
99.7
94.8
92.6
89.2
104.4
120.6
111.7
100.9
95.3
93.9
91.6
88.7
87.0
85.9
85.5
85.0
84.9
86.9
87.9
99.8
93.9
96.0
102.9
99.0
100.5
98.4
92.8
89.9
87.5
87.0
87.3
84.2
82.6
83.1
83.5
79.1
78.2
78.5
82.2
85.1
83.4
79.8
79.3
79.0
79.5
80.3
78.1
80.9
87.5
91.6
83.2
81.9
79.5
77.7
78.2
79.0
77.7
78.3
80.6
86.9
92.4
92.9
90.2
91.6
86.6
82.8
80.9
84.4
83.1
82.6
81.6
82.4
81.2
81.5
81.9
79.5
80.5
79.7
77.3
79.8
79.4
77.5
76.6
76.6
77.1
78.2
77.9
79.5
78.5
77.2
76.5
75.2
76.2
77.1
77.6
76.4
77.4
78.2
74.7
74.8
70.5
70.9
70.5
73.8
76.1
75.1
75.5
71.9
74.3
75.2
73.6
75.8
75.3
78.4
79.5
82.1
88.4
90.4
89.0
89.8
89.3
89.3
88.5
82.4
80.7
83.8
84.1
84.8
83.5
82.7
82.7
84.3
85.0
84.7
84.6
81.7
92.8
96.0
90.2
88.4
85.7
85.3
83.1
85.5
85.3
82.5
81.6
82.2
83.0
81.4
82.0
83.0
82.3
84.4
85.0
90.5
89.0
85.9
84.2
83.4
83.1
83.4
85.4
85.5
83.5
84.1
84.1
82.7
81.0
82.3
81.8
82.4
82.1
80.0
80.0
79.2
78.7
80.4
78.9
80.1
79.9
81.4
78.1
78.0
75.0
77.6
76.8
77.3
78.2
76.8
77.6
75.7
78.4
78.2
76.6
74.7
75.8
75.1
75.3
79.0
104.7
99.2
103.0
97.6
96.1
93.3
94.1
105.9
100.4
101.0
99.6
99.6
104.3
101.4
97.7
97.6
95.6
94.3
97.8
97.5
96.8
97.1
119.0
135.0
136.0
129.4
119.7
118.6
125.1
126.8
114.4
121.4
124.0
122.8
126.8
123.3
125.2
129.3
136.9
133.4
131.7
131.6
131.9
133.1
130.7
124.1
124.6
128.6
115.4
105.1
104.3
102.1
97.7
93.3
93.6
93.3
93.2
92.1
89.9
92.7
89.4
86.4
86.7
82.2
82.8
87.5
86.2
82.2
80.0
76.5
73.3
72.3
87.0
81.6
84.6
83.2
82.8
83.8
84.8
79.6
77.5
72.1
73.5
69.0
67.5
69.8
70.7
63.2
82.1
97.9
98.0
91.5
82.4
84.2
79.0
74.9
68.9
69.2
74.0
72.9
72.7
70.3
67.3
71.0
68.4
67.9
67.0
66.9
71.7
78.0
75.5
71.1
68.3
66.0
68.2
70.1
67.5
65.1
65.8
81.2
84.2
80.7
73.2
70.5
69.9
67.1
65.3
64.7
65.3
66.0
67.5
65.2
64.9
62.9
62.3
62.2
61.4
61.4
61.2
61.1
61.9
62.8
62.1
63.8
65.1
65.0
63.1
61.7
62.2
62.8
61.4
60.1
59.0
58.4
57.8
56.7
57.1
55.4
54.8
54.0
55.1
51.7
51.0
52.1
54.1
57.1
56.6
58.6
58.6
58.6
58.9
55.5
54.8
55.3
56.7
60.8
62.0
62.0
62.4
62.0
58.8
62.1
63.3
63.7
62.9
64.1
63.7
64.6
62.5
63.4
64.7
65.5
64.8
64.9
64.8
64.0
64.5
64.4
64.6
63.7
64.6
64.4
66.6
69.6
70.4
70.7
70.0
69.4
68.7
67.7
65.9
64.5
64.6
65.6
65.2
64.3
63.1
62.6
62.3
63.1
62.8
63.1
62.5
62.7
63.9
63.5
64.2
64.5
64.5
64.8
65.0
66.1
65.0
66.1
66.3
67.7
67.2
66.3
67.3
66.3
66.2
67.9
67.3
66.8
68.2
67.2
66.9
67.4
66.9
67.7
67.5
68.2
68.2
67.9
67.2
67.0
66.5
66.5
68.6
68.4
67.7
68.3
68.6
69.2
69.8
69.3
69.1
69.0
68.3
69.2
69.9
69.3
68.0
68.9
68.9
68.8
68.0
69.0
68.5
70.7
71.3
71.7
71.4
71.7
71.1
71.0
71.6
72.6
71.4
72.1
71.0
70.6
71.2
70.2
69.4
70.5
70.4
71.2
68.6
70.7
70.3
70.4
71.5
71.0
70.2
69.4
67.9
66.3
64.4
65.3
64.9
65.4
67.2
66.0
65.6
66.4
65.7
65.6
67.0
68.0
67.4
67.3
66.5
67.2
66.6
66.7
66.7
66.7
65.8
67.6
68.0
67.4
66.9
67.8
69.1
67.8
67.7
68.7
68.3
69.0
68.9
68.9
68.1
68.9
69.9
68.2
68.5
67.6
67.3
69.8
69.1
68.0
68.3
69.1
71.0
71.5
71.4
71.6
71.4
72.0
72.5
73.5
73.6
74.4
74.7
74.7
74.8
73.6
80.5
76.6
75.0
76.5
80.1
82.3
84.3
85.1
86.4
87.5
86.3
86.7
84.3
84.3
84.4
84.3
86.0
86.6
86.9
86.4
85.9
85.2
84.2
84.6
85.0
178.2
139.6
91.1
89.5
88.1
88.4
87.1
86.2
85.7
86.4
86.3
88.0
86.1
84.7
84.8
84.7
84.6
86.8
85.4
86.3
87.7
89.4
88.2
88.0
88.0
85.9
85.4
85.3
85.1
84.7
84.3
84.4
85.4
85.3
85.4
90.2
91.4
93.3
97.2
103.2
98.3
104.7
105.4
104.4
101.2
98.1
95.7
91.7
88.7
88.3
87.2
86.7
85.2
84.5
83.8
85.4
84.1
83.8
83.3
83.0
81.7
81.8
80.6
82.4
82.6
82.8
82.1
81.7
80.7
80.6
78.5
81.4
79.0
78.0
77.2
75.9
77.1
77.9
77.2
75.6
75.3
74.8
75.6
75.4
75.9
75.6
76.2
76.1
76.4
75.3
75.3
74.3
74.1
74.6
74.2
74.4
74.1
75.9
75.8
74.7
75.5
75.1
74.4
75.4
75.2
76.2
76.0
75.9
75.7
75.7
75.4
118.2
113.9
94.2
74.6
72.9
74.3
74.8
73.4
74.0
72.5
73.1
72.6
71.5
71.6
71.9
71.2
71.9
70.1
70.7
71.1
71.0
70.9
70.5
72.5
72.0
71.8
72.5
73.9
73.4
75.0
74.9
74.2
74.9
73.4
75.0
75.4
74.8
75.4
75.6
75.1
74.9
74.3
73.9
72.1
72.1
72.5
73.7
73.9
73.8
74.1
74.7
75.6
76.1
76.6
97.7
120.6
76.9
76.6
76.1
75.4
75.5
76.7
75.5
76.4
76.4
77.7
77.8
79.0
78.4
79.7
78.7
78.1
78.9
78.8
77.7
77.2
77.2
76.3
76.9
76.9
76.2
76.6
77.5
78.7
78.8
79.1
78.5
78.5
77.9
79.0
78.9
79.6
79.1
79.5
78.5
79.2
80.3
78.8
79.8
79.2
79.0
79.3
80.0
78.5
78.4
77.9
77.6
77.4
78.5
77.9
77.7
77.7
77.6
78.4
79.0
78.5
77.8
78.1
78.8
76.7
78.1
77.2
77.2
77.4
76.5
76.4
76.6
76.1
76.4
76.8
76.1
76.6
75.9
77.3
76.3
75.9
77.2
76.2
77.4
77.3
77.5
76.9
75.9
76.9
76.9
77.5
78.0
78.8
78.1
78.2
77.5
76.9
76.7
77.4
76.1
74.9
76.5
77.0
76.8
76.6
76.6
77.0
76.4
76.8
76.5
76.6
76.0
77.4
77.8
76.9
76.4
76.7
77.1
77.2
77.4
76.9
77.7
78.4
78.6
77.9
78.1
78.4
76.6
77.1
76.5
74.8
75.3
75.8
76.3
75.6
76.2
76.6
75.7
76.0
76.2
78.4
77.3
77.2
78.4
78.5
77.8
77.7
77.5
77.5
77.3
76.0
75.9
75.7
77.4
77.3
76.9
76.6
76.4
76.9
76.1
76.6
76.2
76.6
76.5
75.9
75.9
76.9
74.7
74.7
75.8
74.3
75.3
75.1
76.3
76.6
76.9
77.5
77.5
76.6
76.7
77.1
78.2
76.7
77.9
80.6
78.0
78.1
76.6
76.8
79.4
76.8
77.1
77.4
76.6
77.2
76.5
77.1
77.8
78.0
78.1
78.3
77.9
77.9
77.8
78.0
83.4
81.7
85.6
84.4
87.3
91.9
90.2
90.8
90.3
92.1
89.6
89.9
91.6
89.8
87.0
83.4
80.2
79.4
77.3
76.4
83.9
88.3
26.7
80.1
133.49999999999997
71.2
84.8
91.7
97.3
94.9
89.4
85.5
82.9
82.4
87.2
91.1
95.4
92.0
93.4
97.2
99.1
92.3
93.0
88.8
88.3
89.1
89.6
85.8
85.9
91.7
84.0
82.4
82.4
81.8
82.9
82.9
82.4
117.6
103.6
105.3
80.8
78.7
78.6
77.5
76.3
78.8
76.6
75.3
75.3
77.4
76.8
75.9
77.3
77.9
76.8
78.3
78.3
78.1
79.0
78.7
78.8
77.8
76.0
75.6
75.8
76.6
74.2
73.5
74.5
74.3
73.1
73.2
74.4
75.5
74.8
75.8
75.7
76.7
76.3
77.3
76.3
75.2
75.0
74.6
74.1
74.2
74.5
74.3
75.2
75.4
75.1
75.8
73.9
73.7
75.9
75.3
73.9
74.9
74.7
74.2
74.7
76.4
74.8
75.6
76.4
76.5
76.8
77.5
78.5
76.9
78.6
76.5
78.7
78.7
78.6
78.0
77.2
77.2
78.2
77.7
77.2
77.8
78.9
78.0
77.5
77.7
77.9
80.2
77.3
78.9
77.5
78.2
77.2
77.7
77.3
77.1
77.8
76.6
78.0
78.3
77.9
78.4
77.7
76.5
75.3
75.2
75.1
75.3
74.8
74.5
75.9
74.4
75.8
74.4
74.2
75.5
75.2
75.7
75.5
76.6
75.2
76.2
75.3
76.4
76.1
76.4
74.4
75.4
75.6
75.7
76.4
75.4
75.1
74.8
74.6
75.1
75.3
76.3
76.1
76.3
76.8
77.2
77.4
77.3
76.5
75.6
76.6
76.1
76.9
183.6
105.4
73.8
73.0
73.5
74.7
75.8
77.1
76.8
76.1
76.3
75.9
75.9
76.0
77.5
77.4
76.0
76.8
74.6
74.8
74.8
74.2
73.7
73.7
74.9
75.0
75.8
75.9
75.5
76.1
77.3
75.9
77.3
76.6
77.2
76.6
77.1
77.5
76.9
77.7
78.0
76.9
78.1
78.2
79.1
79.2
79.3
79.9
78.9
78.2
79.2
79.7
78.1
78.1
77.8
78.2
77.3
75.0
76.5
75.3
75.4
76.0
76.1
78.2
77.8
79.7
80.1
79.8
79.5
80.8
80.0
79.0
80.1
80.1
79.5
80.3
81.1
86.8
87.5
87.3
86.2
89.0
88.1
88.5
90.4
89.6
93.7
92.9
92.7
91.7
90.8
89.5
88.4
89.7
88.9
90.3
92.9
90.7
90.6
90.5
89.7
90.3
89.0
92.0
87.8
88.4
91.8
87.9
89.6
86.2
85.5
85.6
85.8
84.6
87.1
87.7
87.9
85.1
84.5
84.6
84.3
84.4
85.6
83.8
83.8
82.6
83.1
82.8
83.7
82.1
81.1
79.5
77.7
80.7
84.1
81.8
81.3
78.4
77.3
78.4
83.9
84.7
84.5
84.5
90.3
99.5
101.6
92.3
94.0
89.9
87.4
87.7
83.7
82.0
78.4
83.0
79.2
78.3
81.0
78.8
78.4
75.8
75.9
73.5
71.6
73.0
72.6
72.2
73.8
79.2
74.7
75.2
71.7
71.9
69.2
70.7
69.8
67.9
67.5
67.6
74.2
72.3
71.1
69.0
70.4
70.0
69.5
69.4
70.9
69.7
68.7
67.7
67.5
68.8
66.0
65.8
63.9
63.4
63.5
61.6
66.2
64.3
64.5
65.9
66.5
64.6
63.4
64.5
64.7
64.2
67.4
65.1
64.1
61.9
66.5
69.6
65.6
65.9
62.6
62.0
59.5
60.0
59.5
58.9
57.9
58.2
59.3
63.4
63.0
63.0
62.9
63.2
63.1
64.6
63.0
59.0
60.2
59.1
58.3
59.6
65.2
66.6
64.3
64.6
65.3
63.9
64.2
64.4
63.7
63.8
65.1
65.4
64.1
63.2
62.5
61.0
61.3
60.5
59.5
61.5
61.8
62.2
61.5
61.1
61.0
59.5
61.6
60.7
58.5
63.5
60.9
61.9
61.3
77.7
62.9
60.7
60.8
61.0
63.0
64.7
62.5
61.8
60.8
60.0
60.0
59.7
59.5
58.8
59.3
59.8
59.6
58.6
57.8
56.8
56.8
56.8
54.8
56.0
53.4
54.5
50.5
54.9
56.6
53.1
57.1
54.9
55.3
53.8
58.2
59.2
59.8
58.1
60.6
60.6
62.0
64.5
63.6
61.4
61.7
62.7
61.0
60.8
62.3
63.7
62.6
62.9
62.4
66.1
72.8
72.4
73.8
76.3
90.6
81.8
74.8
74.0
72.7
71.2
69.1
67.7
67.5
66.5
66.7
69.6
70.8
71.6
74.8
72.1
71.0
72.0
70.1
66.7
68.3
69.8
70.4
70.5
69.4
68.6
71.5
72.6
74.5
71.5
68.6
69.0
67.4
69.2
69.9
69.5
69.4
69.8
72.1
69.9
73.4
74.0
77.1
74.6
72.9
72.0
71.5
70.3
69.6
69.0
69.9
73.8
73.1
70.4
72.9
73.5
74.6
76.3
74.8
75.1
76.5
75.2
86.0
84.7
82.8
82.2
82.7
83.3
83.5
84.6
85.7
85.0
85.2
85.2
84.7
83.6
82.8
82.3
82.1
83.6
86.4
84.9
83.8
83.4
81.1
82.2
82.3
81.9
82.5
77.8
82.2
81.4
79.2
81.2
80.0
77.7
80.0
95.8
84.0
85.0
85.2
85.7
84.7
84.0
85.4
84.4
83.3
83.3
82.9
82.5
82.5
81.8
81.6
81.3
81.0
80.4
80.1
76.9
80.3
78.7
79.7
79.4
81.5
82.7
84.2
82.4
82.3
83.2
91.6
88.1
93.2
92.0
88.9
87.0
87.8
87.3
87.4
88.8
87.6
88.6
89.7
89.5
89.3
87.3
97.0
100.9
91.1
89.9
89.8
88.6
87.0
86.6
86.6
83.5
83.6
84.7
85.2
85.9
86.9
87.5
83.2
87.4
87.3
86.0
84.9
83.6
85.7
83.1
82.5
85.5
86.9
86.4
86.6
87.6
87.6
87.7
90.8
90.7
90.1
88.9
89.2
89.5
89.7
90.3
90.5
89.3
86.6
88.1
86.4
84.3
84.4
85.1
85.4
83.3
83.7
86.0
84.4
84.1
84.7
84.0
84.8
84.0
83.3
83.7
84.4
83.8
82.2
84.4
84.0
85.5
85.6
89.7
91.5
98.4
97.1
99.3
101.5
103.4
108.4
104.6
102.3
103.3
104.1
106.1
107.2
107.0
106.9
106.6
102.9
104.3
103.8
102.7
102.9
101.0
101.7
100.7
100.9
117.1
101.3
101.5
97.9
95.7
93.9
92.6
93.5
95.0
94.9
93.1
91.7
91.0
92.7
93.4
91.6
91.6
94.5
97.3
97.0
96.6
96.2
95.8
94.3
93.4
92.9
92.4
90.6
89.8
89.4
87.1
85.0
84.8
85.5
85.2
85.3
85.1
86.4
85.9
85.5
84.3
82.0
109.6
73.6
75.5
79.8
78.9
79.4
80.0
80.2
80.1
81.0
80.9
80.2
80.4
79.1
80.6
79.8
79.0
77.4
77.0
78.7
78.6
77.3
76.9
76.8
76.7
75.9
76.1
76.2
76.3
76.9
76.5
77.2
77.2
77.5
77.1
78.8
78.5
77.4
76.7
76.7
75.9
74.9
75.8
75.8
76.3
77.0
76.7
76.6
76.2
76.1
75.9
74.6
73.5
74.8
75.2
74.8
75.8
75.4
75.5
76.7
77.0
76.5
76.4
75.9
75.5
76.6
75.4
75.1
78.9
78.0
77.6
77.3
76.6
76.8
77.5
79.1
91.6
102.0
110.6
108.8
100.7
94.1
97.7
94.9
90.8
87.0
88.5
87.1
86.8
84.9
84.2
84.9
83.1
81.9
79.3
79.9
82.6
80.4
78.6
76.1
76.6
76.5
75.4
88.4
90.7
91.6
87.8
83.0
82.6
81.9
79.1
79.1
85.6
80.3
80.9
79.3
79.9
77.9
78.0
75.8
74.0
72.7
78.5
85.8
91.8
93.6
95.1
95.5
97.1
94.1
91.7
87.2
85.1
83.6
82.5
76.3
77.4
78.1
79.2
75.6
75.8
75.6
74.2
72.6
73.7
75.8
76.1
77.0
76.2
76.8
75.7
76.0
73.6
73.0
73.1
73.5
71.4
71.5
72.1
73.1
74.2
73.6
73.0
72.9
72.9
71.9
72.6
73.1
73.9
74.0
73.7
74.0
74.9
75.80000000000001
