80.3
79.7
68.1
77.6
77.1
76.6
77.7
76.6
75.4
77.5
83.6
86.4
83.3
76.8
81.4
87.0
87.2
94.0
91.7
94.9
96.5
97.1
94.9
98.1
101.5
98.6
97.9
95.4
102.4
102.1
99.1
97.2
94.7
96.4
96.2
95.2
95.0
95.9
96.0
95.2
94.4
95.3
100.5
96.0
94.1
96.7
97.1
95.7
92.3
94.6
94.6
91.1
93.6
94.0
90.5
87.4
89.8
92.0
93.7
94.8
97.9
99.5
101.7
102.4
101.5
102.5
101.1
102.0
104.2
104.8
102.7
102.6
94.9
94.5
95.4
98.2
96.3
90.5
94.2
96.9
91.5
88.1
90.8
91.0
91.1
88.9
90.9
91.3
86.5
88.1
86.2
89.1
88.2
83.8
86.2
85.3
83.5
83.1
82.2
84.4
85.0
82.3
82.6
80.3
79.9
80.1
82.6
81.7
80.1
78.1
79.2
81.4
84.8
84.8
82.1
84.0
87.5
84.4
81.6
85.7
83.4
83.7
82.6
81.4
83.3
82.7
81.2
83.4
86.8
83.3
81.6
81.3
81.3
81.8
82.0
79.8
85.3
80.1
82.7
83.6
81.0
83.1
84.0
78.0
77.6
79.6
78.3
78.7
76.3
79.4
78.4
77.6
79.3
79.3
77.9
79.9
75.6
75.0
78.1
76.3
75.1
75.5
76.5
76.4
76.5
74.4
75.8
78.0
79.8
88.5
93.7
91.5
92.3
89.6
82.9
85.1
86.7
83.8
77.9
79.7
80.5
80.3
79.6
80.3
78.7
78.0
76.6
78.1
76.4
78.3
83.5
87.9
87.0
88.1
87.5
82.0
83.9
83.1
83.4
84.1
84.0
82.7
80.3
81.6
80.7
82.0
76.9
76.8
82.1
86.9
90.8
91.9
91.4
91.3
87.3
88.1
88.5
89.6
87.4
82.4
87.1
83.9
84.0
80.3
84.5
88.6
91.7
92.7
89.2
92.4
91.6
93.7
89.3
87.7
93.9
90.1
89.0
89.5
89.1
86.6
82.3
82.2
80.0
79.5
80.5
88.5
86.9
85.1
85.3
85.5
82.0
96.3
99.6
99.8
99.4
96.4
97.8
96.8
92.3
92.6
84.5
81.6
79.2
83.4
86.9
90.1
86.8
82.2
83.5
84.0
83.0
81.6
80.2
79.9
85.8
84.3
83.1
81.0
82.2
81.1
80.5
84.0
83.4
83.3
84.6
86.2
84.3
84.3
81.3
82.0
80.3
77.6
77.8
79.0
80.0
80.4
80.0
81.5
81.0
81.0
79.7
83.0
79.3
82.2
84.7
81.2
79.0
77.1
80.0
82.1
85.0
84.8
84.4
86.1
82.3
77.9
81.2
80.4
82.6
81.5
83.7
81.8
86.7
83.3
81.4
84.9
81.7
86.6
87.1
86.6
85.0
85.4
90.9
92.2
89.2
89.1
90.4
88.7
88.2
89.2
87.8
88.9
87.3
82.3
84.6
85.0
83.6
82.3
83.4
81.5
80.4
84.5
85.7
83.0
78.1
74.3
78.8
79.3
77.7
72.7
74.2
77.0
82.6
82.8
86.6
84.7
86.1
86.7
85.1
84.1
83.6
83.4
84.5
86.2
87.8
82.7
82.0
83.8
84.1
84.8
83.5
85.0
82.5
82.6
85.0
89.2
89.4
90.7
90.7
91.9
89.8
84.8
81.7
78.2
76.6
78.6
77.8
80.4
77.4
75.5
75.3
72.7
73.6
73.5
74.9
74.0
72.3
71.4
74.3
73.9
75.8
75.2
72.4
73.5
74.0
73.6
74.2
76.8
79.2
77.6
75.2
74.5
74.9
75.8
78.3
77.5
76.7
76.1
76.7
77.7
77.5
78.3
78.6
78.6
79.9
79.5
79.7
79.0
79.2
77.3
76.8
78.4
78.4
78.3
78.1
79.0
79.3
79.5
74.7
75.9
74.2
74.9
76.2
74.2
77.2
76.1
75.1
74.9
75.0
75.6
76.3
74.9
74.5
77.2
76.1
76.7
77.0
75.5
76.7
76.8
78.4
78.1
76.6
75.3
76.6
78.7
76.3
76.4
75.4
75.5
79.1
77.3
75.0
74.6
74.6
75.2
77.1
82.4
81.2
78.5
76.9
76.5
77.4
76.9
76.9
75.9
75.1
74.4
74.9
74.2
75.8
76.9
76.8
77.5
76.8
76.9
75.3
76.0
74.4
74.5
72.0
71.0
71.9
73.3
74.4
73.6
73.2
73.7
73.7
73.3
74.3
75.7
76.3
79.5
76.9
73.9
75.1
74.0
73.1
72.6
73.2
75.2
75.3
74.7
75.3
74.3
74.4
77.1
79.0
76.4
73.3
71.8
70.9
69.9
71.4
71.6
71.2
71.0
70.9
73.8
76.0
75.9
75.1
73.8
75.0
73.7
74.2
73.2
71.9
69.9
69.9
71.7
70.9
72.0
77.1
73.9
73.6
73.1
74.2
74.9
74.2
73.9
74.8
75.5
79.4
77.6
73.3
73.2
71.8
73.2
70.9
70.8
72.4
73.0
75.3
74.9
75.5
74.7
78.2
76.8
76.8
76.5
78.6
78.0
76.5
83.3
81.3
76.3
74.4
74.0
73.4
76.3
76.1
76.6
80.5
81.7
84.5
84.4
84.4
79.3
76.5
76.1
78.4
80.6
82.8
81.9
81.7
81.1
81.1
81.2
82.7
83.4
75.4
83.6
83.1
80.7
85.6
85.7
85.8
83.0
77.5
79.5
86.9
84.2
83.9
86.8
81.0
78.8
77.5
80.3
78.0
77.1
76.3
76.6
78.0
76.0
75.3
75.0
75.3
75.8
75.2
75.2
74.2
74.5
74.8
74.1
73.6
74.2
74.1
73.7
73.1
73.9
73.2
72.4
71.6
71.0
70.8
75.6
74.8
72.3
70.5
70.5
69.8
68.1
68.2
67.1
67.6
66.7
66.8
67.8
67.5
67.6
67.7
67.5
67.9
68.5
68.8
69.5
69.6
71.6
71.3
73.5
79.0
74.2
72.9
72.1
69.1
69.3
70.1
70.1
72.4
71.4
71.3
70.1
69.2
68.9
70.6
72.8
71.9
70.4
70.2
70.0
71.9
73.8
75.5
75.7
76.3
74.9
74.7
72.9
72.5
71.0
71.6
70.6
69.5
73.8
73.4
72.9
74.4
74.9
75.1
76.4
76.7
78.2
75.2
80.2
81.1
81.3
82.0
78.4
78.9
82.3
82.8
82.4
82.2
83.4
85.9
82.7
80.6
83.0
79.6
76.3
77.0
75.1
74.9
74.7
74.6
75.4
75.4
74.5
75.9
76.0
74.9
75.7
75.6
75.2
76.5
77.1
75.5
74.5
75.3
74.9
74.5
75.0
75.8
76.5
76.6
77.4
77.3
78.6
79.5
77.8
77.3
77.5
77.7
77.3
81.7
80.9
80.1
80.8
78.9
79.7
78.1
78.6
78.7
81.7
79.9
80.6
79.5
77.3
78.5
79.2
79.2
79.3
78.5
77.0
77.9
78.6
81.0
81.8
80.3
79.4
80.8
84.2
84.7
82.8
81.7
82.2
78.4
77.4
76.1
76.7
75.7
73.9
73.6
71.1
71.8
75.0
75.7
73.7
74.0
78.9
77.4
77.2
75.9
75.8
77.2
75.7
75.2
76.7
76.6
75.5
75.0
79.5
79.2
80.9
88.0
88.7
87.4
85.8
86.8
83.4
84.6
81.8
80.6
79.8
81.5
80.4
77.6
77.5
77.7
77.5
78.0
77.6
78.5
78.6
79.4
78.8
79.8
81.1
79.4
78.5
79.3
78.8
79.0
77.5
77.1
79.9
81.6
81.4
78.8
79.1
82.0
84.3
85.0
84.5
83.4
87.2
84.2
86.5
84.0
88.9
87.9
82.7
83.6
90.3
101.9
103.8
103.6
98.8
94.2
94.2
100.8
95.7
90.7
91.4
89.0
93.0
88.9
91.1
92.5
90.7
85.8
85.7
85.7
88.1
88.6
85.0
88.2
85.9
91.1
88.3
88.0
87.8
90.6
93.9
92.8
88.4
85.9
86.2
88.0
86.0
87.0
86.8
91.0
88.2
85.1
84.9
84.0
84.7
87.6
88.1
93.5
96.7
90.9
91.9
89.5
89.8
90.6
90.2
90.3
90.3
87.9
87.0
84.7
83.7
82.6
81.8
82.8
82.4
83.8
82.0
81.8
80.5
80.9
83.2
79.5
79.0
83.3
81.4
81.9
82.0
79.6
80.1
79.8
80.2
79.9
78.6
78.6
78.4
80.0
80.2
80.4
86.3
87.4
83.7
81.0
81.0
81.9
80.0
79.2
80.0
80.0
80.3
79.8
83.4
83.7
82.5
79.0
77.3
75.7
75.4
74.9
75.5
75.3
76.7
76.3
84.8
91.0
89.4
87.1
84.9
85.4
87.4
85.0
94.9
83.3
82.6
80.5
79.7
77.4
78.2
79.3
79.3
78.8
80.1
80.4
81.5
80.1
80.0
79.2
79.3
82.4
86.6
82.8
79.6
90.6
88.6
81.4
82.8
81.2
81.8
87.9
88.0
91.1
94.2
92.9
92.3
90.4
88.2
90.0
92.5
91.8
89.0
90.2
91.0
87.2
85.0
84.0
86.4
89.6
92.3
85.3
85.6
86.0
98.0
90.4
87.3
91.7
92.4
91.6
87.1
88.4
89.6
87.8
88.2
87.0
88.4
88.9
87.1
88.5
85.6
84.6
92.3
90.6
89.8
93.5
94.8
101.9
101.2
103.5
104.5
98.8
93.9
90.1
95.7
96.9
93.6
97.6
94.5
93.4
91.2
91.5
95.9
90.7
87.7
91.0
89.8
89.4
90.4
89.3
87.7
86.8
82.4
92.5
92.9
88.7
91.5
87.1
86.6
86.5
82.0
85.7
84.9
78.6
81.2
103.7
80.7
78.4
77.8
82.5
86.6
89.1
85.4
84.1
81.7
83.0
84.8
85.6
86.8
81.5
81.0
86.9
86.3
84.3
87.5
87.2
84.5
90.9
88.6
90.7
80.5
80.3
86.6
88.4
87.3
87.1
89.4
82.7
81.7
81.8
85.1
83.3
77.8
80.4
83.2
86.2
84.0
81.7
83.0
83.3
82.4
83.2
83.1
85.4
87.9
86.7
86.1
80.6
81.5
81.1
81.5
82.4
85.5
87.7
81.1
81.7
84.4
79.9
81.2
81.3
79.8
80.1
81.4
80.6
81.1
81.7
81.3
83.4
96.1
85.9
83.7
83.1
86.0
84.1
78.6
82.7
88.2
85.8
83.0
85.2
84.1
82.6
83.9
82.1
81.6
83.9
88.9
85.7
84.3
83.7
84.7
91.5
88.9
80.5
82.9
83.6
83.3
84.4
81.7
80.2
80.4
84.7
84.0
87.2
89.4
83.8
83.1
87.8
88.9
87.3
86.8
87.7
83.6
82.2
84.1
83.5
82.7
82.4
81.3
82.0
82.8
82.1
82.7
83.7
86.1
85.6
86.0
87.0
85.9
82.9
85.4
84.6
82.7
82.4
82.3
83.4
80.3
79.9
79.3
80.0
83.5
84.0
83.3
81.9
81.9
83.1
83.3
83.2
81.5
82.2
82.5
85.7
81.5
80.9
82.3
80.9
85.3
90.8
92.1
94.6
92.9
91.0
90.5
88.1
85.9
90.3
87.6
84.4
82.7
81.7
81.0
80.8
81.1
83.7
82.5
84.7
86.8
86.4
86.2
88.7
87.7
84.8
80.8
84.2
82.5
82.9
83.8
82.6
82.5
82.8
82.3
83.4
83.7
81.5
83.9
96.9
90.9
97.7
90.5
90.0
90.9
89.4
87.8
87.3
92.3
95.4
92.8
91.7
87.9
87.0
83.7
83.1
83.3
81.1
80.9
82.0
88.4
87.8
87.6
84.5
86.9
86.4
88.9
86.7
85.5
84.8
87.8
85.4
84.9
86.9
89.0
88.3
88.3
89.1
87.9
87.0
86.6
86.8
87.5
86.3
90.6
90.2
89.1
85.6
89.9
90.8
88.4
88.3
87.5
86.6
88.9
93.0
92.5
93.9
91.6
92.4
94.4
92.6
93.0
94.0
94.7
96.5
96.9
104.6
109.9
109.8
110.7
109.8
105.3
102.8
108.2
110.1
99.1
102.9
106.3
105.9
102.8
104.9
105.6
108.2
103.3
104.6
101.4
104.1
102.1
99.1
99.4
102.6
101.5
98.4
97.4
102.3
97.8
95.5
98.2
93.2
90.9
90.6
87.9
91.5
93.8
103.5
103.1
111.6
116.3
112.0
113.3
113.8
114.6
112.7
113.2
105.9
109.4
114.3
112.1
113.2
105.5
101.7
102.7
101.9
94.6
94.3
97.5
96.4
101.7
99.6
100.1
105.0
101.3
96.2
100.9
97.3
98.1
98.6
96.7
95.1
93.7
93.7
96.7
99.7
102.0
106.2
102.0
102.4
101.1
103.0
106.5
93.8
93.1
96.3
92.6
92.9
89.3
89.4
85.6
88.8
90.1
90.4
89.0
86.1
88.2
89.8
85.7
85.5
85.3
84.8
86.2
86.4
85.1
90.6
96.7
96.3
94.3
94.9
95.50000000000001
93.8
95.1
97.0
98.1
98.7
95.3
93.2
95.3
103.7
95.1
95.3
98.5
103.1
100.6
102.1
100.6
101.7
103.4
98.3
92.5
85.1
85.9
84.8
86.8
82.6
91.3
94.8
86.5
88.7
89.4
89.7
84.3
84.7
88.2
89.4
90.3
90.1
87.7
86.2
83.1
82.6
85.7
87.8
84.8
83.6
82.7
84.0
82.9
86.6
97.4
90.5
91.8
93.5
94.7
97.1
97.8
97.6
94.6
98.4
99.1
100.8
101.3
98.5
98.7
95.7
99.4
92.6
95.6
102.9
92.8
90.0
96.6
99.1
106.4
106.8
103.5
104.6
100.4
99.2
102.8
96.1
92.3
90.6
88.6
86.5
91.5
91.7
89.4
90.5
108.2
87.8
91.3
91.5
90.9
89.3
87.7
86.1
86.7
86.1
84.2
90.4
90.1
90.9
88.9
97.5
93.7
96.1
93.1
89.3
93.1
89.5
89.8
91.7
88.1
86.7
87.4
95.0
94.7
90.4
90.2
92.8
95.6
95.7
93.0
92.7
91.0
92.1
92.0
93.4
89.3
92.0
95.3
95.9
92.2
93.2
91.4
94.1
96.4
91.7
99.0
97.6
101.6
100.0
95.6
91.2
92.7
92.0
93.5
94.4
97.9
103.4
107.9
110.8
108.9
90.5
84.3
84.4
86.3
85.2
85.4
82.7
82.9
81.6
83.8
81.1
81.2
81.3
83.8
83.2
84.5
82.9
82.9
89.1
94.5
87.9
88.9
92.5
90.4
89.1
86.6
86.0
85.0
83.6
85.2
85.8
84.5
89.7
91.3
89.8
94.0
90.4
89.2
85.7
85.5
86.3
85.4
87.8
92.9
89.9
90.3
90.5
87.9
85.2
85.7
86.3
88.2
93.8
91.2
89.8
88.3
89.3
88.2
87.7
88.1
92.5
95.1
90.5
90.1
93.1
92.4
91.8
88.0
85.2
84.4
85.3
85.6
85.0
86.2
88.6
90.6
90.8
94.6
92.0
95.8
94.8
97.4
94.1
92.3
95.3
94.4
96.0
98.4
101.3
103.9
104.8
105.2
106.0
103.8
103.2
99.9
98.0
98.2
96.8
94.8
96.0
95.0
94.3
95.8
95.6
95.1
90.9
88.1
86.7
87.9
87.2
87.7
85.2
86.5
87.2
86.9
86.7
86.6
87.0
87.6
88.2
86.8
88.2
87.5
87.7
87.1
87.1
85.1
84.3
83.6
84.3
84.3
85.9
86.7
86.1
84.9
84.9
85.0
85.9
86.6
86.9
86.3
86.1
85.9
87.0
86.4
85.4
86.8
85.5
85.4
84.3
85.6
85.9
86.0
85.0
86.0
88.6
86.8
84.1
84.5
86.9
84.5
81.1
81.5
87.9
87.9
84.2
84.8
82.1
81.8
80.8
79.5
82.1
80.9
80.6
80.0
80.3
80.6
80.6
82.3
81.9
81.9
80.7
79.4
78.5
78.3
78.0
80.4
80.1
83.3
81.7
80.4
82.9
83.1
84.3
82.2
81.5
81.5
82.6
83.2
82.8
86.7
87.2
118.7
84.6
83.7
84.0
83.5
84.8
84.6
84.0
84.3
85.7
86.7
86.0
85.5
83.1
82.8
82.2
81.1
80.5
82.4
81.1
81.2
81.0
79.3
79.0
79.2
77.4
78.7
78.0
78.5
78.0
78.3
77.6
79.6
80.7
81.1
82.0
81.0
79.8
80.7
78.4
79.3
80.3
80.6
79.6
79.2
78.1
78.2
77.9
80.2
81.6
81.3
82.2
82.5
82.6
84.5
84.5
83.8
84.0
83.8
85.8
84.6
83.4
83.2
82.9
83.3
83.9
82.1
82.5
82.6
84.8
84.4
83.0
83.9
84.2
83.8
82.4
83.9
83.9
84.8
85.2
86.5
91.4
84.6
91.0
92.8
95.4
95.2
91.0
89.9
91.4
94.7
95.8
97.5
96.9
97.5
97.1
99.4
97.9
91.4
93.9
94.0
91.7
91.8
93.3
94.0
93.8
92.8
92.5
93.6
92.9
94.8
97.0
94.6
91.3
90.1
93.8
94.2
93.1
89.8
92.2
92.9
93.7
91.5
92.9
89.0
87.7
93.1
91.9
89.2
88.4
93.1
93.5
91.1
90.3
92.5
94.4
93.8
90.3
90.6
98.4
96.7
92.7
91.0
88.7
92.9
91.2
90.4
90.4
90.6
93.0
93.8
89.7
88.4
90.2
90.2
88.9
88.8
90.4
90.0
90.1
89.1
88.9
89.7
90.0
90.7
90.7
91.3
92.0
91.9
95.0
93.6
92.0
93.9
92.9
92.8
93.2
94.0
94.0
93.1
92.5
94.4
96.7
99.2
98.3
98.8
98.2
99.2
98.8
99.6
97.3
101.7
89.9
90.0
88.5
87.7
91.5
93.8
92.0
91.6
93.8
95.4
94.5
96.7
96.0
96.8
95.9
93.4
90.7
89.8
92.6
90.6
93.6
94.4
91.5
87.0
86.4
87.7
88.2
89.8
94.0
90.6
87.5
85.5
84.5
85.3
86.8
86.7
87.2
87.0
87.0
88.1
88.2
88.5
89.4
89.3
89.2
90.2
91.2
91.4
91.5
93.2
95.3
94.7
97.9
95.3
92.0
91.9
92.5
90.2
89.3
90.8
93.4
94.7
95.3
94.7
94.0
94.5
93.8
93.0
92.8
93.7
93.7
96.6
96.1
94.2
89.8
89.8
88.6
88.8
88.7
87.5
87.5
89.6
87.8
86.7
88.7
88.5
90.9
91.0
90.3
89.3
87.9
85.7
83.8
82.6
84.1
85.8
91.5
88.7
91.2
91.7
90.6
89.8
93.2
94.0
92.4
93.0
91.7
98.7
95.9
93.7
91.9
93.1
94.1
92.8
91.2
92.5
93.4
92.9
94.2
95.4
97.2
95.8
98.7
95.2
184.1
225.0
136.0
88.6
86.4
88.2
84.8
84.0
85.5
82.9
82.6
83.9
84.3
85.1
85.5
85.6
85.5
84.6
84.5
86.7
86.7
87.2
86.7
88.1
87.0
87.9
88.8
87.6
87.7
88.1
89.4
91.4
90.8
90.5
91.3
91.1
87.5
86.5
86.8
86.9
87.1
87.6
89.1
87.6
88.0
89.3
90.2
87.3
87.4
86.3
88.4
89.1
90.2
88.8
88.4
92.6
95.6
96.2
96.9
94.2
94.4
92.9
90.4
88.9
91.4
90.0
89.8
89.1
87.6
88.3
91.0
93.3
92.2
93.6
92.7
95.5
94.9
91.9
92.9
91.3
92.1
93.3
92.5
94.0
93.0
91.6
96.7
93.3
92.1
94.6
94.9
93.1
93.3
94.0
94.5
92.9
91.7
92.1
94.1
95.4
96.0
97.0
100.9
99.6
97.4
95.9
92.7
93.6
94.4
93.7
94.1
96.5
97.5
94.1
92.4
89.7
89.2
91.2
94.8
103.3
106.4
104.8
108.3
110.1
110.2
106.8
108.8
110.6
109.5
112.9
110.3
111.7
112.4
108.3
124.2
107.7
108.2
106.2
103.3
103.7
101.1
100.1
98.3
100.3
93.9
95.3
96.5
93.8
89.0
87.3
88.2
89.6
90.6
91.4
89.2
90.2
89.3
96.7
98.8
100.6
98.5
99.0
106.5
106.7
105.3
102.1
106.2
107.4
106.9
107.5
104.3
104.3
104.8
104.8
105.5
103.2
102.8
101.1
100.9
99.6
103.3
101.1
98.5
97.4
97.7
99.1
99.8
99.2
97.3
96.6
98.4
98.5
98.7
98.6
97.4
96.8
96.4
96.6
95.7
97.3
96.2
99.1
99.6
99.8
99.5
101.2
99.7
97.7
