78.8
87.2
80.9
78.8
76.6
90.9
99.1
94.3
87.1
82.1
78.6
77.0
77.6
77.8
78.2
80.9
79.4
81.5
81.2
80.9
80.3
79.0
79.4
80.4
80.8
80.0
80.5
81.2
83.0
85.4
83.3
82.0
85.0
82.7
83.4
79.2
78.7
79.7
82.4
82.5
83.2
82.9
82.2
82.8
82.9
81.8
80.9
81.7
82.6
81.9
81.5
81.1
83.0
82.9
82.7
82.9
83.3
83.2
84.9
84.6
82.6
81.4
82.5
82.5
82.4
82.1
82.5
82.3
82.0
81.8
80.6
80.9
81.8
79.8
79.2
80.2
80.6
80.8
81.1
80.7
81.3
80.4
78.1
66.8
88.2
163.2
171.7
79.5
77.6
77.9
82.0
81.3
79.0
77.5
77.0
77.9
78.3
79.3
79.4
78.1
78.8
80.0
80.7
80.7
84.5
84.4
81.6
80.5
78.8
79.4
78.6
80.3
80.5
80.2
81.3
81.1
81.3
81.5
81.4
81.3
81.8
83.7
83.6
83.3
82.9
82.7
83.9
83.1
82.7
81.1
81.4
82.4
82.6
81.9
81.5
81.3
82.2
81.7
80.5
80.8
80.8
81.9
82.3
84.2
87.7
87.5
93.0
108.0
104.2
92.3
90.7
92.2
84.8
82.9
78.8
77.0
78.6
81.0
80.8
81.1
80.0
79.8
80.0
79.3
79.1
79.9
79.6
79.4
79.8
79.0
79.4
78.2
77.4
79.3
80.4
78.6
80.8
78.3
75.9
77.0
79.4
80.7
79.9
79.5
79.7
77.9
77.9
78.0
76.6
76.7
78.5
77.8
77.5
76.0
75.8
71.2
72.6
73.3
74.6
74.0
75.8
73.8
72.9
72.1
72.0
74.3
75.3
76.8
76.5
76.3
75.1
73.9
69.6
69.9
73.6
71.8
74.7
70.6
69.8
72.5
82.5
82.0
80.7
75.5
71.5
69.5
67.6
66.6
66.4
66.3
67.2
70.1
72.2
72.1
71.7
69.7
69.6
70.4
70.5
70.9
71.0
73.0
73.4
74.8
72.7
72.0
72.7
74.8
75.6
76.1
78.0
77.3
76.8
78.3
79.8
82.1
82.0
81.3
81.1
81.9
85.7
90.1
92.9
90.2
88.2
86.7
239.0
170.9
133.8
120.6
139.3
101.5
88.6
89.8
91.3
92.8
92.4
91.7
91.5
88.2
89.4
89.5
91.7
92.5
91.4
89.3
86.5
86.5
88.8
88.0
87.8
87.0
85.8
86.2
85.6
86.7
89.7
90.7
87.9
87.3
86.0
85.8
85.6
86.1
85.3
85.4
85.4
85.2
85.5
85.6
85.4
85.5
86.6
86.6
85.9
86.6
86.3
86.3
86.6
86.3
86.0
86.4
86.0
86.5
86.3
86.9
87.7
87.8
86.1
86.2
85.6
86.4
86.4
86.6
87.5
87.7
88.1
90.4
90.0
90.5
90.5
90.2
89.6
89.8
89.6
90.1
91.0
92.5
93.9
94.3
95.1
94.0
93.7
94.2
92.7
93.9
93.5
93.9
94.0
95.0
93.4
94.1
93.7
92.8
92.6
94.0
94.8
96.5
95.5
92.6
91.0
90.1
91.4
91.9
92.5
92.4
92.4
92.4
94.3
95.8
96.3
95.7
96.8
97.4
96.8
97.0
96.1
95.9
95.5
95.8
95.6
95.0
95.4
96.0
94.1
94.2
94.0
94.1
93.3
92.9
92.6
91.7
92.4
92.1
93.7
94.8
94.8
93.6
92.7
92.3
91.3
92.4
94.0
93.1
93.9
95.2
94.8
93.8
93.1
93.4
92.7
93.5
92.4
93.3
92.5
91.3
91.4
92.8
93.0
92.6
92.4
91.8
92.4
103.1
94.4
93.1
92.2
92.7
91.9
91.5
90.9
91.1
91.7
91.5
91.5
92.5
93.1
92.2
92.8
92.1
94.1
92.0
91.9
92.5
93.6
94.3
94.7
94.3
95.8
94.3
93.7
93.9
95.2
98.4
97.8
97.6
100.3
98.8
100.6
99.3
99.9
98.7
99.0
99.4
97.7
97.3
97.9
98.7
98.2
97.5
98.5
97.5
99.2
99.4
100.2
100.1
99.3
99.2
99.8
98.9
98.5
100.0
99.2
97.7
100.4
100.1
103.7
102.5
103.3
103.6
104.3
103.4
100.2
101.3
102.5
104.1
113.3
114.2
110.3
104.2
100.9
100.8
101.6
102.7
103.1
102.4
102.3
102.2
101.1
96.8
95.4
88.3
86.1
89.0
92.8
107.8
110.0
91.6
95.9
96.4
98.6
101.1
99.0
92.5
90.6
92.1
91.6
92.6
91.6
90.9
90.6
90.8
92.5
92.4
94.1
96.7
95.1
93.6
93.6
92.6
93.7
94.3
93.7
94.2
92.9
92.7
93.1
92.9
92.0
92.5
92.6
91.6
91.0
90.7
89.6
90.3
89.7
89.2
89.8
90.7
94.5
95.4
100.5
100.2
100.7
102.9
106.7
104.5
100.2
98.3
96.8
94.4
93.5
91.6
92.5
91.3
91.3
91.3
92.1
93.1
92.6
92.0
91.6
91.2
91.1
91.9
96.2
94.7
94.9
94.1
91.2
88.8
88.9
90.2
90.1
89.7
92.1
91.8
89.5
91.0
97.2
101.5
100.7
96.9
93.0
91.1
90.2
89.2
83.3
86.7
88.5
81.6
77.5
78.1
81.3
83.8
84.1
85.0
85.8
83.9
82.1
80.4
76.8
76.3
78.7
80.4
80.4
81.3
81.3
81.1
80.3
79.9
80.0
79.4
79.2
80.9
80.2
79.0
79.5
80.2
80.2
79.5
79.6
79.7
80.7
80.7
80.6
80.2
80.0
80.7
80.6
80.3
78.9
79.3
82.7
82.0
81.2
81.6
80.7
80.1
80.7
80.2
81.9
84.4
85.7
88.7
89.4
86.4
86.9
86.5
86.0
87.1
87.0
87.0
87.0
85.4
84.9
135.0
90.5
83.0
81.8
80.5
80.1
79.1
79.6
80.4
80.9
82.6
82.0
82.1
82.7
83.0
82.8
82.9
82.5
81.3
80.8
82.5
82.7
83.0
82.8
83.1
84.6
92.8
88.6
86.4
84.6
84.2
83.9
84.5
83.9
84.1
83.7
83.2
82.4
81.6
82.4
82.0
81.6
81.6
82.6
80.9
81.9
80.7
79.9
80.0
80.7
80.7
81.0
80.5
80.5
81.5
81.8
81.1
80.7
83.0
82.2
81.6
80.9
81.4
81.1
80.8
80.9
81.8
84.2
84.9
87.0
85.7
84.1
81.4
82.0
83.5
81.2
81.8
81.5
79.9
80.4
81.8
84.4
82.8
82.5
83.3
83.7
81.2
84.6
79.7
82.5
80.7
81.4
79.2
79.9
79.9
79.6
79.8
83.0
80.3
79.3
79.9
79.4
80.5
81.4
81.2
80.6
80.9
80.3
80.4
79.9
80.6
79.0
78.7
80.1
79.6
79.7
79.0
79.7
79.1
78.5
78.2
79.1
80.9
85.1
82.4
80.2
79.0
79.4
80.1
78.0
78.1
78.6
78.9
79.4
79.4
78.2
78.2
78.8
78.3
79.3
80.4
80.2
80.6
79.4
79.1
79.4
81.0
80.9
80.0
79.4
79.7
80.7
80.6
80.2
79.8
79.7
80.8
82.4
83.7
84.5
85.3
85.4
85.2
89.2
89.4
87.6
84.9
83.6
83.2
82.8
81.6
82.0
82.6
82.0
81.4
83.5
81.8
83.2
82.4
81.1
80.2
80.5
81.0
80.2
80.4
80.5
81.7
81.2
82.1
82.8
80.5
79.1
78.7
82.0
77.7
77.7
80.1
87.5
79.4
78.1
78.1
78.9
76.6
77.8
80.9
80.5
78.9
83.1
81.3
79.9
79.3
80.3
79.9
80.6
83.6
84.2
84.4
84.3
84.1
85.6
78.4
78.5
78.6
79.5
79.0
78.0
78.2
77.3
77.4
76.6
76.8
77.6
153.2
186.4
90.7
75.4
75.4
77.0
76.1
76.2
77.0
78.0
77.1
75.7
75.3
75.3
75.8
75.2
73.8
72.7
73.2
72.0
71.5
72.1
72.5
75.4
74.9
73.8
73.0
72.7
73.0
72.2
72.9
72.3
71.9
71.7
71.6
70.9
71.6
71.8
71.8
71.7
71.2
71.6
71.4
71.4
71.0
71.8
75.8
75.8
82.0
82.0
77.3
91.2
82.4
79.1
77.4
76.3
77.5
77.3
75.9
77.2
77.5
77.2
76.6
76.3
75.8
76.1
76.4
77.7
78.2
76.2
75.0
76.2
81.4
75.0
75.1
75.3
75.5
76.2
75.9
75.9
76.2
75.9
75.1
75.3
74.8
76.3
75.3
75.0
76.6
74.9
74.7
75.5
75.1
75.2
74.4
74.3
74.8
74.3
74.7
73.7
73.8
73.9
74.3
74.0
73.8
74.1
74.9
75.9
75.4
74.9
74.5
74.4
74.4
75.3
74.9
74.3
75.5
75.5
76.0
74.7
75.6
75.3
74.2
75.0
75.9
77.6
75.7
74.9
75.4
75.3
76.0
75.5
75.4
75.1
76.5
76.0
75.9
75.1
76.0
75.1
74.9
76.5
76.8
77.6
77.8
77.2
76.4
77.9
76.3
76.7
77.2
77.3
77.3
76.6
77.2
77.6
77.8
78.3
78.4
78.7
77.9
78.0
77.7
78.4
79.0
77.1
76.4
77.8
77.5
80.5
78.3
78.2
79.6
79.8
80.0
78.3
76.5
74.8
74.1
77.4
77.9
76.7
75.9
75.5
75.5
77.2
79.1
78.2
78.3
77.4
77.8
79.4
77.3
78.0
84.0
86.9
87.3
87.3
85.8
84.7
82.5
84.3
84.8
83.5
79.0
77.9
77.4
77.9
77.5
79.1
79.3
78.8
78.5
78.5
78.5
78.5
78.4
78.3
78.8
79.0
80.2
80.1
110.3
97.6
79.3
79.6
79.3
79.4
79.3
80.3
78.7
80.1
80.3
79.2
79.1
78.5
81.3
78.6
78.6
79.1
78.3
77.4
76.4
77.5
76.0
75.9
76.5
76.9
77.7
77.9
78.0
77.3
78.7
77.9
77.5
77.5
77.4
78.2
78.4
80.0
80.2
78.6
79.7
79.2
81.3
84.1
83.1
82.6
87.7
87.5
85.7
83.5
81.2
80.3
77.3
76.2
76.8
79.4
80.4
72.3
77.3
79.5
86.7
96.2
76.8
80.4
79.5
78.5
80.1
79.1
80.8
80.3
80.2
80.1
79.7
79.5
79.9
79.2
79.0
79.7
79.5
79.1
79.2
78.9
79.4
78.4
79.1
79.2
78.9
78.6
78.7
79.7
78.6
78.9
77.5
76.7
75.6
78.3
78.5
78.9
79.2
76.8
78.0
79.2
77.9
77.3
75.4
75.6
76.2
76.7
77.3
76.9
76.6
76.1
77.5
78.2
77.2
78.2
78.1
78.8
78.7
78.6
77.7
79.0
77.4
77.3
78.4
78.9
80.0
81.2
79.9
80.3
80.2
80.6
81.7
82.7
83.0
85.4
91.8
86.1
86.7
86.1
85.4
85.6
84.3
85.2
85.6
86.7
87.2
87.3
86.9
87.5
88.7
88.5
87.8
88.8
89.4
88.9
88.6
89.2
88.6
95.0
91.4
87.7
86.3
87.5
86.0
87.4
87.3
87.9
88.6
90.2
89.6
91.1
91.0
91.7
91.2
90.6
92.0
92.6
92.3
92.9
93.0
93.5
93.7
96.6
96.1
95.3
95.2
88.8
82.7
81.2
83.8
87.0
90.1
92.4
94.5
93.1
96.0
96.8
94.6
94.6
93.4
93.4
93.5
93.7
94.9
95.6
95.8
96.0
95.8
95.2
97.5
98.5
98.1
96.4
97.0
97.5
96.9
97.8
96.0
96.1
96.7
97.7
96.6
93.2
95.8
95.5
90.9
82.7
80.2
79.2
78.9
77.4
79.1
80.1
80.0
80.9
81.8
81.6
82.1
81.6
82.0
82.9
85.6
92.3
83.1
83.9
79.3
77.9
75.8
74.3
75.4
75.1
77.1
77.9
79.5
79.3
78.7
79.0
78.0
78.1
78.0
78.4
78.6
82.1
82.7
78.8
76.4
75.7
76.3
75.7
76.2
75.9
76.9
76.4
77.1
78.2
78.6
78.1
78.5
79.3
78.9
138.1
262.7
171.9
79.0
78.5
77.8
78.6
78.2
78.1
79.6
82.9
85.6
87.7
89.4
91.0
95.3
91.5
94.2
95.9
96.7
115.0
133.9
132.5
122.9
80.6
81.0
80.8
80.8
86.1
86.8
84.3
81.9
81.2
85.2
80.5
81.6
83.4
82.7
79.0
77.3
76.3
75.6
75.5
74.9
77.1
80.7
82.3
84.3
85.2
85.2
85.9
86.1
86.2
85.6
86.3
86.7
87.10000000000001
87.1
89.2
78.7
80.3
80.9
80.2
79.2
77.1
76.3
76.4
77.1
77.5
78.3
77.5
82.0
111.4
96.1
79.0
77.2
79.8
82.5
81.2
80.9
74.4
82.5
118.5
76.1
75.0
74.4
74.0
76.9
121.6
100.5
84.9
80.9
78.8
77.0
75.7
76.2
74.1
75.1
74.8
76.0
76.9
77.1
76.7
76.7
76.7
76.7
103.9
126.1
121.9
117.7
116.7
117.3
115.7
114.4
111.9
111.6
110.3
105.4
98.4
101.9
90.4
93.1
96.9
95.0
94.0
92.8
93.9
96.1
97.5
97.5
95.9
95.4
94.4
102.3
107.4
105.5
106.1
105.0
104.7
104.7
103.1
104.2
104.1
102.4
102.8
103.7
96.1
77.1
83.7
86.3
141.3
75.0
78.1
82.5
81.3
84.4
84.0
85.2
87.5
84.0
86.3
82.1
81.0
80.0
79.6
79.9
79.8
78.6
78.7
77.3
77.2
78.6
78.4
76.9
77.6
79.9
79.1
78.1
76.7
75.5
75.4
75.5
77.2
76.4
76.2
76.5
76.9
76.3
77.4
76.7
77.4
77.5
76.8
76.6
76.7
77.6
77.5
77.2
77.3
78.0
76.6
76.6
76.7
76.4
76.7
76.6
76.1
76.6
78.6
86.1
85.0
82.8
81.3
78.6
77.7
110.5
179.0
87.1
96.1
73.3
74.6
75.7
75.8
75.5
74.4
75.1
73.2
72.6
72.2
73.1
75.1
75.7
75.2
75.0
74.6
75.4
73.3
74.1
74.6
73.4
75.3
73.5
73.5
74.6
74.1
74.0
74.9
75.3
74.4
75.0
75.9
76.2
75.4
74.7
74.6
74.4
75.1
74.4
75.2
75.0
74.9
75.7
75.6
74.6
74.6
75.2
75.2
75.9
75.1
77.0
78.1
77.1
77.4
77.2
76.7
77.5
75.6
74.8
76.1
75.0
76.0
75.2
75.3
76.1
74.4
74.5
74.6
74.8
75.9
76.6
77.7
75.9
75.7
78.4
77.5
77.4
75.6
75.2
75.5
77.1
79.0
79.1
79.7
76.8
76.5
76.0
76.8
76.9
77.2
77.3
77.2
78.4
98.4
99.4
99.6
76.5
74.5
75.0
74.2
74.4
74.5
74.8
74.6
74.5
75.5
74.8
74.3
73.8
73.1
74.2
73.5
73.0
72.9
74.6
86.3
81.9
76.7
74.8
75.3
75.2
74.1
74.9
74.3
73.5
72.9
73.7
73.0
72.8
73.0
72.5
71.8
74.6
76.5
78.1
79.5
78.6
80.6
79.0
78.2
79.2
78.8
79.7
79.8
78.6
78.7
82.1
82.8
82.9
83.8
82.3
82.0
84.7
84.7
87.3
88.9
87.9
89.5
90.6
90.5
120.5
161.1
93.3
87.5
88.0
86.2
84.0
83.6
84.4
84.2
83.7
81.4
79.9
81.0
80.7
81.5
79.4
79.1
77.0
76.2
77.3
76.8
77.1
77.8
77.8
79.3
79.8
78.7
79.2
108.9
139.2
94.5
82.3
79.5
80.7
79.5
78.7
78.9
80.6
78.8
79.5
162.1
93.2
79.2
77.9
78.6
80.9
88.3
86.9
85.0
84.8
82.4
81.5
79.0
77.2
77.8
78.7
78.2
78.8
77.9
78.3
79.0
78.8
80.7
79.6
81.0
81.7
81.5
86.9
105.0
119.6
157.0
152.0
185.1
183.4
78.8
39.4
32.5
109.4
186.3
109.36621542083579
109.34932313125368
109.33243084167158
109.31553855208946
109.29864626250736
109.28175397292526
109.26486168334314
109.24796939376104
109.23107710417894
109.21418481459683
109.19729252501472
109.18040023543261
109.16350794585051
109.1466156562684
109.12972336668629
109.11283107710419
109.09593878752207
109.07904649793997
109.06215420835787
109.04526191877575
109.02836962919365
109.01147733961155
108.99458505002943
108.97769276044733
108.96080047086522
108.9439081812831
108.927015891701
108.9101236021189
108.8932313125368
108.87633902295468
108.85944673337258
108.84255444379048
108.82566215420836
108.80876986462626
108.79187757504415
108.77498528546204
108.75809299587993
108.74120070629783
108.72430841671571
108.70741612713361
108.69052383755151
108.67363154796939
108.65673925838729
108.63984696880519
108.62295467922308
108.60606238964097
108.58917010005887
108.57227781047676
108.55538552089465
108.53849323131254
108.52160094173044
108.50470865214832
108.48781636256622
108.47092407298412
108.454031783402
108.4371394938199
108.4202472042378
108.40335491465568
108.38646262507358
108.36957033549147
108.35267804590936
108.33578575632725
108.31889346674515
108.30200117716305
108.28510888758093
108.26821659799883
108.25132430841673
108.23443201883461
108.21753972925251
108.2006474396704
108.18375515008829
108.16686286050619
108.14997057092408
108.13307828134197
108.11618599175986
108.09929370217776
108.08240141259564
108.06550912301354
108.04861683343144
108.03172454384932
108.01483225426722
107.99793996468512
107.98104767510301
107.9641553855209
107.9472630959388
107.93037080635669
107.91347851677457
107.89658622719247
107.87969393761037
107.86280164802825
107.84590935844615
107.82901706886405
107.81212477928193
107.79523248969983
107.77834020011773
107.76144791053561
107.7445556209535
107.7276633313714
107.71077104178929
107.69387875220718
107.67698646262508
107.66009417304298
107.64320188346086
107.62630959387876
107.60941730429666
107.59252501471454
107.57563272513244
107.55874043555033
107.54184814596822
107.52495585638611
107.50806356680401
107.4911712772219
107.47427898763979
107.45738669805769
107.44049440847557
107.42360211889347
107.40670982931137
107.38981753972926
107.37292525014715
107.35603296056505
107.33914067098294
107.32224838140083
107.30535609181872
107.28846380223662
107.2715715126545
107.2546792230724
107.2377869334903
107.22089464390818
107.20400235432608
107.18711006474398
107.17021777516186
107.15332548557976
107.13643319599765
107.11954090641554
107.10264861683343
107.08575632725133
107.06886403766923
107.05197174808711
107.03507945850501
107.0181871689229
107.00129487934079
106.98440258975869
106.96751030017658
106.95061801059447
106.93372572101237
106.91683343143026
106.89994114184815
106.88304885226604
106.86615656268394
106.84926427310182
106.83237198351972
106.81547969393762
106.79858740435552
106.7816951147734
106.7648028251913
106.7479105356092
106.73101824602708
106.71412595644497
106.69723366686287
106.68034137728075
106.66344908769865
106.64655679811655
106.62966450853443
106.61277221895233
106.59587992937023
106.57898763978811
106.56209535020601
106.5452030606239
106.52831077104179
106.51141848145969
106.49452619187758
106.47763390229548
106.46074161271336
106.44384932313126
106.42695703354916
106.41006474396704
106.39317245438494
106.37628016480284
106.35938787522072
106.34249558563862
106.32560329605651
106.3087110064744
106.2918187168923
106.27492642731019
106.25803413772807
106.24114184814597
106.22424955856387
106.20735726898175
106.19046497939965
106.17357268981755
106.15668040023544
106.13978811065333
106.12289582107122
106.10600353148912
106.089111241907
106.0722189523249
106.0553266627428
106.03843437316068
106.02154208357858
106.00464979399648
105.98775750441436
105.97086521483226
105.95397292525016
105.93708063566804
105.92018834608594
105.90329605650383
105.88640376692172
105.86951147733961
105.85261918775751
105.83572689817541
105.81883460859329
105.80194231901119
105.78505002942909
105.76815773984697
105.75126545026487
105.73437316068276
105.71748087110065
105.70058858151855
105.68369629193644
105.66680400235433
105.64991171277222
105.63301942319012
105.616127133608
105.5992348440259
105.5823425544438
105.56545026486168
105.54855797527958
105.53166568569748
105.51477339611537
105.49788110653326
105.48098881695115
105.46409652736905
105.44720423778693
105.43031194820483
105.41341965862273
105.39652736904061
105.37963507945851
105.3627427898764
105.34585050029429
105.32895821071219
105.31206592113008
105.29517363154798
105.27828134196587
105.26138905238376
105.24449676280165
105.22760447321954
105.21071218363744
105.19381989405534
105.17692760447322
105.16003531489112
105.14314302530902
105.1262507357269
105.1093584461448
105.0924661565627
105.07557386698058
105.05868157739847
105.04178928781637
105.02489699823425
105.00800470865215
104.99111241907005
104.97422012948795
104.95732783990583
104.94043555032373
104.92354326074162
104.90665097115951
104.8897586815774
104.8728663919953
104.85597410241319
104.83908181283108
104.82218952324898
104.80529723366686
104.78840494408476
104.77151265450266
104.75462036492054
104.73772807533844
104.72083578575634
104.70394349617422
104.68705120659212
104.67015891701001
104.65326662742791
104.6363743378458
104.61948204826369
104.60258975868159
104.58569746909947
104.56880517951737
104.55191288993527
104.53502060035315
104.51812831077105
104.50123602118894
104.48434373160683
104.46745144202472
104.45055915244262
104.4336668628605
104.4167745732784
104.3998822836963
104.38298999411418
104.36609770453208
104.34920541494998
104.33231312536788
104.31542083578576
104.29852854620366
104.28163625662155
104.26474396703944
104.24785167745733
104.23095938787523
104.21406709829311
104.19717480871101
104.18028251912891
104.16339022954679
104.14649793996469
104.12960565038259
104.11271336080047
104.09582107121837
104.07892878163626
104.06203649205415
104.04514420247204
104.02825191288994
104.01135962330784
103.99446733372572
103.97757504414362
103.96068275456152
103.9437904649794
103.9268981753973
103.9100058858152
103.89311359623308
103.87622130665098
103.85932901706887
103.84243672748676
103.82554443790465
103.80865214832255
103.79175985874043
103.77486756915833
103.75797527957623
103.74108298999411
103.72419070041201
103.7072984108299
103.6904061212478
103.67351383166569
103.65662154208358
103.63972925250148
103.62283696291937
103.60594467333726
103.58905238375516
103.57216009417304
103.55526780459094
103.53837551500884
103.52148322542672
103.50459093584462
103.48769864626252
103.4708063566804
103.4539140670983
103.4370217775162
103.42012948793408
103.40323719835197
103.38634490876987
103.36945261918777
103.35256032960565
103.33566804002355
103.31877575044145
103.30188346085933
103.28499117127723
103.26809888169512
103.25120659211301
103.2343143025309
103.2174220129488
103.20052972336669
103.18363743378458
103.16674514420248
103.14985285462038
103.13296056503826
103.11606827545616
103.09917598587404
103.08228369629194
103.06539140670984
103.04849911712773
103.03160682754562
103.01471453796351
102.99782224838141
102.9809299587993
102.96403766921719
102.94714537963509
102.93025309005297
102.91336080047087
102.89646851088877
102.87957622130665
102.86268393172455
102.84579164214244
102.82889935256034
102.81200706297822
102.79511477339612
102.77822248381402
102.7613301942319
102.7444379046498
102.7275456150677
102.71065332548558
102.69376103590348
102.67686874632138
102.65997645673926
102.64308416715716
102.62619187757505
102.60929958799294
102.59240729841083
102.57551500882873
102.55862271924661
102.54173042966451
102.52483814008241
102.5079458505003
102.49105356091819
102.47416127133609
102.45726898175398
102.44037669217187
102.42348440258976
102.40659211300766
102.38969982342554
102.37280753384344
102.35591524426134
102.33902295467922
102.32213066509712
102.30523837551502
102.2883460859329
102.2714537963508
102.2545615067687
102.23766921718658
102.22077692760448
102.20388463802237
102.18699234844027
102.17010005885815
102.15320776927605
102.13631547969395
102.11942319011183
102.10253090052973
102.08563861094763
102.06874632136551
102.0518540317834
102.0349617422013
102.01806945261919
102.00117716303708
101.98428487345498
101.96739258387286
101.95050029429076
101.93360800470866
101.91671571512654
101.89982342554444
101.88293113596234
101.86603884638023
101.84914655679812
101.83225426721602
101.81536197763391
101.7984696880518
101.7815773984697
101.76468510888759
101.74779281930547
101.73090052972337
101.71400824014127
101.69711595055915
101.68022366097705
101.66333137139495
101.64643908181283
101.62954679223073
101.61265450264862
101.59576221306651
101.5788699234844
101.5619776339023
101.5450853443202
101.52819305473808
101.51130076515598
101.49440847557388
101.47751618599176
101.46062389640966
101.44373160682755
101.42683931724544
101.40994702766334
101.39305473808123
101.37616244849912
101.35927015891701
101.34237786933491
101.32548557975281
101.30859329017069
101.29170100058859
101.27480871100647
101.25791642142437
101.24102413184227
101.22413184226016
101.20723955267805
101.19034726309594
101.17345497351384
101.15656268393172
101.13967039434962
101.12277810476752
101.1058858151854
101.0889935256033
101.0721012360212
101.05520894643908
101.03831665685698
101.02142436727488
101.00453207769277
100.98763978811066
100.97074749852855
100.95385520894644
100.93696291936433
100.92007062978223
100.90317834020013
100.88628605061801
100.86939376103591
100.8525014714538
100.83560918187169
100.81871689228959
100.80182460270748
100.78493231312537
100.76804002354326
100.75114773396116
100.73425544437904
100.71736315479694
100.70047086521484
100.68357857563274
100.66668628605062
100.64979399646852
100.6329017068864
100.6160094173043
100.5991171277222
100.58222483814009
100.56533254855798
100.54844025897587
100.53154796939377
100.51465567981165
100.49776339022955
100.48087110064745
100.46397881106533
100.44708652148323
100.43019423190113
100.41330194231901
100.3964096527369
100.3795173631548
100.3626250735727
100.34573278399058
100.32884049440848
100.31194820482636
100.29505591524426
100.27816362566216
100.26127133608006
100.24437904649794
100.22748675691584
100.21059446733373
100.19370217775162
100.17680988816952
100.15991759858741
100.1430253090053
100.1261330194232
100.10924072984109
100.09234844025897
100.07545615067687
100.05856386109477
100.04167157151267
100.02477928193055
100.00788699234845
99.99099470276634
99.97410241318423
99.95721012360212
99.94031783402002
99.9234255444379
99.9065332548558
99.8896409652737
99.87274867569158
99.85585638610948
99.83896409652738
99.82207180694526
99.80517951736316
99.78828722778105
99.77139493819894
99.75450264861684
99.73761035903473
99.72071806945263
99.70382577987051
99.68693349028841
99.67004120070631
99.65314891112419
99.63625662154209
99.61936433195999
99.60247204237787
99.58557975279577
99.56868746321366
99.55179517363155
99.53490288404944
99.51801059446734
99.50111830488524
99.48422601530312
99.46733372572102
99.4504414361389
99.4335491465568
99.4166568569747
99.3997645673926
99.38287227781048
99.36597998822837
99.34908769864627
99.33219540906416
99.31530311948205
99.29841082989995
99.28151854031783
99.26462625073573
99.24773396115363
99.23084167157151
99.21394938198941
99.1970570924073
99.1801648028252
99.16327251324309
99.14638022366098
99.12948793407887
99.11259564449676
99.09570335491466
99.07881106533256
99.06191877575044
99.04502648616834
99.02813419658624
99.01124190700412
98.99434961742202
98.97745732783991
98.9605650382578
98.9436727486757
98.92678045909359
98.90988816951148
98.89299587992937
98.87610359034727
98.85921130076517
98.84231901118305
98.82542672160095
98.80853443201883
98.79164214243673
98.77474985285463
98.75785756327252
98.7409652736904
98.7240729841083
98.7071806945262
98.69028840494408
98.67339611536198
98.65650382577988
98.63961153619776
98.62271924661566
98.60582695703356
98.58893466745144
98.57204237786934
98.55515008828723
98.53825779870513
98.52136550912302
98.50447321954091
98.4875809299588
98.4706886403767
98.45379635079459
98.43690406121249
98.42001177163037
98.40311948204827
98.38622719246617
98.36933490288405
98.35244261330195
98.33555032371984
98.31865803413773
98.30176574455562
98.28487345497352
98.2679811653914
98.2510888758093
98.2341965862272
98.2173042966451
98.20041200706298
98.18351971748088
98.16662742789877
98.14973513831666
98.13284284873455
98.11595055915245
98.09905826957034
98.08216597998823
98.06527369040613
98.04838140082401
98.03148911124191
98.01459682165981
97.99770453207769
97.98081224249559
97.96391995291349
97.94702766333137
97.93013537374927
97.91324308416716
97.89635079458506
97.87945850500294
97.86256621542084
97.84567392583874
97.82878163625662
97.81188934667452
97.79499705709242
97.7781047675103
97.7612124779282
97.7443201883461
97.72742789876398
97.71053560918187
97.69364331959977
97.67675103001766
97.65985874043555
97.64296645085345
97.62607416127133
97.60918187168923
97.59228958210713
97.57539729252503
97.55850500294291
97.5416127133608
97.5247204237787
97.50782813419659
97.49093584461448
97.47404355503238
97.45715126545026
97.44025897586816
97.42336668628606
97.40647439670394
97.38958210712184
97.37268981753974
97.35579752795763
97.33890523837552
97.32201294879341
97.3051206592113
97.2882283696292
97.27133608004709
97.25444379046499
97.23755150088287
97.22065921130077
97.20376692171867
97.18687463213655
97.16998234255445
97.15309005297235
97.13619776339023
97.11930547380813
97.10241318422602
97.0855208946439
97.0686286050618
97.0517363154797
97.0348440258976
97.01795173631548
97.00105944673338
96.98416715715126
96.96727486756916
96.95038257798706
96.93349028840495
96.91659799882284
96.89970570924073
96.88281341965863
96.86592113007652
96.84902884049441
96.83213655091231
96.8152442613302
96.79835197174809
96.78145968216599
96.76456739258387
96.74767510300177
96.73078281341967
96.71389052383756
96.69699823425545
96.68010594467334
96.66321365509123
96.64632136550912
96.62942907592702
96.61253678634492
96.5956444967628
96.5787522071807
96.5618599175986
96.54496762801648
96.52807533843438
96.51118304885227
96.49429075927016
96.47739846968805
96.46050618010595
96.44361389052384
96.42672160094173
96.40982931135963
96.39293702177753
96.37604473219541
96.35915244261331
96.34226015303119
96.32536786344909
96.30847557386699
96.29158328428488
96.27469099470277
96.25779870512066
96.24090641553856
96.22401412595644
96.20712183637434
96.19022954679224
96.17333725721012
96.15644496762802
96.13955267804592
96.1226603884638
96.1057680988817
96.0888758092996
96.07198351971749
96.05509123013537
96.03819894055327
96.02130665097117
96.00441436138905
95.98752207180695
95.97062978222485
95.95373749264273
95.93684520306063
95.91995291347853
95.90306062389641
95.8861683343143
95.8692760447322
95.85238375515009
95.83549146556798
95.81859917598588
95.80170688640376
95.78481459682166
95.76792230723956
95.75103001765746
95.73413772807534
95.71724543849324
95.70035314891113
95.68346085932902
95.66656856974691
95.64967628016481
95.6327839905827
95.61589170100059
95.59899941141849
95.58210712183637
95.56521483225427
95.54832254267217
95.53143025309005
95.51453796350795
95.49764567392585
95.48075338434373
95.46386109476163
95.44696880517952
95.43007651559742
95.4131842260153
95.3962919364332
95.3793996468511
95.36250735726898
95.34561506768688
95.32872277810478
95.31183048852266
95.29493819894056
95.27804590935845
95.26115361977634
95.24426133019423
95.22736904061213
95.21047675103003
95.19358446144791
95.17669217186581
95.15979988228369
95.14290759270159
95.12601530311949
95.10912301353738
95.09223072395527
95.07533843437317
95.05844614479106
95.04155385520895
95.02466156562684
95.00776927604474
94.99087698646262
94.97398469688052
94.95709240729842
94.9402001177163
94.9233078281342
94.9064155385521
94.88952324897
94.87263095938788
94.85573866980577
94.83884638022366
94.82195409064155
94.80506180105945
94.78816951147735
94.77127722189523
94.75438493231313
94.73749264273103
94.72060035314891
94.70370806356681
94.6868157739847
94.66992348440259
94.65303119482049
94.63613890523838
94.61924661565627
94.60235432607416
94.58546203649206
94.56856974690996
94.55167745732784
94.53478516774574
94.51789287816362
94.50100058858152
94.48410829899942
94.46721600941731
94.4503237198352
94.4334314302531
94.41653914067099
94.39964685108887
94.38275456150677
94.36586227192467
94.34896998234255
94.33207769276045
94.31518540317835
94.29829311359623
94.28140082401413
94.26450853443203
94.24761624484992
94.2307239552678
94.2138316656857
94.19693937610359
94.18004708652148
94.16315479693938
94.14626250735728
94.12937021777516
94.11247792819306
94.09558563861096
94.07869334902884
94.06180105944674
94.04490876986463
94.02801648028252
94.01112419070041
93.99423190111831
93.9773396115362
93.96044732195409
93.94355503237199
93.92666274278989
93.90977045320777
93.89287816362567
93.87598587404356
93.85909358446145
93.84220129487935
93.82530900529724
93.80841671571513
93.79152442613302
93.77463213655092
93.7577398469688
93.7408475573867
93.7239552678046
93.70706297822248
93.69017068864038
93.67327839905828
93.65638610947616
93.63949381989406
93.62260153031195
93.60570924072985
93.58881695114773
93.57192466156563
93.55503237198353
93.53814008240141
93.52124779281931
93.5043555032372
93.48746321365509
93.47057092407299
93.45367863449088
93.43678634490877
93.41989405532667
93.40300176574456
93.38610947616246
93.36921718658034
93.35232489699824
93.33543260741612
93.31854031783402
93.30164802825192
93.28475573866982
93.2678634490877
93.2509711595056
93.23407886992348
93.21718658034138
93.20029429075927
93.18340200117717
93.16650971159505
93.14961742201295
93.13272513243085
93.11583284284873
93.09894055326663
93.08204826368453
93.06515597410242
93.04826368452031
93.0313713949382
93.01447910535609
92.99758681577399
92.98069452619188
92.96380223660978
92.94690994702766
92.93001765744556
92.91312536786344
92.89623307828134
92.87934078869924
92.86244849911714
92.84555620953502
92.82866391995292
92.81177163037081
92.7948793407887
92.7779870512066
92.76109476162449
92.74420247204239
92.72731018246027
92.71041789287817
92.69352560329605
92.67663331371395
92.65974102413185
92.64284873454974
92.62595644496763
92.60906415538552
92.59217186580342
92.5752795762213
92.5583872866392
92.5414949970571
92.52460270747498
92.50771041789288
92.49081812831078
92.47392583872866
92.45703354914656
92.44014125956446
92.42324896998235
92.40635668040024
92.38946439081813
92.37257210123602
92.35567981165391
92.33878752207181
92.32189523248971
92.30500294290759
92.28811065332549
92.27121836374339
92.25432607416127
92.23743378457917
92.22054149499706
92.20364920541496
92.18675691583285
92.16986462625074
92.15297233666863
92.13608004708652
92.11918775750442
92.10229546792232
92.0854031783402
92.0685108887581
92.05161859917598
92.03472630959388
92.01783402001178
92.00094173042967
91.98404944084756
91.96715715126545
91.95026486168335
91.93337257210123
91.91648028251913
91.89958799293703
91.88269570335493
91.86580341377281
91.8489111241907
91.83201883460859
91.81512654502649
91.79823425544438
91.78134196586228
91.76444967628017
91.74755738669806
91.73066509711595
91.71377280753384
91.69688051795174
91.67998822836964
91.66309593878752
91.64620364920542
91.62931135962332
91.6124190700412
91.5955267804591
91.578634490877
91.56174220129489
91.54484991171277
91.52795762213067
91.51106533254855
91.49417304296645
91.47728075338435
91.46038846380225
91.44349617422013
91.42660388463803
91.40971159505591
91.39281930547381
91.3759270158917
91.3590347263096
91.34214243672749
91.32525014714538
91.30835785756328
91.29146556798116
91.27457327839906
91.25768098881696
91.24078869923486
91.22389640965274
91.20700412007064
91.19011183048852
91.17321954090642
91.15632725132431
91.13943496174221
91.1225426721601
91.10565038257799
91.08875809299587
91.07186580341377
91.05497351383167
91.03808122424957
91.02118893466745
91.00429664508535
90.98740435550324
90.97051206592113
90.95361977633902
90.93672748675692
90.91983519717482
90.9029429075927
90.8860506180106
90.86915832842848
90.85226603884638
90.83537374926428
90.81848145968218
90.80158917010006
90.78469688051796
90.76780459093584
90.75091230135374
90.73402001177163
90.71712772218953
90.70023543260741
90.68334314302531
90.66645085344321
90.64955856386109
90.63266627427899
90.61577398469689
90.59888169511478
90.58198940553267
90.56509711595056
90.54820482636845
90.53131253678634
90.51442024720424
90.49752795762214
90.48063566804002
90.46374337845792
90.44685108887582
90.4299587992937
90.4130665097116
90.3961742201295
90.37928193054739
90.36238964096528
90.34549735138317
90.32860506180106
90.31171277221895
90.29482048263685
90.27792819305475
90.26103590347263
90.24414361389053
90.22725132430841
90.21035903472631
90.1934667451442
90.1765744555621
90.15968216597999
90.14278987639788
90.12589758681578
90.10900529723367
90.09211300765156
90.07522071806946
90.05832842848736
90.04143613890524
90.02454384932314
90.00765155974102
89.99075927015892
89.97386698057682
89.95697469099471
89.9400824014126
89.9231901118305
89.90629782224838
89.88940553266627
89.87251324308417
89.85562095350207
89.83872866391995
89.82183637433785
89.80494408475575
89.78805179517363
89.77115950559153
89.75426721600942
89.73737492642732
89.7204826368452
89.7035903472631
89.68669805768099
89.66980576809888
89.65291347851678
89.63602118893468
89.61912889935256
89.60223660977046
89.58534432018834
89.56845203060624
89.55155974102414
89.53466745144203
89.51777516185992
89.50088287227781
89.48399058269571
89.4670982931136
89.45020600353149
89.43331371394939
89.41642142436729
89.39952913478517
89.38263684520307
89.36574455562095
89.34885226603885
89.33195997645674
89.31506768687464
89.29817539729252
89.28128310771042
89.2643908181283
89.2474985285462
89.2306062389641
89.213713949382
89.19682165979988
89.17992937021778
89.16303708063568
89.14614479105356
89.12925250147146
89.11236021188935
89.09546792230725
89.07857563272513
89.06168334314303
89.04479105356091
89.02789876397881
89.01100647439671
88.9941141848146
88.97722189523249
88.96032960565039
88.94343731606827
88.92654502648617
88.90965273690406
88.89276044732196
88.87586815773984
88.85897586815774
88.84208357857564
88.82519128899352
88.80829899941142
88.79140670982932
88.77451442024721
88.7576221306651
88.740729841083
88.72383755150088
88.70694526191878
88.69005297233667
88.67316068275457
88.65626839317245
88.63937610359035
88.62248381400823
88.60559152442613
88.58869923484403
88.57180694526193
88.55491465567981
88.5380223660977
88.5211300765156
88.50423778693349
88.48734549735138
88.47045320776928
88.45356091818718
88.43666862860506
88.41977633902296
88.40288404944084
88.38599175985874
88.36909947027664
88.35220718069453
88.33531489111242
88.31842260153032
88.30153031194821
88.2846380223661
88.267745732784
88.25085344320189
88.23396115361979
88.21706886403767
88.20017657445557
88.18328428487345
88.16639199529135
88.14949970570925
88.13260741612714
88.11571512654503
88.09882283696292
88.08193054738081
88.0650382577987
88.0481459682166
88.0312536786345
88.01436138905238
87.99746909947028
87.98057680988818
87.96368452030606
87.94679223072396
87.92989994114185
87.91300765155975
87.89611536197764
87.87922307239553
87.86233078281342
87.84543849323131
87.82854620364921
87.81165391406711
87.79476162448499
87.77786933490289
87.76097704532077
87.74408475573867
87.72719246615657
87.71030017657446
87.69340788699235
87.67651559741024
87.65962330782814
87.64273101824602
87.62583872866392
87.60894643908182
87.59205414949972
87.5751618599176
87.5582695703355
87.54137728075338
87.52448499117128
87.50759270158918
87.49070041200707
87.47380812242496
87.45691583284285
87.44002354326074
87.42313125367863
87.40623896409653
87.38934667451443
87.37245438493231
87.35556209535021
87.3386698057681
87.32177751618599
87.30488522660389
87.28799293702178
87.27110064743968
87.25420835785756
87.23731606827546
87.22042377869334
87.20353148911124
87.18663919952914
87.16974690994704
87.15285462036492
87.13596233078282
87.1190700412007
87.1021777516186
87.0852854620365
87.06839317245439
87.05150088287228
87.03460859329017
87.01771630370807
87.00082401412595
86.98393172454385
86.96703943496175
86.95014714537965
86.93325485579753
86.91636256621543
86.89947027663331
86.8825779870512
86.8656856974691
86.848793407887
86.83190111830488
86.81500882872278
86.79811653914066
86.78122424955856
86.76433195997646
86.74743967039436
86.73054738081224
86.71365509123014
86.69676280164803
86.67987051206592
86.66297822248382
86.64608593290171
86.62919364331961
86.6123013537375
86.59540906415539
86.57851677457327
86.56162448499117
86.54473219540907
86.52783990582697
86.51094761624485
86.49405532666275
86.47716303708063
86.46027074749853
86.44337845791642
86.42648616833432
86.4095938787522
86.3927015891701
86.375809299588
86.35891701000588
86.34202472042378
86.32513243084168
86.30824014125957
86.29134785167746
86.27445556209535
86.25756327251324
86.24067098293114
86.22377869334903
86.20688640376693
86.18999411418481
86.17310182460271
86.15620953502061
86.13931724543849
86.12242495585639
86.10553266627429
86.08864037669218
86.07174808711007
86.05485579752796
86.03796350794585
86.02107121836374
86.00417892878164
85.98728663919954
85.97039434961742
85.95350206003532
85.9366097704532
85.9197174808711
85.902825191289
85.8859329017069
85.86904061212478
85.85214832254267
85.83525603296057
85.81836374337846
85.80147145379635
85.78457916421425
85.76768687463215
85.75079458505003
85.73390229546793
85.71701000588581
85.70011771630371
85.6832254267216
85.6663331371395
85.64944084755739
85.63254855797528
85.61565626839317
85.59876397881106
85.58187168922896
85.56497939964686
85.54808711006474
85.53119482048264
85.51430253090054
85.49741024131842
85.48051795173632
85.46362566215421
85.44673337257211
85.42984108299
85.41294879340789
85.39605650382578
85.37916421424367
85.36227192466157
85.34537963507947
85.32848734549735
85.31159505591525
85.29470276633313
85.27781047675103
85.26091818716893
85.24402589758682
85.2271336080047
85.2102413184226
85.1933490288405
85.17645673925838
85.15956444967628
85.14267216009418
85.12577987051208
85.10888758092996
85.09199529134786
85.07510300176574
85.05821071218364
85.04131842260153
85.02442613301943
85.00753384343732
84.99064155385521
84.9737492642731
84.956856974691
84.93996468510889
84.92307239552679
84.90618010594467
84.88928781636257
84.87239552678047
84.85550323719835
84.83861094761625
84.82171865803414
84.80482636845204
84.78793407886992
84.77104178928782
84.7541494997057
84.7372572101236
84.7203649205415
84.7034726309594
84.68658034137728
84.66968805179518
84.65279576221306
84.63590347263096
84.61901118304885
84.60211889346675
84.58522660388464
84.56833431430253
84.55144202472043
84.53454973513831
84.51765744555621
84.50076515597411
84.483872866392
84.46698057680989
84.45008828722779
84.43319599764567
84.41630370806357
84.39941141848146
84.38251912889936
84.36562683931724
84.34873454973514
84.33184226015304
84.31494997057092
84.29805768098882
84.28116539140672
84.2642731018246
84.2473808122425
84.2304885226604
84.21359623307828
84.19670394349617
84.17981165391407
84.16291936433197
84.14602707474985
84.12913478516775
84.11224249558563
84.09535020600353
84.07845791642143
84.06156562683933
84.04467333725721
84.0277810476751
84.010888758093
83.99399646851089
83.97710417892878
83.96021188934668
83.94331959976458
83.92642731018246
83.90953502060036
83.89264273101824
83.87575044143614
83.85885815185404
83.84196586227193
83.82507357268982
83.80818128310771
83.7912889935256
83.7743967039435
83.75750441436139
83.74061212477929
83.72371983519717
83.70682754561507
83.68993525603297
83.67304296645085
83.65615067686875
83.63925838728665
83.62236609770454
83.60547380812243
83.58858151854032
83.5716892289582
83.5547969393761
83.537904649794
83.5210123602119
83.50412007062978
83.48722778104768
83.47033549146556
83.45344320188346
83.43655091230136
83.41965862271925
83.40276633313714
83.38587404355503
83.36898175397293
83.35208946439082
83.33519717480871
83.31830488522661
83.3014125956445
83.28452030606239
83.26762801648029
83.25073572689817
83.23384343731607
83.21695114773397
83.20005885815186
83.18316656856975
83.16627427898764
83.14938198940553
83.13248969982342
83.11559741024132
83.09870512065922
83.0818128310771
83.064920541495
83.0480282519129
83.03113596233078
83.01424367274868
82.99735138316657
82.98045909358447
82.96356680400235
82.94667451442025
82.92978222483814
82.91288993525603
82.89599764567393
82.87910535609183
82.86221306650971
82.84532077692761
82.82842848734549
82.81153619776339
82.79464390818129
82.77775161859918
82.76085932901707
82.74396703943496
82.72707474985286
82.71018246027074
82.69329017068864
82.67639788110654
82.65950559152444
82.64261330194232
82.62572101236022
82.6088287227781
82.591936433196
82.5750441436139
82.55815185403179
82.54125956444967
82.52436727486757
82.50747498528546
82.49058269570335
82.47369040612125
82.45679811653915
82.43990582695703
82.42301353737493
82.40612124779283
82.38922895821071
82.3723366686286
82.3554443790465
82.3385520894644
82.32165979988228
82.30476751030018
82.28787522071806
82.27098293113596
82.25409064155386
82.23719835197176
82.22030606238964
82.20341377280754
82.18652148322543
82.16962919364332
82.15273690406121
82.13584461447911
82.118952324897
82.10206003531489
82.08516774573279
82.06827545615067
82.05138316656857
82.03449087698647
82.01759858740436
82.00070629782225
81.98381400824015
81.96692171865803
81.95002942907593
81.93313713949382
81.91624484991172
81.8993525603296
81.8824602707475
81.8655679811654
81.84867569158328
81.83178340200118
81.81489111241908
81.79799882283697
81.78110653325486
81.76421424367275
81.74732195409064
81.73042966450853
81.71353737492643
81.69664508534433
81.67975279576221
81.66286050618011
81.64596821659799
81.62907592701589
81.61218363743379
81.59529134785168
81.57839905826957
81.56150676868747
81.54461447910536
81.52772218952325
81.51082989994114
81.49393761035904
81.47704532077694
81.46015303119482
81.44326074161272
81.4263684520306
81.4094761624485
81.3925838728664
81.3756915832843
81.35879929370218
81.34190700412007
81.32501471453796
81.30812242495585
81.29123013537375
81.27433784579165
81.25744555620953
81.24055326662743
81.22366097704533
81.20676868746321
81.18987639788111
81.172984108299
81.1560918187169
81.13919952913479
81.12230723955268
81.10541494997057
81.08852266038846
81.07163037080636
81.05473808122426
81.03784579164214
81.02095350206004
81.00406121247792
80.98716892289582
80.97027663331372
80.95338434373161
80.9364920541495
80.9195997645674
80.90270747498529
80.88581518540317
80.86892289582107
80.85203060623897
80.83513831665687
80.81824602707475
80.80135373749265
80.78446144791053
80.76756915832843
80.75067686874632
80.73378457916422
80.7168922895821
80.7
81.6
81.7
80.0
83.8
81.8
82.2
80.6
81.1
81.6
82.9
75.6
74.7
74.1
76.3
81.8
83.8
86.5
83.5
79.2
81.6
82.0
82.9
82.5
86.2
82.2
79.5
75.8
74.3
75.3
77.9
79.3
80.5
78.7
78.1
78.3
76.9
77.0
76.9
75.9
75.1
73.0
74.7
74.3
73.6
74.0
73.0
73.1
74.6
73.9
73.3
72.3
72.8
74.7
74.2
75.1
74.9
73.5
72.8
72.3
72.5
72.4
74.7
77.1
75.5
73.9
72.8
73.2
72.9
72.4
72.6
73.4
73.2
73.4
72.9
72.5
72.7
73.2
74.3
73.4
75.3
75.8
72.9
76.1
83.4
80.8
98.8
86.7
81.3
88.3
88.3
82.2
77.1
74.2
72.1
71.1
74.2
74.0
75.1
79.2
78.7
79.2
81.0
79.2
79.4
77.6
76.0
76.1
75.2
75.2
83.8
102.6
91.1
81.8
78.7
77.2
75.9
72.4
72.6
78.2
75.6
72.1
69.0
67.2
70.0
72.1
73.3
72.5
72.3
71.6
71.9
71.2
72.2
72.6
72.4
71.8
72.4
74.6
77.9
73.6
73.2
72.2
72.3
73.2
74.7
75.0
75.0
76.3
74.0
73.8
74.1
74.5
75.8
76.3
77.9
79.8
81.3
80.3
79.5
79.6
78.8
77.6
77.1
77.9
77.4
75.8
76.9
76.4
78.2
76.7
76.2
76.7
77.5
77.8
78.7
79.5
77.5
77.3
76.8
77.2
80.5
82.4
81.6
80.8
81.4
79.6
80.3
80.7
80.7
81.2
81.7
81.3
81.0
80.7
81.2
80.0
79.7
80.3
81.3
81.9
81.8
82.0
81.2
80.8
79.9
80.9
78.9
79.4
77.4
78.2
78.0
79.2
79.6
78.9
78.6
81.0
79.0
78.3
78.5
77.7
79.3
82.9
81.4
79.5
77.6
78.9
78.2
78.8
79.1
78.1
78.6
78.0
78.2
76.7
78.6
80.2
80.6
79.8
79.2
79.4
79.0
78.9
79.5
78.5
78.8
77.4
78.2
81.5
81.2
79.0
77.5
78.2
79.9
85.0
84.8
78.3
75.1
72.8
72.1
71.8
71.6
75.1
75.3
72.4
73.1
72.5
76.1
77.2
77.2
76.5
75.7
75.5
73.0
71.6
86.6
102.7
100.9
98.8
93.2
94.0
91.3
85.4
85.8
84.5
77.9
76.0
70.0
69.4
68.80000000000001
68.5
67.8
71.0
69.4
70.7
76.3
66.2
70.1
69.9
62.5
62.5
59.8
58.9
59.0
61.0
61.4
70.0
72.1
71.2
69.7
70.9
71.8
72.7
73.6
73.7
71.1
71.0
71.6
71.1
72.5
72.6
71.7
71.8
70.9
71.6
72.8
73.4
73.5
72.8
72.4
72.4
76.9
77.0
75.4
80.0
77.4
76.3
83.9
76.8
79.2
77.3
77.4
76.6
75.5
75.8
74.9
75.4
77.7
79.3
77.5
77.3
77.5
75.9
75.9
77.4
78.2
77.8
78.2
77.3
76.9
78.7
78.0
78.0
78.1
77.6
78.0
77.4
76.9
76.0
74.6
77.0
76.8
77.7
76.2
76.9
76.1
75.8
76.2
75.7
76.3
75.8
75.8
75.8
77.1
77.6
76.5
75.7
75.1
74.6
74.8
76.6
76.3
75.5
75.1
75.2
75.1
75.6
75.8
74.6
74.6
75.4
75.7
77.1
77.7
76.9
76.7
75.8
76.2
75.8
76.1
76.6
75.5
75.6
76.4
75.9
77.1
76.9
76.2
76.3
78.0
78.8
77.8
78.5
76.8
77.3
76.3
78.3
77.2
78.2
77.0
74.8
76.4
78.3
76.7
76.9
76.3
76.1
76.1
79.5
79.6
78.8
78.2
81.0
76.0
75.3
74.6
74.3
73.4
74.1
74.3
75.6
75.3
74.3
73.5
74.9
75.0
76.3
76.7
75.4
75.6
74.7
75.0
74.2
73.9
72.9
74.0
74.4
74.1
74.0
73.2
73.3
73.2
73.8
74.2
73.9
73.4
73.6
73.6
75.1
74.1
73.7
74.2
74.3
73.1
76.7
76.6
75.2
75.1
75.0
74.5
73.8
73.9
74.7
74.3
72.1
77.9
75.9
74.0
74.8
76.5
77.0
75.5
74.0
71.2
81.6
74.6
75.6
75.2
74.2
73.6
75.0
73.6
73.5
73.5
73.8
75.8
76.0
76.0
74.0
73.9
75.0
73.0
72.7
72.9
73.4
73.2
74.0
75.3
172.3
302.7
191.1
74.8
74.8
76.1
75.9
75.3
77.5
74.9
74.0
73.2
72.6
74.6
73.4
73.9
73.7
73.8
74.4
75.6
74.9
75.5
74.8
75.3
74.5
74.1
74.9
74.8
76.0
77.3
74.3
75.3
74.9
74.8
74.3
75.7
75.4
76.6
75.4
77.2
77.7
82.3
93.6
96.3
90.4
87.3
90.8
99.4
100.5
102.8
99.8
97.1
93.2
91.2
89.6
90.7
89.9
86.2
78.5
86.4
85.8
83.4
80.9
78.8
78.3
78.4
77.3
76.3
76.1
75.7
75.5
75.4
75.0
76.8
75.9
76.5
76.0
75.9
75.9
76.0
75.5
76.2
76.5
74.8
74.3
75.9
78.1
75.7
74.4
74.9
74.9
74.5
73.8
74.7
73.9
75.0
74.4
73.7
74.2
75.6
74.8
73.5
72.6
73.0
72.7
73.3
71.7
71.9
73.1
74.2
74.1
185.0
143.5
74.6
74.8
76.2
76.8
76.1
76.7
79.8
75.8
74.9
75.5
76.0
78.0
77.7
75.4
76.2
76.5
75.7
74.6
74.9
208.2
143.0
104.9
76.7
77.2
76.9
76.3
78.3
76.9
80.1
79.7
79.2
80.4
79.6
80.9
77.1
75.5
76.4
78.6
79.3
78.9
77.9
76.0
74.9
73.1
72.5
71.9
71.9
72.0
72.2
72.0
71.9
71.8
71.7
71.3
71.5
71.3
71.4
72.1
71.9
71.8
71.3
70.6
70.8
71.0
71.1
71.9
72.8
72.9
72.7
72.0
72.0
71.6
72.0
72.2
71.9
71.9
72.1
72.6
74.5
73.7
74.6
74.5
74.9
74.0
73.0
72.2
72.9
72.9
73.3
74.5
74.0
74.1
73.9
74.9
74.5
74.2
73.4
72.9
73.3
74.1
74.4
75.0
74.8
75.0
75.0
75.0
75.0
74.7
74.4
75.1
75.0
75.1
75.0
75.8
76.7
76.3
76.9
78.4
187.0
211.6
79.1
79.8
80.7
81.5
81.1
81.8
81.4
82.6
83.2
83.6
81.5
81.8
81.6
82.0
85.2
84.2
84.6
85.2
84.0
84.0
85.5
84.9
83.7
82.8
81.6
80.6
80.2
79.2
79.1
80.3
79.4
79.8
80.4
80.9
82.7
81.9
82.9
81.1
80.6
80.1
80.3
80.0
81.4
81.7
80.3
80.5
81.0
81.7
81.3
81.9
84.1
88.6
85.7
83.8
81.5
81.2
83.5
84.0
83.0
83.9
81.7
81.2
81.4
82.0
81.4
82.0
82.9
82.8
83.0
83.2
83.8
83.5
84.1
82.8
81.7
83.1
82.7
82.6
82.8
82.0
82.3
81.9
82.4
83.6
84.7
84.0
90.4
85.1
80.9
78.7
78.3
78.7
80.7
79.4
78.7
77.6
78.1
77.9
78.3
78.1
78.4
78.0
78.2
78.4
78.7
78.6
78.6
78.9
78.3
78.4
77.4
77.8
77.1
77.2
77.8
77.6
77.2
77.5
77.0
77.9
78.9
78.4
77.9
77.3
81.8
122.3
112.6
76.4
76.6
76.9
76.9
77.8
78.4
78.6
78.2
76.8
76.4
76.1
77.4
78.8
79.0
78.0
77.8
77.6
77.6
77.6
79.3
84.9
82.1
79.1
77.2
76.3
75.9
76.1
83.3
87.0
86.6
81.7
78.4
77.4
79.3
79.7
79.2
79.9
81.8
78.2
75.0
73.9
74.6
76.0
78.3
80.2
79.1
78.9
78.4
78.3
102.7
154.7
137.6
85.5
79.5
80.1
78.4
78.3
78.6
77.3
77.2
76.5
75.5
75.4
75.4
75.8
75.8
75.4
75.2
74.8
75.1
75.0
75.7
76.3
75.9
75.8
76.3
75.3
73.7
73.6
74.5
74.9
77.7
79.7
80.0
77.5
76.5
77.3
78.1
77.6
76.6
77.3
78.0
77.5
78.0
79.8
79.6
79.0
79.2
77.7
120.9
83.0
82.2
79.5
76.3
73.2
59.9
73.6
81.4
84.3
86.0
85.1
109.5
84.4
83.4
80.6
80.4
79.9
78.5
74.6
71.7
75.2
76.1
82.3
90.3
83.6
83.7
83.0
79.9
78.9
80.2
81.3
80.8
79.1
80.2
109.3
138.6
236.4
231.1
160.1
80.8
78.7
76.6
76.6
77.2
78.2
79.6
78.8
80.0
78.9
80.9
85.2
84.4
83.2
81.4
80.5
80.9
80.4
80.9
80.8
80.6
82.1
84.1
83.6
83.5
83.5
82.9
83.5
83.1
83.9
81.7
81.3
81.4
81.2
83.0
82.7
84.8
84.0
82.3
83.2
83.2
82.3
81.6
83.1
82.9
82.3
81.6
82.5
82.9
84.9
85.5
85.7
84.3
82.8
81.9
82.0
82.6
84.9
84.9
85.1
86.7
87.3
88.1
87.6
86.8
88.6
89.2
96.3
94.3
97.5
95.2
91.6
90.6
88.4
87.0
87.7
88.7
89.1
88.8
89.3
90.2
92.7
90.9
89.0
89.6
89.6
91.3
90.9
91.3
90.9
91.9
92.0
94.0
94.1
96.0
95.5
96.3
92.5
132.8
134.9
99.6
101.0
99.0
100.1
106.3
102.5
104.5
101.9
101.9
102.1
101.1
101.4
102.4
99.9
99.1
97.4
97.1
96.8
97.3
116.7
112.8
96.5
94.8
95.6
94.9
96.7
97.1
96.5
92.1
94.5
93.5
92.3
91.8
91.1
91.7
93.8
93.1
90.8
92.8
92.1
92.1
91.1
92.1
92.6
93.4
93.8
93.8
93.4
95.2
96.5
94.3
95.9
93.5
93.9
93.6
93.4
90.7
92.9
94.0
94.2
94.0
94.6
95.0
93.4
92.7
94.2
95.9
94.5
94.9
98.5
101.0
103.1
105.2
105.9
107.6
106.9
106.7
105.7
105.4
103.5
105.7
102.7
101.1
100.1
104.1
96.7
97.9
97.2
98.1
99.2
99.1
98.9
98.2
97.7
97.0
96.1
95.0
95.9
95.6
95.8
95.1
96.4
97.0
96.4
95.9
95.4
95.6
96.6
96.7
97.1
97.8
97.0
96.6
96.3
95.0
95.4
96.1
96.7
97.9
96.5
96.3
97.6
98.4
115.6
108.6
97.3
96.6
90.5
85.2
87.8
91.2
88.8
87.2
85.0
84.9
86.9
88.6
89.3
88.3
86.4
85.9
84.3
85.0
83.5
80.3
82.1
80.2
87.2
88.4
86.0
87.2
89.7
93.7
93.1
90.9
88.8
88.4
87.5
88.9
107.0
89.1
90.1
91.1
92.5
101.8
107.8
102.8
98.8
95.9
92.9
90.7
88.8
89.4
90.2
88.4
88.0
88.4
89.4
89.2
87.8
86.4
84.4
86.9
86.8
85.1
86.9
85.2
87.0
88.2
88.3
86.1
88.9
86.3
93.5
91.8
90.3
85.6
84.6
83.6
84.0
85.4
88.6
87.8
83.2
85.3
82.9
79.1
76.7
78.3
81.2
78.7
78.9
76.1
76.0
75.7
84.4
80.2
147.6
203.4
260.6
98.3
77.1
107.2
85.9
90.4
91.3
94.1
91.1
87.7
86.3
86.9
82.4
82.0
79.1
87.2
84.5
80.1
89.9
94.6
94.6
90.5
92.7
92.6
99.0
92.2
92.1
93.9
96.3
97.0
96.0
95.1
94.5
96.0
96.5
99.4
100.7
98.7
95.5
99.2
97.9
100.2
104.3
102.4
99.7
100.3
99.8
99.3
101.1
102.2
102.7
103.0
102.2
103.3
105.0
101.4
101.8
100.4
99.3
101.2
104.5
116.9
115.9
107.4
98.8
104.2
105.1
101.0
96.9
93.9
91.9
92.0
93.9
92.0
94.9
94.7
93.0
92.2
89.0
91.3
90.9
91.5
94.9
96.0
93.5
95.8
91.8
94.3
94.5
95.7
94.5
91.6
91.2
92.7
95.5
95.1
97.6
98.3
100.1
96.0
95.5
95.3
96.2
96.1
94.2
94.6
94.3
93.4
93.8
94.9
94.9
95.1
94.3
94.0
96.9
98.1
96.9
92.9
92.5
92.3
91.2
92.9
91.7
171.3
150.1
98.3
99.7
99.2
97.1
95.8
95.3
95.3
96.3
97.1
97.1
98.4
99.1
96.2
95.1
92.4
98.3
96.2
93.5
94.7
94.2
96.9
99.1
96.4
98.8
98.3
97.3
99.5
99.0
99.2
97.5
96.2
94.3
94.4
99.6
97.3
100.3
101.1
100.8
96.7
103.3
101.2
97.3
85.4
90.4
87.7
89.0
89.8
97.5
100.6
99.0
96.9
94.7
95.7
98.8
98.3
94.5
93.4
90.5
92.5
93.4
90.5
91.3
91.3
87.9
87.3
86.7
81.6
80.8
84.0
107.2
109.4
108.4
104.4
110.1
115.9
110.7
110.1
101.1
96.3
94.1
90.1
91.6
91.3
87.2
86.5
85.3
83.5
89.4
99.1
99.2
100.6
103.3
103.5
102.5
103.1
96.0
92.3
95.7
103.2
93.8
101.8
96.3
90.4
87.6
87.1
88.3
87.4
84.9
81.2
79.7
79.5
82.9
82.2
78.9
79.1
164.9
244.1
215.9
145.4
75.3
73.3
73.2
74.0
75.1
77.9
75.0
76.2
74.5
74.2
76.4
79.8
76.9
79.8
85.3
80.2
75.5
73.9
75.3
76.1
76.1
76.8
208.4
122.0
79.0
77.2
75.7
74.8
76.2
76.9
76.2
75.3
76.9
79.3
78.8
77.9
76.4
75.5
76.6
78.1
79.3
80.2
78.9
77.5
77.5
76.4
79.5
80.8
83.3
81.4
79.5
80.9
82.2
81.9
82.0
81.3
79.2
81.6
80.4
81.4
84.1
83.8
82.7
84.3
83.4
81.4
82.8
83.7
80.5
80.0
79.6
81.7
82.4
82.7
83.5
81.7
80.1
81.5
81.4
83.9
82.8
77.3
74.7
74.6
79.5
81.5
83.6
83.7
82.5
84.6
80.9
76.8
75.1
75.0
76.2
81.5
83.5
83.7
82.9
83.2
82.4
105.6
99.9
76.6
79.7
79.7
82.0
82.3
99.5
101.7
90.7
85.9
86.6
81.8
76.0
76.0
77.9
80.6
81.4
82.9
86.6
85.4
82.5
79.3
75.2
73.2
75.3
75.4
79.3
81.3
82.3
81.9
81.0
80.0
78.6
79.2
82.0
81.3
78.6
76.3
73.6
75.7
80.2
81.5
81.8
79.7
80.8
80.0
78.5
78.6
79.7
80.9
81.7
78.3
76.1
76.9
78.9
81.5
81.7
80.4
79.9
78.6
77.0
78.6
79.4
77.9
78.9
80.7
80.7
82.9
80.1
77.9
77.0
77.7
80.6
79.3
82.2
80.5
78.8
76.9
73.3
75.2
78.6
80.4
82.4
80.9
81.9
79.5
79.1
78.2
76.6
77.3
76.1
77.2
79.7
79.2
80.5
79.5
77.2
77.9
78.6
78.6
79.0
78.3
77.9
77.0
77.7
80.3
78.7
80.1
80.5
78.9
79.0
79.2
80.5
81.3
82.5
82.5
81.6
81.0
82.7
81.3
81.5
82.6
80.2
80.4
77.8
79.5
80.1
79.9
81.1
83.5
83.2
83.8
84.0
82.3
83.8
83.5
82.7
82.3
81.6
80.8
79.9
82.6
82.9
82.9
84.3
84.5
84.4
87.4
86.6
82.8
82.3
82.9
85.7
86.0
83.3
81.2
79.10000000000001
78.40645161290323
77.00967741935484
75.61290322580645
74.21612903225807
72.81935483870967
71.42258064516129
70.02580645161291
68.62903225806451
67.23225806451613
65.83548387096775
64.43870967741935
63.04193548387097
61.64516129032258
60.248387096774195
58.851612903225806
57.45483870967742
56.058064516129036
54.66129032258064
53.26451612903226
51.86774193548387
50.47096774193548
49.07419354838709
47.677419354838705
46.28064516129032
44.883870967741935
43.487096774193546
42.09032258064516
40.69354838709677
39.29677419354839
37.9
38.0
38.0
38.0
38.0
38.0
38.0
38.0
38.0
38.0
38.0
38.0
38.0
38.0
38.0
38.0
38.0
38.0
38.0
38.0
38.0
38.0
38.0
38.0
38.0
38.0
38.0
38.0
38.0
38.0
38.0
38.0
38.0
38.0
38.0
37.89846153846154
37.847692307692306
37.79692307692308
37.746153846153845
37.69538461538462
37.644615384615385
37.59384615384615
37.543076923076924
37.49230769230769
37.441538461538464
37.39076923076923
37.34
37.28923076923077
37.238461538461536
37.18769230769231
37.136923076923075
37.08615384615385
37.035384615384615
36.98461538461539
36.933846153846154
36.88307692307692
36.832307692307694
36.78153846153846
36.73076923076923
36.68
36.62923076923077
36.57846153846154
36.527692307692305
36.47692307692308
36.426153846153845
36.37538461538462
36.324615384615385
36.27384615384616
36.223076923076924
36.1723076923077
36.121538461538464
36.07076923076923
36.02
35.96923076923077
35.91846153846154
35.86769230769231
35.816923076923075
35.76615384615385
35.715384615384615
35.66461538461539
35.613846153846154
35.56307692307693
35.512307692307694
35.46153846153847
35.41076923076923
35.36
35.30923076923077
35.25846153846154
35.20769230769231
35.15692307692308
35.10615384615385
35.05538461538462
35.004615384615384
34.95384615384616
34.903076923076924
34.8523076923077
34.80153846153846
34.75076923076924
34.7
87.7
77.3
58.2
72.1
91.2
92.7
94.3
95.3
95.0
97.5
97.4
97.5
94.7
93.1
93.9
88.4
83.2
76.1
73.6
78.9
83.9
88.6
90.9
92.3
90.3
88.6
84.9
81.5
79.8
77.6
76.8
77.0
80.0
81.9
82.3
84.2
82.4
78.1
74.7
69.0
67.0
65.8
65.7
70.2
71.0
72.2
72.6
70.4
68.9
68.8
69.8
71.3
72.3
73.0
72.2
69.3
67.7
70.7
68.0
67.0
66.8
67.3
69.0
70.4
70.0
70.9
69.9
68.2
67.3
67.4
66.3
68.7
69.4
69.9
70.3
68.9
67.5
66.1
66.9
66.7
69.3
69.3
69.8
69.1
69.5
68.0
68.4
68.8
70.2
70.5
70.0
70.4
70.4
69.3
57.5
67.1
65.9
64.7
64.1
66.3
67.4
68.7
70.2
70.3
73.9
72.8
72.7
71.8
70.1
68.0
64.7
63.6
62.9
63.6
66.0
67.9
70.6
69.3
69.4
68.7
68.1
68.5
69.5
68.6
68.6
69.3
68.0
69.4
70.0
70.8
70.5
71.4
71.4
71.3
71.6
72.1
72.3
72.0
72.1
74.3
75.4
75.5
73.7
74.8
76.3
77.1
78.2
77.2
77.4
77.3
77.7
75.3
75.6
76.8
73.6
71.7
73.7
74.4
74.3
74.7
77.1
74.6
76.9
75.6
72.4
71.7
72.5
75.8
80.3
91.6
92.5
80.9
77.0
75.4
79.9
81.2
79.1
77.2
79.2
77.8
75.2
74.7
78.6
79.0
78.4
79.5
82.0
80.8
76.1
67.6
82.0
59.6
79.9
59.3
38.2
38.0
38.0
38.0
38.0
38.5
39.0
39.0
39.0
39.4
40.0
64.5
90.8
91.7
89.1
87.7
88.3
87.3
86.0
88.0
89.3
88.2
85.4
80.2
71.5
71.9
71.8
70.5
70.5
69.5
68.2
67.3
67.2
68.0
68.2
69.2
69.3
68.7
68.6
68.4
68.2
67.7
66.8
65.4
66.4
66.6
67.3
67.9
66.4
66.1
65.9
67.1
67.9
68.4
66.5
66.2
68.1
69.4
69.9
69.6
67.8
67.7
67.4
69.8
71.2
71.1
67.9
65.9
66.7
66.7
65.3
65.0
66.4
66.6
69.0
70.9
73.0
73.0
73.0
72.7
71.1
37.1
20.2
4.0
4.0
4.0
3.4
3.0
3.0
3.0
3.0
3.0
3.0
3.0
3.0
3.0
49.2
55.2
72.5
67.6
72.3
72.1
72.3
71.2
70.7
70.5
68.9
69.0
67.0
68.8
68.4
68.7
69.7
70.2
70.1
69.4
68.7
67.9
68.1
68.0
68.7
68.4
68.9
68.4
67.2
65.9
65.9
65.1
66.1
68.3
58.4
65.2
72.2
70.2
72.1
74.5
73.0
70.9
70.3
69.8
68.3
67.9
67.6
68.8
69.0
69.0
64.2
69.1
68.3
60.9
74.1
75.4
77.4
78.5
76.5
65.3
57.1
53.5
53.8
51.4
19.1
9.3
46.5
42.8
42.9
43.0
51.0
74.3
76.0
75.8
74.3
74.3
73.3
73.3
74.0
74.0
73.5
72.4
72.9
71.7
71.4
71.2
74.9
74.5
77.6
69.4
77.4
75.8
72.7
71.6
72.7
72.6
73.6
74.5
77.4
76.2
75.9
75.0
74.3
74.6
75.4
75.4
75.6
75.8
77.9
78.8
78.1
79.5
78.5
78.0
61.1
76.6
77.0
76.6
75.5
78.1
68.3
54.8
43.1
33.9
51.9
70.8
67.6
66.7
62.4
60.2
55.7
48.6
44.4
40.4
38.5
37.6
37.2
36.7
37.1
37.8
35.4
39.9
42.8
40.9
40.4
39.1
46.3
68.4
68.7
53.9
49.9
52.5
54.6
56.5
59.9
51.5
50.4
46.7
49.2
44.0
40.8
39.0
38.6
38.0
37.5
37.4
37.9
37.5
60.7
73.3
77.2
78.8
79.9
79.0
60.0
47.8
43.6
39.3
37.5
37.0
36.7
36.5
36.0
36.0
36.0
35.7
36.0
36.0
35.3
35.1
36.0
36.0
36.0
35.4
78.5
43.7
45.9
51.1
54.6
55.7
59.0
61.8
64.8
61.5
47.5
41.2
37.8
37.0
36.0
36.0
67.6
54.6
39.3
37.2
36.6
36.6
38.5
39.8
40.8
41.2
42.2
42.9
42.5
76.9
62.4
61.1
51.9
102.4
142.0
102.5
97.1
95.9
92.0
89.4
92.2
90.4
88.8
88.3
88.6
90.7
87.6
86.6
86.6
86.9
85.7
85.6
83.2
84.0
85.2
84.0
85.4
81.6
83.3
85.3
82.8
81.7
81.2
81.8
80.5
80.0
80.2
81.3
82.0
78.9
80.9
81.5
79.5
74.9
82.0
78.6
79.7
78.3
77.1
82.5
82.7
82.5
76.7
75.8
74.0
72.9
72.7
71.9
70.5
72.7
71.0
70.5
69.9
69.6
69.7
70.3
70.3
71.6
71.3
70.5
68.4
68.9
70.1
71.8
75.2
74.0
72.4
75.5
75.2
75.0
72.8
71.7
71.6
72.7
76.2
82.4
85.0
83.2
83.5
89.7
83.8
83.9
79.9
84.5
85.0
84.2
85.1
83.7
82.7
68.0
65.0
40.5
70.4
68.0
69.8
66.5
69.0
68.0
67.1
67.8
66.6
69.6
70.6
65.6
69.4
67.6
68.0
68.0
67.8
67.3
65.0
63.1
62.6
61.2
60.0
59.2
59.7
59.1
57.8
56.8
55.5
62.4
69.3
80.6
81.9
82.6
81.1
79.0
80.4
77.4
76.8
75.6
75.4
76.6
76.4
78.8
75.4
74.2
74.0
74.8
73.4
73.2
74.6
75.2
76.0
76.8
76.8
78.2
76.9
75.7
75.6
75.0
75.6
77.0
76.6
75.7
76.4
74.9
74.5
74.4
76.4
75.0
75.1
76.8
75.7
76.8
74.8
75.6
79.1
77.2
79.6
78.6
80.0
83.5
81.0
76.2
66.4
87.2
107.7
98.1
91.8
95.4
93.3
86.0
82.5
82.4
81.8
81.3
82.6
83.8
85.5
195.5
251.9
141.1
89.6
82.7
81.8
80.6
81.2
80.8
81.8
79.9
80.3
90.9
87.5
87.1
81.6
90.7
91.1
87.6
85.2
79.8
77.6
78.6
80.6
82.5
83.5
87.8
84.7
82.6
80.1
78.0
78.0
76.6
77.7
80.1
81.8
81.1
79.6
81.4
82.1
81.1
80.9
149.8
104.3
77.4
76.7
77.8
78.2
80.1
79.3
80.5
79.2
78.0
76.7
77.1
78.1
78.0
78.8
79.2
80.2
79.6
78.8
78.9
78.3
78.8
78.1
77.2
77.6
77.5
78.5
78.5
79.1
81.2
80.1
79.2
78.8
78.4
77.7
78.9
79.7
80.5
82.1
82.0
82.0
81.3
80.9
80.7
80.1
79.5
78.6
78.7
79.3
78.2
78.0
78.0
76.8
77.9
79.1
80.1
79.7
78.4
79.5
79.5
81.0
85.3
97.2
89.0
80.3
77.2
76.9
77.2
77.0
77.1
78.6
79.4
79.9
80.4
80.4
79.6
78.8
78.2
77.7
78.9
78.9
80.3
79.7
78.7
78.1
79.2
79.1
78.8
80.2
79.1
79.6
78.5
78.4
79.9
79.0
80.2
82.6
82.0
81.1
82.8
84.9
86.9
89.8
93.2
94.0
95.7
95.2
95.3
92.5
92.1
90.8
90.0
90.6
89.1
89.8
89.2
88.4
89.3
88.1
88.0
88.2
88.8
89.8
88.1
87.4
86.2
86.8
85.5
86.5
87.5
87.9
88.2
86.8
87.4
87.0
86.4
85.7
85.1
84.4
84.3
84.5
84.8
85.5
85.6
84.9
84.5
84.0
85.1
84.3
84.5
84.3
84.3
84.4
83.0
84.0
85.1
87.9
84.5
83.9
83.9
69.4
64.2
70.3
79.1
83.8
84.6
86.9
84.9
84.4
82.3
81.6
79.9
79.6
77.7
78.1
77.3
86.2
93.0
87.2
82.3
79.3
76.7
75.7
74.4
74.0
74.1
76.3
77.0
77.4
77.0
76.2
75.8
75.3
76.2
74.9
74.9
74.5
73.5
74.3
74.6
75.4
76.0
77.9
75.7
75.0
73.8
74.2
73.4
73.8
74.6
75.3
74.5
75.6
73.8
74.0
74.2
74.2
74.6
165.8
225.2
228.3
231.0
130.2
120.8
74.8
73.4
74.4
75.8
73.1
66.6
72.8
72.5
72.7
73.7
73.2
74.3
78.4
77.3
76.19999999999999
77.503125
77.6046875
77.70625
77.8078125
77.909375
78.0109375
78.1125
78.2140625
78.315625
78.4171875
78.51875
78.6203125
78.721875
78.8234375
78.925
79.0265625
79.128125
79.2296875
79.33125
79.4328125
79.534375
79.6359375
79.7375
79.8390625
79.940625
80.0421875
80.14375
80.2453125
80.346875
80.4484375
80.55
80.6515625
80.753125
80.8546875
80.95625
81.0578125
81.159375
81.2609375
81.3625
81.4640625
81.565625
81.6671875
81.76875
81.8703125
81.971875
82.0734375
82.175
82.2765625
82.378125
82.4796875
82.58125
82.6828125
82.784375
82.8859375
82.9875
83.0890625
83.190625
83.2921875
83.39375
83.4953125
83.596875
83.6984375
83.8
83.9015625
84.003125
84.1046875
84.20625
84.3078125
84.409375
84.5109375
84.6125
84.7140625
84.815625
84.9171875
85.01875
85.1203125
85.221875
85.3234375
85.425
85.5265625
85.628125
85.7296875
85.83125
85.9328125
86.034375
86.1359375
86.2375
86.3390625
86.440625
86.5421875
86.64375
86.7453125
86.846875
86.9484375
87.05
87.1515625
87.253125
87.3546875
87.45625
87.5578125
87.659375
87.7609375
87.8625
87.9640625
88.065625
88.1671875
88.26875
88.3703125
88.471875
88.5734375
88.675
88.7765625
88.878125
88.9796875
89.08125
89.1828125
89.284375
89.3859375
89.4875
89.5890625
89.690625
89.7921875
89.89375
89.9953125
90.096875
90.1984375
90.3
90.4015625
90.503125
90.6046875
90.70625
90.8078125
90.909375
91.0109375
91.1125
91.2140625
91.315625
91.4171875
91.51875
91.6203125
91.721875
91.8234375
91.925
92.0265625
92.128125
92.2296875
92.33125
92.4328125
92.534375
92.6359375
92.7375
92.8390625
92.940625
93.0421875
93.14375
93.2453125
93.346875
93.4484375
93.55
93.6515625
93.753125
93.8546875
93.95625
94.0578125
94.159375
94.2609375
94.3625
94.4640625
94.565625
94.6671875
94.76875
94.8703125
94.971875
95.0734375
95.175
95.2765625
95.378125
95.4796875
95.58125
95.6828125
95.784375
95.8859375
95.9875
96.0890625
96.190625
96.2921875
96.39375
96.4953125
96.596875
96.6984375
96.8
98.2
111.4
107.1
96.1
101.7
107.30000000000001
109.63333333333333
113.6
110.7
112.3
114.4
114.8
112.3
112.0
114.2
123.1
129.3
131.9
124.9
126.2
125.3
125.5
83.2
85.0
83.3
84.3
81.0
76.9
78.5
79.3
75.5
74.4
82.2
82.6
79.2
77.1
76.8
75.0
74.0
74.0
84.8
87.6
82.6
87.3
90.8
84.7
80.6
78.7
77.8
76.0
74.0
71.8
71.7
72.7
73.5
75.5
76.4
76.1
75.0
75.5
76.1
78.0
78.3
78.0
75.7
69.5
68.6
69.3
71.0
72.4
75.1
76.7
80.7
79.8
80.4
80.3
79.5
77.3
68.9
66.1
67.0
68.3
68.7
71.2
73.4
73.6
74.6
75.1
75.6
66.38888888888889
62.03333333333333
57.67777777777778
53.32222222222222
48.96666666666666
44.61111111111111
40.25555555555555
35.9
60.7
61.3
62.3
63.2
63.8
64.3
64.3
64.4
64.3
64.8
65.8
65.8
65.4
65.6
65.5
65.6
66.2
67.9
70.5
72.8
74.1
70.9
68.9
66.3
65.9
65.9
65.6
65.7
65.1
64.8
64.7
64.3
64.5
64.8
64.7
65.2
65.4
65.3
66.7
66.4
66.7
66.8
67.6
67.5
67.8
67.6
67.3
67.1
66.5
151.0
184.0
194.6
64.7
64.8
64.3
65.8
65.7
65.2
66.4
66.1
65.9
66.0
66.3
65.9
66.0
65.4
65.6
65.1
66.9
66.7
67.3
66.8
67.7
69.3
70.3
72.1
73.9
74.9
75.4
75.3
75.3
74.5
74.8
73.7
73.4
72.5
72.8
72.2
72.3
71.6
70.9
71.3
70.0
69.1
69.0
68.4
68.4
67.8
68.1
68.5
68.3
67.9
68.3
67.8
67.8
67.6
67.4
67.0
68.6
67.5
67.9
68.3
66.8
66.7
66.3
67.2
66.5
67.6
67.4
67.5
67.2
67.1
66.8
67.8
68.0
67.5
66.6
67.4
67.4
67.4
67.6
68.3
69.0
69.0
68.5
67.4
67.0
66.1
66.7
66.5
66.2
66.7
66.2
65.0
65.3
65.6
66.4
65.6
67.0
66.1
67.2
66.2
65.4
65.9
65.3
65.9
65.9
64.5
64.6
64.5
63.7
64.4
65.6
65.2
64.1
64.6
64.0
64.5
64.5
63.8
64.1
64.2
64.0
63.9
62.8
64.3
64.4
64.9
65.1
64.7
64.6
62.9
63.0
64.5
243.3
302.8
298.4
68.1
64.0
63.1
63.1
62.1
62.8
63.1
62.7
63.0
63.3
63.1
62.7
62.9
61.7
61.7
60.7
60.5
60.6
61.1
60.2
60.4
62.4
70.3
67.5
67.7
67.2
66.5
66.9
66.1
67.4
66.8
66.9
65.9
65.3
66.2
67.0
67.4
67.9
67.1
67.3
67.0
67.6
67.5
68.2
68.0
67.1
67.4
66.8
67.2
66.9
67.2
67.3
67.6
68.0
68.8
67.9
68.7
106.8
199.0
233.7
82.1
77.3
76.1
76.1
76.4
76.4
76.2
75.6
76.2
74.8
75.1
75.2
74.7
74.9
74.9
75.4
75.5
75.8
74.4
73.6
73.0
72.5
72.8
74.0
74.7
73.2
73.2
73.6
73.4
74.1
73.2
75.3
73.5
73.3
72.9
73.5
72.4
72.6
72.7
73.5
72.9
73.6
74.6
75.2
68.2
61.4
60.0
59.8
60.7
63.6
65.6
68.2
70.6
73.2
75.7
75.5
77.1
76.7
75.9
75.5
74.2
74.2
75.1
74.6
73.1
74.1
73.7
74.2
74.3
74.4
75.0
73.9
75.4
74.5
75.0
74.5
74.2
74.3
75.2
75.5
76.1
76.5
76.5
77.1
77.7
78.6
77.9
77.4
77.7
78.2
79.2
78.3
78.3
79.6
80.4
79.3
78.7
79.7
80.4
73.7
66.3
64.9
65.1
65.6
68.9
72.8
74.1
89.8
101.3
94.3
90.7
88.5
87.9
86.6
85.9
84.1
83.9
82.7
81.6
81.9
80.9
79.5
79.5
80.2
78.9
78.7
80.8
81.5
81.1
79.7
77.3
78.7
79.0
77.5
78.4
78.9
79.3
80.4
81.0
80.2
82.1
83.0
82.2
82.3
83.4
82.4
75.8
71.9
72.5
73.1
74.4
74.6
75.0
76.3
75.0
75.7
76.3
74.7
73.9
74.3
72.4
70.4
70.7
70.2
70.6
71.4
70.9
70.6
72.2
72.2
76.4
72.9
71.3
72.0
71.8
71.6
71.4
70.9
70.5
69.4
70.1
70.1
70.2
68.8
69.9
69.3
69.7
69.6
67.7
69.8
68.1
68.9
68.8
71.4
69.8
70.2
68.6
69.9
69.5
70.8
69.1
66.8
68.4
68.2
68.9
68.0
68.0
68.1
68.9
67.7
67.8
67.5
68.1
67.1
67.4
68.0
66.2
67.5
67.9
68.4
68.2
69.3
68.6
68.3
69.1
68.7
69.3
69.0
69.2
68.4
67.6
68.9
69.2
68.4
69.0
68.3
68.5
68.4
68.6
68.8
70.5
70.2
69.2
69.3
68.8
68.1
68.6
68.8
69.2
69.4
69.9
70.1
68.6
70.5
70.8
70.0
70.2
70.8
71.0
69.6
68.9
67.6
69.0
70.3
70.2
71.1
71.3
70.9
70.1
70.8
70.5
70.8
72.7
74.2
74.6
73.7
72.2
70.6
68.6
70.3
69.2
68.5
73.2
73.4
69.9
69.3
69.1
73.0
72.9
73.4
75.1
75.4
75.2
70.4
76.4
76.4
72.5
78.4
76.3
77.0
78.5
77.0
75.7
75.3
76.2
77.8
78.2
78.3
78.8
78.8
79.1
78.1
80.2
79.3
79.2
77.8
77.9
70.7
69.5
66.7
65.8
68.2
69.5
68.9
68.0
66.7
67.1
65.9
60.2
57.9
60.0
62.7
65.0
66.6
66.8
70.6
69.6
70.0
73.1
72.9
72.4
71.5
70.3
70.7
70.8
68.4
68.2
69.5
67.8
59.5
57.9
58.4
60.9
63.6
65.8
68.1
68.4
69.7
70.3
71.7
72.4
71.1
71.1
70.7
71.5
71.3
76.5
78.3
77.1
73.1
61.5
56.2
56.4
144.6
145.0
60.0
63.1
67.8
71.9
75.2
76.9
78.3
78.1
78.5
77.3
77.8
76.2
75.9
76.1
75.6
75.1
74.5
73.9
73.9
73.0
72.7
72.7
72.6
71.8
70.7
70.8
70.9
71.7
71.9
73.2
74.2
71.2
69.4
68.6
68.0
69.1
70.0
71.7
72.0
73.6
73.3
73.5
71.6
71.2
70.1
69.1
68.9
68.4
68.8
69.3
69.6
69.8
70.2
70.7
71.1
70.7
70.1
68.6
68.6
69.7
69.1
68.9
68.0
67.6
68.0
68.6
67.6
66.1
66.9
67.5
66.8
67.6
67.1
67.4
64.9
64.7
67.0
66.5
68.3
68.2
69.7
74.3
73.8
71.8
68.2
69.6
68.6
67.1
68.1
68.9
70.9
70.6
71.2
72.1
72.2
71.2
70.9
70.7
68.7
70.2
68.9
68.2
68.2
66.3
66.6
68.0
69.5
71.7
72.6
70.5
70.2
69.4
65.3
65.0
66.2
67.8
71.6
70.5
70.5
68.3
67.1
66.3
68.1
68.4
68.5
68.6
69.0
68.4
69.5
65.0
67.5
65.9
62.4
69.5
76.2
74.0
76.8
76.8
75.8
75.3
74.5
73.7
78.1
112.6
72.5
74.6
74.0
72.3
74.8
73.9
70.9
69.6
70.5
71.1
71.5
72.5
73.7
76.5
77.2
76.6
76.0
73.9
73.7
76.1
75.3
74.5
72.8
74.6
74.6
72.7
72.1
72.5
73.3
74.8
74.5
72.7
72.9
74.2
75.6
75.9
76.2
74.3
74.7
74.6
75.1
73.4
72.3
70.6
68.8
69.5
71.1
70.8
72.5
73.5
74.6
75.4
76.5
76.1
75.5
73.7
72.0
70.3
70.1
69.8
72.6
70.5
73.9
73.5
71.8
73.3
75.6
77.3
73.7
73.3
74.9
74.7
75.3
75.0
73.5
75.2
76.8
76.2
75.8
75.5
71.6
73.6
74.8
73.8
74.2
74.2
75.0
74.4
72.4
71.2
71.7
73.5
68.5
71.6
71.5
71.6
71.2
73.5
73.8
74.1
73.4
74.1
74.9
74.4
76.5
156.3
253.7
257.7
258.8
104.0
72.4
71.2
70.5
73.1
73.9
70.6
70.8
69.8
65.0
65.1
65.7
70.9
71.2
70.2
73.3
72.5
73.8
73.3
74.6
71.9
74.4
74.1
73.1
73.8
70.1
72.6
71.2
72.6
72.3
68.9
68.8
69.3
71.8
71.1
70.9
71.7
72.0
71.9
71.0
72.3
71.2
70.2
72.0
73.7
70.4
69.0
66.6
69.0
68.2
71.0
71.2
71.2
71.0
71.3
70.0
71.0
71.9
72.3
70.9
71.2
69.3
70.3
71.2
72.0
70.8
72.1
73.1
71.5
71.2
73.0
69.8
71.1
70.7
69.6
69.4
69.9
69.6
70.0
71.3
70.2
71.6
71.4
75.0
71.9
71.3
71.3
111.4
151.5
141.2
156.1
114.9
69.3
71.4
69.9
68.6
69.6
73.5
72.1
68.0
68.8
67.9
69.8
69.4
69.1
67.7
76.5
83.1
80.8
80.0
78.5
79.3
76.1
73.0
71.5
68.8
68.9
69.6
68.5
68.3
70.2
69.7
68.9
69.7
70.1
71.1
71.2
71.3
71.5
71.1
71.5
71.7
71.0
70.2
69.9
68.7
70.0
70.9
70.9
71.0
70.1
69.8
71.2
71.5
70.0
70.5
68.9
68.3
67.5
68.9
69.8
68.6
70.5
68.0
68.1
71.8
71.3
73.4
73.5
70.4
71.8
72.0
72.4
71.5
71.2
69.9
70.1
68.5
70.6
72.2
71.9
71.9
70.1
69.8
69.7
70.6
71.0
70.1
69.6
73.4
73.0
71.7
71.4
69.9
69.2
69.7
70.0
70.9
69.4
70.7
68.7
70.9
72.2
68.9
69.9
68.3
71.5
71.6
71.3
71.8
69.7
71.0
69.6
68.9
68.5
71.6
70.5
70.0
69.8
71.5
72.2
70.0
70.3
70.9
70.7
69.6
70.6
69.4
69.3
68.7
70.5
70.5
70.0
70.5
71.8
70.8
71.6
73.4
72.9
74.4
74.8
73.9
76.0
73.8
112.0
70.1
68.8
69.9
68.5
69.3
69.1
70.8
70.9
70.6
70.9
70.1
71.1
71.6
71.0
71.3
71.4
71.3
69.6
69.6
70.3
69.9
69.9
69.3
70.9
71.8
70.2
73.1
72.3
71.8
72.4
71.9
69.8
69.0
68.6
68.5
68.8
69.4
68.9
70.0
71.2
69.0
68.2
70.3
71.2
71.6
72.8
73.0
69.2
69.2
69.5
72.5
123.0
62.3
71.5
72.2
71.1
70.9
71.0
70.5
72.1
70.9
71.5
70.7
72.7
72.5
71.8
71.1
70.5
71.9
74.1
74.3
73.0
85.1
97.19999999999999
84.62527472527472
84.38791208791208
84.15054945054945
83.91318681318681
83.67582417582418
83.43846153846154
83.2010989010989
82.96373626373625
82.72637362637361
82.48901098901098
82.25164835164834
82.0142857142857
81.77692307692307
81.53956043956043
81.3021978021978
81.06483516483516
80.82747252747252
80.59010989010989
80.35274725274725
80.11538461538461
79.87802197802198
79.64065934065934
79.4032967032967
79.16593406593407
78.92857142857143
78.6912087912088
78.45384615384614
78.2164835164835
77.97912087912087
77.74175824175823
77.5043956043956
77.26703296703296
77.02967032967032
76.79230769230769
76.55494505494505
76.31758241758241
76.08021978021978
75.84285714285714
75.6054945054945
75.36813186813187
75.13076923076923
74.8934065934066
74.65604395604396
74.41868131868131
74.18131868131869
73.94395604395604
73.7065934065934
73.46923076923076
73.23186813186813
72.99450549450549
72.75714285714285
72.51978021978022
72.28241758241758
72.04505494505494
71.8076923076923
71.57032967032967
71.33296703296703
71.0956043956044
70.85824175824176
70.62087912087912
70.38351648351649
70.14615384615385
69.9087912087912
69.67142857142858
69.43406593406593
69.19670329670329
68.95934065934065
68.72197802197802
68.48461538461538
68.24725274725274
68.00989010989011
67.77252747252747
67.53516483516484
67.2978021978022
67.06043956043956
66.82307692307693
66.58571428571429
66.34835164835165
66.11098901098902
65.87362637362637
65.63626373626374
65.39890109890109
65.16153846153847
64.92417582417582
64.68681318681318
64.44945054945055
64.21208791208791
63.97472527472527
63.73736263736264
63.5
97.6
85.5
136.0
116.8
97.1
79.1
73.7
76.1
78.6
81.3
85.3
90.0
90.2
89.2
105.6
105.4
90.2
79.6
72.3
72.0
75.2
78.9
83.2
86.8
100.4
105.0
90.3
82.6
80.4
86.2
87.2
93.6
92.8
82.9
73.9
72.3
79.5
90.5
93.6
94.9
85.9
71.4
71.6
74.0
77.7
81.0
82.9
84.7
85.5
85.9
86.3
86.2
87.2
87.9
87.1
87.8
87.2
87.4
87.1
87.7
87.6
87.4
87.5
87.5
88.1
87.2
86.7
87.4
86.6
87.4
90.8
89.5
200.7
151.0
87.0
87.3
87.2
87.4
86.7
86.9
87.3
86.2
86.4
86.5
86.6
88.9
90.3
89.1
86.6
84.7
84.5
84.0
84.6
85.2
85.6
86.2
86.3
87.9
89.3
87.3
87.1
86.2
85.9
88.3
87.2
85.2
86.1
87.0
87.4
78.4
76.6
77.5
79.9
81.7
83.2
86.8
87.9
87.3
85.8
85.0
84.5
83.9
83.8
83.0
83.2
83.4
83.4
84.1
83.7
89.3
90.6
89.0
85.0
83.8
83.3
82.2
81.9
85.0
85.2
85.2
85.0
85.8
85.5
86.7
85.5
87.6
86.5
85.5
84.5
83.3
83.1
82.9
83.5
84.6
84.1
83.9
83.7
84.2
84.3
84.0
84.5
82.9
82.4
82.2
83.0
83.3
83.2
83.7
83.5
84.3
85.8
85.8
85.3
84.8
83.9
84.0
84.0
84.0
83.8
83.5
83.3
83.3
83.9
83.5
83.1
83.1
83.3
82.6
82.6
82.6
82.6
83.0
83.1
83.4
84.3
85.2
85.5
86.5
86.1
85.6
86.5
85.7
86.7
86.0
85.6
88.4
81.9
77.8
71.2
68.5
76.2
80.2
72.3
71.7
72.6
72.1
72.1
71.9
70.9
69.8
69.4
70.0
72.2
72.4
72.2
70.6
70.3
70.5
70.1
70.6
71.0
72.0
72.3
72.8
72.0
71.6
71.1
70.0
72.3
71.2
70.7
70.5
70.2
69.6
69.5
69.6
69.8
69.8
69.7
69.5
69.8
69.4
69.7
69.4
69.2
69.4
69.5
68.8
68.2
68.8
68.6
68.2
67.8
68.3
67.9
68.4
68.1
67.9
67.7
69.3
70.1
69.4
69.3
72.1
72.7
71.8
71.2
71.2
69.6
69.4
67.9
67.6
67.9
67.8
67.2
69.1
75.0
73.9
73.9
73.4
73.6
73.3
74.0
73.9
73.4
73.3
73.3
73.3
72.8
73.5
73.2
72.1
73.0
73.1
122.4
180.3
160.0
73.1
72.5
72.8
72.5
72.1
72.2
74.9
74.5
75.6
75.1
73.9
73.8
73.7
73.5
73.7
74.8
75.0
74.7
73.6
73.7
73.4
72.3
72.4
72.3
72.1
72.3
73.1
74.0
73.5
74.1
73.2
72.7
72.8
72.6
73.4
76.2
81.3
80.2
77.4
75.5
73.4
72.3
70.9
70.4
70.8
71.5
72.0
72.6
72.6
73.1
72.7
73.2
74.2
74.2
74.2
73.5
74.2
72.3
72.4
72.0
72.3
72.6
72.8
72.8
72.8
73.3
73.3
73.9
73.5
73.4
73.5
73.6
73.5
73.2
74.0
73.6
73.5
73.7
73.9
73.4
73.1
73.4
73.6
73.8
74.6
75.6
77.3
79.3
80.8
82.0
81.2
81.9
80.5
79.5
78.6
77.5
77.5
76.5
75.8
75.7
74.3
74.1
73.5
73.3
73.6
74.3
73.3
73.7
73.2
72.8
73.0
74.1
74.5
74.4
75.2
74.7
74.2
74.2
73.9
73.4
73.5
73.8
73.4
73.7
73.3
73.9
73.7
74.0
73.5
73.2
72.6
72.6
72.8
72.4
73.3
73.0
73.4
73.1
73.1
73.2
73.5
73.8
168.3
203.9
73.9
73.7
73.8
73.7
74.2
74.9
74.0
74.5
73.7
74.0
72.9
73.4
73.0
72.9
73.2
73.2
72.9
73.1
75.1
75.5
75.6
75.2
74.5
74.4
74.1
73.4
73.0
72.9
73.6
73.4
74.3
74.5
74.3
73.2
73.8
73.6
73.0
71.9
71.8
72.4
72.8
72.7
72.2
72.7
72.8
73.8
73.5
73.2
72.4
72.9
72.2
73.0
72.2
73.0
72.7
72.5
72.7
72.2
72.6
72.2
72.7
71.7
72.2
71.9
72.3
71.8
71.6
72.1
72.1
72.5
72.3
72.4
71.8
72.4
72.4
73.1
72.9
72.3
71.7
71.9
71.4
71.2
72.0
71.0
71.9
74.2
76.8
76.2
77.0
77.3
75.0
72.7
74.3
75.5
75.3
75.5
75.2
75.3
75.2
76.3
76.1
76.1
76.4
77.1
76.5
76.6
76.6
76.7
76.5
77.1
77.2
77.2
77.2
77.3
77.3
76.4
77.5
77.5
77.6
76.9
77.1
77.8
78.3
77.8
77.7
77.8
78.2
77.6
77.9
77.9
77.8
78.0
77.8
77.5
78.0
77.5
77.9
77.7
77.6
77.9
78.1
175.5
217.1
147.7
77.9
78.2
77.5
77.6
76.7
77.1
77.3
77.6
78.0
77.8
77.9
77.1
77.3
77.3
77.5
77.5
77.8
77.8
77.6
78.2
77.7
79.0
77.8
79.0
79.9
79.6
79.3
79.2
79.2
78.5
78.5
78.6
78.9
78.8
79.0
78.6
78.5
78.8
78.9
78.9
78.3
78.6
78.7
78.4
78.8
78.2
78.1
77.7
77.8
77.9
78.1
78.3
78.5
78.6
78.6
78.8
78.3
77.6
77.8
78.0
78.1
78.4
77.8
77.1
76.7
77.9
77.5
78.3
78.7
78.1
78.5
78.6
78.3
77.9
78.6
78.5
77.9
78.2
78.6
78.5
78.4
78.7
77.8
77.7
77.8
77.7
77.9
78.5
78.3
78.3
77.9
78.5
78.5
78.2
78.0
78.3
78.4
77.9
77.8
77.8
78.1
78.4
78.5
78.0
78.9
78.0
78.2
78.3
78.2
77.9
78.4
78.4
78.8
78.9
79.5
79.1
78.9
79.0
79.2
79.3
79.6
79.2
79.2
79.4
79.5
79.2
79.7
79.8
79.5
78.4
78.6
78.4
79.0
79.4
79.2
79.5
79.6
79.5
79.6
79.1
78.6
78.8
79.8
81.0
80.9
80.0
79.6
79.1
79.7
80.6
81.5
81.5
81.6
80.0
78.9
79.1
80.0
79.8
80.0
80.4
80.3
80.1
120.7
215.2
218.7
225.4
227.0
205.3
87.0
81.8
81.6
81.5
80.7
80.4
80.9
79.5
79.8
79.7
79.2
79.5
80.2
80.5
80.4
79.8
79.3
79.9
79.0
79.1
78.4
82.3
93.4
86.4
79.3
74.9
73.2
71.5
71.6
72.2
73.1
73.4
73.8
73.9
74.4
73.6
73.9
73.8
73.9
73.7
73.3
72.9
72.2
72.6
72.5
72.1
71.5
70.5
71.0
70.7
71.2
71.2
70.5
70.9
70.8
71.6
71.2
71.3
71.9
71.9
72.1
71.8
71.2
70.8
70.4
69.3
68.9
69.1
69.7
70.4
70.3
70.2
70.1
69.7
69.6
70.3
70.5
70.2
70.0
69.2
69.4
69.3
69.2
69.9
69.6
69.4
69.0
68.9
68.3
68.3
68.6
68.7
68.3
68.4
69.2
69.5
69.6
69.4
69.5
70.5
71.5
71.8
72.3
72.6
73.1
73.7
75.3
77.1
77.4
77.5
75.8
76.0
75.0
74.3
73.8
72.3
70.1
69.3
69.3
69.4
69.2
70.7
71.2
71.8
70.7
71.2
70.7
70.5
69.4
69.1
68.7
68.5
68.7
68.9
68.7
68.9
68.8
68.8
69.4
69.4
69.5
70.2
70.8
71.7
72.8
73.2
73.2
73.4
72.4
71.6
71.1
70.1
68.6
68.8
68.9
68.3
68.9
68.8
68.7
68.6
69.3
68.6
69.1
68.5
68.7
69.3
68.9
71.0
70.8
69.5
68.3
67.5
67.2
66.8
67.0
66.4
66.0
65.8
66.3
66.4
67.4
67.7
67.9
67.7
67.9
67.0
67.5
67.9
67.8
66.8
66.5
66.8
66.9
67.2
66.6
66.6
66.8
66.9
67.2
67.5
67.5
66.8
66.6
66.1
66.2
66.2
66.0
66.3
66.6
67.2
66.5
66.8
67.0
66.7
66.3
66.2
66.4
66.9
67.9
68.4
69.6
70.1
70.7
70.5
69.5
68.4
57.8
69.3
69.2
69.3
69.0
69.0
69.3
69.0
69.7
69.4
69.6
69.2
69.2
69.3
69.9
70.8
72.5
74.0
75.4
77.0
73.7
81.4
81.6
81.0
79.9
80.3
80.5
78.1
76.7
76.8
74.7
73.9
73.0
76.3
77.2
73.7
68.8
73.5
80.6
85.0
83.8
72.4
62.9
60.6
65.7
65.6
64.8
64.2
64.6
65.0
65.6
66.2
66.9
67.6
68.6
69.5
70.4
71.2
71.7
72.2
72.5
72.6
72.7
73.3
73.3
73.6
73.5
73.9
74.8
75.2
76.5
76.2
76.9
77.8
78.9
80.4
82.1
82.2
80.9
79.7
79.1
78.5
78.2
77.1
76.4
76.7
75.5
76.6
79.0
80.6
74.4
81.0
81.8
81.6
82.0
82.8
83.3
83.9
84.1
84.4
82.5
81.4
85.1
86.5
87.3
87.4
86.9
87.5
84.7
85.4
85.6
85.9
86.3
86.2
86.0
86.8
86.0
82.7
82.4
82.1
82.0
81.5
81.3
80.7
80.8
82.0
117.8
75.8
72.9
77.8
79.0
78.9
78.5
78.3
77.8
77.7
77.7
77.6
77.2
76.5
74.7
69.6
70.9
67.7
69.7
72.6
72.7
73.2
73.5
73.1
73.5
73.5
73.5
73.3
72.7
72.8
72.2
71.6
71.4
71.2
71.3
71.4
71.4
71.5
71.5
70.2
68.1
66.3
65.0
63.7
63.1
62.4
61.6
60.6
59.2
56.8
57.5
58.9
63.1
68.0
70.3
71.7
72.2
71.5
70.6
70.7
70.9
70.8
70.5
70.2
70.1
69.5
69.8
70.4
70.5
71.3
95.8
97.4
94.0
88.4
69.0
78.8
76.9
77.5
79.3
79.3
74.3
79.0
84.5
81.7
77.8
70.8
68.1
66.7
67.8
73.9
68.0
65.4
64.7
65.4
65.4
65.4
65.4
65.5
65.5
66.3
65.8
67.4
68.6
70.2
84.7
92.2
87.0
96.4
100.6
98.3
87.3
86.1
89.0
92.2
93.8
83.1
79.8
83.6
85.1
92.1
93.5
91.8
96.7
102.2
106.6
107.0
100.1
92.1
90.0
93.5
91.4
90.4
86.2
84.5
81.9
80.9
76.9
78.3
82.6
84.0
81.0
79.3
79.3
78.6
76.7
76.8
79.9
77.4
75.3
74.3
75.5
77.0
76.7
76.1
75.1
73.9
60.3
73.5
78.6
82.2
82.3
86.4
87.8
87.2
86.4
85.8
85.6
85.6
86.1
86.4
93.9
75.2
74.7
73.9
74.3
149.9
158.3
84.3
72.8
70.3
71.2
70.5
70.3
70.6
70.5
70.4
70.7
70.9
71.1
71.6
72.1
72.5
72.6
72.3
73.0
72.4
72.7
72.3
72.4
72.1
72.5
72.2
72.1
72.2
71.9
71.5
71.5
71.3
71.3
71.5
71.7
71.7
72.0
71.8
71.7
71.5
71.7
71.7
72.0
71.8
71.8
71.7
72.0
71.8
72.0
72.1
72.0
72.4
72.6
72.0
72.7
72.4
72.4
72.5
72.6
72.8
73.4
73.6
74.0
73.8
73.4
73.0
72.8
72.5
71.9
71.8
87.2
54.1
71.6
71.6
71.6
71.7
71.8
72.1
75.9
151.4
179.1
170.2
85.4
70.6
72.3
72.4
73.2
72.2
72.3
72.2
71.4
70.5
70.4
70.1
69.9
67.1
56.3
69.2
76.2
74.7
74.7
75.4
76.2
78.3
78.9
78.1
78.9
77.2
78.6
78.5
78.6
77.9
77.6
77.5
77.4
77.8
76.7
75.8
78.3
78.2
75.6
84.4
84.6
82.9
80.7
82.2
79.2
59.6
160.5
91.5
73.3
74.2
71.4
68.8
68.5
68.4
70.3
65.7
65.7
66.6
69.8
69.6
70.3
61.9
66.9
71.0
71.9
71.5
68.7
68.1
67.2
67.7
68.2
69.6
69.4
67.4
65.8
64.5
63.7
63.0
62.6
62.7
62.3
61.9
61.5
61.5
61.5
61.2
61.3
63.1
64.7
64.7
63.9
63.4
62.9
62.2
61.6
62.5
62.5
61.5
60.1
59.4
59.1
59.0
58.9
58.4
58.4
58.7
58.0
57.8
57.5
57.6
57.4
57.2
57.2
56.9
56.8
56.6
56.8
59.8
61.5
61.0
61.0
61.0
61.0
61.5
61.6
61.7
61.5
61.3
61.2
61.2
60.9
60.7
61.6
61.5
61.8
62.0
62.3
62.0
62.0
62.8
62.3
62.5
61.9
61.3
61.6
61.8
62.3
62.6
62.6
63.1
63.3
62.8
62.3
62.3
62.2
61.3
61.5
61.7
61.6
60.2
61.4
61.6
61.6
61.3
61.2
61.1
60.6
60.3
60.0
59.8
59.9
60.0
59.9
59.7
59.8
59.7
61.2
61.6
61.7
61.7
61.6
61.6
61.6
61.6
107.5
106.7
137.5
6.4
176.9
224.1
221.4
78.9
60.8
60.9
61.3
61.9
62.4
62.5
62.9
63.3
63.5
63.6
63.8
63.7
63.7
63.9
63.5
63.6
63.1
64.0
63.5
63.5
64.1
64.3
63.6
64.4
64.5
64.3
64.1
64.1
63.8
63.9
63.8
63.9
63.7
63.5
63.6
63.7
63.7
63.5
63.7
63.5
63.5
63.7
63.4
63.6
63.6
63.7
63.2
63.8
63.5
63.4
63.5
63.7
63.8
63.7
63.7
63.8
63.3
62.8
62.8
62.9
63.1
63.4
63.5
63.5
62.5
62.4
61.9
62.6
62.6
62.6
62.9
62.5
62.3
63.0
63.6
63.5
63.5
63.5
63.1
63.1
63.2
63.0
63.0
63.8
63.0
62.5
62.4
62.5
62.1
62.1
62.1
62.7
62.0
61.5
61.6
61.6
61.5
61.2
61.3
60.7
60.0
59.1
60.4
60.7
60.5
60.5
60.8
60.9
61.0
61.0
61.0
60.9
61.0
60.8
59.8
60.2
61.5
61.2
60.4
60.4
60.4
60.6
60.5
61.0
61.0
60.3
60.5
60.2
60.2
60.4
60.6
60.6
60.4
60.4
60.3
60.2
60.2
60.4
60.1
60.6
60.8
59.7
59.4
59.9
59.9
59.9
59.9
60.0
60.1
60.1
59.9
59.7
59.6
59.7
59.6
60.0
59.7
59.4
59.1
59.1
58.7
58.9
59.7
60.5
60.9
61.3
61.1
61.2
61.1
60.7
59.4
58.6
58.6
59.7
60.3
60.8
61.0
61.2
62.4
62.1
62.1
62.1
61.9
62.2
61.8
61.6
61.6
61.0
60.4
60.3
61.0
61.4
61.2
61.2
60.8
60.8
60.3
60.1
59.9
59.7
59.7
59.8
59.9
59.8
59.9
59.8
59.7
59.6
59.7
59.8
59.7
59.7
59.5
59.4
59.4
59.0
58.9
58.9
59.0
59.0
82.6
109.9
106.2
101.2
3.9
102.8
120.5
71.0
99.2
96.6
176.4
185.1
242.3
107.2
82.7
58.7
58.6
58.9
58.6
58.7
58.5
58.9
58.6
59.4
59.3
59.1
58.9
59.0
59.0
59.0
58.9
58.8
58.9
58.8
58.6
58.5
58.4
58.4
58.2
58.4
58.5
58.6
56.8
87.0
86.8
80.1
59.0
59.1
58.9
58.6
58.5
58.3
58.3
58.2
58.1
58.0
58.2
58.2
58.0
58.2
58.0
58.1
58.1
57.9
58.0
57.9
57.9
58.2
58.3
58.2
58.5
58.6
58.5
58.6
58.6
58.6
58.6
58.6
58.5
58.5
58.6
58.6
58.7
58.9
59.3
59.3
59.4
59.5
59.7
59.6
59.6
59.7
59.7
59.6
59.8
60.0
60.0
60.1
60.1
59.6
59.8
59.5
59.2
55.9
57.2
55.8
59.0
66.3
67.9
53.5
45.9
44.9
56.1
72.5
73.6
73.8
70.8
68.2
63.4
62.0
60.2
56.8
56.1
56.2
56.8
57.0
57.0
57.0
56.7
56.4
56.3
56.8
57.0
57.0
57.0
57.1
57.3
57.5
57.7
57.7
57.5
57.6
57.6
57.6
57.4
57.2
57.3
57.3
56.9
56.8
57.1
56.4
94.9
122.6
107.8
59.6
58.9
58.8
58.8
59.9
60.6
60.9
61.2
61.8
61.9
62.0
62.0
62.0
62.0
61.9
62.0
62.1
62.1
62.1
62.0
62.0
62.0
237.2
146.4
61.0
61.1
61.2
61.2
61.5
61.4
61.2
61.1
61.2
61.2
61.4
61.7
61.6
62.0
61.9
61.6
60.5
59.8
59.5
59.6
59.8
60.3
60.3
60.2
60.1
60.2
60.0
59.9
60.1
60.1
60.2
60.3
60.4
60.5
61.3
60.9
60.7
60.9
61.0
61.2
61.7
61.7
62.0
61.8
61.7
61.7
61.6
61.7
61.6
61.5
85.8
119.4
102.5
61.1
61.5
61.0
61.0
61.0
61.1
61.1
60.7
60.4
60.4
60.1
60.0
60.0
59.9
60.0
57.2
53.9
67.9
68.7
66.0
64.1
62.2
59.7
59.5
62.4
62.0
60.1
55.4
59.6
62.1
61.3
57.8
59.1
58.8
62.7
72.1
72.7
74.2
75.4
76.0
76.0
76.0
75.8
75.4
75.1
74.9
74.7
74.1
73.9
172.0
151.5
73.9
73.4
73.0
72.5
72.2
72.2
71.7
71.2
71.0
70.8
70.1
70.0
70.0
69.5
70.5
72.3
71.6
71.6
71.9
71.1
70.2
69.4
68.8
68.2
67.8
67.6
67.2
67.0
67.0
67.0
66.9
66.8
67.0
66.8
66.7
66.7
66.3
66.5
66.1
66.1
66.0
66.0
65.6
62.7
65.8
65.9
65.9
65.8
66.0
65.9
65.3
65.0
65.1
65.0
65.0
65.0
64.7
64.6
62.4
62.4
64.1
64.2
64.1
64.0
64.1
64.0
64.0
64.0
63.8
63.5
63.2
63.4
63.3
63.4
63.1
63.1
63.0
63.0
62.9
62.8
62.5
62.4
62.3
62.1
62.0
62.0
61.9
106.7
131.2
98.1
62.9
62.2
62.0
61.9
61.8
62.0
61.9
61.8
61.8
61.3
61.1
61.0
61.0
61.0
61.1
61.3
61.5
61.3
60.6
60.5
60.2
60.5
60.7
60.7
60.4
60.7
60.5
60.6
60.3
58.6
62.1
61.6
60.9
60.5
60.4
61.3
61.6
61.5
62.1
63.8
70.5
70.7
69.2
67.6
66.3
65.4
64.8
64.0
62.9
61.9
62.3
62.0
59.0
55.3
61.3
65.6
63.5
62.7
62.1
62.0
62.0
62.1
62.0
62.1
62.0
61.9
61.7
61.7
61.2
61.4
61.2
61.2
61.3
61.2
61.2
61.2
61.1
61.2
61.0
61.1
60.9
61.0
61.0
61.0
61.0
61.0
61.0
61.0
61.0
61.0
60.6
60.8
61.1
99.0
112.7
96.8
60.1
64.0
65.5
64.5
64.6
65.7
66.0
66.0
66.0
66.0
66.0
66.0
66.0
66.0
66.2
66.9
64.2
62.4
62.7
62.9
63.1
63.0
62.8
62.6
62.5
62.8
62.7
62.9
62.2
67.6
68.9
65.3
68.6
68.7
67.5
66.9
66.4
65.6
65.5
65.0
64.2
63.0
64.2
64.0
63.4
63.5
64.4
64.6
65.3
65.4
65.2
65.5
65.2
64.9
62.9
62.4
62.5
63.1
63.0
62.9
62.9
62.7
62.8
62.6
62.5
62.5
62.3
62.3
62.4
62.2
62.7
64.3
110.7
147.1
62.5
62.3
62.5
62.6
62.1
62.0
62.0
62.0
62.0
62.0
61.7
62.0
62.2
61.9
62.0
61.9
61.7
61.5
61.6
61.4
61.9
62.0
62.0
61.5
61.3
61.0
61.0
61.0
61.0
61.0
61.0
61.0
61.0
61.0
61.0
60.9
61.6
62.1
62.0
60.8
60.6
59.2
60.0
60.0
59.7
59.8
60.0
59.1
59.2
60.1
61.5
63.1
63.2
64.8
65.1
65.0
65.3
64.7
64.9
64.9
63.7
63.6
63.8
61.4
66.4
69.0
68.7
68.9
68.7
68.3
67.7
66.9
66.0
64.3
64.1
64.0
64.6
64.8
64.9
65.0
64.7
64.0
201.3
171.6
66.0
65.3
67.2
66.4
66.0
66.1
66.1
66.0
66.0
66.0
66.0
65.8
66.4
65.7
65.7
64.7
64.8
64.6
64.2
64.2
64.1
64.0
64.0
64.0
64.0
64.0
63.9
64.0
64.0
63.9
62.7
63.2
67.0
66.0
65.7
68.5
71.1
71.1
71.5
71.5
70.8
69.6
69.0
69.6
69.1
69.5
70.0
69.7
69.2
69.1
69.4
69.5
69.4
69.3
69.2
69.0
69.0
69.0
69.1
69.0
186.1
146.5
71.0
70.9
69.8
69.0
69.1
69.5
69.6
69.5
69.9
69.8
69.5
69.4
69.1
69.0
69.0
69.2
69.6
69.4
69.2
69.0
69.0
69.0
69.0
69.0
69.0
69.0
68.9
69.0
68.7
68.5
68.7
68.1
68.1
68.0
68.0
67.6
67.3
67.0
67.0
67.9
67.9
68.0
67.5
67.0
66.5
66.0
66.0
66.0
66.0
65.9
65.7
65.4
65.2
65.1
65.0
65.0
65.0
65.0
64.6
64.3
64.2
64.0
64.0
63.9
68.2
137.7
117.1
63.6
63.6
63.0
62.1
62.1
62.0
62.0
62.0
58.2
58.9
70.1
69.0
67.2
63.6
65.9
67.3
66.0
63.3
57.6
63.1
67.3
53.0
60.6
70.2
68.0
61.7
57.6
54.5
54.1
57.1
59.1
59.8
62.2
63.7
65.1
66.3
67.4
68.9
69.9
70.6
72.3
72.2
73.0
73.6
74.5
75.0
76.0
76.5
77.2
77.8
78.4
78.9
78.7
79.1
79.9
80.0
80.0
80.1
94.0
149.6
102.6
80.9
81.0
80.9
81.0
81.0
81.0
83.0
193.9
136.6
81.6
81.3
81.2
81.4
81.1
81.1
81.0
81.0
81.0
80.9
80.7
80.3
80.0
80.0
80.0
80.0
80.0
79.7
79.6
79.1
79.0
79.0
79.0
78.6
78.4
78.1
78.0
77.9
75.9
76.9
77.7
78.0
77.8
77.8
77.5
77.0
77.0
76.8
76.1
76.1
76.0
76.1
76.0
76.0
75.3
75.1
75.1
75.0
75.0
75.0
74.9
74.5
74.2
74.2
74.0
74.0
74.0
73.7
73.3
73.2
73.0
73.0
73.0
72.8
72.6
72.1
72.4
72.4
72.3
72.2
72.0
72.0
71.4
69.2
67.0
66.3
67.6
68.9
69.8
105.3
140.0
84.8
70.3
69.9
68.3
66.9
67.6
68.0
68.0
68.3
68.4
68.4
69.6
70.3
72.3
74.2
76.0
77.5
79.2
80.4
81.2
82.1
82.9
83.5
84.0
84.6
85.5
84.7
65.1
65.4
77.4
81.1
84.6
87.5
87.9
88.2
88.4
88.2
88.3
88.3
88.0
87.9
87.7
87.4
87.3
86.9
86.4
86.3
86.2
86.0
85.5
85.3
85.2
85.3
84.7
83.9
83.0
82.8
81.6
80.4
79.5
78.8
78.0
77.3
52.5
40.7
48.1
68.1
68.8
70.5
83.2
111.7
114.3
115.9
121.8
185.6
264.1
237.3
183.7
175.0
205.3
212.2
236.7
235.4
98.7
96.7
110.9
93.1
92.3
91.2
144.0
172.5
205.8
79.1
81.4
80.1
78.8
77.9
77.3
76.4
75.9
75.0
74.2
73.9
73.2
72.8
72.1
71.8
71.3
71.0
70.2
69.9
69.1
68.9
68.4
68.0
67.4
67.1
66.8
175.5
205.5
230.9
258.8
255.4
160.9
85.7
78.8
76.7
73.9
69.6
68.8
63.4
58.0
56.78947368421053
53.48421052631579
50.17894736842105
46.873684210526314
43.56842105263158
40.263157894736835
36.95789473684211
33.652631578947364
30.34736842105263
27.042105263157893
23.736842105263158
20.431578947368422
17.12631578947368
13.821052631578944
10.515789473684208
7.210526315789473
3.905263157894737
0.6
-2.7052631578947413
4.56
6.539999999999999
8.52
10.499999999999998
12.479999999999999
14.459999999999997
16.439999999999998
18.419999999999998
20.4
21.3
22.1
21.6
18.0
104.3
112.4
109.6
106.8
102.2
97.5
95.8
148.8
181.0
114.2
125.2
89.4
86.2
83.3
80.8
78.4
75.4
73.2
70.7
67.7
65.4
63.1
61.3
59.0
57.3
55.5
54.2
54.6
56.3
55.9
54.0
52.1
67.6
57.5
54.8
53.6
53.9
54.4
53.0
52.6
46.9
40.7
38.1
35.5
36.7
37.3
38.9
51.3
73.4
86.5
90.7
92.0
92.5
92.4
91.4
90.1
88.5
87.0
85.5
84.4
83.4
82.8
81.2
81.3
80.5
79.8
78.5
80.8
81.0
79.7
80.5
77.7
76.8
75.5
75.1
74.3
73.6
72.9
72.0
71.2
70.3
69.1
65.8
64.9
62.4
185.8
135.9
61.9
61.8
63.8
63.3
60.9
59.0
57.8
56.2
53.8
53.8
49.3
41.2
33.6
30.4
28.4
26.3
26.1
26.1
