66.4
66.1
64.7
65.6
64.4
65.9
66.8
68.1
68.1
68.1
66.3
67.4
64.7
63.2
63.8
62.5
61.3
63.6
64.2
63.7
63.8
60.8
60.3
62.2
63.8
66.9
68.0
66.5
66.8
65.0
66.4
66.7
66.9
66.3
66.1
64.5
64.6
64.8
64.1
63.9
61.7
63.8
64.8
63.8
63.2
62.3
62.5
64.2
65.0
65.0
65.5
65.6
63.6
64.2
63.0
63.4
62.5
63.3
63.0
63.4
62.6
63.0
63.4
62.8
61.7
62.0
61.8
62.2
61.6
63.0
62.7
61.2
61.4
60.1
62.3
63.3
63.2
62.6
62.8
62.7
61.8
61.8
62.3
62.5
63.0
62.1
62.7
62.1
61.8
60.1
60.9
61.6
63.4
100.9
83.1
75.3
60.5
60.5
62.4
62.5
62.8
63.0
62.8
62.4
61.7
61.5
60.7
61.0
59.8
61.1
61.4
61.4
60.0
60.7
61.4
62.0
59.9
60.9
60.4
60.9
61.7
66.7
66.6
67.3
67.2
64.9
62.6
61.5
60.3
60.1
60.1
59.4
59.8
59.9
58.9
58.9
57.0
54.9
58.1
60.2
60.1
61.1
60.4
61.2
60.6
60.9
61.7
60.5
60.8
61.2
59.6
58.1
57.6
58.5
58.0
59.8
58.2
59.3
60.4
60.5
60.2
61.1
53.5
50.9
47.4
50.3
55.5
60.0
61.2
61.9
61.2
61.7
62.3
62.8
61.1
62.5
62.5
61.3
61.1
61.8
61.2
61.0
61.0
60.7
60.8
60.3
60.2
60.5
61.0
61.1
61.5
60.1
61.2
60.5
57.4
59.9
60.8
60.8
61.0
61.2
60.2
60.4
59.2
59.7
59.0
59.7
60.5
59.8
59.6
59.8
60.0
59.4
57.6
57.0
58.6
59.2
60.1
59.9
60.6
60.9
60.1
59.9
59.0
57.7
57.5
58.5
57.9
59.8
59.6
58.5
56.7
58.5
59.7
60.2
60.2
60.4
61.3
58.8
59.7
60.9
61.7
61.9
61.2
61.6
61.2
61.6
61.4
61.1
61.0
61.5
60.2
59.6
59.6
59.8
59.1
59.5
58.7
59.8
59.5
59.7
59.1
58.3
59.9
59.1
61.0
60.0
58.6
58.2
59.7
59.9
60.2
61.0
60.5
60.8
60.5
60.9
60.7
60.3
59.6
61.0
60.2
59.3
60.0
59.7
59.8
61.0
61.1
59.9
59.5
60.1
61.3
59.9
60.9
60.1
60.7
55.0
57.9
59.8
59.7
61.0
60.7
61.3
60.8
58.0
59.4
61.2
61.4
61.4
61.0
60.4
60.9
60.1
73.4
160.3
319.2
75.6
70.5
58.7
59.6
59.7
59.9
61.2
61.0
59.8
60.9
60.6
60.0
56.7
57.2
59.9
60.5
218.6
111.8
114.7
59.8
61.0
60.6
59.5
60.6
59.6
59.0
59.2
59.3
57.9
58.3
59.2
59.0
58.8
59.3
60.0
60.6
60.2
59.9
58.3
59.5
59.5
59.8
59.1
58.9
59.1
59.1
59.4
59.5
59.7
59.2
58.5
57.7
57.0
57.2
56.4
56.6
56.3
56.0
56.6
56.5
56.2
56.3
55.9
56.0
55.3
54.9
55.0
54.8
54.4
54.2
55.0
54.6
56.1
57.3
57.7
56.1
56.7
57.5
57.9
58.7
58.2
59.2
58.5
56.7
56.5
56.0
56.8
56.6
57.8
58.9
58.8
58.8
58.7
57.0
56.5
57.0
54.8
56.3
57.2
58.9
59.6
59.9
58.9
59.9
58.7
58.4
59.6
60.3
59.9
59.0
60.0
60.8
61.4
61.1
60.1
58.6
60.8
61.4
62.1
62.2
62.0
62.4
61.3
61.9
61.2
61.5
61.0
60.8
60.6
59.9
59.7
59.1
56.7
52.9
43.9
52.7
64.5
66.1
75.6
85.8
92.2
90.5
89.0
93.3
95.1
95.6
97.5
98.3
97.4
96.4
95.3
95.2
94.3
93.6
90.9
91.5
91.5
90.9
92.0
93.5
92.9
92.2
92.4
91.2
91.7
91.4
92.7
89.4
90.9
92.2
91.6
92.2
92.7
91.7
92.9
92.9
92.0
91.7
92.5
92.4
91.6
91.1
91.6
94.0
93.3
92.3
93.0
93.6
93.2
93.9
93.4
94.4
93.1
94.1
92.5
92.5
92.0
93.6
93.2
93.4
93.5
93.3
92.7
94.0
93.1
91.3
93.1
92.9
94.3
94.3
93.4
92.3
92.8
92.8
93.8
93.9
94.3
93.7
94.4
93.4
93.6
92.8
90.5
90.4
92.6
93.5
93.9
96.9
95.0
94.1
94.4
94.0
94.0
95.5
94.7
93.9
94.3
93.0
92.1
92.6
93.3
93.8
92.3
92.3
93.7
93.1
92.6
92.8
92.7
92.0
72.7
58.5
56.5
58.9
59.9
60.8
60.2
59.6
59.4
59.9
59.4
61.1
59.5
59.8
59.5
58.8
58.2
57.5
59.7
58.9
58.5
55.9
55.1
57.6
59.0
59.5
59.8
59.9
59.6
58.0
59.3
59.0
59.6
59.3
59.0
59.0
57.9
58.3
59.0
55.9
55.8
53.6
56.3
86.0
61.9
62.5
62.9
63.3
63.8
62.1
58.9
59.9
63.1
64.4
66.9
70.0
68.9
68.8
70.3
70.1
69.7
68.1
65.8
66.1
65.6
66.7
67.0
64.8
65.5
66.5
73.6
74.7
73.7
70.7
68.4
66.3
64.1
63.7
65.1
63.6
64.8
64.8
65.2
62.3
63.0
61.3
61.2
62.6
66.6
69.0
67.1
57.9
61.1
67.3
67.7
68.3
73.3
75.8
69.9
68.6
61.7
55.4
54.9
55.5
57.9
56.4
59.0
58.7
58.9
60.7
62.2
62.8
63.1
63.4
63.2
62.5
61.7
62.5
62.3
63.9
62.7
63.6
64.0
63.3
61.8
63.8
62.8
62.6
62.9
62.5
61.9
61.7
62.4
63.1
62.8
63.1
64.3
63.6
63.1
64.8
64.3
65.1
64.1
63.5
61.5
62.5
64.9
64.5
63.2
62.1
63.7
63.8
63.3
63.9
62.1
63.2
64.4
64.5
62.9
64.3
64.3
63.4
63.2
63.8
63.6
64.4
62.2
62.5
62.8
63.8
63.3
63.2
63.2
62.8
62.5
61.6
62.6
63.6
63.7
63.6
63.7
64.1
64.8
62.5
63.5
61.4
61.1
62.5
63.1
62.8
62.2
62.6
63.8
64.2
63.3
59.4
62.0
63.7
61.2
63.0
61.6
61.7
62.2
62.1
63.6
62.6
62.0
63.8
64.1
64.7
65.3
62.8
64.5
63.0
61.4
61.4
62.4
63.5
63.9
62.6
61.9
61.4
63.3
63.6
63.4
65.5
65.0
63.4
64.2
64.0
63.6
63.5
62.5
63.4
62.3
62.9
62.1
58.0
54.5
54.4
53.2
52.8
54.2
57.0
59.6
61.4
61.1
63.2
59.4
62.2
58.3
61.6
58.7
61.3
61.2
64.0
63.7
66.3
63.2
65.4
64.4
64.7
64.3
62.0
62.4
62.4
62.8
62.9
62.2
62.5
62.3
62.8
62.4
63.0
63.2
63.7
63.3
62.8
61.2
61.1
63.1
61.7
62.4
62.7
63.7
62.9
62.2
62.6
61.6
63.0
62.8
63.6
64.0
65.2
62.9
63.0
63.2
61.5
61.6
61.3
59.7
57.4
61.0
61.5
62.0
63.1
63.3
82.9
132.4
100.2
65.2
65.3
65.6
63.9
63.5
64.4
60.9
64.5
70.7
71.0
68.7
66.5
63.7
97.6
91.0
61.9
62.1
62.9
60.8
62.3
63.0
61.3
62.1
62.1
65.0
65.4
64.0
64.6
66.2
64.3
65.0
65.0
65.3
64.4
64.5
61.8
62.8
63.7
62.3
61.3
61.1
61.8
60.5
61.8
61.8
65.1
64.4
65.5
66.5
64.2
63.6
63.1
63.0
60.1
59.5
60.4
61.8
63.0
64.6
64.6
63.9
63.9
62.6
64.3
62.5
62.2
65.0
65.9
63.0
63.4
64.7
63.1
64.6
63.4
62.6
62.7
63.0
63.7
62.8
64.2
63.8
62.8
60.1
59.2
62.6
63.6
65.7
62.9
64.8
64.1
64.0
63.5
64.4
63.6
63.8
63.9
64.7
64.6
64.6
62.7
64.4
61.7
63.9
64.0
63.5
63.5
63.3
64.2
61.2
63.2
62.9
62.9
60.1
63.4
65.6
66.5
65.9
66.8
64.4
65.7
64.9
66.6
66.4
64.5
61.4
61.7
62.8
63.5
64.9
66.6
67.1
67.3
67.2
68.1
67.6
68.3
67.0
67.3
65.9
62.5
63.4
58.8
55.3
54.1
57.7
71.6
71.5
71.6
71.9
70.6
70.0
69.8
68.3
68.5
66.9
67.9
67.4
67.3
65.8
65.5
66.6
67.9
67.4
66.7
66.9
66.9
66.9
66.5
67.6
67.3
66.3
66.3
66.2
66.3
67.7
67.8
65.5
64.6
66.7
66.6
67.1
66.7
66.9
65.8
64.1
65.8
65.7
66.4
66.8
68.4
67.1
66.5
67.0
66.9
65.3
66.7
67.9
63.0
59.9
59.7
68.0
72.5
75.1
71.4
69.6
65.4
65.5
66.5
64.0
61.2
63.8
65.4
64.2
63.8
64.1
61.2
61.5
62.1
61.5
62.0
64.5
65.0
57.4
50.6
57.3
64.4
64.0
67.1
66.2
65.2
65.6
64.0
63.2
62.7
61.0
60.8
60.1
59.2
60.3
60.1
62.5
63.8
64.7
66.1
66.8
65.3
66.2
62.5
62.1
61.3
64.5
64.8
65.6
64.9
64.1
63.9
63.4
64.5
64.5
64.4
64.9
63.7
63.7
62.9
63.6
61.0
62.8
61.3
61.5
62.1
61.2
61.7
63.0
62.6
61.5
61.7
62.9
63.2
60.3
62.5
63.7
63.7
62.6
65.4
63.0
59.4
63.2
62.2
60.9
61.4
62.0
62.4
61.5
61.0
57.8
53.6
52.5
52.1
53.6
57.0
61.8
67.5
71.0
70.4
71.5
73.2
73.1
73.7
73.6
70.7
69.8
70.3
69.6
71.1
70.4
71.0
70.4
71.0
71.1
70.4
69.4
69.3
69.4
137.2
62.7
97.7
69.1
69.9
71.1
71.6
71.1
65.4
64.8
65.9
64.5
63.2
64.7
66.6
68.1
66.5
67.7
70.3
69.5
71.0
69.8
68.7
69.1
68.2
68.8
67.7
69.2
69.9
68.8
68.3
69.1
67.1
67.9
69.9
69.9
68.2
68.3
66.2
66.1
66.0
66.4
85.0
89.8
66.0
66.1
65.9
65.7
65.7
65.3
64.9
64.5
64.9
64.5
64.9
63.2
64.6
64.9
63.7
64.5
63.6
62.7
62.7
62.2
61.8
62.6
62.5
62.2
62.9
63.9
61.9
62.3
63.2
63.7
64.4
63.9
63.3
63.1
63.3
62.9
62.0
62.5
62.1
61.7
62.9
61.2
63.2
63.9
63.0
63.1
63.6
63.5
64.1
64.4
64.3
65.1
64.0
65.1
63.8
63.2
60.4
63.3
64.0
63.1
41.4
4.2
30.5
64.1
63.6
65.3
65.5
67.0
66.8
67.3
66.9
64.8
62.69999999999999
53.4
93.4
66.2
66.3
67.8
67.9
67.9
25.7
53.7
72.1
72.0
73.3
71.5
70.7
71.1
73.0
72.6
71.1
71.7
71.1
72.0
70.9
70.3
71.4
70.1
70.9
71.1
70.9
71.8
69.6
69.8
70.9
71.8
72.7
71.3
71.0
74.0
74.6
76.5
73.7
72.6
72.2
70.7
73.7
73.9
74.1
74.2
74.5
74.4
74.7
80.6
82.3
82.1
78.4
76.3
74.3
73.1
73.2
72.8
72.5
72.9
72.7
70.3
71.3
71.5
71.0
71.1
70.3
71.2
71.3
72.0
71.7
72.0
74.1
75.2
74.3
73.9
73.6
72.7
72.1
70.8
70.6
70.8
71.2
71.0
71.1
70.5
70.5
70.2
69.1
69.3
67.3
66.0
67.0
68.6
69.3
70.1
71.1
72.1
71.1
70.9
70.7
70.7
69.9
69.1
68.4
67.7
66.7
68.1
67.9
67.4
68.3
68.5
69.4
68.9
69.8
69.8
68.6
68.3
68.6
69.0
69.1
67.4
67.7
66.9
66.4
66.0
64.9
63.0
64.4
64.4
65.4
66.1
66.9
67.3
67.7
68.4
65.0
65.5
64.8
64.8
65.0
64.8
64.8
81.4
64.5
60.8
63.5
64.1
63.1
61.7
64.5
64.6
63.1
65.2
65.6
66.9
66.8
66.3
66.0
65.8
64.8
65.4
64.5
65.3
64.1
62.2
63.0
62.7
63.0
63.6
63.2
62.8
63.1
63.3
63.6
61.4
59.1
63.1
62.9
63.0
63.0
62.6
63.1
63.7
64.5
65.4
73.3
77.0
76.0
76.9
73.9
74.2
74.0
71.2
72.4
71.1
70.9
70.0
69.0
64.2
65.0
65.2
66.4
65.6
65.4
64.3
64.1
64.6
64.2
64.0
63.1
62.9
62.5
61.9
60.7
59.3
58.5
57.3
65.7
68.6
68.3
66.7
64.8
62.5
59.9
59.0
59.2
59.5
59.9
62.0
64.0
65.2
65.6
65.9
65.6
66.1
66.0
66.1
62.2
65.3
64.2
63.9
63.5
61.9
63.2
62.7
62.6
61.7
61.5
62.4
62.7
62.3
63.1
62.6
63.4
62.9
62.7
63.1
63.0
63.0
63.0
62.9
63.6
62.5
62.7
64.0
63.1
63.2
63.7
62.1
63.0
63.6
63.8
64.2
64.0
63.2
64.5
63.4
64.5
64.8
65.4
66.0
65.4
65.7
65.1
62.9
64.6
64.0
65.4
65.2
64.2
63.9
65.0
64.3
64.3
65.0
65.3
65.6
65.8
65.9
65.5
65.7
65.8
65.7
64.6
63.5
64.1
64.8
65.5
66.0
64.3
65.3
65.1
65.0
65.7
65.6
65.9
66.1
65.8
66.3
66.1
66.1
66.1
65.9
66.4
63.4
65.8
65.8
66.0
65.9
65.2
65.1
64.9
65.0
65.7
65.7
65.9
65.8
66.3
65.7
65.7
65.6
65.7
67.0
66.9
65.7
61.5
63.3
64.4
65.5
66.4
64.9
66.9
66.7
67.4
67.7
67.7
68.5
67.5
67.5
67.1
66.1
67.2
67.2
66.4
66.8
66.3
66.7
65.7
65.7
66.3
66.6
66.9
67.0
66.8
64.1
65.6
65.9
65.0
65.3
64.9
64.8
63.0
63.1
64.2
64.0
64.0
65.8
67.5
68.4
69.1
69.1
69.2
69.1
68.0
66.0
67.3
65.7
66.5
66.8
66.1
67.3
67.6
66.4
65.8
65.3
64.9
65.4
66.6
66.0
65.9
66.6
67.3
67.6
66.1
63.7
61.8
63.5
62.8
64.8
65.8
66.8
66.8
68.5
67.0
66.9
68.2
68.3
68.3
68.3
68.8
68.9
68.6
68.0
66.7
67.0
66.2
65.5
66.0
67.2
67.5
68.2
66.0
63.9
60.2
63.6
63.5
68.3
71.6
65.9
72.9
74.8
74.9
67.8
68.6
69.2
68.6
68.2
162.3
147.2
144.0
71.3
71.2
70.9
70.8
71.1
71.0
72.0
71.2
68.3
69.1
68.9
71.0
70.5
70.4
70.6
69.4
70.7
69.6
71.5
70.4
71.7
71.5
72.3
72.5
72.8
69.9
68.8
68.3
68.2
68.5
69.8
70.4
70.0
68.7
70.8
69.6
70.5
72.3
72.2
71.8
70.8
68.6
69.9
69.7
69.0
69.0
68.4
69.2
68.8
69.7
68.7
69.6
70.1
68.5
65.8
66.5
70.3
71.5
72.2
72.0
71.4
69.6
70.0
69.6
70.7
72.4
72.2
72.0
71.5
72.0
72.0
72.8
71.6
70.6
69.6
70.8
70.9
72.0
72.1
72.4
71.2
71.8
72.7
72.5
72.5
73.0
72.9
72.4
72.9
73.2
73.5
73.8
73.6
72.6
71.3
72.6
73.4
74.0
73.4
72.4
68.3
70.3
71.8
70.3
73.5
73.5
73.6
74.5
74.5
74.9
73.8
73.8
72.1
74.6
74.5
74.6
74.0
74.0
72.3
72.4
71.8
71.9
73.4
71.7
72.7
73.8
73.5
74.2
74.4
74.2
73.1
73.6
72.9
71.8
71.7
70.4
71.6
73.9
75.0
75.4
75.2
73.8
73.9
74.5
73.8
73.8
73.3
71.0
73.4
72.4
70.4
70.9
70.3
70.1
71.4
72.7
72.5
72.6
72.9
73.2
70.8
71.4
72.3
72.1
72.9
72.0
70.1
72.0
71.3
72.5
73.1
73.8
73.7
72.6
72.8
72.3
72.2
73.4
72.5
72.0
70.2
69.0
70.1
71.3
71.9
72.0
73.6
74.3
74.6
102.4
133.7
72.8
72.8
72.8
73.2
72.7
72.8
72.8
71.4
71.0
73.3
72.6
72.0
71.4
71.1
72.4
70.4
72.4
73.7
73.3
73.6
72.0
73.0
70.6
72.0
72.7
72.3
72.4
72.3
71.2
71.8
71.4
71.2
71.4
71.8
72.9
72.3
70.4
70.6
68.8
69.8
72.4
71.5
72.0
73.3
73.1
71.8
71.4
72.9
73.6
73.4
72.8
71.8
71.2
71.9
71.1
69.3
69.0
72.3
72.1
70.5
69.8
71.5
72.6
71.4
71.2
72.2
71.0
69.7
71.7
70.5
70.8
72.5
73.9
70.9
70.6
70.0
69.3
70.4
72.0
71.5
70.7
70.9
69.4
71.1
72.0
73.3
71.5
69.6
70.4
71.9
71.7
74.0
72.2
71.8
72.0
73.2
72.9
73.2
73.4
72.2
73.2
72.1
74.0
71.5
71.9
71.2
69.5
71.5
72.5
71.4
70.7
71.1
73.5
75.0
73.5
72.0
71.2
71.5
73.5
73.9
73.9
75.8
67.3
71.8
75.2
77.1
77.6
78.6
76.9
77.6
77.5
76.6
73.6
74.5
72.7
72.0
71.8
71.4
72.9
72.4
73.7
74.3
74.4
74.2
72.8
73.7
73.5
74.9
72.9
73.7
74.9
73.6
73.8
74.4
74.2
73.8
72.6
72.5
72.6
73.9
71.8
72.8
73.0
73.1
72.4
72.5
72.5
72.7
73.8
74.7
73.4
72.1
72.5
72.8
72.9
72.6
72.6
72.6
72.3
71.5
72.1
73.2
72.8
72.9
72.3
70.0
71.3
71.3
70.6
71.5
71.7
72.6
71.9
71.9
70.7
72.0
72.9
73.0
71.3
72.1
69.9
68.0
69.2
69.3
70.6
71.1
72.5
75.1
72.3
73.9
72.6
71.9
71.2
69.4
69.6
68.1
69.2
69.4
68.8
71.0
70.5
70.3
70.7
71.3
68.6
70.4
71.2
72.1
72.6
72.5
72.1
69.1
69.8
68.7
68.0
69.8
68.7
68.1
68.6
68.3
68.7
70.9
69.5
70.2
69.0
69.0
68.3
69.7
69.7
69.4
66.1
69.0
70.5
68.7
68.9
69.7
70.6
70.0
70.8
71.2
71.5
71.9
71.7
70.9
70.2
71.3
72.9
75.2
73.6
73.5
73.5
71.4
71.0
71.0
68.6
71.4
72.3
72.7
73.7
73.0
71.7
68.1
69.5
67.5
70.2
71.9
71.3
69.4
68.9
68.7
69.1
69.8
69.9
71.3
69.7
71.2
71.8
73.3
72.0
70.0
73.3
73.9
70.2
70.2
71.7
72.6
71.8
72.0
71.7
71.7
70.0
70.0
70.2
70.4
69.4
70.4
70.9
71.7
72.1
71.9
72.5
72.6
72.1
70.8
71.1
70.5
72.0
74.3
72.5
72.9
74.2
75.5
74.9
76.1
74.5
70.8
67.8
69.7
70.6
74.9
78.7
80.3
74.7
73.4
73.8
72.2
69.7
69.7
68.9
70.1
71.3
71.4
71.3
69.1
69.2
69.6
70.0
69.8
71.6
71.8
70.9
70.0
68.4
67.9
67.7
66.4
67.5
66.4
68.0
68.2
68.8
68.2
67.1
67.2
66.6
64.7
64.3
65.1
65.6
68.0
69.4
69.0
69.2
69.7
70.3
70.7
72.7
73.7
73.5
74.4
73.5
71.9
71.7
71.5
69.8
69.6
68.9
67.2
68.0
67.1
66.0
67.5
67.7
67.3
67.4
68.1
67.7
68.6
68.6
68.2
68.1
67.9
67.9
68.1
68.1
67.7
68.4
67.3
67.6
66.8
67.6
68.2
68.2
67.6
66.1
66.8
66.0
66.6
66.1
65.9
66.7
67.5
68.1
65.8
66.8
66.8
61.1
65.0
67.7
68.2
68.4
68.6
69.0
68.4
67.7
70.0
70.2
69.9
68.3
68.1
67.8
67.9
68.5
67.4
67.9
67.5
66.1
69.4
69.3
68.3
67.9
67.3
68.1
68.8
69.5
67.6
67.8
67.7
68.1
68.5
68.0
68.8
67.8
67.4
67.5
67.4
64.5
66.9
68.6
65.2
68.7
69.8
69.9
69.9
69.9
68.8
67.4
65.6
62.6
60.5
60.3
59.3
59.7
60.7
62.2
62.7
63.6
63.8
65.6
66.4
66.7
66.4
66.3
67.5
67.2
67.6
67.3
66.6
65.5
66.0
65.9
65.2
66.0
67.0
64.4
65.6
66.4
66.4
65.7
65.8
66.1
66.9
67.0
66.3
66.8
66.7
66.0
64.3
66.4
64.9
66.0
66.3
66.4
68.4
68.4
67.7
67.8
67.4
67.4
67.7
67.1
68.1
67.1
66.9
65.3
66.1
67.1
67.1
67.2
66.0
65.4
67.0
67.5
66.5
68.7
69.3
69.2
69.0
68.7
68.5
68.0
67.4
66.9
66.6
65.9
64.5
69.6
67.2
71.8
72.2
71.2
70.3
69.1
67.6
68.1
66.7
67.2
67.8
68.0
68.7
69.0
69.2
69.3
68.2
68.8
65.9
67.0
70.3
67.8
66.3
64.9
64.5
70.1
67.2
65.1
64.6
62.8
62.6
61.6
63.2
62.7
63.4
63.5
62.8
64.5
67.0
68.4
67.0
65.3
65.1
66.4
63.8
64.4
63.8
65.9
67.7
68.2
70.6
71.7
72.8
71.6
70.7
69.5
71.9
72.9
72.4
69.3
68.5
69.4
71.2
71.4
68.2
68.9
67.8
66.5
65.7
66.3
66.7
67.5
71.3
72.8
69.5
69.4
70.9
69.9
69.9
73.2
73.3
73.3
71.4
71.5
71.0
71.7
73.1
73.1
73.4
70.7
69.6
68.2
67.9
68.8
69.8
68.1
70.0
69.7
71.1
70.2
71.1
73.9
75.0
77.7
75.3
73.8
74.5
73.5
75.6
77.6
76.6
76.7
77.9
78.0
77.5
78.0
78.7
75.1
75.6
75.0
73.5
75.2
75.7
76.2
79.0
80.3
80.7
79.7
80.2
82.2
85.8
80.5
78.6
74.0
70.5
72.4
77.2
75.8
78.0
76.7
73.9
76.2
73.4
71.3
69.2
71.2
70.0
69.6
72.8
74.4
75.0
77.0
74.7
73.5
74.6
74.7
74.7
75.4
74.7
76.3
75.5
73.4
71.5
75.5
75.9
77.2
75.2
74.7
77.6
77.6
79.3
75.1
73.7
76.4
75.1
77.7
78.5
75.6
78.1
74.9
77.5
75.9
75.1
76.0
74.6
75.6
74.0
75.3
76.5
75.1
79.0
76.5
74.7
74.9
72.8
73.2
73.9
74.5
73.8
74.6
74.7
76.6
75.8
76.6
79.7
78.4
76.7
75.7
74.1
72.9
71.6
74.1
74.3
71.9
74.1
74.6
76.1
78.2
80.0
79.1
76.3
79.5
79.8
77.5
81.1
78.4
80.3
77.5
77.0
78.5
76.5
78.0
77.7
77.4
77.6
79.5
78.0
77.7
78.7
78.0
79.5
76.8
76.6
74.8
70.5
69.6
71.2
67.8
71.5
71.0
69.8
72.6
71.2
68.1
68.0
70.4
70.4
70.0
72.8
72.6
74.8
77.6
81.8
91.5
94.4
89.2
87.2
83.2
81.0
80.3
77.4
75.9
74.3
73.6
74.3
73.9
77.3
78.6
79.2
79.5
80.2
75.2
76.3
75.1
75.2
75.1
74.5
72.4
72.0
73.7
73.4
73.6
76.4
79.8
77.7
77.6
76.4
76.3
75.3
74.6
79.4
78.4
78.3
75.9
73.0
72.6
72.3
70.2
76.0
74.4
74.7
75.4
71.9
73.3
73.0
77.9
76.3
76.6
75.8
76.2
78.8
76.5
72.6
71.2
75.1
73.0
71.0
69.6
68.6
68.6
78.4
79.8
80.8
80.4
78.5
75.9
76.8
75.4
78.9
78.7
78.8
76.0
77.6
81.5
77.4
77.1
76.0
75.0
74.3
75.7
73.1
73.1
74.0
73.9
78.5
83.8
83.8
84.7
84.3
84.2
83.1
82.0
78.8
77.9
78.1
80.9
80.4
81.1
83.7
84.8
89.2
85.2
83.2
81.9
81.1
78.5
80.0
82.0
83.2
81.3
84.4
91.2
96.9
96.7
89.0
89.4
86.4
84.0
80.6
78.0
75.2
74.6
76.2
75.7
77.7
75.2
74.9
77.9
78.1
78.5
79.4
78.6
78.3
79.0
78.9
75.9
76.8
74.7
74.3
78.3
81.9
81.3
78.3
72.6
77.9
80.0
80.3
80.1
80.5
80.2
82.6
81.6
77.9
76.1
76.4
72.5
70.5
72.6
69.4
64.3
63.7
69.1
70.1
69.5
68.5
67.0
70.6
70.5
70.1
71.1
75.4
73.8
73.5
71.1
73.5
72.1
74.7
76.6
72.8
70.7
68.8
69.9
69.4
68.0
68.3
67.6
67.8
69.3
74.0
71.3
68.9
68.5
69.5
70.7
68.5
72.3
71.1
72.9
73.4
73.6
75.4
75.2
76.1
76.4
74.0
72.5
70.2
67.1
66.0
64.6
65.2
70.0
68.8
67.2
71.0
72.3
72.6
76.0
78.3
77.7
75.2
75.0
69.8
69.2
72.1
74.1
74.9
83.5
83.2
86.4
81.6
74.2
73.8
70.8
67.5
66.0
65.2
64.5
65.9
66.3
66.2
71.4
72.3
73.6
76.1
75.6
78.0
76.7
77.4
76.3
75.7
72.8
75.6
74.2
72.0
70.7
69.7
71.9
69.6
67.3
69.9
73.5
67.5
65.5
64.4
63.6
65.2
65.6
68.7
67.5
68.1
72.0
71.7
73.8
74.0
77.5
74.6
73.0
72.2
89.9
105.8
73.9
82.2
81.6
78.2
72.7
71.0
70.9
68.1
66.6
66.3
69.1
68.0
68.0
72.0
68.3
66.9
70.0
68.4
68.9
69.8
69.5
70.3
74.8
69.3
70.3
68.6
67.2
65.9
64.5
63.2
63.2
62.6
61.9
63.1
71.5
70.2
72.3
72.9
74.5
77.1
73.4
70.3
67.6
67.1
66.3
66.1
66.6
69.6
70.6
72.1
75.9
74.0
75.6
75.2
73.9
72.4
71.9
72.5
71.7
73.0
71.7
73.7
73.0
70.6
73.8
72.7
73.6
73.8
73.7
74.1
75.4
74.8
72.7
73.7
74.2
74.6
81.3
78.9
75.6
72.0
70.5
67.5
67.4
72.1
76.9
79.7
78.5
79.5
77.5
79.1
77.6
80.3
87.6
90.3
91.3
91.7
92.9
88.9
88.9
88.1
84.3
82.0
77.5
73.8
72.7
69.5
70.7
67.9
75.7
81.4
85.4
85.2
85.0
188.6
132.3
77.4
73.5
71.2
72.5
70.7
70.7
70.2
69.9
73.5
73.3
74.7
74.7
76.1
78.5
78.9
76.0
74.7
75.6
72.8
71.5
70.7
71.1
71.6
72.4
74.8
73.8
74.9
78.3
71.0
69.5
69.4
68.4
68.6
69.8
70.9
71.6
76.0
77.2
74.1
72.1
70.3
76.3
74.4
76.1
72.7
70.9
69.8
72.8
72.0
71.2
71.9
73.3
72.1
72.5
70.7
72.1
73.1
74.0
70.9
72.6
71.5
71.7
72.3
68.6
66.9
67.5
66.8
68.0
69.9
74.1
74.3
71.5
70.5
74.4
72.2
73.1
72.2
71.0
69.8
69.4
71.7
73.6
76.3
78.5
75.2
73.0
72.7
71.6
69.6
71.4
70.3
70.5
72.5
71.9
71.2
71.5
72.3
70.9
70.0
73.6
73.9
72.6
72.0
71.2
71.7
72.6
73.5
72.4
69.2
71.0
74.2
75.9
75.2
73.4
73.5
73.0
73.5
74.5
73.3
72.2
70.5
72.7
74.0
73.3
76.6
77.3
75.8
74.8
72.6
73.0
73.6
74.7
76.0
76.6
79.0
76.1
75.0
71.4
68.5
71.1
72.5
75.7
74.4
75.7
74.4
74.3
73.2
74.8
73.1
73.8
72.1
71.5
69.9
71.8
71.2
70.8
72.0
74.7
72.3
74.1
75.6
78.7
75.5
73.8
73.9
69.5
66.9
70.8
69.6
73.4
73.4
75.5
74.3
75.9
79.7
78.4
76.1
75.9
75.9
76.6
77.8
76.4
76.1
75.4
74.9
74.8
76.1
75.7
74.7
73.7
72.8
72.2
74.7
76.8
76.3
75.3
74.6
77.4
75.6
74.6
77.3
76.1
78.7
79.3
80.2
79.0
81.3
80.7
80.1
77.7
76.4
76.7
75.0
74.7
75.3
76.6
76.2
74.5
74.6
72.1
73.9
76.8
78.6
78.6
80.3
83.8
82.5
85.7
87.0
85.4
81.8
76.1
74.9
74.9
74.1
71.3
67.8
71.1
69.5
71.4
74.2
78.4
74.3
75.1
76.9
76.9
75.7
74.7
74.5
72.8
73.1
77.0
83.5
81.5
79.1
79.1
78.4
77.8
81.9
81.0
83.2
79.5
78.0
77.6
75.1
75.8
78.5
78.6
79.0
75.6
77.0
77.1
75.4
78.8
75.3
73.3
74.0
72.2
75.4
82.3
81.8
82.3
80.8
77.9
80.5
80.4
80.8
81.4
83.2
82.1
79.0
75.8
76.8
75.3
79.5
81.9
83.8
81.2
80.3
78.5
77.3
79.9
81.9
82.2
81.2
82.6
83.2
85.3
87.8
84.4
81.0
79.0
79.7
81.6
82.8
82.0
84.4
82.0
80.7
83.0
86.6
81.9
79.4
76.5
77.1
76.8
76.4
73.9
72.3
74.7
76.1
77.3
76.8
77.5
80.0
79.3
79.6
83.5
82.9
84.5
89.4
88.1
81.4
78.9
76.6
73.9
74.8
73.9
73.6
76.4
76.5
72.0
73.4
75.5
76.5
75.3
78.4
76.2
74.5
73.6
72.9
78.8
85.6
90.3
88.0
84.8
84.6
84.0
81.1
80.0
83.7
80.8
82.1
79.1
82.8
82.7
81.8
83.0
79.7
80.6
82.1
83.1
80.8
83.0
83.4
82.1
83.2
79.6
76.5
76.1
75.8
79.0
76.3
75.4
70.5
69.9
75.2
80.1
83.5
80.8
83.0
78.6
76.8
76.3
72.3
72.7
72.0
70.9
72.7
73.2
73.4
73.0
75.3
75.8
75.7
75.3
70.9
69.5
70.2
69.3
67.0
71.9
71.6
71.5
66.7
66.3
65.3
70.1
72.8
73.0
73.0
72.0
70.2
71.5
75.5
76.4
83.0
85.8
83.2
79.0
76.8
73.1
67.2
66.3
64.9
64.6
65.6
73.9
76.0
78.1
76.8
76.3
76.3
74.9
73.9
71.7
73.0
65.8
67.2
64.8
64.5
64.1
68.3
69.9
65.6
63.7
61.2
61.5
57.2
55.1
53.3
53.2
53.4
45.7
54.9
60.1
60.9
62.5
67.4
69.1
68.7
66.2
64.4
63.8
66.3
65.0
66.4
68.9
67.4
66.5
64.2
65.8
64.3
66.2
66.4
67.3
63.3
60.6
62.2
65.9
72.2
69.3
70.4
68.5
64.8
66.1
69.5
69.3
71.0
70.5
67.3
65.6
67.5
70.4
68.0
64.0
62.1
58.3
58.1
63.1
61.3
62.5
61.4
59.6
62.2
64.4
63.5
62.4
60.5
63.8
61.9
63.4
66.1
65.3
64.4
65.2
66.4
62.5
59.4
60.8
60.0
59.6
58.3
58.9
60.5
58.7
60.9
64.7
59.9
57.7
54.8
57.5
73.0
68.8
59.2
60.8
59.4
63.8
62.3
63.2
60.2
58.0
58.7
58.3
58.2
60.4
62.2
63.5
64.6
64.5
69.1
67.5
69.4
66.8
68.4
65.5
60.4
56.8
54.4
55.2
54.8
55.3
55.7
56.7
56.2
55.2
57.5
58.0
60.0
61.7
64.1
64.8
62.5
60.9
60.0
58.0
62.2
61.8
67.9
72.4
70.8
73.1
70.5
70.8
72.4
132.8
159.8
214.5
210.3
111.5
69.6
68.9
68.2
68.9
73.5
72.7
74.3
71.4
71.7
70.2
67.6
69.4
70.4
70.2
71.0
71.5
69.3
72.0
74.8
74.9
73.1
74.9
71.8
72.8
71.4
73.4
71.2
72.7
72.4
73.2
71.9
71.0
72.9
70.6
66.9
65.1
64.4
64.5
63.2
63.9
63.1
62.8
64.1
64.7
65.3
64.1
64.6
65.0
67.3
65.4
66.5
68.7
67.5
67.0
68.2
69.2
66.9
65.6
66.2
68.3
69.4
67.1
64.4
65.8
66.4
68.4
68.7
70.5
69.6
66.9
66.8
67.1
66.8
68.4
68.6
68.1
67.9
66.7
67.5
68.1
72.3
70.8
69.9
73.4
73.8
72.4
74.8
72.2
70.1
72.7
72.1
69.5
69.0
70.5
70.7
74.3
73.7
75.5
73.0
73.5
72.3
69.8
69.3
69.6
68.4
68.9
67.7
65.4
66.7
68.7
71.2
72.8
71.4
72.6
71.9
84.0
92.0
75.5
72.4
71.5
70.5
70.3
71.6
75.0
71.3
70.6
75.0
77.3
71.4
80.2
69.8
73.1
73.0
73.4
69.9
68.8
70.5
65.3
64.6
64.2
64.6
64.7
63.8
62.5
63.0
63.6
63.1
61.1
61.9
61.2
62.5
64.5
66.0
70.6
69.7
71.2
71.7
73.5
74.1
73.4
74.0
76.0
74.5
72.7
69.8
72.0
74.4
77.9
79.7
79.5
78.1
77.3
78.9
75.3
75.4
81.6
79.7
76.5
75.5
76.6
78.5
80.8
80.3
75.9
76.2
78.7
74.6
73.0
70.1
67.5
65.1
69.7
72.3
72.8
75.2
74.0
75.2
72.8
78.7
77.8
75.3
74.7
76.3
73.0
75.9
73.8
71.4
69.9
67.4
69.5
66.8
70.1
67.7
67.8
71.4
74.1
73.3
73.4
75.3
74.8
74.4
74.3
73.9
74.7
71.8
72.4
70.9
68.0
70.7
72.5
70.9
72.5
77.2
78.0
79.1
78.5
75.8
72.2
70.5
71.3
71.2
71.8
73.8
76.7
75.2
75.4
76.6
78.2
80.2
80.6
80.3
76.6
77.7
80.1
76.5
73.0
74.3
74.8
72.9
68.5
63.1
63.9
66.9
67.2
66.8
70.5
74.8
75.3
72.8
75.1
78.9
80.3
76.2
70.5
67.3
65.7
69.2
67.4
68.0
69.1
66.2
66.9
65.9
71.0
69.2
69.2
73.5
75.9
73.2
72.9
69.8
68.6
76.2
77.5
78.9
77.4
71.2
68.2
67.8
68.1
65.4
66.7
64.2
62.7
67.3
69.9
73.2
73.0
68.5
64.4
61.9
59.2
58.0
55.5
59.0
64.1
65.7
69.0
67.2
72.1
69.0
63.8
63.9
62.8
65.6
72.9
73.3
72.7
70.7
74.6
75.1
73.1
73.6
69.4
71.7
72.4
71.6
73.5
71.8
69.3
67.6
65.5
66.0
64.8
66.7
68.2
70.0
70.4
70.2
71.3
70.9
69.4
69.8
68.8
67.6
63.1
65.4
65.2
67.7
71.1
70.5
70.0
71.6
73.6
76.8
77.5
77.4
78.3
75.9
73.9
70.9
69.7
65.6
64.6
65.1
64.2
64.7
62.5
67.0
76.3
63.3
64.4
65.0
65.5
62.3
69.1
71.2
71.4
71.4
69.9
71.9
76.3
77.2
76.3
79.5
79.8
74.4
69.1
68.9
74.2
74.9
76.6
77.4
77.1
78.3
76.0
80.5
82.0
78.5
79.1
76.6
80.6
78.8
74.5
75.9
76.9
77.4
79.3
80.7
79.1
77.8
76.4
75.8
76.3
73.4
74.3
75.2
72.5
68.5
64.3
61.8
63.6
64.4
67.3
68.3
70.7
71.9
72.9
75.4
74.6
74.4
69.8
66.7
65.5
64.7
66.9
70.9
73.2
75.2
75.5
76.9
76.6
76.1
75.6
26.0
63.5
58.5
74.8
75.8
133.4
71.6
109.6
105.7
114.8
70.0
69.3
68.2
69.5
68.1
66.9
133.6
76.5
76.9
77.2
79.8
79.4
72.7
73.0
71.7
73.1
74.6
70.2
70.3
71.4
69.9
65.5
63.7
62.0
60.6
62.4
63.0
64.7
68.3
68.1
69.7
70.7
68.8
69.4
74.4
74.4
76.3
73.7
72.0
74.7
72.4
71.7
68.7
69.4
86.8
59.5
77.0
71.6
68.9
70.6
72.2
74.0
75.1
75.8
74.6
71.0
68.4
67.1
69.3
70.7
73.0
72.8
71.5
71.8
68.9
68.7
66.5
65.6
68.4
64.1
66.7
66.3
64.1
64.6
64.1
64.0
63.2
62.9
67.1
67.8
68.7
69.0
70.2
68.9
66.1
66.6
65.6
64.1
64.6
65.5
70.2
72.7
71.8
67.6
74.6
75.8
72.2
70.2
67.5
65.8
63.7
61.8
60.5
65.0
68.1
66.3
65.3
68.1
68.9
66.9
66.9
69.4
69.3
68.1
66.2
8.8
-48.60000000000001
28.849999999999998
38.875
48.9
62.4
64.3
65.9
67.1
64.9
69.4
72.5
75.7
78.7
75.8
71.1
67.8
70.4
68.2
71.0
69.1
69.7
69.9
68.9
68.4
68.9
70.2
67.2
61.9
68.2
71.6
69.8
73.2
81.0
89.4
91.6
88.5
88.9
99.2
95.5
92.8
92.1
86.4
73.7
67.1
66.2
71.1
69.2
66.7
69.7
69.5
67.3
64.7
65.5
72.6
75.1
73.9
69.1
67.4
70.7
70.7
69.7
78.4
77.1
76.6
74.5
70.2
70.8
72.8
71.6
68.5
69.0
65.3
70.4
68.3
65.1
64.1
65.6
68.2
66.5
62.4
61.2
62.1
62.6
63.3
71.1
69.2
67.4
66.7
67.5
66.3
66.7
66.8
66.6
63.1
66.3
69.6
70.0
67.7
63.3
62.3
58.8
57.4
58.6
60.0
67.4
71.1
68.0
69.2
68.0
64.7
62.9
63.0
61.1
58.8
57.8
56.2
56.1
57.8
62.8
67.5
63.9
62.3
61.5
63.0
62.9
64.7
67.6
72.5
71.7
72.1
72.49999999999999
70.89999999999999
70.3
68.4
63.4
128.9
98.0
60.9
58.8
54.8
50.8
53.9
56.0
59.9
59.4
61.7
60.8
57.2
60.2
60.7
59.6
60.3
61.8
57.9
54.9
55.1
58.6
59.3
57.0
57.7
58.2
58.2
58.5
61.7
64.7
68.2
67.2
69.0
66.0
62.7
65.3
65.4
67.0
66.2
66.0
67.0
66.3
66.0
68.1
64.6
65.4
63.0
63.6
65.0
66.3
66.4
66.5
66.8
65.1
69.7
71.1
70.3
66.9
65.4
67.8
69.8
66.6
65.2
66.7
70.8
66.2
68.1
65.4
64.7
64.0
64.4
67.4
76.8
73.5
67.9
67.4
67.1
70.0
65.1
62.2
64.3
65.4
63.4
66.8
67.1
64.3
59.7
62.1
63.2
64.5
66.9
67.8
64.9
64.5
66.0
64.6
60.5
61.2
59.1
56.5
55.2
62.4
64.2
61.0
60.9
64.7
63.9
64.0
61.7
60.5
65.8
67.2
67.1
66.4
60.2
56.4
55.3
57.6
61.4
59.7
59.3
60.9
59.4
58.2
60.2
62.5
60.5
62.1
60.6
58.8
59.8
58.4
59.3
62.8
64.3
66.7
66.0
63.6
65.0
65.1
64.6
62.3
64.7
65.0
60.7
58.4
57.4
54.4
58.9
57.3
60.2
57.4
61.3
63.4
62.0
63.7
62.9
61.4
66.0
62.5
62.7
63.9
60.8
58.2
57.0
58.0
69.3
87.8
96.7
98.1
96.7
79.6
86.4
82.2
77.1
76.1
71.8
72.7
74.4
71.4
65.0
60.7
58.4
56.8
53.5
51.9
52.6
51.8
51.4
50.7
50.3
51.4
50.3
54.7
55.5
52.2
52.1
53.2
55.5
55.8
55.6
57.8
63.4
64.3
52.5
57.3
58.8
58.4
60.0
60.8
58.4
56.9
58.0
55.7
55.2
55.0
60.3
58.4
58.1
64.0
59.3
58.2
60.0
59.2
55.2
54.6
62.1
64.2
64.6
71.2
70.3
65.2
61.4
58.6
57.8
56.5
57.6
56.0
55.0
55.3
59.1
63.3
64.3
62.2
62.7
62.3
66.5
67.4
68.1
70.1
74.3
69.6
65.0
60.8
56.1
54.2
57.9
64.3
62.3
61.7
64.7
65.4
62.3
61.6
59.7
63.4
63.7
58.6
54.9
57.9
60.4
62.3
63.4
59.5
56.9
57.4
57.9
57.4
58.8
62.6
60.0
61.8
61.1
60.6
61.7
61.8
65.1
63.6
62.6
62.8
62.2
64.8
64.9
64.0
62.1
61.5
62.5
61.3
61.2
64.6
61.9
63.8
66.0
65.0
66.0
64.7
66.9
66.9
62.5
59.1
59.8
59.1
59.7
66.6
61.6
58.8
58.6
59.2
57.3
61.2
62.7
62.8
64.8
61.6
60.1
60.2
64.4
63.8
67.8
61.5
58.1
59.0
61.0
61.0
58.0
60.6
64.3
61.4
64.4
65.1
61.4
59.9
61.1
63.7
60.8
59.0
63.3
63.4
65.7
65.7
62.9
60.7
60.2
60.4
65.5
60.5
55.8
56.1
59.0
58.2
58.1
55.4
56.9
57.5
59.5
58.8
58.5
56.5
59.9
56.8
55.4
56.9
58.0
63.0
55.0
52.5
51.4
49.8
52.5
52.3
51.4
54.7
47.9
49.2
51.1
63.6
63.3
57.1
52.5
51.3
51.0
50.1
51.1
55.8
59.9
62.4
63.3
62.3
60.6
61.0
60.7
60.0
59.0
59.0
58.6
58.1
57.9
57.8
58.2
55.6
58.0
58.6
58.6
58.6
58.7
58.7
58.3
58.1
58.1
58.3
58.3
58.7
59.0
59.1
59.3
59.9
59.8
61.3
67.4
66.9
64.5
62.3
61.7
60.0
59.9
60.0
59.9
60.0
60.7
60.4
60.4
60.0
60.0
59.9
60.0
98.7
86.7
47.3
55.1
55.5
54.8
55.4
55.7
59.9
67.0
63.6
61.0
58.6
57.2
56.9
56.9
56.9
57.1
57.0
57.3
57.0
57.2
57.8
57.7
56.9
57.0
56.6
57.6
59.0
58.6
58.9
58.1
58.5
58.7
62.0
67.6
63.3
61.4
60.3
58.9
58.2
58.0
57.1
57.7
58.0
58.1
59.0
58.6
58.9
58.8
59.4
60.6
59.5
59.8
60.8
66.9
69.2
67.1
64.1
61.8
60.2
59.1
59.0
59.2
60.4
60.3
61.9
62.6
62.3
61.9
63.4
64.4
64.0
64.2
67.1
68.5
74.3
74.4
71.7
68.9
66.8
65.2
64.9
64.1
63.9
63.8
63.8
63.7
63.3
63.7
65.2
67.1
69.8
70.5
70.2
70.8
73.0
76.5
75.4
70.9
71.6
73.2
72.4
72.0
71.1
69.4
70.8
72.2
71.8
73.5
75.0
75.6
77.5
85.9
93.6
92.0
89.5
90.6
89.7
90.0
89.0
87.3
86.8
85.4
84.6
85.6
86.0
83.5
81.1
79.8
81.0
81.1
81.6
78.0
72.0
69.3
68.9
62.4
62.6
72.7
73.1
69.0
65.2
71.3
70.3
72.0
70.4
69.9
68.6
68.7
68.5
66.9
66.1
83.3
63.8
66.1
66.5
69.1
75.3
75.4
76.2
78.0
76.4
74.4
71.3
70.2
69.3
69.2
67.8
67.1
66.4
65.3
64.9
63.2
62.6
62.1
61.3
61.3
60.1
60.6
60.0
59.1
59.0
59.3
58.0
57.2
59.4
60.5
61.2
62.3
62.7
63.1
63.4
63.5
64.2
63.1
62.1
61.2
61.1
60.7
60.5
59.6
60.0
59.7
59.4
58.9
59.2
61.1
63.5
64.1
84.5
142.0
101.5
218.0
343.1
342.4
345.1
344.5
259.3
93.0
56.2
54.3
52.9
52.9
52.8
52.7
58.4
64.3
64.8
62.7
58.7
57.1
57.3
57.4
56.3
55.4
55.6
54.5
53.8
53.7
53.2
52.6
52.1
52.7
53.0
53.3
53.0
53.3
54.9
71.3
81.6
80.5
76.9
74.6
73.7
71.1
65.3
70.8
73.4
71.1
69.8
69.0
68.5
64.0
60.9
59.5
58.4
58.3
60.4
61.1
59.8
57.5
57.0
68.5
69.9
64.8
62.8
62.2
62.6
66.3
70.3
69.1
69.3
69.4
69.6
68.9
69.2
69.5
70.5
67.2
64.9
64.1
63.4
63.9
64.0
63.9
63.6
63.6
63.0
61.7
57.9
55.9
55.0
54.9
56.3
59.5
61.6
60.8
60.6
60.3
59.3
59.6
59.8
57.4
54.7
51.7
50.4
49.6
49.7
50.0
50.1
49.9
49.9
50.5
51.0
51.2
51.8
51.4
52.0
52.1
52.8
53.5
53.6
53.0
53.0
63.9
73.3
72.9
69.2
66.9
65.7
63.9
62.9
62.2
61.8
59.8
59.8
59.5
59.2
58.6
58.2
58.7
58.8
58.8
58.3
58.7
58.8
58.7
59.3
58.9
59.2
59.7
60.4
59.6
59.8
61.0
61.5
60.6
61.3
61.1
61.1
61.4
61.8
61.3
62.3
62.9
63.0
62.9
63.0
63.8
63.4
63.2
63.0
64.5
63.7
63.5
64.1
64.4
64.0
64.5
64.3
63.8
63.5
64.4
64.0
64.7
64.6
64.1
65.0
64.2
63.5
63.9
63.5
63.6
63.6
63.4
63.1
65.8
64.6
64.3
64.2
64.8
63.8
63.1
63.1
62.7
63.0
62.6
63.7
63.0
63.1
64.1
64.0
62.7
63.9
63.9
63.1
62.7
63.0
63.5
63.0
64.4
65.5
65.8
65.8
65.8
65.2
63.7
62.8
62.1
62.2
62.9
62.0
62.3
63.4
62.1
62.7
61.9
62.4
62.6
63.0
65.2
65.7
65.1
66.8
68.6
68.9
68.7
68.2
76.6
81.3
78.6
78.3
75.7
75.4
74.6
72.5
71.4
69.8
68.5
67.7
66.8
67.0
66.3
67.4
66.6
70.5
73.9
78.6
84.7
78.6
77.6
76.6
76.0
76.3
75.9
74.7
73.4
73.0
71.6
70.9
72.8
73.5
73.8
70.9
72.9
72.6
73.3
78.9
87.2
86.2
83.0
79.0
76.5
75.3
73.5
72.0
72.3
71.0
70.8
69.6
68.6
68.9
69.5
68.3
68.8
68.8
68.4
69.7
69.0
43.0
169.8
110.6
12.1
43.5
66.4
65.9
66.5
66.9
62.3
89.9
86.7
84.7
81.6
82.0
80.7
79.9
78.5
78.8
78.1
77.0
76.3
79.7
82.1
81.1
79.5
78.2
77.6
78.0
77.7
77.0
76.9
77.7
76.4
76.1
79.8
80.5
86.3
86.1
82.7
81.7
79.6
78.6
78.2
77.4
78.3
80.5
80.1
80.0
79.1
79.5
79.7
79.4
79.4
78.4
77.9
75.5
74.6
73.5
73.3
78.3
85.7
83.5
80.7
79.0
76.6
72.1
76.8
78.1
78.6
78.3
77.6
79.0
78.4
78.5
77.9
77.0
76.7
76.0
76.3
76.0
75.4
74.3
74.1
74.5
75.1
76.6
76.2
76.2
76.3
76.2
75.7
75.2
76.2
76.0
76.0
75.8
74.5
73.9
74.2
75.8
76.1
75.7
75.6
75.4
76.9
78.2
78.2
77.2
77.7
76.3
75.6
75.9
75.1
75.5
76.1
76.1
77.3
77.2
77.8
78.2
79.2
79.0
78.3
77.9
78.3
76.6
76.9
77.0
78.0
77.7
77.4
76.6
76.6
77.4
78.0
77.8
77.0
77.0
77.0
79.2
79.2
77.2
77.1
77.0
78.2
78.6
77.4
76.8
74.0
76.7
75.5
76.5
77.6
78.2
77.5
78.4
77.4
78.6
77.6
78.7
78.0
77.9
74.8
73.6
72.1
73.1
72.4
73.4
75.4
74.6
75.9
75.5
74.9
75.6
76.7
77.0
76.3
76.7
76.4
76.3
77.3
77.1
77.9
77.5
76.0
77.4
78.7
78.8
78.0
77.6
76.8
78.0
78.0
79.6
81.0
81.0
80.6
81.1
82.0
83.0
81.0
90.3
79.9
80.3
79.7
79.1
80.6
80.6
81.2
80.8
82.4
84.0
83.7
82.2
80.2
78.6
76.3
76.8
77.5
78.5
82.0
81.7
80.4
79.6
78.1
78.4
79.5
81.9
84.3
83.1
82.0
80.7
81.2
81.8
81.4
81.4
81.4
75.8
72.0
70.6
68.6
66.1
61.7
71.7
77.3
81.4
58.3
62.5
60.7
57.4
51.9
49.3
47.7
49.5
45.1
59.1
48.4
48.0
48.2
49.7
53.2
55.9
57.2
59.9
59.7
61.0
61.4
63.0
63.6
64.6
64.7
66.1
65.2
66.3
66.0
66.6
67.6
64.7
66.5
66.1
67.5
65.5
65.0
66.6
68.3
69.1
67.9
69.4
68.4
68.5
70.1
69.2
69.6
69.3
69.6
71.7
70.2
68.9
70.7
70.3
71.0
69.6
69.7
69.4
69.5
70.6
71.4
71.6
71.3
72.2
70.6
69.9
71.5
71.3
69.4
70.6
71.7
72.1
71.4
72.2
71.5
69.3
70.1
68.4
69.0
69.4
70.1
71.0
71.5
69.8
70.2
70.4
70.3
70.6
69.4
70.8
69.9
70.3
70.7
69.6
70.5
70.9
70.1
70.3
70.9
67.5
70.5
71.5
72.8
71.1
72.3
70.0
70.7
69.8
70.0
69.1
67.1
67.8
70.2
77.3
81.3
85.3
77.3
74.0
72.9
71.7
68.8
67.8
67.9
67.7
69.1
68.6
68.8
70.1
70.4
70.4
70.4
71.1
70.9
71.2
71.0
72.0
70.9
72.5
71.8
71.8
71.5
70.3
70.1
72.0
70.1
70.9
71.9
70.6
70.6
69.4
69.8
68.0
67.9
68.8
69.0
69.4
69.5
69.0
69.1
67.1
68.2
68.6
69.5
70.1
69.4
69.3
69.4
69.2
69.7
68.6
69.7
81.4
90.8
89.7
88.9
87.7
91.1
86.1
81.8
76.6
77.5
80.3
82.5
79.0
73.3
68.6
65.7
64.0
61.8
61.4
60.2
59.6
60.8
61.1
60.9
63.2
64.0
63.6
63.1
62.5
65.6
65.2
65.5
66.5
66.9
66.1
66.2
67.5
65.8
64.1
64.7
64.6
63.8
63.2
65.4
68.4
71.2
70.8
69.5
81.1
94.7
99.4
103.1
101.4
96.4
94.0
90.8
88.8
86.7
84.2
81.9
79.2
77.1
74.6
71.7
71.8
70.7
70.4
70.7
70.4
70.6
70.4
69.9
70.1
71.1
70.9
71.7
73.5
74.3
75.8
76.0
75.2
74.8
74.4
73.3
72.5
72.0
71.0
70.6
71.0
70.8
70.0
69.7
70.5
69.7
69.3
69.9
70.0
71.0
72.0
71.2
71.9
71.4
72.1
72.7
72.2
71.2
70.9
70.5
69.9
70.0
70.1
70.1
70.5
71.7
71.4
71.7
72.0
72.6
74.2
73.9
73.0
74.0
73.5
73.1
72.7
72.7
72.7
73.0
73.9
73.6
74.2
74.1
73.8
74.5
74.6
74.6
74.4
76.1
75.8
74.7
75.0
74.5
74.7
75.0
74.3
74.1
74.3
74.0
74.0
75.0
75.0
75.1
75.6
74.4
75.4
74.8
74.4
75.1
74.7
74.8
75.0
73.3
75.1
73.7
75.2
73.0
107.1
192.4
175.1
69.8
69.2
69.8
70.1
70.1
69.0
67.7
67.8
69.0
85.4
95.0
93.5
94.0
92.8
87.3
83.7
77.0
72.3
69.0
66.8
66.6
67.8
65.6
64.8
63.9
63.5
62.3
63.1
63.1
62.1
61.8
62.0
61.6
60.9
61.7
61.4
60.5
60.3
59.6
59.7
60.1
59.7
59.0
58.8
58.1
57.9
58.1
58.3
58.4
58.4
58.6
61.4
61.2
61.0
62.4
61.3
60.6
60.9
62.4
61.8
59.8
60.0
60.9
60.5
59.1
60.2
60.6
59.6
58.9
59.1
64.3
63.6
65.3
123.6
70.7
64.3
62.3
61.4
61.2
62.9
61.9
61.2
62.4
63.1
62.1
64.8
65.2
65.4
65.2
66.6
66.3
65.7
68.0
70.0
71.5
71.5
72.4
70.6
73.0
70.9
69.7
70.9
69.3
68.4
66.1
65.0
65.4
65.8
65.0
65.6
67.2
66.3
65.1
67.9
67.5
66.3
65.9
66.1
65.5
66.2
64.7
65.0
66.0
66.5
65.8
66.3
68.0
66.3
66.0
67.0
65.9
64.7
64.8
65.1
66.0
64.8
64.3
65.4
64.9
64.3
66.2
67.1
66.7
67.7
67.3
65.8
65.8
65.8
65.4
65.9
64.3
65.2
66.7
65.1
65.1
64.3
64.0
64.0
65.7
65.6
59.9
70.3
80.9
69.1
68.3
68.7
67.3
62.8
59.7
57.6
56.6
57.1
65.7
66.9
67.5
63.7
59.5
57.0
61.5
78.3
82.0
77.4
74.6
71.3
67.1
65.8
63.9
61.3
58.8
56.3
54.9
54.2
53.9
52.3
58.3
78.3
86.4
82.5
76.7
73.3
70.4
66.7
64.0
61.2
60.5
59.1
57.3
56.0
55.2
54.5
54.3
55.3
57.7
64.5
66.3
66.8
60.6
60.0
66.0
82.3
82.9
77.8
77.5
79.0
79.3
82.2
81.6
80.9
78.8
78.6
79.2
78.2
77.8
75.6
75.2
75.2
74.1
73.6
72.6
71.3
70.8
70.9
71.3
69.3
68.9
69.7
68.1
68.8
69.0
67.6
64.2
61.4
60.6
58.0
58.4
58.5
59.1
60.0
59.6
58.3
57.4
58.2
58.5
59.6
59.5
60.0
60.0
59.0
62.6
63.5
64.3
67.4
66.6
65.7
64.9
65.1
65.3
65.8
65.9
66.5
65.5
65.1
63.8
64.3
64.8
65.4
65.3
64.1
63.0
64.1
65.8
68.5
70.4
71.7
72.4
72.0
70.5
70.1
70.1
69.6
69.7
70.5
72.2
72.2
72.0
72.0
71.5
71.3
72.0
71.4
71.0
71.6
71.9
71.8
73.4
73.7
71.8
69.2
64.2
60.3
57.2
55.3
58.6
66.1
87.6
91.6
85.5
80.5
78.3
76.1
75.8
74.8
75.7
76.1
75.0
74.9
73.2
74.5
74.1
73.2
72.0
69.3
76.3
90.4
98.8
97.8
78.2
75.5
78.5
74.7
72.4
66.7
65.4
64.3
64.0
58.0
62.1
61.9
61.4
60.1
62.1
58.2
57.2
56.1
54.4
53.2
53.0
53.5
54.7
55.8
55.7
56.5
57.5
57.0
57.0
57.2
58.3
58.2
55.6
55.3
55.0
55.2
53.5
55.8
57.4
56.8
58.8
59.2
60.3
62.4
61.1
60.9
60.0
60.5
60.5
61.1
59.0
59.9
59.5
60.5
59.8
60.4
62.1
62.2
63.4
62.3
60.9
61.8
62.2
63.1
64.5
63.6
64.2
63.9
64.1
64.2
64.2
63.8
62.0
62.1
64.1
63.1
64.1
63.9
63.4
61.8
63.3
62.6
64.7
64.0
63.0
64.8
65.1
66.1
66.0
64.4
64.9
65.2
65.3
65.7
64.6
66.2
64.6
65.8
63.9
63.6
65.8
65.5
63.4
62.8
64.0
66.1
65.3
66.3
61.4
60.9
63.8
64.8
62.2
54.8
56.0
58.6
58.7
59.6
58.1
58.8
61.0
62.1
64.3
64.0
65.3
63.4
64.0
63.6
63.0
66.3
67.9
68.7
68.5
67.8
67.7
66.5
65.1
65.8
65.9
65.3
67.2
69.4
68.7
68.5
74.3
77.2
79.6
80.4
83.8
95.7
97.5
94.2
91.1
90.6
88.4
87.8
89.3
101.7
88.1
88.7
90.8
91.6
89.6
87.2
86.8
93.5
95.5
89.8
84.5
81.7
80.9
79.7
75.6
77.5
78.2
77.4
77.3
77.0
72.6
69.9
66.8
67.9
67.9
62.4
59.6
58.3
57.9
57.4
57.2
57.1
56.9
57.4
57.7
58.2
58.4
57.7
59.0
60.9
62.7
64.6
64.7
67.6
68.7
62.0
62.6
76.9
77.5
77.1
79.9
81.0
79.5
75.5
72.1
69.5
65.8
62.9
62.3
62.4
62.3
60.0
60.5
61.0
62.1
62.3
63.6
63.8
63.0
64.1
64.4
64.5
65.6
66.2
65.5
66.8
66.3
66.7
66.4
65.3
66.0
63.9
64.0
65.0
66.2
65.5
66.0
66.2
66.0
66.4
67.3
66.4
66.8
68.0
67.1
67.3
67.4
67.1
66.7
67.2
66.8
67.7
67.8
67.6
66.5
67.1
66.7
66.6
67.8
66.7
67.6
68.7
68.4
69.6
66.9
67.1
63.5
64.8
67.7
68.5
68.4
67.7
67.1
65.0
63.5
67.5
63.5
68.6
70.1
71.7
72.4
71.3
72.6
71.9
71.0
71.0
68.7
68.8
69.1
68.1
67.4
68.4
70.5
70.9
70.7
71.8
70.3
69.3
71.0
71.0
70.8
70.1
69.6
70.4
70.3
70.3
68.5
71.0
71.1
71.7
71.3
68.8
70.5
70.8
70.6
71.2
71.6
71.9
70.9
70.4
70.3
70.3
70.0
69.4
69.6
70.5
69.7
70.2
70.0
69.7
70.5
71.3
70.2
69.6
70.8
71.5
72.3
71.7
71.3
70.5
72.8
73.4
71.7
73.6
75.1
72.7
71.5
73.1
73.7
75.1
71.6
71.8
71.2
70.6
68.9
69.4
68.7
70.8
70.7
69.9
70.2
70.3
70.5
70.6
70.9
70.9
70.4
71.1
70.7
71.8
71.4
70.0
71.9
70.9
70.6
70.6
69.7
69.7
70.2
70.9
71.0
70.9
70.0
65.5
67.5
72.0
76.8
78.3
76.5
77.5
77.2
72.7
72.6
78.2
80.0
78.2
74.9
66.3
65.4
65.0
64.2
64.5
62.7
64.1
66.9
69.0
72.9
91.0
108.2
114.0
115.5
113.0
112.1
105.6
98.3
91.9
90.1
85.2
83.4
83.2
82.6
82.7
80.4
80.1
78.3
76.9
75.9
74.5
74.2
75.2
73.9
74.3
73.4
74.6
73.6
73.8
74.0
75.7
74.9
75.0
75.1
74.3
75.1
75.9
76.6
77.1
79.0
79.5
77.6
76.3
76.4
77.5
77.4
77.0
76.7
75.7
75.6
75.5
76.8
79.4
86.5
98.9
102.3
70.9
77.5
87.5
84.7
81.2
82.2
72.9
72.1
70.5
70.4
64.8
63.2
61.1
60.7
61.1
60.3
60.2
60.1
59.6
60.2
59.0
59.1
58.6
104.7
60.1
59.4
60.0
59.7
60.7
60.3
60.4
61.1
60.1
60.4
60.0
60.0
60.2
58.9
58.7
57.0
56.2
56.5
55.2
56.1
56.7
57.2
56.8
57.0
56.9
56.2
57.4
59.7
58.5
56.3
56.8
55.3
55.9
55.1
57.1
56.8
57.1
55.6
56.3
56.7
55.8
55.8
56.3
56.6
57.5
56.9
57.3
63.8
69.3
69.8
69.2
68.7
67.4
65.7
65.7
63.4
66.0
67.5
69.0
69.6
71.6
68.7
67.5
65.3
63.8
62.7
61.6
60.8
60.5
60.7
61.9
61.3
61.8
62.5
63.9
64.4
64.8
67.0
64.8
67.8
68.5
68.7
68.7
69.3
68.3
65.4
63.5
66.4
67.5
66.4
68.0
67.5
67.6
67.4
67.8
67.4
67.8
66.2
67.3
67.0
66.2
66.3
65.1
65.2
66.8
65.6
65.8
65.8
65.9
67.1
66.5
62.7
60.2
66.4
68.8
69.5
69.1
70.3
70.0
68.8
68.0
67.7
67.6
65.7
67.3
66.1
66.1
66.5
63.3
64.4
65.9
65.2
63.9
66.5
68.6
70.3
69.8
69.2
68.7
68.3
67.1
66.3
64.7
65.4
66.0
65.6
65.5
65.4
66.1
65.9
65.0
64.4
65.2
65.9
66.0
66.5
66.5
66.8
66.3
66.1
66.2
67.1
64.1
63.4
65.1
65.2
64.9
65.2
66.5
66.0
64.9
65.2
65.3
66.5
66.1
65.7
64.3
64.9
65.2
65.9
65.7
65.9
65.9
67.2
66.5
66.9
67.2
66.3
65.9
66.7
65.8
65.5
65.5
64.6
65.6
64.0
66.3
64.8
64.8
65.8
61.9
59.9
64.8
65.2
67.8
67.9
68.2
68.2
68.3
68.7
68.8
68.2
66.6
66.4
64.7
64.9
64.2
62.7
62.6
62.2
63.1
64.0
65.9
65.0
65.1
65.3
52.0
62.2
61.6
62.2
63.3
64.2
64.1
65.5
67.0
64.2
66.7
67.3
66.8
65.7
65.0
60.6
60.0
61.3
68.0
71.9
66.3
65.2
65.9
66.9
66.0
65.8
64.7
62.3
61.4
61.4
62.9
62.6
64.6
63.7
64.6
64.5
60.5
61.3
64.4
67.2
67.2
66.9
63.9
61.0
60.6
55.7
47.2
54.3
58.5
74.7
72.4
71.7
68.4
69.3
68.7
76.1
78.0
78.9
73.7
69.9
62.3
68.6
90.9
90.9
86.5
80.4
77.6
72.5
67.2
66.1
66.9
66.1
65.6
64.7
63.7
63.9
63.8
64.2
64.6
64.8
65.2
66.3
67.2
67.4
67.8
66.7
66.1
66.8
66.4
66.0
65.4
65.1
65.3
66.3
67.0
66.3
65.4
65.3
66.0
66.0
66.1
66.1
65.8
64.8
66.1
62.0
63.6
64.2
63.2
64.8
65.5
65.4
65.8
67.1
68.0
66.7
66.9
67.0
66.4
66.6
64.9
63.1
64.1
64.0
63.6
64.8
65.4
64.3
63.1
63.3
61.9
62.8
60.0
60.3
62.5
65.8
68.8
69.5
66.8
68.5
70.5
70.7
71.5
71.0
70.4
69.1
68.6
68.2
68.8
67.6
67.3
67.3
66.7
66.3
67.1
66.4
67.1
67.3
67.4
68.1
66.8
66.7
64.5
64.9
65.7
66.5
68.5
67.3
67.9
67.0
67.1
67.6
68.1
67.8
68.1
67.6
67.6
68.5
66.4
66.1
65.3
66.5
68.7
70.5
70.5
70.8
70.4
67.8
68.0
69.1
69.9
69.3
66.7
65.7
64.6
62.4
65.3
66.1
67.3
68.0
122.3
68.8
70.7
70.4
70.9
68.1
68.9
69.7
64.2
57.8
58.1
58.0
58.5
133.4
77.5
67.7
67.3
66.5
69.6
73.3
75.0
75.0
73.9
73.2
71.3
70.9
68.4
67.9
67.1
68.7
68.8
68.8
68.7
67.3
67.7
67.0
67.0
62.8
61.6
64.5
67.5
65.9
63.7
63.2
63.6
66.0
65.5
64.9
66.6
64.6
64.0
65.4
66.4
67.7
66.0
65.1
67.0
68.9
66.9
66.0
65.7
65.0
65.9
65.2
65.4
63.0
62.3
63.6
66.2
67.4
67.7
67.2
67.3
66.4
65.2
66.0
65.0
65.4
64.2
63.9
77.4
98.6
64.7
64.9
64.7
65.0
65.9
64.9
57.8
60.3
64.8
68.0
69.4
69.6
68.4
69.0
68.3
67.8
67.3
66.0
66.2
65.1
65.5
64.6
64.2
64.5
62.3
60.3
64.6
66.8
69.1
69.2
68.4
68.6
68.6
67.7
66.8
65.6
64.8
64.6
65.6
65.8
62.2
63.0
64.6
67.2
69.1
68.3
63.8
61.3
64.3
68.0
69.7
69.6
68.1
69.2
67.1
68.4
67.1
66.8
66.0
63.9
64.1
65.5
66.2
64.4
65.2
64.4
67.0
65.4
64.6
67.4
68.1
68.1
68.4
69.1
68.5
68.0
67.1
67.3
67.5
67.3
67.7
65.1
64.7
66.9
65.6
66.3
66.2
66.1
66.8
66.6
67.7
67.5
67.6
68.2
66.6
67.1
67.5
60.1
59.0
61.7
65.5
67.2
68.0
70.3
70.8
70.2
69.8
68.0
67.6
67.2
67.3
66.0
63.7
60.1
59.1
60.9
63.2
65.7
67.4
67.5
69.0
70.4
70.2
69.9
68.7
66.5
67.6
67.3
67.3
67.4
64.9
63.7
65.9
67.7
68.4
68.9
68.3
66.2
107.9
154.2
125.6
67.3
69.0
70.0
70.7
71.7
70.7
70.7
69.7
68.9
70.5
69.2
68.4
67.2
67.4
68.4
63.7
59.8
64.2
61.6
62.5
65.3
65.3
66.5
70.2
73.4
75.4
76.6
76.4
75.7
75.2
73.9
73.2
71.7
71.0
70.7
70.3
70.7
71.1
70.9
70.1
69.5
69.4
69.9
70.4
71.4
72.1
71.4
72.2
70.9
69.0
68.1
70.1
71.5
72.7
72.9
73.0
72.0
72.1
72.1
71.0
71.4
70.8
71.4
71.9
72.2
73.3
71.0
70.2
70.3
71.4
72.3
67.0
66.8
69.6
70.7
72.6
74.6
76.2
76.0
75.1
75.1
76.0
74.7
74.0
73.7
73.7
73.4
73.6
73.2
72.8
73.2
72.3
72.0
71.6
71.0
72.1
72.1
69.9
69.3
70.3
71.2
72.7
73.8
74.9
74.9
74.8
74.5
74.1
70.7
67.7
69.9
71.5
72.5
72.4
70.8
72.7
74.1
76.8
76.0
75.9
73.0
73.9
72.8
72.4
71.8
70.7
65.4
61.8
62.6
66.5
67.9
67.7
69.7
70.8
71.6
73.4
73.7
75.4
76.5
74.9
74.5
73.3
70.9
64.1
63.0
68.5
70.9
73.4
68.5
69.2
70.1
71.9
73.4
74.4
74.9
74.5
73.9
73.3
73.4
73.7
71.2
73.7
74.3
74.3
73.4
68.3
65.2
63.5
65.5
66.8
68.2
69.3
70.1
70.2
70.4
70.1
68.9
68.4
66.5
62.5
61.6
63.3
66.1
68.5
69.6
68.9
69.5
70.5
72.4
72.1
71.9
70.8
70.6
71.0
70.7
71.4
71.8
71.8
71.6
72.1
71.4
70.4
69.6
69.5
70.7
70.0
68.9
69.6
65.5
64.4
66.3
69.1
70.1
71.2
72.0
72.9
72.2
71.9
71.7
70.0
72.0
72.7
73.7
74.0
74.9
73.9
72.6
70.0
67.9
65.5
66.4
67.5
68.7
68.9
68.5
66.6
66.5
68.7
71.1
73.3
71.7
72.3
72.1
72.0
70.3
68.4
67.7
67.4
68.1
68.0
65.9
67.7
69.9
71.8
73.0
71.8
74.0
74.3
74.1
74.1
74.3
73.9
72.9
72.6
72.2
73.2
72.1
72.3
72.7
73.4
73.3
73.0
71.7
72.1
71.6
71.7
71.6
69.1
71.2
70.0
71.2
73.8
74.8
76.5
75.5
75.4
71.3
70.7
77.4
81.3
81.5
76.9
72.6
69.3
67.1
66.7
64.5
63.3
62.9
64.1
63.4
64.3
63.6
64.9
66.8
68.2
68.2
67.8
69.2
69.5
70.1
69.8
69.1
68.9
68.2
66.1
64.2
63.1
62.8
64.7
66.0
67.5
69.6
71.2
73.1
73.7
74.0
73.4
72.5
71.7
71.2
70.2
68.0
60.4
59.2
190.2
156.3
60.7
58.0
62.1
63.1
63.8
64.4
66.3
67.2
66.9
64.7
65.5
65.4
64.2
62.2
65.4
66.5
65.7
68.0
70.6
69.3
68.7
68.1
65.0
63.4
65.4
67.0
66.7
67.6
65.6
64.6
64.0
65.2
65.8
66.1
65.3
60.1
73.7
84.3
85.8
83.0
80.6
76.7
75.4
72.4
70.0
67.5
66.4
63.1
60.4
59.0
57.9
56.9
58.5
57.9
58.3
58.9
59.0
59.6
59.9
61.0
61.4
61.2
61.9
61.8
62.1
62.4
61.7
61.6
59.4
58.8
59.7
59.2
59.7
61.9
62.5
62.7
63.2
63.3
64.7
63.3
63.2
63.5
62.6
61.6
62.0
61.2
60.9
60.2
60.9
62.8
62.7
63.4
62.9
62.3
62.2
61.8
61.7
61.7
62.1
61.4
61.2
62.0
63.1
62.5
61.5
64.0
65.2
65.4
64.8
65.7
65.1
64.7
65.6
66.1
66.3
65.5
66.9
66.3
66.9
66.5
67.2
66.2
64.3
61.4
59.8
60.4
60.8
60.2
72.7
85.2
72.47377049180328
72.36065573770492
72.24754098360656
72.1344262295082
72.02131147540983
71.90819672131148
71.79508196721312
71.68196721311476
71.5688524590164
71.45573770491804
71.34262295081967
71.22950819672131
71.11639344262295
71.00327868852459
70.89016393442623
70.77704918032786
70.6639344262295
70.55081967213115
70.4377049180328
70.32459016393443
70.21147540983607
70.09836065573771
69.98524590163935
69.87213114754098
69.75901639344262
69.64590163934426
69.5327868852459
69.41967213114754
69.30655737704917
69.19344262295083
69.08032786885246
68.9672131147541
68.85409836065574
68.74098360655738
68.62786885245902
68.51475409836065
68.40163934426229
68.28852459016393
68.17540983606557
68.0622950819672
67.94918032786885
67.8360655737705
67.72295081967214
67.60983606557377
67.49672131147541
67.38360655737705
67.27049180327869
67.15737704918033
67.04426229508196
66.9311475409836
66.81803278688524
66.70491803278688
66.59180327868852
66.47868852459015
66.3655737704918
66.25245901639344
66.13934426229508
66.02622950819672
65.91311475409836
65.8
68.3
63.1
61.4
60.9
59.2
57.6
57.0
56.3
58.2
59.3
61.1
62.4
62.6
62.5
62.8
62.7
63.2
62.0
61.9
67.9
70.9
72.5
70.4
64.8
63.0
62.9
62.0
60.6
59.6
58.4
58.8
59.3
58.7
59.3
60.2
59.7
61.3
61.9
61.4
62.4
61.7
62.0
60.8
58.1
53.5
54.0
54.0
60.6
64.7
63.8
60.2
55.4
53.0
51.6
50.8
50.4
51.5
52.1
51.1
51.1
50.4
50.7
53.5
52.5
52.1
51.0
50.9
50.6
63.0
68.2
71.2
72.8
73.3
79.0
82.3
82.0
79.6
77.4
75.0
74.1
71.5
68.6
68.5
68.4
66.0
66.2
64.8
64.1
64.3
65.0
65.6
66.6
67.1
67.8
65.1
67.1
68.1
68.4
67.3
68.2
69.0
69.3
69.5
70.2
68.5
68.0
67.9
66.9
67.2
66.5
65.6
66.1
62.5
67.0
67.7
69.4
69.5
69.6
68.5
68.2
67.5
67.7
67.3
66.8
66.6
65.4
64.6
64.0
64.4
72.4
74.6
76.2
73.0
71.1
70.9
68.8
67.5
63.9
60.1
62.1
59.1
57.4
55.1
53.6
52.4
60.0
72.6
77.0
79.3
81.2
80.2
77.1
74.8
71.8
69.2
66.7
63.7
62.6
62.1
60.5
60.2
59.1
58.9
60.7
61.2
61.6
63.1
64.1
78.9
64.5
65.4
66.0
65.6
65.7
64.7
60.3
57.8
57.2
61.9
64.4
67.1
67.8
69.0
68.1
68.2
66.7
66.0
65.4
64.6
64.9
64.5
64.4
64.2
63.2
63.7
63.7
64.0
64.6
64.6
65.9
65.5
65.1
63.7
64.2
64.6
64.7
65.8
65.2
65.4
65.2
65.1
65.2
64.3
64.0
64.3
63.2
64.7
63.8
65.4
65.5
66.0
65.0
65.1
65.3
66.2
66.4
66.2
66.6
66.5
66.6
65.9
66.8
67.1
67.1
66.9
66.5
66.6
67.5
67.4
68.1
68.8
69.1
68.3
68.8
68.6
69.1
68.8
69.3
66.7
68.0
68.1
68.1
68.8
68.9
68.3
67.2
66.7
66.4
64.3
61.8
66.0
65.2
68.4
69.3
72.3
71.7
68.9
67.3
63.8
59.9
58.4
57.2
56.5
55.6
53.6
53.7
59.4
61.7
59.4
65.0
69.5
72.1
70.1
72.8
73.7
74.2
74.2
73.4
72.7
72.2
71.3
71.0
68.9
68.7
68.4
68.3
67.7
68.3
64.5
66.1
68.5
70.4
71.7
71.7
71.4
71.5
71.4
68.9
68.1
65.6
68.2
70.5
71.3
72.0
71.8
71.7
71.0
69.9
69.3
67.7
68.3
67.6
67.1
67.3
65.8
66.9
67.2
69.0
69.6
68.8
70.3
70.6
71.6
71.2
69.5
67.9
66.4
60.6
61.6
67.9
69.8
69.0
67.3
67.7
66.4
65.9
63.7
63.3
64.0
63.9
63.5
64.6
65.8
66.5
67.1
67.1
65.3
65.6
65.9
66.7
66.7
66.2
67.1
67.1
67.8
69.5
70.4
71.6
71.4
72.2
73.2
73.2
73.3
72.7
72.4
72.6
73.7
76.0
77.1
78.3
78.0
77.0
76.4
75.9
74.3
74.5
73.9
73.7
72.4
71.7
75.7
76.6
77.8
77.5
76.7
75.2
74.0
73.5
73.3
73.5
74.3
74.7
75.0
74.6
73.9
74.1
73.1
73.0
72.9
74.2
75.6
76.0
74.9
71.9
72.1
71.6
71.4
71.1
71.9
73.6
73.6
73.5
71.4
76.9
90.7
90.3
85.7
80.6
76.8
74.2
71.5
69.5
67.2
64.8
62.7
61.7
60.2
60.6
60.1
60.4
59.0
57.9
57.5
58.0
58.1
58.6
59.0
60.2
61.6
63.2
64.7
65.4
66.8
66.6
66.5
66.2
65.7
65.0
64.8
64.1
64.8
64.7
65.0
65.0
65.3
66.2
68.8
69.7
70.7
70.9
71.1
69.6
70.8
70.0
68.7
71.5
76.1
80.2
81.9
78.7
73.5
70.8
72.2
75.2
76.3
77.4
75.3
77.1
74.7
75.7
75.2
75.5
75.9
76.0
75.6
75.6
76.1
76.8
75.3
75.5
75.8
74.9
76.3
76.2
76.2
74.7
73.7
72.2
71.0
70.3
70.7
70.6
71.0
71.3
69.8
70.0
70.1
70.8
71.0
72.0
72.8
73.1
73.0
71.8
70.7
71.2
72.3
72.4
71.6
71.1
69.5
69.5
69.4
68.9
68.7
68.4
68.8
69.3
69.5
70.3
72.0
72.5
73.5
73.4
72.4
72.6
71.0
75.2
74.9
73.4
71.8
70.9
71.1
72.5
73.5
73.2
71.8
70.5
70.0
69.8
68.8
69.5
68.8
68.0
67.1
67.0
67.7
67.2
68.9
70.2
69.8
70.6
71.3
70.1
69.2
68.6
69.5
70.2
71.1
73.3
72.6
72.5
71.4
69.6
68.8
67.7
67.5
66.4
66.2
68.5
69.0
69.0
69.6
71.2
75.7
75.6
73.6
72.1
70.1
66.9
65.4
66.0
67.1
68.9
69.8
73.5
76.4
75.6
74.1
73.1
70.7
68.2
66.7
66.4
68.5
69.6
70.5
69.7
70.5
70.4
71.9
72.0
72.3
72.2
70.7
68.2
67.8
68.0
69.5
70.2
69.6
69.9
72.0
72.6
73.7
73.3
71.9
70.5
71.9
74.7
73.2
72.4
69.6
66.9
64.6
65.7
66.2
69.4
71.8
73.5
71.7
71.3
70.0
68.0
67.2
67.8
67.4
66.9
65.8
65.4
64.9
64.8
66.5
67.9
68.3
69.1
70.2
70.0
70.3
71.2
69.6
70.0
71.0
69.9
69.6
71.8
73.4
70.5
68.3
66.9
65.6
66.2
72.4
76.5
76.2
74.1
71.2
66.9
63.0
59.9
57.6
64.0
68.6
71.5
70.9
68.9
66.5
64.2
62.5
64.0
63.7
64.1
66.1
64.7
64.8
63.6
63.8
65.9
66.2
65.1
65.1
67.9
70.1
71.7
72.2
72.2
72.6
71.6
69.0
66.2
63.6
61.7
61.8
60.6
62.5
65.5
69.7
72.3
72.1
71.1
69.7
70.3
68.9
67.9
67.6
70.0
70.8
69.7
67.4
64.6
65.1
63.4
62.3
63.7
65.4
66.7
68.2
71.4
71.8
70.6
68.0
66.1
64.4
63.9
65.1
67.8
68.3
67.7
67.7
68.7
68.3
67.3
66.9
65.5
66.2
68.2
72.2
72.8
73.6
71.1
69.2
66.4
63.5
61.1
63.0
64.7
64.7
67.1
68.7
70.7
71.9
70.6
68.4
66.3
65.7
64.6
65.3
67.4
69.1
69.1
67.0
65.7
64.8
63.4
63.5
61.0
61.4
65.8
73.5
72.2
68.0
67.0
64.8
65.5
68.1
68.2
68.2
66.0
64.4
65.6
68.7
70.1
69.9
69.6
67.2
65.4
63.2
62.2
60.4
61.5
62.1
66.2
67.2
67.2
67.6
66.6
66.5
64.3
62.3
62.1
63.2
64.5
66.0
65.6
66.4
65.9
67.6
66.0
64.9
65.0
65.8
67.5
71.4
76.4
81.8
77.9
71.8
68.4
66.1
62.8
61.2
60.4
60.7
59.7
60.3
59.6
61.8
63.5
64.3
63.9
61.6
63.5
64.3
65.3
64.9
64.1
63.7
63.1
62.9
61.6
61.9
61.7
60.9
61.5
62.1
63.4
60.2
232.0
216.7
70.1
71.7
71.2
72.1
71.4
73.9
82.3
80.4
77.1
71.4
72.3
68.1
74.5
76.9
76.5
72.8
75.6
74.5
72.6
71.1
68.9
68.5
68.3
69.0
69.8
71.2
73.0
70.8
71.0
70.7
70.0
69.9
69.1
69.3
70.5
71.4
72.0
71.4
70.6
68.8
69.0
68.4
71.1
69.6
68.5
69.8
71.2
71.2
72.6
71.0
70.8
68.5
66.7
65.5
64.6
64.7
66.6
67.3
68.1
69.6
68.0
69.8
70.6
68.5
67.0
65.8
66.4
67.0
66.5
66.9
66.2
63.9
63.3
64.2
65.4
65.1
65.9
68.8
70.1
70.1
69.9
68.6
68.3
67.0
65.6
67.7
67.4
66.1
67.3
70.6
70.3
67.4
64.8
63.0
63.0
64.7
66.3
68.3
67.9
70.9
71.2
68.8
69.9
70.9
69.8
69.2
75.2
81.9
89.1
84.3
77.9
70.6
64.5
60.8
57.1
53.8
56.8
61.0
60.8
57.8
56.7
63.4
66.6
66.6
66.7
65.8
66.0
65.0
63.3
63.9
63.2
62.4
63.9
63.1
61.7
62.8
62.4
61.4
62.4
61.2
60.0
59.8
62.6
61.9
62.8
65.3
69.2
72.1
74.1
73.4
74.4
75.9
73.4
71.8
70.1
69.9
72.2
73.9
75.5
76.1
77.2
73.1
73.1
73.7
72.4
70.4
65.6
62.5
62.4
61.7
62.0
62.7
63.6
66.4
71.5
74.7
74.1
73.1
73.0
72.5
73.4
73.7
76.2
74.9
73.7
70.3
68.5
69.7
68.0
70.4
70.8
70.9
70.0
70.8
70.2
71.8
74.2
79.6
92.9
88.0
82.6
78.8
77.1
70.7
68.0
68.1
65.9
65.6
66.3
67.5
68.3
69.0
69.0
68.3
69.5
68.1
70.0
69.6
69.1
68.8
68.8
68.8
68.8
69.0
67.5
69.6
69.0
68.8
67.8
67.6
66.3
67.8
69.7
69.3
69.8
72.8
72.2
70.0
69.3
70.1
72.2
74.4
74.1
74.3
72.8
69.2
66.6
65.1
64.2
64.2
65.4
66.7
67.7
67.4
69.9
71.1
78.0
77.8
74.1
68.0
69.6
72.3
72.7
72.7
69.6
70.0
67.5
64.3
65.9
65.6
65.7
67.9
69.5
67.1
66.0
63.3
62.1
76.6
83.7
82.7
77.7
73.2
66.3
61.9
58.8
56.2
54.6
53.8
53.3
53.3
54.3
58.1
59.3
61.1
61.1
62.0
63.4
63.0
65.5
65.0
64.6
63.1
64.7
64.0
64.6
64.6
64.9
64.4
64.5
63.5
64.0
63.6
64.6
64.9
63.9
63.9
63.8
63.9
64.6
64.1
64.6
63.6
63.9
61.7
62.8
64.1
64.8
64.8
65.9
65.0
66.7
67.1
65.3
65.6
65.8
65.2
64.6
66.6
67.8
67.0
67.5
67.3
65.0
64.5
65.4
64.9
65.5
66.3
66.8
66.2
65.2
66.1
63.9
66.4
66.6
66.5
67.8
66.7
66.9
66.7
66.7
66.9
66.1
65.4
65.3
65.5
65.0
64.8
64.3
64.3
65.4
98.2
205.2
319.6
237.8
66.4
67.1
65.9
65.5
64.1
63.4
64.2
65.8
68.1
68.6
68.2
68.3
67.2
66.5
66.4
66.4
66.8
66.7
67.5
79.5
87.7
88.3
87.6
89.1
85.4
78.9
77.7
74.4
71.6
69.1
69.4
68.2
67.8
69.0
68.3
67.2
67.8
66.8
67.2
67.0
67.6
67.2
67.2
66.4
66.4
67.6
68.1
66.2
68.7
69.8
73.8
80.6
81.7
82.9
83.3
78.9
73.3
67.7
65.4
68.2
71.9
74.9
73.8
69.3
68.0
69.0
67.0
64.8
63.1
62.0
63.8
64.2
63.6
59.4
66.3
66.1
62.1
59.5
57.6
58.2
60.1
61.7
63.6
65.5
64.0
63.8
61.7
57.6
55.4
53.2
53.0
55.3
63.4
70.3
67.5
64.9
63.5
59.5
57.1
57.9
56.0
55.8
54.5
56.2
58.2
58.0
57.0
57.7
58.5
64.1
73.0
77.4
80.0
78.6
77.3
70.7
64.9
61.1
59.9
58.1
57.2
56.5
56.5
57.9
58.4
57.2
56.3
56.6
57.0
57.7
59.2
58.5
58.0
59.4
59.5
61.0
61.4
60.1
61.5
61.8
61.4
62.7
64.2
65.2
65.6
67.0
66.6
65.8
65.2
63.5
63.0
62.3
62.6
66.7
69.6
70.6
70.5
71.9
66.8
73.3
75.8
84.0
80.7
74.8
71.7
70.5
70.4
70.7
68.5
66.9
65.5
65.2
64.4
62.8
62.2
65.1
66.1
69.2
69.1
65.1
60.9
58.2
60.5
63.8
65.8
67.9
65.0
62.2
59.9
57.9
59.1
57.5
56.4
55.7
55.8
56.3
56.3
57.2
58.6
58.1
59.3
59.8
60.3
61.2
61.3
61.8
63.1
65.1
66.7
72.0
70.9
69.4
65.4
61.7
59.7
58.0
58.3
58.9
56.3
54.8
54.1
55.0
53.9
56.1
58.9
62.4
63.9
65.7
65.4
63.5
61.5
59.9
59.1
57.7
56.9
56.0
56.8
59.2
59.7
63.3
63.8
63.1
61.9
61.5
59.3
57.4
58.1
59.2
58.8
59.3
61.3
65.2
63.9
61.8
62.4
61.0
60.6
59.0
58.2
57.0
56.9
56.0
59.9
60.6
59.4
59.3
56.8
54.3
56.94642857142857
57.019642857142856
57.09285714285714
57.16607142857143
57.239285714285714
57.3125
57.385714285714286
57.45892857142857
57.53214285714285
57.60535714285714
57.67857142857142
57.75178571428571
57.824999999999996
57.89821428571428
57.97142857142857
58.044642857142854
58.11785714285714
58.191071428571426
58.26428571428571
58.3375
58.410714285714285
58.48392857142857
58.55714285714286
58.63035714285714
58.70357142857143
58.776785714285715
58.849999999999994
58.92321428571428
58.99642857142857
59.06964285714285
59.14285714285714
59.216071428571425
59.28928571428571
59.3625
59.43571428571428
59.50892857142857
59.582142857142856
59.65535714285714
59.72857142857143
59.801785714285714
59.875
59.948214285714286
60.02142857142857
60.09464285714286
60.167857142857144
60.24107142857143
60.31428571428572
60.387499999999996
60.46071428571428
60.53392857142857
60.607142857142854
60.68035714285714
60.753571428571426
60.82678571428571
60.9
74.8
73.0
70.5
67.2
64.8
55.9
61.8
73.9
79.9
82.6
79.6
77.5
74.0
70.8
70.6
69.2
67.5
66.0
66.4
65.9
64.9
60.8
57.4
56.6
57.5
57.9
57.0
59.7
60.3
60.5
61.1
62.2
61.9
60.6
60.6
63.5
62.9
62.8
63.8
63.3
65.5
64.0
63.4
62.4
61.2
62.2
62.1
61.9
64.5
64.3
63.0
63.2
62.1
62.0
63.9
63.8
63.4
64.7
66.0
66.6
65.9
64.7
63.8
62.7
65.2
64.5
64.8
65.0
66.8
66.1
67.4
68.5
66.2
66.8
66.4
66.2
65.2
64.7
62.3
64.2
64.9
63.6
63.7
65.0
64.2
65.3
66.8
70.4
71.5
69.4
67.8
68.6
68.4
68.6
70.7
69.2
70.4
70.1
71.0
70.2
70.4
69.8
72.7
71.7
71.3
71.7
72.1
72.5
74.6
74.2
72.7
70.8
69.4
69.7
73.3
76.1
77.5
79.7
80.4
78.8
77.2
78.4
81.9
81.5
78.1
76.5
74.8
74.7
79.7
82.0
79.4
78.5
78.2
79.0
83.0
88.9
91.7
90.7
93.1
88.5
86.4
85.3
85.2
87.1
88.5
88.6
86.5
83.4
81.6
80.3
75.6
84.1
87.1
86.5
84.5
85.2
84.7
85.6
86.4
83.1
84.7
85.7
84.0
79.9
75.3
67.6
64.5
66.7
73.2
73.0
73.6
71.8
71.8
69.1
70.3
70.6
70.8
70.5
73.2
74.0
71.8
69.5
65.7
65.7
66.7
67.7
70.7
70.2
67.1
63.3
62.0
63.0
63.0
62.3
63.8
64.2
64.0
63.3
62.7
65.2
65.2
71.6
70.7
65.9
60.4
57.4
57.9
58.2
63.3
65.1
65.7
63.6
61.1
59.9
61.8
65.1
68.7
70.2
68.0
67.6
64.0
58.4
54.4
52.3
52.4
54.0
57.0
60.7
63.3
62.4
59.3
56.6
55.3
56.1
57.5
59.4
60.0
57.6
62.9
81.5
82.1
78.0
71.7
66.0
60.7
56.5
53.2
51.8
51.1
50.3
53.4
56.1
58.9
62.2
65.0
68.4
70.6
71.7
73.1
74.6
78.2
78.5
80.1
79.9
78.5
80.0
81.4
84.4
90.8
91.9
89.3
86.4
84.6
83.2
82.2
82.4
81.6
80.7
77.9
71.1
64.5
78.9
77.8
79.2
78.0
78.3
94.6
73.0
69.2
68.4
70.3
70.2
66.8
64.6
63.9
62.7
63.2
62.9
62.5
63.0
63.0
62.0
61.5
62.4
66.0
68.5
69.4
70.3
68.5
66.6
64.7
61.8
60.7
61.0
61.9
62.1
63.0
64.7
65.4
66.0
66.1
66.1
65.4
64.7
64.7
66.3
69.0
72.2
73.7
72.4
71.2
69.2
69.1
69.3
69.9
70.4
72.3
74.5
75.4
76.4
77.4
76.7
78.4
80.8
80.0
77.6
74.2
70.5
67.0
66.7
66.1
67.2
68.3
71.0
72.1
71.4
70.3
69.8
68.9
70.5
73.7
73.1
69.9
66.3
65.7
66.1
67.4
71.3
75.0
77.5
78.0
76.9
75.7
74.8
74.2
74.7
75.1
76.8
77.8
80.6
79.8
77.0
77.1
76.7
74.9
72.0
67.1
62.6
59.6
59.4
62.0
65.4
68.1
69.0
68.7
68.1
68.1
68.5
69.3
70.1
71.9
74.5
75.8
75.6
76.0
74.4
73.6
73.5
73.6
75.0
75.9
175.2
127.4
76.5
76.6
76.2
75.9
77.2
79.5
86.0
84.6
81.2
78.3
76.6
76.8
77.1
76.8
76.6
76.0
73.3
66.9
62.2
58.6
56.4
55.0
55.5
57.2
59.2
59.4
59.8
60.2
59.8
59.5
60.1
62.0
63.0
62.6
62.1
61.8
60.0
59.0
57.6
57.2
58.5
60.7
63.5
65.3
66.0
66.1
66.0
65.5
64.8
64.0
64.1
64.0
63.6
64.0
64.4
65.8
66.8
68.4
70.3
72.8
72.8
72.2
73.3
73.9
73.8
73.8
72.7
73.7
72.8
71.9
69.9
69.8
69.3
71.0
73.9
74.7
74.4
72.7
71.6
69.7
68.2
67.9
68.0
68.7
69.8
70.7
71.0
69.1
67.4
65.6
65.0
66.3
68.2
71.6
72.8
71.8
69.5
66.7
65.3
65.1
65.6
67.0
68.9
69.9
69.3
69.5
67.9
66.4
65.3
65.4
68.1
69.9
70.0
68.9
68.0
66.8
67.6
70.5
71.0
71.5
71.0
70.4
69.7
67.1
65.1
65.0
65.6
67.1
68.1
69.9
70.9
68.6
66.5
64.7
62.9
62.7
63.5
65.7
67.8
68.0
67.6
66.1
65.6
66.7
67.6
70.1
70.5
68.4
66.3
63.8
62.2
63.2
64.0
65.7
67.3
65.5
64.1
64.0
63.7
63.0
62.0
62.4
62.2
61.7
60.5
60.2
59.7
59.4
60.2
62.4
62.3
61.6
62.2
62.0
62.9
62.5
62.1
67.8
68.6
64.9
60.8
57.7
55.3
54.2
53.1
52.1
51.9
53.6
54.4
56.4
58.1
59.6
59.1
57.7
56.0
54.2
54.0
57.6
61.2
55.1
56.3
58.0
61.0
62.1
64.2
62.8
64.8
64.7
62.8
64.2
64.5
50.0
51.1
64.7
61.3
64.1
62.9
60.8
59.5
58.5
60.3
60.7
60.1
60.6
59.4
54.9
52.1
53.7
54.3
55.8
59.5
59.7
57.3
54.6
53.7
53.2
52.0
52.5
56.0
63.3
64.0
62.4
62.8
62.0
61.7
60.8
59.6
59.4
58.2
58.2
59.0
53.6
50.9
49.9
49.4
48.9
53.37142857142857
55.357142857142854
57.34285714285714
59.32857142857142
61.31428571428571
63.3
60.6
60.7
61.8
62.3
62.9
63.1
63.2
63.0
62.8
59.6
57.9
59.1
60.1
61.7
63.7
65.4
67.1
67.1
68.1
68.0
67.6
67.0
66.9
66.3
64.2
62.7
61.0
60.2
60.0
60.2
59.8
58.7
58.5
59.3
59.8
59.8
60.0
59.8
59.7
60.0
59.2
60.2
60.3
61.2
62.0
61.4
60.8
63.4
67.7
75.0
78.9
83.2
82.2
78.9
76.9
76.1
75.6
74.0
72.5
71.1
69.4
66.9
65.6
63.8
63.0
63.4
64.0
63.8
63.4
63.0
62.5
62.6
62.9
63.8
64.3
63.3
63.6
64.0
63.7
63.2
62.8
63.7
64.1
63.5
64.0
64.0
64.0
64.6
64.5
64.0
63.9
63.3
64.5
66.0
67.0
67.0
67.0
66.4
65.4
65.0
65.1
64.8
65.4
65.2
65.2
65.5
66.2
66.6
67.3
67.4
68.1
70.8
72.5
73.0
73.5
74.0
75.2
76.2
77.1
77.1
76.7
77.0
76.5
75.9
75.6
74.9
75.2
75.9
75.6
77.4
77.3
77.1
77.7
78.1
78.4
77.6
76.7
76.9
76.7
76.6
76.3
76.7
76.1
75.0
73.9
74.4
75.0
74.9
74.5
73.8
72.7
72.4
72.4
73.5
73.8
74.0
74.0
74.0
73.5
74.0
74.8
74.8
74.2
73.9
73.8
74.3
74.0
74.0
73.0
73.0
71.5
72.8
73.5
74.0
74.0
73.4
73.7
73.4
74.0
74.3
78.9
81.9
80.3
79.5
78.7
77.4
74.6
71.8
71.0
70.0
69.4
68.6
67.6
66.9
66.4
65.0
65.2
66.0
65.4
62.5
61.2
61.0
61.0
60.6
60.6
60.1
60.1
60.0
60.3
60.3
60.7
61.1
61.6
61.7
61.1
61.6
62.0
62.0
62.6
62.9
63.0
63.4
63.5
65.0
66.1
67.2
67.2
67.8
66.7
65.4
64.2
63.4
63.3
62.8
63.0
63.3
64.2
65.0
88.1
190.5
267.5
151.3
131.0
71.6
73.7
76.0
79.1
87.9
85.4
80.2
67.9
60.6
76.4
73.4
72.7
76.5
80.0
81.2
77.9
75.7
73.1
70.9
69.1
67.0
64.9
63.9
63.0
62.2
62.0
62.0
62.4
62.7
62.4
60.8
62.0
64.2
65.9
66.8
67.6
68.0
67.6
66.9
66.8
66.4
66.0
65.7
66.0
65.9
66.1
66.2
66.4
66.0
66.1
66.1
66.1
66.0
66.4
66.2
67.0
67.0
67.2
66.8
65.3
66.0
66.0
65.5
65.5
64.8
66.3
68.6
69.9
71.3
72.7
73.1
74.6
74.6
74.6
75.0
74.1
74.0
73.6
73.9
72.5
72.0
71.9
73.0
74.1
74.1
73.1
72.3
70.9
69.4
71.2
71.7
72.9
72.6
71.7
70.8
69.3
69.7
69.4
68.4
68.1
67.2
67.0
67.6
68.8
67.6
67.1
68.3
71.1
72.2
72.6
72.0
71.1
70.3
69.0
68.5
69.0
69.5
69.0
67.8
66.6
67.1
67.0
66.8
66.2
67.7
68.0
68.0
66.7
67.0
66.7
67.0
66.6
65.1
66.2
67.0
67.0
66.5
67.2
66.7
67.9
68.5
67.3
67.0
66.6
65.1
64.3
65.5
66.6
73.5
124.8
120.6
75.5
72.7
71.1
70.7
71.3
70.1
70.4
70.0
67.7
67.2
68.9
68.8
68.6
67.4
66.9
67.3
66.9
67.0
67.0
66.6
64.3
62.5
60.3
62.7
69.9
67.3
61.6
56.2
52.8
49.6
49.6
51.4
52.3
54.3
55.2
55.0
54.1
53.4
51.2
50.3
53.8
52.4
50.8
49.5
52.0
51.9
50.0
51.7
50.3
47.9
46.4
46.3
47.6
58.2
65.3
64.7
63.3
60.3
58.2
56.0
54.2
54.4
51.9
50.8
50.7
50.2
58.5
76.7
78.8
78.8
77.7
77.2
77.6
76.9
76.7
75.0
74.0
74.5
74.9
75.4
75.1
74.0
72.4
69.2
70.9
71.5
72.8
72.5
72.1
71.1
71.7
71.9
71.6
70.5
69.7
69.6
69.9
70.6
70.3
71.2
72.0
71.5
72.6
71.3
72.0
134.9
67.5
66.0
66.9
67.6
66.1
65.5
61.7
65.0
66.8
64.4
67.4
67.1
66.6
65.8
67.2
67.0
67.6
66.7
66.2
66.7
67.0
67.0
67.4
67.9
66.9
67.6
65.6
67.4
65.7
69.3
75.8
82.1
83.7
79.6
74.1
69.5
65.4
63.9
62.9
62.9
62.9
62.4
62.1
62.7
64.4
64.3
66.5
66.8
67.6
68.5
68.3
65.2
68.2
69.5
69.9
69.6
69.3
69.2
65.7
67.8
67.1
66.3
67.3
66.5
67.7
68.6
68.9
68.2
69.1
69.5
65.3
59.1
51.5
47.5
54.8
68.9
73.3
68.5
72.9
74.4
68.5
62.6
60.8
61.4
63.0
59.6
58.0
56.7
54.8
55.0
56.6
57.1
59.8
60.5
60.2
57.5
56.4
57.0
58.9
60.8
61.0
60.5
57.4
55.9
55.9
58.5
59.5
60.4
58.9
58.3
59.6
60.2
59.6
59.8
60.3
59.2
57.0
57.6
58.8
59.5
59.5
58.3
55.7
56.5
57.1
55.6
56.6
56.7
55.4
54.0
50.4
48.1
67.2
74.5
74.8
72.4
70.8
68.4
66.7
62.9
60.0
58.2
56.8
57.8
58.0
58.6
59.4
57.6
58.3
56.8
57.3
56.8
57.4
57.9
58.8
59.1
59.0
57.8
54.9
50.7
47.4
50.9
72.6
73.6
70.1
67.3
65.1
64.3
63.6
64.5
69.4
77.6
77.7
75.3
71.5
68.7
65.1
59.9
57.6
54.8
54.3
56.1
58.1
61.7
61.9
63.1
66.8
66.8
65.2
62.9
61.4
59.1
58.1
60.2
61.0
63.7
66.0
65.9
61.8
57.6
55.9
53.2
50.0
64.5
83.1
84.4
82.6
81.0
78.8
77.7
75.8
74.5
72.7
71.9
69.6
72.8
75.2
76.2
74.9
74.5
74.4
73.9
72.3
72.5
71.8
71.3
70.8
70.3
69.8
69.5
70.3
70.2
70.7
77.0
83.3
